? 3 683 427 558 
? 3 714 564 526 
? 3 119 526 78 
? 3 110 167 709 
? 3 583 138 794 
? 3 499 604 94 
? 3 125 582 676 
? 3 451 712 160 
? 3 741 648 173 
? 3 320 447 243 
? 3 98 650 147 
? 3 208 491 565 
? 3 585 254 358 
? 3 649 630 213 
? 3 408 256 153 
? 3 160 345 368 
? 3 144 757 212 
? 3 223 379 707 
? 3 313 260 665 
? 3 501 113 287 
? 3 644 379 756 
? 3 33 303 641 
? 3 622 781 668 
? 3 652 538 579 
? 3 387 232 331 
? 3 338 388 239 
? 3 745 723 630 
? 3 229 449 152 
? 3 54 210 773 
? 3 106 128 83 
? 3 294 315 457 
? 3 177 754 648 
? 3 322 662 173 
? 3 551 710 177 
? 3 412 578 90 
? 3 383 587 713 
? 3 515 43 661 
? 3 728 677 413 
? 3 238 87 392 
? 3 588 622 741 
? 3 206 669 390 
? 3 59 330 290 
? 3 517 693 445 
? 3 722 567 192 
? 3 683 462 118 
? 3 195 121 419 
? 3 798 53 506 
? 3 47 651 228 
? 3 608 663 182 
? 3 369 73 336 
? 3 407 329 604 
? 3 368 495 434 
? 3 339 94 522 
? 3 780 425 512 
? 3 150 160 599 
? 3 107 534 279 
? 3 12 270 615 
? 3 243 489 771 
? 3 340 167 597 
? 3 205 13 223 
? 3 548 181 344 
? 3 139 229 583 
? 3 283 563 642 
? 3 494 510 483 
? 3 409 595 604 
? 3 562 631 709 
? 3 215 584 353 
? 3 573 20 640 
? 3 412 786 524 
? 3 216 762 629 
? 3 507 647 390 
? 3 634 400 18 
? 3 777 565 796 
? 3 272 68 269 
? 3 270 105 558 
? 3 489 37 548 
? 3 552 232 594 
? 3 567 87 429 
? 3 292 369 668 
? 3 463 449 519 
? 3 186 221 361 
? 3 151 676 131 
? 3 115 377 502 
? 3 500 778 489 
? 3 471 418 452 
? 3 364 374 340 
? 3 33 378 603 
? 3 128 231 445 
? 3 348 282 446 
? 3 27 212 564 
? 3 123 353 248 
? 3 106 796 339 
? 3 406 71 32 
? 3 693 697 420 
? 3 198 406 535 
? 3 72 574 64 
? 3 290 156 273 
? 3 755 77 33 
? 3 99 724 98 
? 3 438 499 700 
? 3 379 588 279 
? 3 381 614 497 
? 3 25 178 7 
? 3 534 289 490 
? 3 179 414 738 
? 3 88 605 351 
? 3 768 19 730 
? 3 440 249 476 
? 3 716 542 620 
? 3 684 671 550 
? 3 494 15 365 
? 3 357 180 184 
? 3 756 214 116 
? 3 78 491 735 
? 3 508 83 382 
? 3 138 681 291 
? 3 758 603 531 
? 3 293 434 227 
? 3 117 339 204 
? 3 777 67 250 
? 3 644 383 646 
? 3 395 241 244 
? 3 335 371 664 
? 3 497 799 458 
? 3 204 200 499 
? 3 434 692 497 
? 3 307 621 489 
? 3 554 668 610 
? 3 792 391 88 
? 3 531 413 418 
? 3 561 504 598 
? 3 203 565 360 
? 3 470 330 48 
? 3 157 164 579 
? 3 723 165 727 
? 3 153 4 291 
? 3 304 71 235 
? 3 160 145 80 
? 3 769 161 702 
? 3 568 254 762 
? 3 606 511 282 
? 3 656 239 400 
? 3 330 231 270 
? 3 784 746 368 
? 3 207 670 8 
? 3 673 8 14 
? 3 780 133 790 
? 3 727 555 403 
? 3 396 558 684 
? 3 105 137 91 
? 3 415 580 701 
? 3 376 187 536 
? 3 745 443 76 
? 3 648 698 602 
? 3 132 667 564 
? 3 585 203 431 
? 3 671 169 16 
? 3 67 425 388 
? 3 327 418 171 
? 3 609 534 199 
? 3 273 269 633 
? 3 410 178 273 
? 3 499 472 455 
? 3 136 740 614 
? 3 664 724 695 
? 3 527 309 525 
? 3 150 480 44 
? 3 777 419 367 
? 3 295 348 598 
? 3 441 503 224 
? 3 415 438 775 
? 3 570 765 328 
? 3 629 402 74 
? 3 183 426 223 
? 3 374 466 532 
? 3 50 582 118 
? 3 336 331 342 
? 3 151 785 615 
? 3 338 395 29 
? 3 627 271 669 
? 3 730 669 278 
? 3 241 643 118 
? 3 139 111 78 
? 3 82 269 315 
? 3 599 646 632 
? 3 165 766 587 
? 3 592 409 351 
? 3 238 229 615 
? 3 583 531 91 
? 3 195 366 412 
? 3 203 70 197 
? 3 659 382 719 
? 3 488 774 539 
? 3 491 698 749 
? 3 745 352 69 
? 3 135 729 400 
? 3 86 373 602 
? 3 689 542 358 
? 3 52 489 745 
? 3 599 661 326 
? 3 152 90 756 
? 3 513 608 537 
? 3 764 117 33 
? 3 194 249 685 
? 3 369 49 382 
? 3 356 672 69 
? 3 368 671 257 
? 3 238 333 685 
? 3 143 609 318 
? 3 516 289 89 
? 3 65 352 237 
? 3 25 277 422 
? 3 143 332 284 
? 3 443 661 505 
? 3 678 409 220 
? 3 753 450 304 
? 3 427 113 193 
? 3 471 58 333 
? 3 700 660 56 
? 3 477 193 192 
? 3 78 609 672 
? 3 152 692 508 
? 3 125 319 543 
? 3 616 467 58 
? 3 74 792 185 
? 3 156 215 290 
? 3 468 507 668 
? 3 120 513 394 
? 3 564 712 780 
? 3 5 0 102 
? 3 762 343 366 
? 3 357 405 198 
? 3 534 493 675 
? 3 294 469 408 
? 3 686 362 682 
? 3 642 238 226 
? 3 136 757 681 
? 3 194 787 688 
? 3 376 0 118 
? 3 181 385 285 
? 3 513 632 344 
? 3 228 158 724 
? 3 0 189 518 
? 3 601 573 278 
? 3 338 474 96 
? 3 187 709 692 
? 3 788 11 117 
? 3 344 17 769 
? 3 473 32 731 
? 3 276 329 350 
? 3 202 755 236 
? 3 461 370 304 
? 3 391 618 550 
? 3 125 295 214 
? 3 713 158 443 
? 3 400 393 81 
? 3 45 678 673 
? 3 545 552 649 
? 3 393 316 170 
? 3 718 481 719 
? 3 54 67 389 
? 3 217 29 312 
? 3 181 22 414 
? 3 458 176 793 
? 3 125 634 549 
? 3 674 144 747 
? 3 57 724 795 
? 3 638 381 575 
? 3 473 637 282 
? 3 138 689 740 
? 3 613 682 473 
? 3 329 646 662 
? 3 795 763 726 
? 3 735 449 619 
? 3 322 237 252 
? 3 553 781 118 
? 3 449 43 51 
? 3 411 10 706 
? 3 30 330 411 
? 3 373 482 474 
? 3 79 664 759 
? 3 326 729 532 
? 3 270 81 595 
? 3 127 643 65 
? 3 326 21 730 
? 3 735 607 639 
? 3 574 192 137 
? 3 592 514 329 
? 3 110 0 743 
? 3 48 107 643 
? 3 631 137 527 
? 3 557 651 154 
? 3 435 97 223 
? 3 415 40 352 
? 3 569 494 236 
? 3 770 8 595 
? 3 677 794 718 
? 3 484 7 321 
? 3 480 158 175 
? 3 154 767 73 
? 3 297 491 139 
? 3 606 148 131 
? 3 289 578 527 
? 3 764 277 793 
? 3 44 270 423 
? 3 684 510 758 
? 3 448 82 257 
? 3 188 686 527 
? 3 453 27 325 
? 3 394 237 406 
? 3 725 644 567 
? 3 254 209 794 
? 3 671 688 317 
? 3 724 310 32 
? 3 765 498 552 
? 3 153 304 63 
? 3 30 43 213 
? 3 96 592 338 
? 3 486 313 261 
? 3 290 756 267 
? 3 214 543 359 
? 3 468 205 579 
? 3 489 609 81 
? 3 707 224 283 
? 3 95 569 10 
? 3 494 654 464 
? 3 122 57 320 
? 3 408 85 450 
? 3 33 283 669 
? 3 784 695 696 
? 3 581 10 335 
? 3 662 96 262 
? 3 428 407 561 
? 3 412 237 395 
? 3 644 341 191 
? 3 493 58 768 
? 3 220 400 663 
? 3 203 523 278 
? 3 696 51 404 
? 3 473 55 332 
? 3 325 673 358 
? 3 420 592 408 
? 3 50 300 776 
? 3 489 623 574 
? 3 772 793 605 
? 3 516 606 679 
? 3 58 603 195 
? 3 683 9 397 
? 3 624 660 351 
? 3 637 185 229 
? 3 61 197 709 
? 3 326 163 561 
? 3 708 452 394 
? 3 159 337 610 
? 3 93 752 26 
? 3 215 311 222 
? 3 358 29 712 
? 3 306 9 60 
? 3 540 542 422 
? 3 686 38 461 
? 3 266 762 782 
? 3 396 427 488 
? 3 473 109 539 
? 3 532 736 47 
? 3 125 682 754 
? 3 440 5 357 
? 3 392 587 477 
? 3 516 131 79 
? 3 597 146 622 
? 3 119 527 36 
? 3 26 164 683 
? 3 620 746 316 
? 3 401 596 175 
? 3 656 172 689 
? 3 607 283 500 
? 3 395 362 550 
? 3 35 89 751 
? 3 147 187 744 
? 3 372 591 81 
? 3 259 570 370 
? 3 678 548 798 
? 3 747 141 423 
? 3 80 623 56 
? 3 712 628 13 
? 3 432 751 204 
? 3 421 489 594 
? 3 342 686 788 
? 3 233 40 743 
? 3 193 589 637 
? 3 552 482 105 
? 3 683 606 93 
? 3 58 644 312 
? 3 711 702 205 
? 3 261 193 621 
? 3 707 24 685 
? 3 748 7 597 
? 3 26 0 637 
? 3 703 533 748 
? 3 477 469 143 
? 3 159 307 553 
!
521 626 2 666 169 
169 521
2 626
2 666
521 626
162 45 542 113 129 
162 542
129 162
45 542
113 542
5 
615 196 676 317 779 404 174 662 242 315 490 160 481 190 399 774 702 506 134 721 511 433 
433 779
481 490
134 160
315 662
190 702
160 433
399 511
190 511
174 779
196 774
506 721
317 615
481 676
242 615
404 506
174 196
315 490
242 404
721 774
317 662
399 676
748 225 765 135 386 42 622 
386 748
42 135
42 386
225 622
225 765
42 765
11 520 265 728 
11 265
11 520
520 728
464 
14 254 
14 254
122 48 417 154 153 739 
417 739
48 154
122 417
48 153
122 153
75 187 549 286 718 642 21 609 144 672 284 
286 609
144 609
187 286
549 718
21 284
21 642
21 75
642 672
284 549
144 672
380 198 449 763 124 519 352 208 
124 519
449 519
208 763
380 449
208 380
198 763
198 352
151 469 263 505 
151 469
263 469
469 505
534 
78 576 475 558 145 448 305 69 724 98 408 545 454 
145 408
475 545
408 558
78 98
98 724
305 448
305 454
78 448
145 576
545 576
475 724
69 454
367 675 
367 675
711 502 40 274 
274 502
502 711
40 274
663 
6 569 291 
6 291
291 569
525 467 229 83 656 150 391 400 70 395 25 553 375 590 349 357 402 768 
150 656
349 525
391 467
70 357
375 525
402 656
83 391
25 400
553 590
395 590
150 525
229 768
229 400
70 349
395 467
357 553
25 83
222 
333 575 
333 575
397 555 211 302 92 785 226 355 766 494 677 56 740 8 67 236 300 119 446 440 271 80 195 61 71 483 685 379 
8 685
446 494
195 555
397 494
61 766
61 355
80 677
67 766
56 302
397 740
67 440
397 785
483 677
67 211
555 740
119 379
71 446
92 379
71 300
56 766
226 236
92 271
80 271
236 379
195 302
226 302
8 119
456 181 203 177 336 
181 203
177 456
203 336
177 181
650 126 76 608 513 799 
513 799
126 513
126 608
650 799
76 650
292 381 
292 381
34 384 204 240 0 37 603 207 737 110 760 217 159 285 727 123 561 128 435 644 182 410 495 670 306 
110 603
384 410
182 240
0 240
384 644
123 159
110 410
435 561
204 285
603 760
37 207
435 737
217 727
128 159
217 737
495 670
128 760
34 410
0 306
37 495
670 727
123 207
37 204
182 285
327 319 489 
327 489
319 489
318 700 436 439 749 376 780 
318 749
318 439
700 780
436 780
376 700
376 439
759 337 756 216 
216 337
216 756
337 759
172 202 646 
172 646
172 202
453 97 782 
453 782
97 453
324 595 604 655 356 
595 604
324 356
356 655
595 655
568 74 388 107 416 346 571 732 499 304 303 645 264 751 
304 568
346 416
74 416
74 732
264 568
388 732
303 645
388 571
499 751
303 751
74 107
107 303
264 499
99 167 599 470 
167 470
99 599
99 167
325 268 651 
268 325
268 651
623 463 652 570 771 127 329 516 458 660 147 
652 660
516 570
570 623
127 458
147 463
127 660
329 623
329 463
127 771
147 652
654 560 405 256 455 161 258 699 621 693 745 750 701 437 
437 750
256 560
256 693
654 701
161 654
256 745
258 455
405 699
654 750
621 699
161 621
258 560
455 699
496 143 
143 496
610 543 
543 610
564 38 753 679 366 412 244 613 180 722 
412 613
244 366
564 722
366 613
244 679
38 180
180 679
564 753
38 722
562 371 733 515 
371 562
515 733
515 562
717 
176 697 282 586 
176 697
176 282
586 697
583 84 601 175 364 587 215 726 22 57 443 47 87 277 245 148 259 164 200 353 537 429 237 
237 537
57 87
84 364
148 587
57 353
259 587
47 175
87 164
47 726
22 429
164 364
237 245
57 200
215 726
200 443
148 583
22 245
443 537
601 726
277 601
277 429
175 583
173 102 667 18 184 624 168 611 486 
486 624
102 184
18 667
168 667
18 173
611 624
184 611
102 168
466 342 423 686 50 767 298 1 253 657 310 280 382 82 370 
342 382
310 686
370 767
82 280
50 280
253 298
50 423
1 370
82 767
298 310
466 657
423 466
50 298
382 657
783 607 372 535 398 
372 398
535 607
607 783
398 535
343 452 459 484 735 17 272 694 658 394 708 171 619 594 
171 735
272 394
17 708
452 459
658 708
17 619
484 735
272 484
343 694
459 619
394 594
17 694
343 594
9 487 10 509 526 592 451 66 
487 592
487 526
9 10
487 509
66 451
10 451
66 509
665 755 43 
665 755
43 665
776 664 636 738 85 311 579 488 185 457 53 715 62 88 104 789 334 
311 636
185 789
85 664
53 776
488 715
334 579
579 738
85 311
185 715
334 488
88 457
104 311
53 88
53 104
62 789
62 457
444 432 131 742 426 223 681 757 
742 757
223 432
131 444
131 757
426 444
223 681
426 681
627 648 425 501 723 
425 648
501 723
501 627
627 648
518 714 140 422 510 593 491 580 250 
580 593
250 714
140 714
250 518
422 491
422 510
510 580
140 422
786 414 476 387 504 
414 476
504 786
387 504
414 504
51 13 183 241 322 591 406 764 
241 591
13 183
322 764
51 406
183 591
13 322
51 241
550 23 643 
23 550
550 643
703 
60 114 707 
114 707
60 114
477 331 588 563 462 523 
523 588
462 588
477 563
331 523
331 477
33 
100 630 392 539 58 288 420 
392 630
100 288
100 539
58 420
420 539
288 392
350 257 197 7 361 574 73 
73 257
361 574
7 197
73 361
7 350
197 574
424 393 112 179 
179 393
112 393
179 424
566 572 89 
89 572
89 566
438 668 713 301 497 52 79 
301 668
438 497
497 713
52 301
79 713
52 438
761 
117 
682 91 383 
383 682
91 682
598 262 341 524 
262 341
524 598
341 524
680 743 421 330 731 696 471 585 133 669 339 674 407 219 
669 743
219 407
471 731
330 421
585 674
585 743
133 407
339 669
421 696
339 696
674 680
330 407
680 731
637 
64 314 634 12 401 556 468 614 125 348 287 441 725 596 281 30 231 108 430 
125 634
125 556
12 401
556 596
64 231
30 556
108 281
401 634
30 281
12 64
108 614
287 314
441 614
348 614
468 725
231 430
314 430
441 725
296 373 385 661 186 635 308 409 787 20 354 618 313 214 243 103 514 498 
186 385
243 498
20 296
103 313
103 661
103 214
373 514
514 787
498 635
308 787
354 409
296 635
20 186
409 661
385 618
373 618
354 373
632 605 688 294 228 
294 688
632 688
294 605
228 605
791 249 629 28 283 
283 629
283 791
28 283
28 249
238 232 307 191 517 94 415 276 165 323 758 218 139 
191 307
94 323
218 517
139 232
276 758
165 758
218 323
238 517
191 238
139 276
94 415
165 415
796 
15 777 
15 777
719 170 428 368 653 260 
368 719
260 428
368 653
170 428
428 653
278 251 118 35 552 770 224 63 631 
118 251
224 278
224 552
552 770
63 631
35 770
35 63
251 631
252 673 255 141 155 19 
252 673
19 155
141 255
141 155
255 673
194 
647 163 299 189 31 541 554 340 628 
541 554
340 647
31 299
189 628
628 647
189 299
163 340
163 541
531 121 695 612 235 548 527 431 138 109 221 351 445 326 24 321 26 478 530 320 
138 221
478 530
326 527
351 612
531 548
321 695
326 445
478 527
321 531
109 612
121 321
221 548
320 530
235 695
26 109
26 445
24 431
320 431
24 121
617 
625 
206 212 65 205 247 472 447 273 
65 247
65 205
212 472
206 447
205 206
273 447
212 247
705 600 149 95 741 746 344 640 551 781 289 474 584 620 492 365 522 533 
522 620
149 289
95 640
149 584
95 584
344 492
289 620
600 781
492 741
474 600
474 533
551 741
365 551
365 746
344 781
533 705
522 746
503 201 577 798 81 146 96 378 360 157 358 508 683 309 
146 378
81 358
81 378
81 508
503 577
96 201
503 798
146 157
360 508
96 309
309 683
577 683
360 798
132 794 363 684 137 795 730 115 
363 730
137 794
363 795
115 684
132 137
115 794
684 795
734 418 269 390 485 
418 734
269 734
390 485
269 390
49 101 3 473 784 192 
192 473
3 473
101 784
49 784
49 192
111 540 512 210 130 557 290 
111 290
130 512
290 557
130 540
210 540
210 557
769 720 
720 769
213 419 293 335 266 39 105 295 559 460 
105 335
39 266
39 460
213 559
293 419
335 559
266 295
105 293
39 419
377 29 639 93 778 120 270 
120 778
29 377
93 639
270 639
270 377
29 120
704 369 220 209 775 706 413 199 602 500 762 
413 602
369 775
706 762
220 500
413 706
704 762
209 500
199 369
199 704
209 704
312 427 589 
427 589
312 427
797 279 227 
227 279
279 797
77 158 532 72 482 434 41 567 59 338 246 546 790 411 687 671 616 633 479 606 754 362 729 
482 790
77 338
532 754
41 754
246 546
338 434
72 546
482 616
246 754
158 687
671 729
362 687
72 567
606 729
434 633
411 671
479 606
59 362
616 687
59 77
411 633
59 567
792 547 
547 792
597 772 396 4 
396 597
4 772
4 396
709 16 716 638 573 788 
573 709
16 788
16 716
573 788
638 709
86 691 465 698 54 389 142 193 178 
86 698
86 142
178 691
178 465
193 465
54 193
389 698
54 389
328 536 528 
328 528
528 536
403 90 
90 403
136 106 
106 136
744 
374 316 36 267 544 747 152 347 116 582 166 649 692 359 332 689 710 297 156 678 234 736 581 233 68 
116 166
332 544
234 582
297 374
36 267
347 689
332 678
36 233
152 156
359 689
678 747
116 581
347 710
581 692
359 747
152 736
234 316
649 736
156 374
581 649
233 692
68 316
267 747
582 710
32 44 261 752 275 507 712 773 450 188 793 55 442 230 
32 188
32 507
32 773
450 793
442 712
230 752
230 507
44 712
44 275
55 752
442 793
261 450
55 275
659 345 46 
46 345
345 659
480 565 248 239 538 690 578 27 529 461 641 493 
27 493
239 641
239 529
27 480
27 538
248 690
578 641
461 641
565 578
461 690
248 480
