10 4 100 2
870 846 794 768 507 767 463 922 462 933
1361 1353 1586 1478 468 856 931 718 916 573
1086 1565 1656 1323 1271 696 662 427 483 705
1603 1505 1245 1516 1243 1143 934 738 604 514
1287 1158 1488 1158 1171 1553 948 846 664 954
1204 1105 1447 1107 1210 1120 551 829 480 705
1190 1500 1440 1311 1174 1302 731 638 723 661
1553 1370 1624 1221 1082 1271 769 790 466 840
1422 1642 1639 1083 1465 882 494 463 526 607
1348 1166 1314 1087 523 598 547 850 572 640
8 3
9 0
6 4
3 5
0.35084385061512535 0.9124205305273252 0.5712762040868398 0.5843815701733109 0.37487135740886124
0.38234667803490513 0.8395760883182575 0.4074741739332167 0.9442466125171187 0.417740827058244
0.47745344836847387 0.6785736759913537 0.7221651271901148 0.6109778880839418 0.37191880499972285
0.22782876385710882 0.3215357673972501
0.3605238659988603 0.9930409669367306
0.7703422027629381 0.7539182892578311
0.2687611170269648 0.6435001441048094
0.05353190168753774 0.7606624419166212
0.46694987277647715 0.4370821530833111
0.514108971795211 0.4389068303380208
0.8037702395063622 0.9484371672363314
0.19976164776196392 0.2021015174820262
0.7635234503146979 0.6875341637238568
0.0034698773758383705 0.8172212630318523
0.1466057902366158 0.042886075769172916
0.24255068480316955 0.2424542438031314
0.61752956815218 0.7486376417590912
0.15113255354048216 0.2156432555355361
0.15682739380918287 0.82958607952067
0.5776649828980973 0.3503861520211935
0.3562083093839372 0.5578539508571871
0.44816221957605973 0.3075959966702704
0.6146236765540989 0.501865480526742
0.9148870547896888 0.5443296788813485
0.20520853339756062 0.6057109296622136
0.07341401597715791 0.5460016519230095
0.9210299469213619 0.8483291982036305
0.9011367805924684 0.5324099416403021
0.020963663039949232 0.24672064925393178
0.7768695667379626 0.666028536448662
0.5895530858058262 0.25246207686535316
0.34993286877670116 0.9103567030725457
0.46412369247756 0.09765993533024364
0.0918116220039289 0.8533121733300115
0.11412458173803985 0.06653707745853321
0.7985910036743442 0.6504480709665945
0.8158091863272134 0.3200189353223517
0.9558594860185938 0.3791601832063465
0.10939784471138747 0.8471187834485236
0.1988713811696181 0.13600354737237663
0.7855626575673174 0.13397108342377506
0.7099424900194966 0.6629465716189604
0.9941133297481981 0.554295039725111
0.9554500287990975 0.5207045203441396
0.18018626944330163 0.5283837859562419
0.9947654896917777 0.13589857070168843
0.5043600546230018 0.7837548844175033
0.1823751285609725 0.7038958468294985
0.2521143976331437 0.5129778058304648
0.19576511942366315 0.9032743667924532
0.6224583804482944 0.11144608329945682
0.650097794934746 0.06440511337540511
0.7718852399648026 0.37064951547983016
0.8914622701243877 0.1683384748201351
0.12221134150778923 0.18342739418445952
0.2917472296298165 0.1390265010334315
0.6117494880922683 0.8249339899882764
0.45388294319542455 0.5123211389997648
0.5697659242719577 0.3379042742417453
0.41343007321523295 0.3511757409290355
0.10943839463795735 0.6654265593733233
0.11878008024473186 0.9566680253776687
0.353802996805785 0.044344678094363266
0.7930219175474067 0.0195190255980775
0.7713616569358759 0.7890314540045134
0.636702551920473 0.46674893039857546
0.6963590976729974 0.9308091700828156
0.9918869234147967 0.3137534487229301
0.6810802353559351 0.1430299417228751
0.7405859016662957 0.9742827939344627
0.4020635152205376 0.5016936601666036
0.19634541394663807 0.41035787522133393
0.20180685785306363 0.17409463694147287
0.2962434539239047 0.8568265351644528
0.31935738066052677 0.5462139115550497
0.09249702319692577 0.5370567243085753
0.06977522352009191 0.47301408466794226
0.14657894507442326 0.7235940661663798
0.07779602019471366 0.5040197768984744
0.7538864106969456 0.5739486904145741
0.3138726017573765 0.5853616519503382
0.97338153283795 0.8501974146331213
0.129334848106595 0.7671934848148199
0.26018752034645587 0.2199674859565719
0.14586278852890944 0.8856034484418944
0.991507764844241 0.7076418470062003
0.8041337766670877 0.36706256166533446
0.02349712560611561 0.4459309970057117
0.059788244965145454 0.656995370537047
0.9116390596224948 0.2930688008878777
0.31668107061014683 0.294380327845599
0.7489263654100258 0.11604747719312147
0.8407103154197251 0.16039735504538233
0.5810472242182461 0.7725829912098241
0.0020747842691226648 0.6562265864079797
0.9775358124293254 0.02154471762925625
0.516262505395467 0.1361509854176033
0.7796407439126258 0.1888079248689749
0.3340957273426892 0.037618847158455315
0.6776569737735205 0.9016873400247236
0.8887207142265376 0.7239290408894372
0.2405105908712124 0.3973107486120504
0.13798564775933975 0.7301951217975806
0.2592211308327286 0.40228597397375343
0.4983926628279447 0.8703032326246809
0.6238648995360752 0.01307480405127781
0.7430741005422941 0.9395235294700963
0.011481359413047842 0.5676420491021397
0.10687151861881539 0.631676284873506
0.2802278125091979 0.4690013484530935
0.9132297501867386 0.9882984550746394
0.2786838490584411 0.49043333346735407
0.9480752524727913 0.16486455513398357
0.444748093780559 0.2938178729019685
0.2199852580840611 0.261386335423474
0.5384711497355175 0.3086804323149208
0.9892483639417433 0.20379039631824591
0.05843883868736577 0.04479937081176044
0.9185569888061977 0.8829712569603547
0.38363310897345304 0.6280199024191024
0.0035470530050687454 0.8378846130494286
0.8515414159633494 0.8853167371982038
0.882257492165849 0.13940995834413283
0.4275386191812418 0.7564855063588796
0.3623698742116226 0.11507982615055568
0.19144112932150037 0.4847535807627228
0.8880113053485954 0.33092764287636833
0.7741675657654623 0.5647872041260922
0.24899744388046474 0.5079864285706077
0.7639574077687492 0.23925782340141533
0.05320870076456963 0.926548063746957
0.5345182881187094 0.5661894340856894
0.5657150348287163 0.09518484133326854
0.6309917242974519 0.046119641291834323
0.7051104415228224 0.6068595870110332
0.9268950459773384 0.9190499822341054
0.6382376641138221 0.08227098623180251
0.30443630949428035 0.4137476668107789
0.29618273687486707 0.9000149369640831
0.5866738206333417 0.27518386028643604
0.40992364492633593 0.9392720218762154
0.8326599229857694 0.14948886404081896
0.1982433617317929 0.8692009123188844
0.40454782208900775 0.8377976211644287
0.7796372126048972 0.7057038102748747
0.7878958184881932 0.889281759222551
0.31649909321571146 0.06090968151047926
0.5118135225607696 0.6164424566895668
0.2123724929973405 0.671654351603381
0.1565284102267992 0.9032100722310115
0.32903688100886264 0.014811355894278844
0.5109561890800904 0.12159825396192336
0.13736151396767626 0.2720655925191173
0.06576648392452689 0.9602325501610185
0.8078428999025893 0.4914711821417004
0.5839284471303825 0.9807923073328777
0.6518266750603481 0.9706724543249752
0.058857049666835026 0.318325635081919
0.2884759594881041 0.4173313730804378
0.9294678318985707 0.714627946636964
0.011662557175502908 0.3500470482689597
0.9535431984429934 0.6338949128359002
0.6449195756212942 0.8347864761321204
0.9910067980055188 0.7016653676558064
0.24300922201870212 0.2912831623622203
0.6375290952930797 0.5631023304490264
0.04048352793906962 0.7180762050600284
0.17789179648902054 0.5378877137403228
0.5093082838932779 0.2974325594114433
0.21786787656680073 0.9093730610019113
0.20101461303393076 0.058934838336023976
0.16834743586583545 0.49503723515788356
0.5615980223383863 0.2871254643032539
0.4178726288318595 0.1339237431525555
0.2625527039316524 0.34875124832509474
0.3633789035992063 0.9212085860195376
0.1542524862769481 0.7166357559397889
0.15002021654551512 0.5765891514476476
0.837779579632913 0.330754335974508
0.3106801107607702 0.6326177135925768
0.8416375438544776 0.2839381812289754
0.3280013838683187 0.8173486109138246
0.3717906116902938 0.7156053414087229
0.7595165178554864 0.7237280086042905
0.7034954999121366 0.7237703309202028
0.4979970615788418 0.14734163191275762
0.12160437751204745 0.8193628231357153
0.6585996579980875 0.669470628051311
0.2643935397478059 0.2275047752940571
0.2918691662874664 0.589281401563237
0.44233132736057734 0.15874751011736055
0.16101171278884352 0.7331406310053634
0.5471776377377293 0.8645641102455328
0.4505671894429606 0.8008785655265969
0.666548183087716 0.9742016987609845
0.7179021514525967 0.8428128132389707
0.330067385262798 0.2284052371823173
0.7280243981942249 0.7394284285053669
0.9558858293612769 0.8743648231312064
0.9325647506804189 0.15696431809584888
0.23777682706110537 0.33454948373071547
0.42056412780219143 0.2326680868571429
0.5185820827519676 0.9635585177138308
0.21240085750331095 0.46949080807395505
0.977417735441722 0.5084381718223214
0.8388675142727229 0.8708090453755639
0.9947000082914812 0.7921639378834042
0.1388898758929371 0.8273657687768945
0.29112983439470574 0.481511502805281
0.4459288762454172 0.9144973997034385
0.6121350550461364 0.46573593592074425
0.7330664379634144 0.15386062210261042
0.8927143302071654 0.8003812737392719
0.6972820111901952 0.519064779105358
0.5393664705197665 0.1246558283341066
0.8153041990621461 0.8047584615670169
0.7651024042011629 0.7332209955193736
0.5070985414236875 0.09796863967982872
0.7134650392131519 0.3627194871332897
0.3194537215183533 0.16124939113719705
0.15852914397122775 0.47775107742174927
0.8164590420201538 0.39281916240181847
0.8820494038615416 0.046934896581000585
0.6864901120251186 0.9040658906147245
0.6529190432773004 0.6237622264552825
0.5364620033555549 0.9084572046637138
0.5834322681419772 0.14363903814393209
0.8231991947238317 0.6620950746987551
0.41901606297657734 0.5974399701276416
0.47028216779084 0.35226042059329576
0.4502552746765589 0.6326021866504705
0.7395880557653405 0.7187188397672823
0.09431875246038857 0.0946267709204589
0.8292965163633161 0.1665095443740019
0.4057920282529177 0.10455904944918681
0.8579561166745533 0.0818275150290213
0.20956460935593224 0.07375041451440656
0.04911444326410597 0.5106957156355743
0.6504230736388856 0.2660912796805195
0.8764273886876355 0.5472982523152112
0.9719790616876856 0.8083595705630404
0.9466988402991696 0.4710692636112528
0.985458037596739 0.6946854251335037
0.9547141192452306 0.8750688777529847
0.7652774475463082 0.8000735252497035
0.7750732526089519 0.7303887950665164
0.7190328816499527 0.529319504564552
0.3425195883744838 0.8521117142396832
0.4073835292743162 0.9125458694132298
0.5196659503433045 0.719673778835072
0.994193467726902 0.12301818278704135
0.5803123430061867 0.5345527791670139
0.10927171147508652 0.6543500197489263
0.09803294272161445 0.2531741058258403
0.5971735810666694 0.4825587718232849
0.29893353916755205 0.717230986575351
0.30425080968793883 0.09316921439837356
0.9800442323548981 0.010381879022750562
0.013109075349709176 0.1902174513555852
0.5800758231636929 0.3687504286113499
0.4412185741714423 0.3988603471063601
0.22128544532273975 0.15691690044283435
0.5268050593139779 0.2789920616759074
0.38786795836737165 0.4365859405380519
0.28733332142542123 0.9795600542985627
0.22438394035455111 0.4799459629465299
0.18571320864867724 0.602341224612823
0.38306328076334895 0.6862112419107087
0.13026549173250035 0.6586457742937961
0.39161063925421247 0.3621201193673669
0.2809116192427754 0.5231429728015682
0.922472243481971 0.01655677631448027
0.4296198400585578 0.9046943499243161
0.5815255947485323 0.671602912234446
0.34161850790896686 0.6927313761038243
0.8482247158846254 0.019847486957678795
0.6584245305026524 0.18205576129196976
0.0031891837993898164 0.49452718209866986
0.5303731330206096 0.8191062255109625
0.5839298565638049 0.7671944612765684
0.5185873396834024 0.21080621441346947
0.07788578148769942 0.9799435550341387
0.07915683525836381 0.6133900491427342
0.36937856960362647 0.5946390004357709
0.5221296412551963 0.3446031725474672
0.6789170787864411 0.28152504031213343
0.39752736435740466 0.29166239632270474
0.2669411526404539 0.60844025455589
0.9042936636745948 0.10845054526414177
0.10424288614234256 0.040862860132641954
0.3264716153108651 0.5248282585446713
0.2357019991369802 0.5697461156566874
0.23337375952329542 0.1633117696710209
0.5473911808579004 0.16184425350319964
0.27634753740962004 0.011278961006865096
0.9741823072129461 0.8415526676501393
0.9824455790960649 0.3632009671417942
0.52829334608017 0.16988771621318532
0.4741828083004793 0.1250726676882219
0.4353569930499106 0.287519706966177
0.12344480052003948 0.31092232514217755
0.5255850935869708 0.12560067245991524
0.0339595215642583 0.7549911291210936
