10 5 100 4
871 783 990 979 983 837 811 931 809 776
911 1000 961 1008 1008 989 961 960 875 749
985 1012 1021 985 1066 960 947 853 830 740
1080 1105 1161 1247 1124 1067 1076 933 872 919
1139 1069 1326 1366 1286 1110 1101 879 808 934
1113 1098 1229 1609 1360 1085 993 955 821 875
1106 1083 1293 1267 1224 1036 1013 960 939 814
1089 1041 1219 1083 1055 1120 942 1021 982 780
856 928 1038 1003 1115 1011 910 890 960 830
817 955 944 883 915 1003 959 830 858 897
3 3
7 7
6 7
0 0
7 1
0.5642526508356234 0.7807369869680045 0.7951156047938777 0.5178952483868278 0.38486000399972964
0.33481268525767416 0.8050069651897016 0.35520942704439074 0.8579995897586286 0.1221689115179351
0.32158415382476874 0.8721628816039473 0.6965032411517732 0.9403113343011458 0.24015956695065813
0.8537704098524037 0.6681247793135182 0.5725135585413682 0.555664342872441 0.33170555790802436
0.732535884985406 0.26350320092667934
0.46204320070808924 0.503395858204537
0.987095348213505 0.5451640132016804
0.855962282855625 0.5330879139565428
0.8295493881985767 0.37133984096072825
0.49587864083689714 0.40420992163603975
0.7631897604035545 0.5728319697322257
0.46520558453855876 0.7466207492467225
0.6495137981608883 0.49129602935430494
0.7063476504534005 0.8695755268866938
0.014348055498456969 0.29085199469147605
0.5257676300048619 0.5618274210815184
0.011736865462935508 0.37546588999725117
0.7554389827998396 0.699478524331282
0.6516948403863378 0.03695928185781994
0.020054078903647188 0.61720203170361
0.41431395492987066 0.8508006253521554
0.21640206989776356 0.5755425061055763
0.8294310515360284 0.907542287702267
0.2864674043320714 0.6400718911973595
0.5754988268885475 0.8721710660496091
0.16623262501824243 0.6955900633541205
0.13774570293774113 0.21446349020292432
0.9571295336331096 0.10590844340119498
0.008584862575536478 0.8080579499111746
0.2508204514033321 0.6185506458695949
0.35165987765343076 0.2162659000000633
0.5971196243943613 0.5078967128037388
0.5496697446939203 0.9001790633212063
0.8457355957762305 0.20417235694004798
0.043724238016079386 0.5311462145761239
0.1794209356617058 0.16399228408925737
0.39806964458077254 0.17456220658136568
0.7939401037394807 0.00442096792396951
0.27987979599237667 0.2540122320758198
0.9389173896498371 0.4752242977490928
0.4471311413213894 0.8710913047730977
0.7767966312918619 0.5820074926743837
0.6295024615890239 0.13409451667751582
0.3706548569618995 0.7110969167090824
0.30750231112100557 0.3539009447569288
0.31790532589955256 0.19740206025643436
0.22801478982757195 0.3823985334362128
0.12105091197199291 0.27670921124278425
0.35013013836340456 0.0020986271610825558
0.25696665045604417 0.4348517328113828
0.18645598221917825 0.08278741831605818
0.9523371566567347 0.01016694231321913
0.8711143539623447 0.9571295406737312
0.1502430523637308 0.09722635721144535
0.6477496545788195 0.38480056106845884
0.8271342647191571 0.05762668900499035
0.7887786241923653 0.7591408392835972
0.7280647810571903 0.5057050390496161
0.35211335557068457 0.805829566559815
0.25178121064110104 0.4334095325371887
0.4843591746699534 0.6455244172086054
0.017674059887295313 0.423184013789647
0.04463691519750723 0.8359112769161925
0.7772947727653958 0.567550865308355
0.3647433117267098 0.8952273473665766
0.9605714631846698 0.8021757199447404
0.8496338248610193 0.5389910773027116
0.4736086114721896 0.6511760771667849
0.3503511370339787 0.03566654912064804
0.40465723260891684 0.7625488108219116
0.6614735173778832 0.13657403498431653
0.8910623068472181 0.07150922221950151
0.41967236849218614 0.7449120000052649
0.9820696643809423 0.3612764553291741
0.7934855442454152 0.3703767160361233
0.8512254314030938 0.8327840473715491
0.37217209784993033 0.25379143863073983
0.9797587443227789 0.1410510253759314
0.4185168077399597 0.5566299968517825
0.33647461212713536 0.33248994197929926
0.5876330829897052 0.4811335273989876
0.007483737809687474 0.5806532079448388
0.22966843702109885 0.38060889713461066
0.7046556304915939 0.7714085770401164
0.055057311138107634 0.3450507491535706
0.6351684300561393 0.5811111655893202
0.6854746533146476 0.8194937561681674
0.16553418318327418 0.8350486281759013
0.7266894243986752 0.47846172275960774
0.437521831626283 0.01176222184368525
0.6867195027644775 0.7709708076381707
0.09800407218295937 0.5619881536808775
0.9022918070937263 0.792172621268997
0.3893883530879356 0.3963918051269095
0.7454781720503325 0.19335158344573178
0.26316126763453873 0.6230759962673911
0.08550754927636772 0.8058761910573744
0.5710496885716241 0.1203115846619558
0.323797385943003 0.8463329615888247
0.39167941878241863 0.5044107498935149
0.5247411715774299 0.25001695049977934
0.37963693998572134 0.8847956019735448
0.07843839529674801 0.3258312968646979
0.9620795195620728 0.6786575087838462
0.1982987273101262 0.744623232243915
0.668141655498182 0.4528122366390639
0.17868344821805615 0.024454981839578283
0.7928288420516252 0.734311377820039
0.9555128034234621 0.8284307953969312
0.8424396218718091 0.9101092245609179
0.0916711710941629 0.33674298718297857
0.23407300968848732 0.9001311729028421
0.352649729298129 0.8209349797216721
0.3527095556070894 0.6096307108598624
0.5032024211085244 0.1695716904861937
0.6704912397420442 0.9363096293917617
0.7626305704146454 0.38653099912780653
0.6625067428349423 0.7609226575620132
0.4905052270742851 0.7860833867317669
0.04483810897277629 0.8765400479363263
0.5379300326420096 0.8388990892362496
0.5286374283401047 0.8432678871704378
0.04859522011046291 0.9142410254477309
0.20195388246332402 0.6765924661585823
0.9597957150233014 0.13492107242409812
0.38516133085270443 0.4880094798582928
0.774658473244118 0.2779545819968141
0.5004213777527697 0.24425651937124004
0.256594630732778 0.6119077633088301
0.44341779738216647 0.6381435251382748
0.838114608793042 0.35016130479131125
0.9795623240258802 0.515154527601579
0.2633445964993937 0.15707363244198724
0.0735971353722793 0.5668496421274212
0.9024713561050206 0.8228458943185608
0.8252398557222071 0.3344807468579387
0.3397684481634362 0.7166774359161707
0.7527718864277719 0.3780480132574624
0.697611314580433 0.9501057888729414
0.7730148257770051 0.9433485589321009
0.16085520973188738 0.4942917655946413
0.9729470279835724 0.8730185351812729
0.11088205676744312 0.04272727922690178
0.18728574205745985 0.40361623374854294
0.45170928231779706 0.7394441740731086
0.08922406101831504 0.8026433860761468
0.7722417836127744 0.0702405173494014
0.2584804412540447 0.6475572736216046
0.5772261205262417 0.45583751706464115
0.6897677312467014 0.15901280959791997
0.05123109688039462 0.5802468618606886
0.12081234484324344 0.6979692631103129
0.2617942425373536 0.640513040026784
0.6889686486974416 0.5310473771180211
0.83491308318914 0.4822771484648072
0.23928255651632968 0.8119679412373264
0.2151575711067728 0.24880828413469303
0.7899588758549725 0.45100576194086006
0.8450438625505632 0.790262627943664
0.06651996502715596 0.9251462326500617
0.134841439091145 0.8627395928499706
0.31236800224729566 0.5901743407582118
0.1440661712267648 0.21902784543602838
0.5501006444093124 0.19299263084623197
0.22423352298847932 0.935526388163495
0.8752569027153856 0.9083236840701034
0.26451129371379256 0.6992306324598074
0.01968544817008322 0.5716771956387234
0.014191998489616608 0.7404487404454505
0.36579035218442035 0.8068364663347796
0.738061795068057 0.5583538027917616
0.0822597653271655 0.9693842951111449
0.945362780219845 0.634600810415235
0.44799596575581613 0.9881489676830524
0.30104903936145755 0.3232728652094041
0.8125168667374436 0.0050610372176866925
0.9664176078533053 0.2855637523185872
0.28651333491893394 0.7836296795925435
0.3036225128037848 0.8583507573772824
0.14608621955351486 0.12462121449922847
0.21333935456186426 0.9724373160518343
0.3163136784172691 0.34431983774631125
0.614527959925149 0.5581437571437693
0.5257690605274563 0.5946959979645976
0.580569912079641 0.5877347998306612
0.5981181334952017 0.8834030283084784
0.8265135280040885 0.03736565361308375
0.18254824595822505 0.9882170542303303
0.14985523614307716 0.8218275956914884
0.1579642467421083 0.5868620630027479
0.85063312105605 0.9921177644968819
0.08145227581464276 0.71083697960338
0.2430486472971558 0.9932288932403219
0.09842218399995839 0.8746604129270996
0.17416686231778744 0.9925732943330172
0.28355903697240414 0.0994881832297212
0.60305344671436 0.09155130301458958
0.40163555936374085 0.9495558554384524
0.26744294037578986 0.956134501401797
0.17264056958509122 0.7780588226011873
0.9526890972610969 0.7413634427958793
0.5384295331901645 0.4282758000866025
0.15151093135663496 0.35930691118860514
0.38762880411539813 0.6907572211654396
0.3529345124544636 0.01382951831454493
0.2589315195636579 0.9417323183521027
0.013491295034144812 0.9015756340818537
0.02355327051238798 0.9768068405532504
0.8588967516549038 0.8816454523943271
0.1958825462202176 0.851628354278487
0.8437537379162234 0.5360859146106505
0.38980389187189224 0.28573439207608287
0.02828930699322041 0.2394193763845467
0.08718670390089489 0.6438881540754424
0.36512531066445897 0.31996664238882166
0.5772938913432171 0.17034612671529858
0.08856637778994902 0.8661248104730124
0.04742558818083564 0.8150433172278786
0.8161166995016877 0.575448022250769
0.362437398286549 0.7312421147249861
0.19335654038658778 0.16623378689346913
0.49709240223916185 0.6461485740469952
0.34077247525673027 0.24214608688052341
0.625951019413538 0.8669532181928827
0.07963051873695348 0.44114770138087867
0.062330487239367516 0.42347362573797587
0.14209474843901204 0.17898773488898123
0.3536138177598318 0.8828816349454736
0.09912769866720739 0.16499375122888238
0.9840719285744473 0.9542232478728816
0.7036083215994844 0.5918972987337363
0.8367674439144099 0.09618547912197029
0.9947093026612683 0.5711227951382847
0.49072731236419265 0.6593572443023272
0.4560884310376252 0.3032886842411624
0.4158533393896642 0.20958359735525578
0.8700895176884831 0.16816778000138122
0.731058870272395 0.791797770593103
0.5549521413584457 0.30004149459316287
0.689553249447683 0.871643085308085
0.8082268087841284 0.42265072591144226
0.35451357175970855 0.7689520649643995
0.25277914059026685 0.04647320851862369
0.7815638005834962 0.6813910613749905
0.5559226130919936 0.4712074721643782
0.21205112504529566 0.7894551213976033
0.7300631173318841 0.2677603806390636
0.1903515579526942 0.40051533337013034
0.9267890770205864 0.25891296632878613
0.10717440279402357 0.09339016979041137
0.12414619655989423 0.8365706807860198
0.9644894407943536 0.872277481757634
0.939070851216026 0.9531901110519212
0.7101892418902929 0.07463383571516924
0.6481953257587476 0.015884079086502023
0.18622238145523373 0.0233134081784101
0.7811713650870515 0.11538543152404901
0.4833857743147958 0.06786394609506075
0.06146014798267063 0.6055443439928667
0.8911073494399597 0.6022979862421762
0.7720084155938303 0.024578817583399415
0.5059717310439358 0.2826036517495105
0.05025449008358218 0.7060257934853551
0.7860096468387303 0.09046758993589155
0.8434143273167498 0.9965429224162039
0.24729813364079023 0.38064037461130207
0.459143163131988 0.7429720263239425
0.8907733805407592 0.3499167043005502
0.6733117459322577 0.616050973860792
0.09078140463544448 0.7489751278252559
0.6948078581212447 0.7926575487250631
0.9926748325273966 0.029636694206358172
0.17595318745916466 0.7631635215678143
0.15371797630596284 0.0238114062794077
0.11130852580843764 0.10877871393840821
0.15320788015135123 0.4456481127672409
0.9315189190626965 0.7209913421519567
0.23006810198087013 0.9126848202313951
0.24084336080647128 0.23716962564717914
0.29689915415048307 0.33332570817997365
0.9183793779878238 0.25691777755113354
0.011412346829630327 0.026058257720326772
0.24902039476012017 0.354943590026356
0.79210560738741 0.2794349960619642
0.8450805790125551 0.09143179064576223
0.9379042095523975 0.014904506827136288
0.21335199878694833 0.3674033897353608
0.5594783653471169 0.8999217197233045
0.7188053641255412 0.037436199242704804
0.6196749320114239 0.5025187196191983
0.6371983041676752 0.9330270239421921
0.7880987413850691 0.047293785493106366
0.5524097236296945 0.9133937352414458
0.4759464315655122 0.23750728428853018
0.8906317632410252 0.09047422743158506
0.06391689947754298 0.07604774484407728
0.33416313823770727 0.15053785204631587
0.012800364621047278 0.05157092893727011
0.08651285071851422 0.1790098881026818
0.9213924217951985 0.8914183652116798
0.7885616251045284 0.07968443564372119
0.297092409678136 0.3580769302840803
0.1807151231033497 0.8080491059727728
0.27155829135462684 0.8818882218191095
0.7437818327717876 0.8006208369239207
0.42772674681656975 0.012285156291774069
0.10758093241417788 0.8185668488784925
0.7003715703541931 0.035058999426205606
0.7254728390215235 0.45742686427641854
0.2013832145203307 0.04074818162867011
0.7343625502988493 0.6539023278686826
0.7163568210656936 0.846363897106712
0.5306732796059146 0.09542791668303008
0.43213893432491135 0.9878939870891168
0.6339765377961317 0.4754237794505811
0.38430209831112494 0.8759327771018537
0.21725292264421525 0.4048498459882517
0.5196938361304466 0.8455150586386178
0.2120692389532255 0.9363040855268063
0.8203262775778863 0.34400363160707426
0.6398810381707882 0.5486073801521163
0.43402130875544653 0.7125099353780906
0.4914835352628568 0.49172087934035824
0.9826608610519645 0.9992107747278454
0.03908371790804477 0.3301305093711018
0.9887032566738856 0.5049625384697296
0.042874553453278175 0.16029573877452585
0.5619184508936501 0.4047780420003937
0.357395179421673 0.21761432968131622
0.43932178485712603 0.27765689255395865
0.3506681039205597 0.6595265957928245
0.39572819391601866 0.32978439660456527
0.6690233246389785 0.7521663384846178
0.28092739510586084 0.7679856711303841
0.8518789050642481 0.6573593673833871
0.41811676905205775 0.49570235924240924
0.7207644127770025 0.06595691038074136
0.45770834316694176 0.8447451402158062
0.5649351006992274 0.6195209971223925
0.07635977308103148 0.39026263337298794
0.4343005496032577 0.35258997062455566
0.9854589302394476 0.9474116156961856
0.7162286017452775 0.006450436904228862
0.6861968115889014 0.7915205903389793
0.6481813015910829 0.2659027879685998
0.3678653165078254 0.22059131039507784
0.5389893054481041 0.9817480211546308
0.6987036230788137 0.11690018894992082
0.6075648122054036 0.9361524476131944
0.5079005614176026 0.03156967396374344
0.09097784899417749 0.8924589632726001
0.06654980748575445 0.9945784888555838
0.7548238159295584 0.570715296867645
0.9884546821379085 0.7317370809572445
0.04428671723228628 0.13940589815966553
0.29351193841917356 0.4355895052312595
0.2801309525980209 0.030059491050377973
0.8426030587168274 0.09407898482644184
0.5196994984582386 0.5113255072628107
0.720281597045729 0.28348862063303537
0.3394698680737709 0.6010443877525284
0.6066385428733576 0.9481070794331432
0.7536630251398615 0.9912937916642812
0.4013025700065467 0.5051688885476355
0.6434530015261584 0.9909077537606121
0.8113928560600283 0.1013544109921114
0.49407527725571465 0.2264402199559401
0.2064666502123691 0.93594186914312
0.7702618700378687 0.1084882589536511
0.24560551171108003 0.9258808963350393
0.8788613294142327 0.29370530506831916
0.2597846659946965 0.5774510341697239
0.30830481365500706 0.8720321329043186
0.5449162529397231 0.6349952221427133
0.7989019847035341 0.551933713112656
0.32526472435587017 0.4688427192169251
0.16005492702550583 0.28110559713918626
0.7966555776551736 0.5933311765199385
0.11349915477367634 0.2988063857951979
0.7965927317499846 0.6769094429933453
0.8929859959773365 0.4427911725567719
0.48253809019953486 0.8189672621394217
0.8667772170064088 0.9060099227717633
0.09392905080805636 0.03013888199603265
0.818910112913978 0.4316921608008355
0.5944615664288035 0.5248169375341842
0.4619007000273474 0.8785485722818651
0.4823572610596576 0.7012769472516283
0.5354352229613071 0.9378735074045952
0.38877233537930667 0.1528772931811111
0.4666333064468826 0.5258596116181813
0.2711289276752147 0.568748134426303
0.5583029095850489 0.0058198825749353755
0.8355308190281825 0.21988347939592923
0.7139868435338654 0.8379411381889936
0.5287693623655108 0.2782258046464656
0.6226793487692623 0.045402466206535985
0.753659139145511 0.4438020087917869
0.15119964048024914 0.5233859444826969
0.44221578574744225 0.54900450187368
0.8768443296410517 0.5011860648990276
0.588663005994436 0.7930547542019739
0.6895748986157284 0.968813470038002
0.8804020893687527 0.5675947012333464
