10 5 100 5
1585 1745 497 700 1708 1296 745 910 425 1973
319 387 1762 304 447 517 345 355 511 1134
1816 619 1018 1276 1097 727 414 711 302 1962
615 524 461 514 852 1231 764 1275 1802 514
1715 1324 1166 1948 1245 1505 965 1483 1612 1639
1940 1712 996 1416 512 1283 395 1519 1887 1229
627 1854 1687 1348 765 1313 1339 643 1205 1754
1656 401 395 450 840 1391 325 768 337 604
939 1359 924 462 588 392 1160 1063 341 681
943 525 1777 890 1859 357 1000 385 305 698
2 2
1 2
9 4
0 7
7 2
0.3883461817891065 0.5483860901529507 0.5421232321436318 0.8335758932843387 0.351529392022234
0.768204190269747 0.8790833734865175 0.7428839092523399 0.7779831160640078 0.22269155684118003
0.846105293161743 0.6256440377096393 0.45855166871845005 0.6126647317661578 0.19704547700168612
0.8633222043013788 0.6037846887954024 0.6462870482386602 0.3792328366296965 0.12123058431235104
0.8648329641453447 0.2076154129269856
0.05138025002748159 0.31933662616180203
0.08698746673952051 0.34770978720493306
0.932055224119442 0.48631249808795407
0.47436712241745016 0.5431501318661904
0.47966019225208445 0.38975275048715896
0.7416191453058374 0.06264372194200063
0.8162397184980272 0.09774682966031167
0.08955614735772843 0.5303097677402135
0.3018688589944212 0.08670057516828833
0.855913102373234 0.6252394107921164
0.6544475116667767 0.7031750409269222
0.9750065888013932 0.324000674844634
0.717030355209223 0.3583973536904048
0.18761726983888272 0.9386921006865201
0.860296618912308 0.8255424413386547
0.5348715726458848 0.45737091929183693
0.35777752094483506 0.7166829504546759
0.4016962414235896 0.8199986984578143
0.9768138380641371 0.8571749199715528
0.8687183401592227 0.36596564264283593
0.5558432905719228 0.5123541989577314
0.7519441406600695 0.2979968968985194
0.05840328247962856 0.6096091204919702
0.8024464110104834 0.014182017509216882
0.7267040235559519 0.15868777727553662
0.7400133570814149 0.14339399287468457
0.370847737473325 0.8404242048381247
0.8798884103756228 0.48351932942029463
0.4966693894616465 0.5807674263921188
0.006762909872505274 0.977911187711944
0.16622219526282778 0.3088279298508321
0.3910975719848975 0.4708280355236194
0.540136997068227 0.18369799169575018
0.9544899594130356 0.002272622438212135
0.9503859900233131 0.8963736041346297
0.45435006520079724 0.5421904040754852
0.8815061524675358 0.3460653927965096
0.39051420715623797 0.8178475112349268
0.022346101783999428 0.7511533924131915
0.31627468571620687 0.3839225497535397
0.36545140015508815 0.6276790714900387
0.18299516158191254 0.026414130736900354
0.22382287456601957 0.9236306686160431
0.6596211704644617 0.47510468561483954
0.6843416556779136 0.6370346491915344
0.14885380063391085 0.28114397997059504
0.15572507956339798 0.3450416973645205
0.6080524720537592 0.9785774323576215
0.5267670610019093 0.5305937375101515
0.9728694533946995 0.9872144113636039
0.3540007789242874 0.5566878123072283
0.253964051893657 0.8637624214006996
0.41779971006695904 0.29094039944341743
0.8207148823604353 0.09337065637338116
0.14311458200377336 0.001621145242288291
0.8514432048376606 0.2945635978820893
0.5128966055232491 0.8765060687973054
0.28990396619304293 0.3045263220382812
0.4094112860153303 0.6661692626382469
0.9376646277794958 0.9588112333754686
0.7114755677884288 0.841398059766618
0.48921347788970615 0.16140143718400157
0.38522579204623275 0.27240660128531347
0.0474590856646695 0.5480483898274151
0.3954951712540078 0.7495333696769533
0.2804587715101847 0.23761975233650734
0.36622074282420747 0.5528759197402486
0.6233561423002505 0.6011939518683922
0.823757075803615 0.6631090527715064
0.9624127772588194 0.1431658858496614
0.4031207402993795 0.4399807188737399
0.6330977824690862 0.3651992378258746
0.07134904246573459 0.4479279213015046
0.2131392832861565 0.5190795685278249
0.9923619412222184 0.5985158625487887
0.9479042617283764 0.34773565164699294
0.5062497827909076 0.20921241866667262
0.8720725876571651 0.595635121924631
0.7791352734490866 0.9975480202394664
0.38210201589807347 0.41860145034948726
0.16226172276247786 0.027326019401194834
0.442999011432597 0.9622329986711124
0.8802416811828104 0.6940868901586095
0.5131805772978486 0.02653193009296473
0.8328764774521391 0.5342703018373509
0.3697453606309138 0.40532283148133663
0.5594143772178117 0.10851980644569759
0.7634821420178852 0.8794122718679493
0.6882615687447795 0.08675214894809802
0.512319094621835 0.8714718921623794
0.07205711900656442 0.03324781777540009
0.5466622219492396 0.47669364381307755
0.9777677471001949 0.030675448953561002
0.763113056074963 0.3638914585120929
0.5891934684477471 0.2837937657741496
0.16215175411543825 0.5641183093508899
0.774183531697689 0.10425427812576893
0.5394807142201408 0.5538572710762322
0.14168108790508915 0.7084589473181353
0.8082908383408269 0.570314590398407
0.7079515239458658 0.3444120688994068
0.8873396033254877 0.5301544651834273
0.6950896918065208 0.4400443172838564
0.6364279188471584 0.9959771569531886
0.9183572825521078 0.06003084438894435
0.9919107288422384 0.8596777628692505
0.1849315507569005 0.9084734842046238
0.37927187724575573 0.5525999813523845
0.881921305199467 0.1784530497557093
0.41911377478753065 0.7237834161690775
0.1997998850997651 0.5811532576166287
0.9930205709304352 0.8357180778662374
0.00627237670447367 0.23971309055697265
0.8217243905759093 0.3408550939723942
0.34263600056990473 0.09047696554918039
0.2831941957975621 0.2699576281827589
0.0294585086386292 0.9729980569263497
0.748605898526975 0.7841915957376691
0.08034714445359659 0.4388912485720504
0.4049106746969078 0.2757823444173222
0.48814897376075783 0.5433042966559896
0.7580260851601381 0.047116712504317926
0.8403964845892906 0.6113303465012754
0.9504938850261062 0.15720184319618657
0.6001842638615493 0.5139167738073249
0.7178940794088073 0.8035273070869375
0.20538089070808807 0.1498920822306571
0.4724061183457009 0.3969325296807611
0.83710365637867 0.2538495818494291
0.9053648527425853 0.23818384143248417
0.8181642055895171 0.48578931619552446
0.9677038015905346 0.2909556848846162
0.6547901676748511 0.7316517866514078
0.3043546791135363 0.9138924232414738
0.4105033666099054 0.7082996568897915
0.6231820800543468 0.6691777757950534
0.35337830939972426 0.16297581633036207
0.20818242467254922 0.005308827497285229
0.8273372002771393 0.6725658054655492
0.7214357625095309 0.5482425965519047
0.46206647147340574 0.9306414680863073
0.43642537764196 0.3618510603085685
0.868007314328404 0.8013536080046157
0.868652140019446 0.4170262215682716
0.41394290306106307 0.5958870402351641
0.2990826662341526 0.8011575441304404
0.5533250598076562 0.09770125791407591
0.43326087003940805 0.8826726819611737
0.9771381822475365 0.274875282798273
0.5929304611596393 0.7022793082669485
0.6505407266475112 0.17296666182867826
0.1323935296607226 0.299809203756886
0.2678859732956689 0.5653198410389817
0.7563899832724372 0.9333310531527479
0.3133775888486652 0.2803985752765359
0.8070089000516112 0.3972300224873231
0.11550911783257312 0.2670532488176822
0.3875849965884126 0.5485541902112225
0.19242060279436424 0.8293142266038116
0.1182744891824854 0.7732584340206246
0.8915844680630682 0.4210139789530094
0.5206029622111197 0.9489525914842043
0.9528876110181717 0.8703709129780905
0.8910934691272845 0.3358971023625086
0.8098801624868182 0.5283852127640571
0.2875165932347161 0.18696717842930322
0.3684429212016349 0.7808453852192934
0.6286537895812192 0.7132695010467927
0.1521132286935336 0.6224844125456068
0.43841358511201123 0.9008934284649459
0.7347009154072122 0.717938505945362
0.17444646722767865 0.7027145942984601
0.4954107587390384 0.159908336171664
0.4228851125690223 0.8507780027379614
0.3585784119119291 0.012836810831602818
0.7024680375657659 0.4735556925000848
0.5069086802496641 0.4641448207611343
0.4936627950999022 0.6815807413604551
0.8610940084292666 0.15039867414327213
0.7500402894972877 0.7774154055600326
0.8781580337484376 0.27530863154587526
0.9521591968599021 0.9499832464068638
0.1498912350656425 0.043978032528915634
0.6474273821644612 0.6556645589761303
0.6619719799362584 0.8971836495283656
0.13178044045694493 0.769134974787699
0.4131819069054614 0.5254797563503966
0.9688226728199987 0.49697570147033265
0.7099680812680091 0.3078305963915797
0.9913865683271452 0.9315967712805673
0.402003742879234 0.6810438152766178
0.29836823012738156 0.6075188035431858
0.319741004720703 0.04979263813578516
0.8699413857422782 0.5029147516116599
0.1889162350278939 0.8562877125865547
0.05442593545032781 0.7272977365328366
0.49024180606144485 0.20553256445491974
0.8030462059996408 0.9306492653133009
0.8243199015818774 0.39930549445287333
0.21083321466344573 0.827588499709625
0.8964129291690741 0.11213219179880207
0.19450479715390112 0.33441234744419956
0.860990941986145 0.9408229828408887
0.23056663857169868 0.8195232363351013
0.23900837245664963 0.4143217604921816
0.3449110510133382 0.630512219547297
0.15863432354863716 0.38765465750310546
0.6677140972278011 0.018009026877805923
0.8015137529633509 0.9266961180722324
0.0051996848835789145 0.7391384528093383
0.5330674086876719 0.7714110165504311
0.6260982454875013 0.5734724603512897
0.8641264491840945 0.9789309527676673
0.8467168247627219 0.02803603443984981
0.2713932094733682 0.6290761862854333
0.13910078260892367 0.7295678868085556
0.18132372748745573 0.31983213768937135
0.061327786349822944 0.735252598198171
0.6659100776559417 0.23445816735851466
0.7622980029647721 0.46401373230976417
0.775956012971087 0.3385783877015436
0.4007443412081406 0.8558024216819524
0.9822258601331861 0.510721951550483
0.4136310541597743 0.12563354144658545
0.05891053157167603 0.6067914037976676
0.6837213086841172 0.07333109669704974
0.9985828720841032 0.7898772515077495
0.5702969520314829 0.833656186538202
0.12378340354039574 0.9777694973604474
0.2543707104617683 0.6925710322405347
0.37177991506487174 0.6647178896736716
0.6413254280694374 0.7758036606563332
0.6269088213353999 0.0491439988563267
0.500312310730161 0.39767057293532226
0.7822206017587623 0.4448727468014979
0.5866338136618015 0.13377010244945375
0.688688769643238 0.5437220874555546
0.7879693666251912 0.43719732683956014
0.399731949631839 0.34725558315100513
0.5032602144999427 0.9665160353223488
0.6068563194453136 0.130704571516292
0.34067201797406943 0.4228800119820961
0.09996828713688499 0.9993180975951637
0.03008182052068986 0.039236614862444785
0.38942312288437253 0.674181838974645
0.08252300891491005 0.41413207667238305
0.6161391133000964 0.17034570523955117
0.29380538836490233 0.3988147484597959
0.21551722812210938 0.32890573840015325
0.7885182451032551 0.9011531473780439
0.9940443005156119 0.4755225269446086
0.10480477596688575 0.2654518465315914
0.22491318275639216 0.5564302348387551
0.5642379481087205 0.009833174990363958
0.3188699059382847 0.6948540334857627
0.27049078903736445 0.9342820224412567
0.6478940137050189 0.18903722085733543
0.2246993707381424 0.7416943262979934
0.024649487953612326 0.9311499715202758
0.16124702499471177 0.0555093939927509
0.13844579900627996 0.16579442356667862
0.3271462761498183 0.2485597140207072
0.5519482085593399 0.2601910967292542
0.31843889955355165 0.5298443831212796
0.91046036988174 0.5655300851757239
0.803124835213751 0.9977511815014364
0.002442956419069331 0.06805020769662251
0.7502458998568511 0.8549250192939777
0.8739976136147303 0.15315805322262466
0.026408159947663323 0.011308255777283671
0.22669350361326357 0.6603061957171201
0.8355657841965822 0.09060972094503672
0.04075838195920567 0.9429671762677609
0.12090268052590503 0.9025020257152847
0.2539572430303789 0.851473233772732
0.4802320442794672 0.5357461127428518
0.6428906767383089 0.1927110749220533
0.07508302564620384 0.42177869451948813
0.4320200592037544 0.7994762596607259
0.5722837161031571 0.08683267956164809
0.5526478495825098 0.357839965609851
0.19779539864466367 0.541758926206765
0.5175311387775445 0.2229075080988172
0.8419005664373949 0.13838323747461034
0.5116535736399235 0.822147301022158
0.09015017806352743 0.5690487510126223
0.5721849625907773 0.6591189932726624
0.11058475284019287 0.0450826857999056
0.8738353854454792 0.7121976736772386
0.9917917269961185 0.1599904405851651
0.8906322832395224 0.3452689645871516
0.3411232918513043 0.754918304433625
0.5213657293004701 0.02197832788430909
0.3655747567594043 0.8528819396896223
0.8383907897893204 0.5897485603994264
0.5764861471099458 0.7300306866100095
0.9497410613600796 0.4042056527963873
0.7156292648276883 0.31168665612291013
0.08943010347723201 0.19274258409051814
0.5213367565875173 0.7422955492707208
0.6049856113597265 0.46434443567061257
0.055424150197504796 0.8019904246372815
0.22426328664328876 0.6031183683754306
0.17713156634391325 0.3883312814616613
0.579207900344255 0.7198455384037008
0.6113231808195738 0.9486879754554576
0.4121293713147227 0.3187132635527483
0.5516034008452462 0.9676248717041631
0.6360714802474736 0.23084266510516271
0.08801678243872946 0.007280508569373234
0.970913601629547 0.2622569559478458
0.7587757718455539 0.8318100558753343
0.43658595226697283 0.4762102424723553
0.36720144230193763 0.13404695670111288
0.0429680694718948 0.9700120521555597
0.8701498754831369 0.5239935629431569
0.8220167766016109 0.510811826848429
0.2946980873163343 0.04042137574869975
0.6268502659092576 0.11524672656199209
0.5822524411808294 0.6215517244842232
0.9170008259591351 0.9235433046977579
0.8122255509879976 0.006227954781277134
0.5200063742170873 0.551734448350808
0.5914375393314231 0.6910069241016743
0.6959822977250727 0.8442865433777638
0.8673200816370961 0.8049595995378758
0.555831283601756 0.6431476104816427
0.6099433003618449 0.6962795442541789
0.11752917152947862 0.28735267830503197
0.5521545553607055 0.709433102152148
0.10444626742667484 0.8348361522901913
0.3353020454817206 0.6625353220367491
0.9227614176672279 0.21083213851145066
0.002159183825833244 0.38962654325195456
0.6496367780513277 0.03312510052589657
0.02761986090424773 0.8439714520354209
0.9737995517975107 0.6119336135983162
0.33715707276195994 0.7442676305542908
0.8946846406733544 0.13392599092851643
0.10268835244825536 0.4864426841238543
0.48082570543319014 0.9002091705565785
0.973889312402844 0.7357442966945986
0.7987004384392116 0.3848816707907321
0.631082197830185 0.5246221707747656
0.8522599583308883 0.47172076496768867
0.2670597255417897 0.767242655586098
0.6054058746404931 0.5728198903962318
0.31438882154835035 0.5283716694418141
0.6887959131950929 0.04153270889562388
0.16795441784270082 0.40645216604397505
0.2555859915508274 0.6013793108862817
0.09627930641484905 0.27601581558618205
0.4125678484901114 0.7861097455923542
0.5701621514682387 0.3191838651720176
0.4984587956925226 0.3993565690339349
0.8281960979319256 0.18089716710673298
0.5029006022626792 0.27278361451889355
0.012653114667266152 0.7545285527700576
0.8210125515669153 0.6486106274592036
0.033101261189611986 0.5063319413456342
0.6381506373813066 0.04581969840393896
0.7309017273659364 0.7706805104679522
0.4378840613897823 0.9540823763875865
0.8227459302948659 0.8079838043660375
0.5892121004502562 0.8004290964042546
0.7771256793899071 0.6231333623350508
0.23516374215357838 0.5203454734399509
0.20903559543398442 0.9064874239444474
0.2565918570173744 0.5159339401165641
0.49183790981303455 0.989849541539505
0.5070924509139958 0.7295441234338214
0.9328151344454223 0.9206738822238114
0.3856779674845068 0.8525481171956844
0.6339483535539512 0.7332770212604216
0.03254870446831193 0.6843368765080253
0.49946746213327864 0.9234044273140338
0.7756756159515912 0.2897254397228448
0.3953031786822647 0.54660704217718
0.3925032718712713 0.3860625275550713
0.8024658226317689 0.6780892569491439
0.40389387504595087 0.3559710938112379
0.48685477900142216 0.9602092664893069
0.11670545478535499 0.2474786369009141
0.34896525664287803 0.2235958612992477
0.10460181630057996 0.7593612063484556
0.2850823110450369 0.8917979674378818
0.34474713303933724 0.1371381416490003
0.1772358100818956 0.29167470277208407
0.5979638285856177 0.9626319530581999
0.6928173116381464 0.49643969069673055
0.141052204551245 0.010341088943262688
0.7977024524247718 0.056372849639175104
0.24485061631572713 0.9681009656328246
0.4521283603538815 0.7428543270532042
0.03293805176865505 0.043848125976850616
0.07855824278111778 0.27373257370915316
0.6605461474670504 0.5060276826514947
0.31371958750711104 0.08378880480086215
0.4518720546280304 0.9096479821152923
