10 4 100 5
822 1410 1248 716 823 559 1219 1068 742 1061
517 858 1341 1080 1091 966 1289 572 1445 1267
1489 1211 1376 1009 783 899 545 1333 1051 1278
1247 868 1131 1358 967 1411 731 724 626 1005
1186 1117 723 729 731 635 1393 510 1203 528
1243 750 1230 514 739 1254 927 1196 1412 684
1256 621 1197 1225 1078 923 1205 815 1016 1042
605 865 686 734 1384 1135 1496 879 1503 1274
595 1148 611 1209 792 859 915 965 556 1494
585 1281 1458 1497 532 957 944 943 904 976
7 4
7 9
2 3
0 4
0.8728015433226319 0.7229681862104589 0.7688163080551017 0.4860486611335656 0.17115842556713262
0.5449556482234116 0.6050180234269074 0.9046608343177984 0.9407871458205215 0.46444739983039274
0.9973326821298636 0.9527386943121345 0.9923904724615789 0.532225484856985 0.18263186220474817
0.1883460655123972 0.3826283289461121
0.7219087156596187 0.6351624029436953
0.21057465693269162 0.7984693623870316
0.2395919049229065 0.64457873444037
0.7811749470758487 0.3230877834059007
0.2934302673940752 0.9709105072677362
0.47153015039061885 0.30542456566256804
0.4503118467693408 0.8597500056841112
0.5929254509537061 0.12124546287069693
0.9751466524300554 0.9454274989038711
0.2815937616980604 0.7564124283504425
0.592942857778092 0.7596346352960297
0.8353010146038033 0.5710341291042229
0.7114523255722773 0.8692805591436057
0.025633337313403448 0.7541090457972861
0.07112666509653742 0.8890576071606742
0.7195943899875545 0.9883637537302796
0.7434058119355549 0.40367294281904353
0.5039867236986355 0.5648056387165068
0.9375825125517385 0.09650465606801761
0.6230808614637027 0.9579427756582508
0.9680727679280161 0.7639293146286188
0.251844017405519 0.40137392999751387
0.7190792782797226 0.6831059299699711
0.8529334314655173 0.4845870050840755
0.5035122142487749 0.39842576579374467
0.30051878260130405 0.4519194863763729
0.37351566115761803 0.33330735134572365
0.0921491785909585 0.30050826556176524
0.13064523431845143 0.6971319634133395
0.7039909358349605 0.42684599940268453
0.6830991492283514 0.5298101308321688
0.8845234435385019 0.09365525055879664
0.15731411648960125 0.589733758339362
0.2889270399521038 0.16679230227884556
0.3936491770854802 0.8448681585280731
0.9254846874482856 0.9573979644674948
0.4580440122972782 0.6250509649913598
0.5600149059364339 0.6880013846066413
0.2541462097414735 0.15357261619736207
0.2535604451778273 0.05700247370039735
0.3273715742536709 0.6737394157840533
0.04789635161259209 0.14866255001419004
0.727253091666541 0.8711042568852496
0.05394589673456052 0.06744212387194914
0.6484209552961262 0.2300125169268472
0.2995567010093054 0.06664849619957924
0.3224330720303745 0.27979420395178445
0.7349940465747049 0.08597667862716629
0.45302243695044897 0.9814243395561499
0.5982752517450491 0.3140411151109297
0.10228814317210344 0.30275697935866064
0.22890596604185198 0.12396826842225472
0.1306319352530867 0.7971430425484782
0.13723910163207842 0.4536619196493239
0.34668239936722745 0.4261734221353677
0.43663061968492767 0.6172285351217064
0.5045882797868282 0.4633875596673338
0.8652111893408552 0.33750909298843745
0.3237553179075434 0.08876940258571708
0.10072293081149275 0.800775519641487
0.997471060138859 0.21361778398213027
0.848441371559767 0.5129285375580168
0.7499247459420157 0.35380147996480904
0.9861642569368048 0.6337900805553511
0.280864450830151 0.25662607069743104
0.9989770796270969 0.3277313411996412
0.33503437561698646 0.39590818967007535
0.32689046423708823 0.08878005569487768
0.03864164983782703 0.25569712259385957
0.3080197425256641 0.6636633783322126
0.07810954373290291 0.12863284321594248
0.17485582651318987 0.19921065036790386
0.6308024682063496 0.3664704934554428
0.5671810372119208 0.2927484224597898
0.25315013956928945 0.823998790348978
0.652002773804252 0.3493954291157293
0.4685647490635818 0.5233761584854573
0.05091967618318427 0.5004116876682074
0.7119863681433694 0.8833820110424562
0.47330182282013267 0.018676641703000874
0.3813640752052192 0.24134015320860525
0.07220434551383348 0.11421869925160721
0.8690171432886977 0.8726189154460331
0.862885752955924 0.15034365363427837
0.14007474653802476 0.675402248513931
0.4703840094429341 0.9277570665956516
0.9733117622086269 0.8723924103311393
0.3070907794409037 0.2185501221862931
0.16075141124320957 0.286507193297743
0.7301235868552871 0.35001260269904044
0.7258125895541896 0.07148235446440965
0.8382195891426125 0.2671080472189096
0.9563783181186329 0.6330646938622824
0.01760601833298514 0.9309201666149114
0.6133033246629065 0.5213850204017418
0.4163375497978268 0.9883962117973619
0.6646433480459673 0.8519614319512976
0.5727208701620501 0.06572650485759834
0.9006880199843978 0.23055453404489112
0.2201206946808314 0.955036204263453
0.7310466881906705 0.5155933958570109
0.15713791611146632 0.24466490388803774
0.7444501802702905 0.088008863723114
0.4121450680721217 0.5100763528995085
0.7272652370391737 0.1708376109304759
0.9608053877708904 0.09074433281858463
0.8832410895294747 0.15763797447205086
0.06541253492850307 0.8584598723926427
0.5507271580176385 0.5228859289375094
0.2214430214198757 0.030839801188465632
0.2933987610386133 0.7301735733442356
0.11679393965651208 0.0009640954259062529
0.7687790402277879 0.5130484640357245
0.6148306579055234 0.43961711822738536
0.6522546601263328 0.19087541195188895
0.15539619306635988 0.2821455690888055
0.26984456470199425 0.5641829901918249
0.4605851910048442 0.9586402927276965
0.318130263000149 0.9962375512753292
0.602771227036458 0.22962345429645858
0.6797818881220679 0.972752559554865
0.21156415837107234 0.013328966030452749
0.7492391349177461 0.7512615451088773
0.7164630621262158 0.641533516264053
0.44971186271686836 0.9124037538382179
0.5459745905850375 0.7944154268503023
0.4145854811498191 0.33508229842169124
0.054389215018895376 0.9056017492042046
0.9054791579048092 0.30304690324978556
0.30298651160167633 0.14755316388429773
0.7719893761222134 0.10371642155176763
0.9991113372889318 0.23450213057053393
0.3664189531843618 0.9800988063648759
0.318967468486675 0.2479132378236797
0.16861751261722135 0.5962599236350155
0.6400922948055776 0.02910475308386573
0.8948532086587528 0.6783929197468057
0.82317225172751 0.4222107550080356
0.8038267034312785 0.25147420321136593
0.09434909955201154 0.651765760024011
0.08355528028408621 0.9121535762734299
0.2464282603754675 0.010643406802094635
0.4624282375008708 0.6932537131612209
0.8158297449427816 0.1631075575650196
0.5936923740882665 0.2028496733726377
0.26071601174203485 0.6085461336010114
0.01530877083546911 0.3823975735794234
0.5539717852923685 0.7229329498673591
0.5600806575866741 0.5176913462082173
0.7312520545191552 0.6337800156301985
0.7187912407945489 0.8241860633230553
0.09460574300187297 0.5446514471217188
0.30058365960975886 0.1542481543191201
0.1910453910514518 0.08423239175318242
0.5929165855669927 0.7399069138450969
0.9760401089036488 0.5461779054402383
0.5798894370585082 0.02335174283772612
0.9846932688926022 0.008915122911997031
0.4240581116898805 0.7585612234306904
0.6989598353562836 0.6802460575261531
0.6853718881773052 0.3428628699605403
0.5123911479071761 0.06871301945842911
0.03594998560892204 0.3243801575296952
0.5306801198143356 0.24935324065438058
0.9943339467834398 0.8546451036029967
0.6980575058867005 0.11351115423099767
0.3624026187705678 0.1823936581094383
0.33534563013574403 0.3208657977034086
0.4521430195796623 0.19730994078345687
0.44873622669717506 0.07381477026582073
0.0068067625074965665 0.2392332473285037
0.7163724650840324 0.16365745931361175
0.9542938499385343 0.3626384821427575
0.7512844952677913 0.5153185319379223
0.047156881311939625 0.439944079646744
0.8851257270796451 0.2416754378269046
0.12785845119813577 0.17090846777632906
0.4857539296519606 0.9344088118867553
0.18490596716043917 0.9103068860023873
0.11529397629232463 0.645853390647235
0.6477349728785025 0.3510931142332885
0.6461838725961699 0.4445834316655619
0.013669838582530014 0.7756428376769615
0.8340643343520204 0.5456715221885158
0.6712671358050442 0.000867571002641121
0.6587966199105062 0.22579425545109588
0.8445719673368997 0.3730246688900809
0.8845123930710961 0.42128329677966003
0.5970524364202208 0.7099271556966125
0.3858367423438436 0.8545923941340603
0.6045250058159244 0.29335582711487973
0.7798797755606734 0.830168047968443
0.35572410044071034 0.4434028809178887
0.31727136911873566 0.4097653094460374
0.33966834564788595 0.05961321829944888
0.039579848170276266 0.14009401502993346
0.7009746573325983 0.6287451448654826
0.9608165186527429 0.4583194510427062
0.8000562871408226 0.7895814693052867
0.9051752281687331 0.23471843174297224
0.5903638895306311 0.8780711120212346
0.5788033437484144 0.7646378564850003
0.08912132414169505 0.20827262435006788
0.8554725125518792 0.8743330465243917
0.9732760413336983 0.9444483746522054
0.06194713749327074 0.534094103970939
0.7793977193199129 0.05211042515265962
0.17749055216727072 0.5578814676989043
0.4173766065464335 0.97767070196016
0.2877535170550567 0.9165004351250718
0.5195760140430659 0.6510489640605894
0.8378500652626009 0.5801068051323099
0.6011470109263259 0.04063399555793512
0.1917032336318023 0.21752856505483997
0.259313145315621 0.8165287892812523
0.13257122298121704 0.6745159168988508
0.49111902719065026 0.002008746110210069
0.7407736794417181 0.6768237110437234
0.5775249137675231 0.7150320895768258
0.4092055250981832 0.4242818617842321
0.23577796881573065 0.9932065402454371
0.1226689509137211 0.7280108354596844
0.05113257605227539 0.23996332611672577
0.3979309229174848 0.4686027783314326
0.9139799903692127 0.4513916421949995
0.9803000724541515 0.1005441043704538
0.9442985330193248 0.11338278152705761
0.031367623455479166 0.3645075339566757
0.3136284424747935 0.6783286697385655
0.9392132235892714 0.29675823610024676
0.7964485201416738 0.07415013229032485
0.07613432939097886 0.8692344795384408
0.056822053617621604 0.26381877227054473
0.7399709517569195 0.6398070991593523
0.562520219803134 0.5841279771376284
0.4701801556980991 0.9200575685876977
0.6272190082827893 0.9416334521688792
0.8677778306944 0.8171234000403911
0.4447265799801503 0.17241427914347618
0.1848318771348112 0.6415218356777523
0.5848257850877172 0.38208249722694654
0.3653815487160543 0.30043467035070726
0.5058561266143635 0.12180614683412427
0.13672069800972975 0.5478540301424626
0.36923561770619284 0.17517302578076688
0.7084331964308899 0.41538662743973087
0.7271630529247284 0.7614592195757532
0.17507008368213106 0.6831931420591828
0.5584286857077512 0.8021725421023578
0.8725372162666216 0.0733847496380875
0.724095308621937 0.28760250594567216
0.014095575261994675 0.4000832865703867
0.801185300051829 0.8472058611145803
0.9763338098115628 0.7410086667860705
0.9786041453751577 0.6142691167111465
0.49315075672544517 0.5924072043990998
0.794075931809735 0.017670388576172424
0.24972273753870766 0.2393952726921642
0.2643839940929609 0.1115375665847631
0.6146868551460902 0.16893017762085671
0.279402268070573 0.5614492830109452
0.39506917041130385 0.11354736815976918
0.7382494936259938 0.8710391912716056
0.8443579015697837 0.9319322131787886
0.10012928733095627 0.7471422002242998
0.4604585214893868 0.5564926251823064
0.4271002975849487 0.406736372725788
0.33321183547242716 0.9447590498759668
0.5023190599465437 0.34729435106428186
0.7808514707585048 0.7400090718649226
0.09964094821302694 0.29452802722061544
0.0075338743390440666 0.9417686702647716
0.549910280407889 0.5354541281961118
0.5523016445237079 0.9718701224213944
0.50679027362063 0.864517839315766
0.06642665680718474 0.3058357814100361
0.7441984144669787 0.8328541159838969
0.7344217801893764 0.6012022334639793
0.14811898593787864 0.16162111595081163
0.3338877861056746 0.10387984742258594
0.18645927917365768 0.32223068612320493
0.4843091375159132 0.09556486944666287
0.265451054707468 0.6046519792526275
0.8122009845725116 0.5141503945003509
0.8491899469617914 0.38611177173667466
0.26792189829399526 0.8915953699297754
0.480842831596479 0.3578758178994934
0.8008008606226353 0.38557425228627995
0.902214056162995 0.9947762284686661
0.8833879340663275 0.3063272072035328
0.48743931126910023 0.2819433240263314
0.4910351202255465 0.0656296735563302
0.49843598123015775 0.8407960144427813
0.5882490305001644 0.5509706720941114
0.6144913816321425 0.4338003832162378
0.1818418542832272 0.9689944401310941
0.4933691038408319 0.3721107652743414
0.5873971192517402 0.33227792389419775
0.5683352477985621 0.411802757578555
