10 7 100 2
294 449 478 432 508 455 387 262 324 493
419 488 455 554 358 475 508 390 352 495
549 461 632 587 538 541 601 558 455 320
698 877 860 994 1037 769 766 481 543 516
806 1196 1434 1381 1178 980 888 699 587 503
1011 1361 1587 1755 1818 1400 1180 689 679 391
1374 1851 2065 2331 2064 1589 1308 1013 517 380
1483 1866 2345 2256 2195 1707 1245 883 709 636
1280 1756 1956 2343 2190 1795 1194 880 710 401
1216 1555 1617 1894 1759 1509 1126 824 694 602
6 7
0 5
3 8
4 5
1 0
1 7
2 4
0.6675481685053817 0.4698748855632187 0.9866053145727949 0.3455299904046516 0.4862639028698591
0.5813523493720711 0.7387155777671722 0.4653358770604222 0.7108399580952449 0.16906429713445972
0.6912482856284905 0.5521215057565716 0.43143274624913786 0.6687954820257744 0.2745669299192638
0.39389220649148204 0.9108291968377757 0.46023408682800293 0.3994307772146327 0.36035449521520624
0.9778015585609352 0.4005371645032265 0.6133134901806682 0.3156712048739864 0.20264979931313853
0.441130457202029 0.5333731073446963 0.5999001296556716 0.6222891612056016 0.25922586820824345
0.7620797329044615 0.8106130809535081
0.7587282272162643 0.3292431764977233
0.8008824585238399 0.8903781325940701
0.7295160958904752 0.014065495987478638
0.7169736562000892 0.21288929267992374
0.026425235368878086 0.8194762072965445
0.9390256053941466 0.8901069988415415
0.6642298687322317 0.278039251413968
0.9492924258982192 0.637079053898342
0.6576665913643784 0.3996180861567422
0.7233653433430771 0.5942081594192505
0.2540263498798312 0.07473982146360192
0.5033496539783533 0.6097955120549083
0.8167556314137658 0.26258556564824476
0.6577766322848688 0.9220643190495841
0.7173889783559038 0.8368176489264001
0.44336207151646945 0.00035932187648368696
0.28825015922913844 0.9642811472767636
0.7595215583371842 0.4467408139212983
0.6576836124214784 0.6256697021587856
0.9623215012355217 0.6670059540242204
0.8623125260726778 0.9947750985673827
0.8806977965343243 0.02793472607592662
0.05644698703525375 0.6165558990568838
0.08230270096448189 0.7879204425003627
0.022698215386144138 0.34009403492074197
0.162239688049862 0.2957571309149727
0.5184608783620734 0.543139261870424
0.20461852543155912 0.22093998853982977
0.9990608033173702 0.8737405726592269
0.3823661871118902 0.26452612961711686
0.19163571423234216 0.5946987062637332
0.6007680922604484 0.5160922624808977
0.8810205161832538 0.33764536714075644
0.050750626483828 0.26591197267322264
0.6064287241862982 0.839995665500352
0.22025263494983705 0.9844603015440385
0.6457039118877634 0.719575735271355
0.9693345307027159 0.2847726611659549
0.07830595733126278 0.27519978788196786
0.9840348255233045 0.8452768396420789
0.6974129940721612 0.9256207052133423
0.10024404065332093 0.7903201662472839
0.30350046286237276 0.2754818263019936
0.2695734969728687 0.41374300696417166
0.06577479704258327 0.04383697843141365
0.323042332578493 0.497210967636738
0.7938327512115713 0.40497268827461963
0.6697707207631449 0.2925633787320845
0.5829019288649862 0.9180331719661452
0.8581868427462338 0.10462834767221851
0.18654231538199872 0.2471356555022124
0.6535842440126214 0.9975381471555571
0.5981856277184201 0.5488793583058256
0.43059162881159563 0.8382304474007689
0.5361436763355154 0.5461068884512361
0.4840714784722435 0.573397657310367
0.24492649844655912 0.791710028652937
0.15831958920751532 0.558393389555524
0.699226602835606 0.24475769700418004
0.08047629032323855 0.8827208038770218
0.6165799609674154 0.6937922990630829
0.9779969591442703 0.6451407543631911
0.22147054652278753 0.28991666226191026
0.9826674416368566 0.5647278619964067
0.3461928947610542 0.28826047419189726
0.008604482643957079 0.9521946592839003
0.10801506342409506 0.4805190348057222
0.6252816681169104 0.2812654993927939
0.6647663301959728 0.9306589412082049
0.4216849235639526 0.3077117629650734
0.9535821186392328 0.5264981797240023
0.6791002340162551 0.7156515925229492
0.05232016611429069 0.7336939739088633
0.12643215578963507 0.3673620145191967
0.999783352294144 0.47354386936586246
0.22447890702735784 0.13456648222907752
0.7955892886029103 0.5218482376786431
0.8902646475402844 0.043363084809977304
0.6614026636724175 0.7426531032044015
0.9426935005580723 0.9594719166254739
0.37573313750916393 0.8383104608892802
0.9690522504542303 0.15605430197571435
0.46844715878061827 0.7890819754947112
0.37482026986194117 0.4965504265778251
0.04005184478935209 0.9751563969423289
0.188852169292953 0.5057320575801083
0.8874455681220228 0.7753614608424697
0.8394352804428544 0.26325335006832806
0.6601549046317698 0.311495381064842
0.9352601898210655 0.3861980843785755
0.7181633947646124 0.7201331021388826
0.6036357400243215 0.4289999545068717
0.6313505938731598 0.1981463628453226
0.3632743963053515 0.5697141788787761
0.35666831334250726 0.4510905254410247
0.9048475101304709 0.7068981403530916
0.04860076975106331 0.985803020127294
0.8116388754200854 0.2711022424946232
0.5761847221441692 0.8222415277817765
0.0073895595566628725 0.6989958856494707
0.9301203317273556 0.5372333574297274
0.4585430534233039 0.22534299051367368
0.5833322679688258 0.7549823090812762
0.4402817101123009 0.8383766938439297
0.055476376878134115 0.7897634879710471
0.48716015668163526 0.6224944499538618
0.1580708043820087 0.8565365932490887
0.7819228154346829 0.9480196301413955
0.8321854746603192 0.9151535764512533
0.779614192264626 0.8870670721310996
0.16622197262452487 0.8781045874378728
0.29093381798418116 0.8887525312468532
0.20839841443592033 0.6788901246821542
0.8044616610443327 0.06474691735334259
0.08995019919532599 0.8035490812351158
0.811457871100701 0.7882374466274524
0.5735994707891252 0.0033849359311504124
0.2370144664316547 0.8677893772025984
0.9990137348229948 0.17201352011549353
0.9691042811280983 0.2825408618141527
0.10143772593742595 0.06185226651882747
0.067442739398623 0.2149697224029523
0.668527360875804 0.8807093566352218
0.8819820288910851 0.6458053228142984
0.06637931921233164 0.8977188170870571
0.3853733348698114 0.41572239993394344
0.8626338805488811 0.48070002253601607
0.7136806562798745 0.32082904007240676
0.09560804029771308 0.32764000411566907
0.4351884394556327 0.0010434936039105391
0.14810071792611423 0.6995687379218263
0.43361685318025645 0.6887360392785393
0.6665976959448494 0.3872348525428857
0.12158688089530467 0.8004495486240215
0.781467175736543 0.6216239368169918
0.3784177260569048 0.41230568280626967
0.5213815351209408 0.9101522021048254
0.7906465320991829 0.07250255186793453
0.6547647694382284 0.6169612196675192
0.16376252748881992 0.8867023325963486
0.8313408358954011 0.6442927249546799
0.6827201996125765 0.6949291865218801
0.9108107918290238 0.8338320987788899
0.49273436316405683 0.24337898675740943
0.04745094265933125 0.6318155117672635
0.5076015441691999 0.039048014050328206
0.6255158482061798 0.03006702670269723
0.9290531702324905 0.5292700961696168
0.33477571494363967 0.8659263561102262
0.04802696011010332 0.40398265048697946
0.6566969554869495 0.5295135876228927
0.6075116506476943 0.6567817101055984
0.5353138982235643 0.351988395687294
0.5895171515318127 0.016709207228095657
0.5008338118801865 0.14338747540050756
0.7464159384420779 0.8025029191533235
0.6096282335316228 0.35827797288366514
0.726760391183485 0.294454598466775
0.0944538765769809 0.6045933963500343
0.9061778599405246 0.9723113494163376
0.7956523630375048 0.9770139557017647
0.6227414151832185 0.2945012714457478
0.008572328181271738 0.8487580781925426
0.42795235356159633 0.6592335011051145
0.37025702504015934 0.1304999096834114
0.9192985933328011 0.5299528004439116
0.9413379486798574 0.4311748130884321
0.4308871107139447 0.9722947729029443
0.7013418552314226 0.62461739103271
0.9485875811189146 0.3884625575492171
0.6380941427625977 0.32844271356629196
0.33890066678548614 0.9283058791378935
0.9864813968612673 0.3865618809814777
0.4529970462946349 0.4187479814096762
0.3523335772424985 0.16096616217836734
0.38176745519764776 0.7978170582584678
0.03627930251761935 0.5346897733844345
0.7147328792744003 0.31575907615312326
0.9502011488957705 0.45342154213524877
0.5688497987295955 0.14843563178392882
0.43078187301991244 0.5092125294969188
0.49142572714702437 0.4833531191408915
0.8680940051245114 0.04481309555976942
0.6600452739358427 0.8447920227488994
0.32159234095784495 0.27892499179283137
0.7225340858039404 0.3695999273888282
0.06150324012504926 0.6735879856526588
0.1564073245126696 0.6983194657801466
0.29531675699660687 0.5056587532420223
0.4344559289870338 0.8623875901580866
0.21304302229422611 0.737207034841137
0.016527133626577095 0.8067417431302633
0.23593861925708115 0.1812797963392161
0.6790911153651942 0.11280456314322374
0.6743332278405143 0.15392853658752004
0.9459154710730484 0.25650636447409636
0.5451080668914501 0.7381906537216749
0.6266593949269788 0.9092042483717402
0.18189639701289373 0.9304512519258923
0.8492836901079521 0.40666465730412615
0.2134130208909959 0.3263909126467839
0.8957660405894647 0.7547604477450287
0.8026743725468681 0.5991662133099842
0.014510784019438727 0.610037889254573
0.742603419133165 0.7053794610600685
0.4432422180223228 0.6273890349426967
0.15055401437867655 0.13696812381125345
0.6600843972185932 0.2621614212742778
0.2777902262680285 0.436364563368296
0.7508929761584611 0.23316464837972828
0.5613613393147427 0.8944939109721592
0.18399910990874857 0.6830345190925122
0.33418950216819 0.1723298167658347
0.5785974063576114 0.2702252816051165
0.29201627924690343 0.7366273489898794
0.2315676890343974 0.26978907800456886
0.9619068065895677 0.13129979374512835
0.7767713103859035 0.13767524720410274
0.877932030470699 0.3017353670612615
0.12044596364766869 0.36855542284553633
0.5788653609129717 0.8539823286668466
0.40354377637780514 0.8286569989719843
0.6761574762792943 0.18627301444896482
0.624602211870509 0.39092875150044804
0.7264077597290164 0.12553768287076394
0.27992242788051347 0.8923406032562389
0.031079788078625548 0.554381217183241
0.8229767146169258 0.7046270555203047
0.3183768363806436 0.40614645887447276
0.4299252684213124 0.8508366646626295
0.795075406745211 0.46912460932390787
0.8582790526048767 0.9194619767031886
0.6042156832232188 0.8816347066768999
0.46849220034796546 0.8490778289648664
0.8192555744142951 0.03176447194961196
0.7998370996437212 0.21143663522061118
0.02484532730484057 0.010205254919705808
0.8506158020746939 0.5165138318767839
0.13997408883912765 0.9164053384743005
0.8717348809591385 0.8424961250293934
0.8587346466093304 0.8961604991134731
0.3112221028360713 0.05702505407423586
0.03189792260619284 0.7066991771843731
0.31361325881979685 0.07367504009767245
0.4112452596054499 0.08897817245088402
0.3242200817222689 0.5524262173447076
0.3414247011083189 0.5018166611818937
0.7483406125171352 0.6718732723716936
0.23761390608849897 0.8773551397004682
0.39127662218365367 0.8279049801499996
0.7695590375638319 0.9420291733040187
0.381168754445113 0.7516923090750294
0.21521306128125528 0.9050388403023555
0.35573523677306707 0.5699905218062431
0.9327737435841355 0.59820203985844
0.08547312997070788 0.030093322915934806
0.9429576530517321 0.8542559480973113
0.6022933246537712 0.7238771966938511
0.8608817983433426 0.1602120340770603
0.37335401148723246 0.9943930607524252
0.1357731301612175 0.5127392671606048
0.20261045692382385 0.02882767665950947
0.30363511703726886 0.2910778620399119
0.4020891629146379 0.4453695624860947
0.5838113931569142 0.763398256968312
0.7924461499544957 0.4625537760538425
0.23242250687071442 0.383546587123609
0.9212890542345187 0.4664091433185762
0.8105108959947411 0.5576969114756316
0.08493641437407717 0.1643746774062762
0.9248190274977646 0.6254860339343029
0.8690685167955103 0.6126971438551272
0.7259014574715026 0.10550640144799117
0.9584313167077914 0.975413032430078
0.23610485998792696 0.9716550763381353
0.6370768413929029 0.25320247676020324
0.6226780666584137 0.4891827427773916
0.5819901998575521 0.9117205425086137
0.3797278779681339 0.37847404533849827
0.524461476841984 0.27811170925857587
0.1371901566646685 0.5683113224217315
0.9735870566826856 0.430102404080523
0.331714067618343 0.7962911289840133
0.018555352726179697 0.48425329845997145
0.35547201903125614 0.1182159570974306
0.6564302197476006 0.4463756290132965
0.3110098010977773 0.9656228809838694
0.09760798121830971 0.026852285472295012
0.7942487404139733 0.6718133372805828
0.29638881489057045 0.6416411150942165
0.21459555521617735 0.5435906995396202
0.7743832072655374 0.3406183751622993
0.941984628189837 0.05465665388224705
0.49165468459412853 0.09677824056366702
0.663241324056302 0.05042069537785543
0.8283664308843552 0.5571242478687384
0.4213305888966792 0.43423392374708936
0.7939996892361343 0.4233740274113267
0.6656766075487592 0.602620772426609
0.5524927819285921 0.6633935891157312
0.49144568536188227 0.45214436317348006
0.3610495080982985 0.6390544505752083
0.7337248769656455 0.6323072443067312
0.3385772008344634 0.44362231180127054
0.4743580378208576 0.984164425223442
0.7257823912691215 0.6158229951526708
0.39999984448572334 0.3208153818561921
0.10021942868618083 0.655448410795558
0.3602820819436483 0.30225762668436396
0.29916451026028357 0.05596947620198134
0.8853161830886129 0.8532881565012937
0.6840623563567729 0.017643809795907073
0.9820992867200602 0.10512526373196973
0.17724396187222013 0.1550042331056969
0.44132775253157086 0.6193029779994383
0.17351020961411234 0.6445360113871663
0.7594331765703037 0.8244896769149146
0.36856070846815614 0.33131017741970403
0.6207370997762622 0.8678473472918811
0.7594021201122854 0.8546639143342742
0.0014872642696976968 0.6335280742718321
0.8719954519207269 0.7764404580530533
0.9798061174549155 0.4567417876369646
0.7037322040058407 0.07964513535160544
0.1712232631903039 0.07770507956949158
0.5106639647139786 0.6908695915717344
0.5818594702575532 0.671895701095639
0.4831309295348287 0.2111607798988424
0.7565301502703254 0.7456130851687981
0.22525084214819135 0.28638153097557617
0.5012071867905137 0.04268211480015105
0.14366920460131083 0.1308050188370573
0.7953687951611634 0.8680670111622142
0.38327576140272823 0.9480374394860183
0.48823836982779545 0.807731782418748
0.09363849469812413 0.9114410762001175
0.41355523537975847 0.9243011657081073
0.938991001128894 0.7068583920620184
0.6668385506090937 0.3792122232206172
0.5700170656929993 0.8274035394006034
0.03127924973530827 0.9502769909132125
0.19419243459337387 0.8743624771963965
0.6809827392612757 0.7290924949071853
0.36333148601282006 0.8320873360293279
0.07012743193201865 0.4022832461490238
0.2136520440326788 0.740062023723383
0.09105523554284778 0.8948966908036939
0.9331306214291133 0.2474431018575829
0.28283280432571134 0.14229977611255995
0.28548255802350053 0.05220659829952834
0.211168889392491 0.3410068197632128
0.9328273209660285 0.19807076248734812
0.2676349093541712 0.4872613245824793
0.9119281188624966 0.7156485244680437
0.6280854435206937 0.23687856069609126
0.019061691061508457 0.0034430780894119106
0.18906528215634233 0.9982346317898003
0.13782455957436124 0.319661675277362
0.74949242805125 0.5508851923077758
0.028163379685040235 0.37660624848856683
0.7472261978692851 0.9736646526243249
0.9439078030917776 0.38992724050532623
0.10383060434943014 0.7220290844919466
0.6703740372498215 0.26146939141791603
0.6257829380384223 0.6852356225205438
0.8600780903379308 0.4731655497590197
0.32637072416396773 0.2701431970358954
0.3352015876452261 0.4878305397292375
0.8011287230360027 0.5747000446034782
0.3605853538087773 0.17960543418103203
0.9437943161493147 0.8748682601160171
0.028808250139078728 0.47666646766722787
0.8395447823923607 0.7616246553521071
0.9836510489836459 0.5924882585005284
0.31964410406826893 0.034634980087143274
0.7652093442273147 0.9110612133895095
0.8749316051479126 0.9496396208044628
0.3316474333557513 0.5037178148161761
0.8894457261774018 0.5760099943421226
0.5402017417122791 0.0735935433908701
0.10921694160871187 0.9020592739335125
0.7068260407537912 0.273529713822674
0.2735913698419661 0.06905459804202696
0.5716514910725379 0.8339845881723265
0.4110324883909622 0.5067280465611605
0.6487346405464627 0.284153472429741
0.869042524018794 0.8212367547256638
0.25586543816842533 0.17925297154800135
0.43062151013576333 0.1784744769987614
0.28996021234195934 0.5295813556596445
0.7025439877690585 0.6519576726847027
0.6196460969682831 0.06979434583071531
0.32301130154979774 0.6983571889957256
0.6876861347069052 0.431018725075174
0.026672815026936414 0.8036050475496448
0.3172827086243808 0.11559704045531927
0.30581980649250173 0.64171099494522
0.9173931374233932 0.20624378248815556
0.15606795040908006 0.602024663374966
0.2937548781325301 0.05430856688967589
0.2770743293068274 0.6836371952073812
0.021893978132915937 0.44612854471056984
0.7800036910793804 0.795666460173291
0.02029396201080913 0.5426186315542898
0.37380700621870533 0.8677296663239811
0.3450068541378368 0.7329638730400465
0.3257571346501995 0.3101914605313125
0.996213762366374 0.8327628413256352
0.07448208152160096 0.4350030887783449
0.7852265288290521 0.28771870294651203
0.9881603069330309 0.7425254804860688
0.3020505117392689 0.8382958227607804
0.7058165003238703 0.42692819732026877
0.35153942279869255 0.2446088156070647
0.8168331847522632 0.582519174347605
0.556482339571841 0.7249389909840298
0.2773412834961273 0.3012342043893781
0.9221481997966836 0.8858234853479985
0.33750468463205596 0.7002301640760424
0.024001307008328032 0.13130876362651467
0.5967115428226617 0.6947885905574878
0.30296894316336753 0.7069825514332304
0.4628091467083413 0.5518917147869069
0.292092452881062 0.051706786875594934
0.9065994218515985 0.5798432050000577
0.46549452479535525 0.14438158874756812
0.6718235447522931 0.05554240527227239
0.06579375374277707 0.07592554826784137
0.4585302990087947 0.1359998223323735
0.6867175945246866 0.3782174597500556
0.21613770429313206 0.045908095636895574
0.12663853123413804 0.32150173513131697
0.5459923112941703 0.37582625830036376
0.6802558764515896 0.013994679137046662
0.6520110943584105 0.3899752181967464
0.4131196101871877 0.3235481641405027
0.9598102606930228 0.29345358472103267
0.7832593974509883 0.7064213317900483
0.8329967557378359 0.18801370557989117
0.2886377213429536 0.005625267015665125
0.6151411198671124 0.34248738698578496
0.9382419431070232 0.7110347992675605
0.1498537986719033 0.05211091858349559
0.11281825922622435 0.8513561368878027
0.9264343730183604 0.173314898258893
0.8577146101277078 0.5188561174725854
0.21150551007597818 0.28835385876243147
0.7695833423552165 0.979010940699331
0.7520232000883369 0.5125949634265521
0.7964368332269081 0.25411516263141043
0.919664791732502 0.21908464297586905
0.46527832738104635 0.9083218854216837
0.8643401882362669 0.8668124001109334
0.7955639255147151 0.783325073320202
0.26763986832399644 0.3956907932678706
0.627899659742194 0.4984569805791035
0.2832368971631407 0.4749793950369787
0.12772730003162658 0.5568608469636205
0.729589503843425 0.9548149574392852
0.612039758088128 0.5156114783795147
0.7989429038130149 0.22592553941209448
0.8837672887498769 0.7855197346210532
0.8174251654096347 0.6783061935263046
0.29351408639318977 0.4455260588452572
0.39450804457310307 0.561772099475427
0.3163503770199507 0.26949470604826664
0.6583798419107219 0.5636810880877698
0.8716001188675155 0.9349227772194533
0.10231443217227776 0.8519003045834155
0.4297000886513158 0.29650194632183724
0.4111958686543069 0.1262620201929865
0.6134636291195545 0.3042482579960286
0.44288121772561917 0.3391872598821679
0.6496486903976568 0.3366657342684203
0.607233999112337 0.5402791607086752
0.9853640396172807 0.24881098502357712
0.6685115041584733 0.5290215099787203
0.9901959400763558 0.6748617403737489
0.16357676284901035 0.8194436003786718
0.029949018807539973 0.22539658654166939
0.34800555228851304 0.0007576767439814169
0.2351314946183296 0.5394542851209991
0.018376923076444784 0.7240950192066797
0.6438435407539194 0.24696181275914975
0.5458464118901971 0.2815882854734002
0.8297544628397711 0.7471260742158221
0.24562585014277194 0.11568582798587723
0.7279434661551862 0.5340941272858266
0.10479058001053954 0.9893638310453305
0.2292646267888363 0.20341877990201307
0.03927318911361066 0.8154197031362329
0.6482919739769022 0.5265034458145372
0.9243045539069839 0.42095554916069267
0.8804796575954352 0.5696889242896717
0.27513958044518505 0.5953356872466755
0.6786153860094495 0.6687513104486731
0.019348019908838054 0.47716906277311844
0.5195524015087227 0.9377351923566104
0.15801714478016526 0.49822427821575954
0.27345293839754636 0.6110730696568905
0.6472840057842255 0.9324929831442141
0.8751471647452418 0.8784853242163071
0.3599309743239394 0.41765525420802163
0.1352994536487997 0.5726983333112894
0.22381457440013852 0.3106983930841003
0.356816742343544 0.38981890247912765
0.09780964128388936 0.2498293700100267
0.6675163831943742 0.4720742900118262
0.21304019231719007 0.36347640283871296
0.8066888271170187 0.10851247927281982
0.5535471634084494 0.08183612099237525
0.34549194023270857 0.19868948058753144
0.6286178512861773 0.9374432289140662
0.8862132321531093 0.8993366333447368
0.6542487899067011 0.852247501114638
0.3491963107665901 0.6937831361270848
0.8593342774806791 0.1862723007139362
0.8016804910809663 0.5877213456784076
0.9244779237068104 0.5910212516196904
0.884836844533855 0.9837734571984478
0.310628761544953 0.7857416928401404
0.4176194369520356 0.6827046216321062
0.9176623549717278 0.3912360917140396
0.47825657847345426 0.463381685552712
0.05600362231932099 0.2365945563593368
0.4607761765523666 0.030452899383822007
0.38715101577615685 0.047544483612552924
0.4487647461352686 0.793974414973224
0.6697814065987906 0.7952225536389268
0.4335972230840408 0.816480920637993
0.14286338735283244 0.2746477517693293
0.888307055876447 0.4742079303992921
0.8536567102052914 0.4846348058369967
0.7726589123490277 0.14531601291208585
0.23948455020408432 0.7351887528232801
0.3519045616765544 0.21866518141867353
0.9662115140936332 0.7658403463989463
0.9752692144486126 0.6215500737496926
0.9019867292048191 0.9884307920063415
0.9619201701852356 0.47926572452361516
0.35877494532538834 0.38084044415336904
0.1268284275529108 0.020690454591015817
0.29710943164280623 0.40166502865418496
0.7976386925533832 0.9509427002425848
0.7337106224823073 0.7967851941035338
0.2799318800332422 0.2850245021763369
0.979241245876247 0.885001474160547
0.5522675640513546 0.1051235484011015
0.14787303605889224 0.3333166010679709
0.30531649473457145 0.6269552474534192
0.8049070782574408 0.12766049592541528
0.6799180830267642 0.3483886275658876
0.9322169571997025 0.3809593817873258
0.40829752705004263 0.5204184714916915
0.7805611203203857 0.6580544795921917
0.21557173547878516 0.235737067849209
0.45031189558949336 0.13565506101507752
0.2629381233022883 0.46539158684504667
0.7599383409395415 0.5224849486912999
0.7592374683965533 0.026458667802133684
0.04969994064045258 0.5300080810768943
0.4235708434924996 0.9022370946238014
0.44945653803750707 0.6269089233217062
0.04549900635390558 0.7479186168658014
0.7361884812179751 0.6913440870145349
0.7460561118626112 0.09321706932136187
0.7889526620995173 0.017866358294092555
0.6430285019416151 0.07980689254652673
0.42410861577224934 0.5511986698688431
0.4580944053512872 0.3672327312883774
0.44319739160860405 0.1618170936763943
0.46252239728264266 0.7945021674887105
0.949211571968742 0.7294336729261977
0.7378188227131104 0.45929312938832845
0.3787474261578476 0.1519265112514081
0.11164339979673232 0.10702292955451731
0.3941037666033471 0.6448758631111384
0.031009943833836484 0.02115112555817733
0.6782620229803191 0.9279394160327445
0.3229426549524963 0.03943087721285399
0.23831486517497602 0.3346003837303393
0.9245303426216154 0.02811744569163621
0.2923381254693207 0.9163989783518514
0.06697687829601562 0.9203597687677907
0.7321310708793485 0.08732058830222189
0.7156699274166738 0.3800123218721978
0.53824563260924 0.23005668291663306
0.057468377272443805 0.9971231720256786
0.7555290329252407 0.7579521756415522
0.8454817649159898 0.6286502003427623
0.881113568801476 0.5263449944422733
0.7025328123579331 0.7106891754553943
0.5022091722860342 0.7769767757947836
0.6048689648264416 0.02872692642915542
0.08382648801419279 0.2295492593371613
0.3314407880611876 0.1572260376537018
0.15078932173229398 0.4722574031970004
0.6365596218248613 0.06385533481099115
0.5769421543318252 0.48942306714701944
