10 5 100 4
1533 1065 909 478 467 872 1355 693 641 848
998 1291 774 518 818 1594 1121 1002 529 620
1304 962 1402 1019 1140 525 852 487 544 1227
1293 1401 798 1648 570 1379 470 1595 841 1626
837 599 785 900 951 1061 470 1205 1071 1399
778 1475 592 499 462 771 1255 1153 1244 1167
1576 1100 797 1026 1470 726 1117 1127 657 941
1188 908 1202 656 914 980 569 1271 737 1135
579 1610 674 1348 858 588 1423 1576 701 1617
668 1385 656 1016 1376 970 1427 1355 1419 774
0 9
2 7
1 7
1 4
7 2
0.6663450383987726 0.7183873961085061 0.32482539744586936 0.879276209917887 0.16317715930931947
0.5482145819188745 0.9016452658066341 0.577701690115783 0.9775888142883429 0.20572011266451826
0.4899916392782445 0.4704464541600366 0.9832988723222982 0.7035554845606051 0.3327269594796037
0.3144677400280611 0.8928899384588567 0.8318216469802151 0.3919609815181033 0.22342083091019688
0.601865096960827 0.9120258498388267
0.566187319446021 0.23374249074110187
0.9069481306461791 0.16135899397908937
0.04852947114793271 0.9702511556748914
0.13524061939796939 0.5223953250009754
0.7398220442644579 0.11940311047824159
0.3247070348610086 0.7776378212443171
0.8854220590449091 0.8215137522443394
0.021908450732237572 0.15695420467702847
0.39563767536664374 0.8781363209632533
0.22262262017789802 0.45719133387971556
0.8116282303026459 0.9481339118002794
0.05510644444868684 0.09151699670006064
0.7948142800266804 0.3020083031338434
0.9762804996966588 0.17107393349123323
0.44287061344656786 0.23425674633765037
0.05155341952394221 0.3631968914951058
0.4885005019515616 0.8026704774912241
0.33521912392919107 0.7087098571582882
0.28639311891282926 0.9058951513076436
0.8271543330197115 0.7218282261274271
0.9751136329992931 0.3426612636994668
0.7905358218844116 0.6660344005631502
0.4243438174958081 0.8797508953596822
0.43737391326547304 0.8216966948127262
0.8748393712308196 0.7957476927525025
0.382097987030279 0.06796113734473574
0.08343899157756773 0.11109407138372474
0.8470815497499888 0.15360679976506075
0.3581354998202828 0.783477898764962
0.06643446458048707 0.852117684049585
0.6469973447212263 0.6638421605526712
0.963100428188576 0.06583612976301167
0.048067061311792836 0.05555968627280139
0.7814991096470563 0.6261111057582371
0.23177248224557645 0.5966785638731003
0.5765734565676379 0.951783242204453
0.027234162346968738 0.6742427154393611
0.4343729633904747 0.2885309602828594
0.8964999446334725 0.6306335828712206
0.761261904113733 0.18475240135836035
0.575459045763568 0.16824372753659533
0.3716808184031277 0.9016796526355624
0.852299914366349 0.8236396779990536
0.45628965099548746 0.1475616025490829
0.16254104241157075 0.6037500343058722
0.11461670812398528 0.799177108539564
0.6948912269023633 0.523014285771294
0.4952136586176006 0.17576965098211894
0.0952788357629839 0.9631763645561924
0.3882589406635202 0.6503690429140845
0.31588287707335905 0.41510199233421985
0.8311053901528778 0.44528281010517423
0.05560469988384864 0.963751332396587
0.42555887011233784 0.3898513892047779
0.3970486346697246 0.608411168783014
0.575669559034697 0.14032118309156405
0.9209794781769749 0.28107984858197543
0.20900720274747764 0.45480883952991746
0.4447472293804122 0.5027324554462047
0.8590462839071715 0.35501983600488884
0.9381016414008705 0.5144823461786221
0.7295828940677478 0.3668755139151898
0.2990083329496329 0.41678228364223413
0.4441088815650709 0.1668947992432781
0.9707883957940238 0.6919199752886787
0.7258470749709158 0.6074803620967335
0.519957393367037 0.3012692272263411
0.37260231643785 0.42049164315298215
0.3834474451575758 0.31228471804955316
0.7526154205120821 0.27041499025898785
0.12859716711649605 0.30785814480391416
0.379706616957999 0.0787517604280712
0.2746338321540924 0.4323649795188893
0.39052025354824704 0.2718916027578031
0.7266099357985791 0.67895772639135
0.16093782161481118 0.3858111210916213
0.8128296047751751 0.6864430140734883
0.0998838703081284 0.16394514371274438
0.12915186667929812 0.8276562853720006
0.8256701092020824 0.3423352756912781
0.7026349694321483 0.1942688392503078
0.4683299192553787 0.21771899711838816
0.03493172955454393 0.08204545178672462
0.7876080771326703 0.9451995356731271
0.0763840697282756 0.7137342667695545
0.09568442585579429 0.990893365521752
0.07946867066718921 0.9418002936604497
0.30281794423655284 0.007419894579110853
0.24390892814891862 0.5018358423741784
0.021689296799026536 0.9822422731766007
0.05527129624862748 0.8115415898583507
0.9841425389758793 0.8576555924469609
0.8777956655584038 0.19793060700561171
0.9376123488094774 0.6968522414955389
0.4824199093862993 0.9105726757945318
0.4868101213100866 0.13460212469471755
0.24057670835592027 0.45467200070350633
0.9770678334498188 0.6014353624139095
0.35031679290299333 0.15082956665518843
0.12724172922502164 0.22204113202096454
0.28915919816389724 0.8890881018447734
0.38782286059690096 0.9755405953285621
0.048950565827862835 0.3283826833174244
0.11571117117870044 0.42417485734693106
0.14186442813622047 0.6976220289517949
0.016605663500398382 0.5975914706021754
0.3206292847879837 0.08649334213183524
0.07963770097497735 0.5958814142658286
0.16449866275636138 0.6489145624839949
0.7283513537904664 0.6037092246069697
0.6491540612080375 0.8297868288310908
0.9006979525373424 0.7254621308758571
0.8599852179484719 0.26700411401392476
0.9425383684250097 0.4396140109081086
0.5595039855285777 0.04601613763787871
0.7169966127847354 0.623871531921854
0.06373999864928348 0.8265672065427572
0.2379055579638647 0.6883427287528825
0.09111163699545055 0.7423743454073808
0.9811845071410346 0.26720779990128696
0.28045406202776846 0.7343179420439274
0.3198029974632526 0.7683993561765436
0.4647613288449277 0.00622007188328233
0.43177373165926336 0.35242560828334946
0.5423757304508097 0.002032655159670771
0.44567139102170517 0.09815134641855638
0.023365331662065447 0.5146898554684218
0.6236462357698178 0.06658986082395324
0.020178058229751272 0.1276882898446443
0.1774101466240947 0.7559937875963352
0.39921857495070046 0.027746766916604493
0.7412356824602726 0.7677566916058673
0.8403387135892437 0.41954946340285515
0.9306641963381523 0.8424097261063623
0.974223196368849 0.687481776334141
0.5205366117886245 0.959727674016748
0.9008378700385866 0.8751394887287987
0.04023780160502821 0.9129140797513571
0.7249434586309771 0.6825383879593876
0.09305964816639367 0.8653692838552611
0.9478193531845815 0.9398527393496672
0.4042940352625992 0.4701755992091998
0.2119942880927983 0.5670713136641929
0.48002958656010564 0.5846657077655919
0.8664129854731188 0.007934968557968602
0.8904089006771232 0.7079830876533721
0.0261473930590006 0.48068418134509727
0.44853913287153824 0.856024299744401
0.8434929767168962 0.5059428680461027
0.09850368890413241 0.9666428890534431
0.693782284802275 0.8619990684521408
0.22016348295561738 0.45793935076013437
0.7433651152429783 0.9152823666020375
0.17887300619533075 0.779835583263339
0.8475384783579796 0.5049708234073518
0.2277150727904491 0.5864120942581403
0.22423649455812567 0.49312889223263845
0.8337735511011621 0.2844857757889765
0.6101686123767134 0.02029494923555708
0.6030258971915352 0.7640413972891145
0.41355955246475284 0.7430913526727563
0.7690580745248998 0.18472561200762994
0.191287982290965 0.36018609565721715
0.7964256968688779 0.19168429181297264
0.49843767485269064 0.5216347634393728
0.9966090826359821 0.7495596796498274
0.9412114291556322 0.37807825330884137
0.4990791721933683 0.12563115649259715
0.6320515139983842 0.5539244999839916
0.3996629655635713 0.9735727897879118
0.012874215493037688 0.9197251797124852
0.627758687327018 0.3913989605387045
0.5849406154237904 0.22506294741532162
0.9729299571453884 0.06361330986257796
0.984247432915972 0.7490559318131522
0.4261862899415858 0.5997609756460842
0.7716621437585656 0.8852481583216498
0.9609441628056485 0.8646087231237989
0.04904367011373001 0.36964174479018364
0.14791108395756325 0.093438668992611
0.15569289574015022 0.3924327797025904
0.20432345753968484 0.034617871432579994
0.797231128165129 0.682558426656301
0.7623949389819342 0.8981508317807188
0.03451332863762557 0.528814492902115
0.6087812085202213 0.03375137374422654
0.6242708597094784 0.8798812210521438
0.18354067770497418 0.7317647625626207
0.07744956734567277 0.706214025297242
0.3094541154205146 0.7390855077360274
0.7710947673719921 0.9160412024560045
0.9375296664125061 0.7119040351046648
0.43895953751763916 0.29894951166414385
0.6327822879704545 0.19967915122066948
0.9530734604317748 0.599659591021086
0.6813372024915874 0.3788419860356316
0.01320674098325525 0.5516623176878863
0.22216531624042135 0.728196317308075
0.5419292320324869 0.7501131499444389
0.8219226438538347 0.6920904740679956
0.42929854482345675 0.423401893922839
0.03896575546752845 0.00300197352388909
0.9703341913314685 0.7851383547853259
0.008726913745140452 0.39261789857866614
0.5402628184060452 0.8710861462557324
0.51458386374586 0.5444732905542722
0.012563291332105875 0.9910278932850638
0.8028081373773728 0.15138042146678132
0.34850492384481657 0.021573878013356973
0.8698619736256434 0.1904388180712311
0.5689266285293852 0.13706433859102285
0.9155739783469974 0.4846605231886143
0.7905285648136535 0.9688015737060458
0.2504459537686947 0.10657123269106195
0.7486473548819295 0.4505017440000567
0.1632181117769671 0.5572326419195435
0.9949044085218623 0.8153785561106839
0.893147239701412 0.3056612960355265
0.45355895747822195 0.16970751459695244
0.7477135154432268 0.869044563786453
0.9119860957339605 0.8044046328942891
0.6609438761911184 0.6696251280717003
0.6513949607812506 0.6433366405674719
0.668316791294852 0.7861080631421415
0.36375382007403734 0.45385994497534154
0.8440203724750137 0.02634265020637394
0.6926607617076559 0.9563230278204033
0.7034689782035255 0.8673157910408242
0.026704325426552655 0.3765530296056032
0.9851677117069133 0.00022733920244899508
0.28840957941314627 0.9609390032215381
0.6009962900068169 0.7755180857514614
0.50467790460313 0.18337895939845428
0.7607592909547838 0.731872594600802
0.08255924014392013 0.6822552906726025
0.5922895753021062 0.004298047086234824
0.8399689790643128 0.9476149051810363
0.6112368097191754 0.5310898191276534
0.5507914919045271 0.9964227774783552
0.4289104026559303 0.40870263167270404
0.23774682702450756 0.2512482413099977
0.45943261213745523 0.953822711206165
0.033575097152365174 0.6250613214006255
0.3474404737658061 0.1621225455361046
0.07104229019291242 0.915466063425346
0.7776108753062889 0.4780655845746342
0.09016967158369127 0.7768764133621557
0.9992975042726895 0.46552638328227625
0.2315466373263282 0.1729745667900866
0.07440778002540394 0.4438401767925235
0.8958387849714031 0.90127613601965
0.27053032116064646 0.3411182134395716
0.07226239419834335 0.9548847399256961
0.36476383088539066 0.7681982459256893
0.7557246106863116 0.4609752506046072
0.623768848947027 0.5014410140559751
0.9769548617095616 0.19771655474061522
0.3811051826967773 0.7702526153111868
0.8330327249745701 0.9685511883927294
0.06332157341405154 0.42385522797321307
0.1305050432581203 0.028316031170904088
0.9969473472047632 0.21645941681302316
0.2832899011955119 0.6940864978276631
0.8114352510921601 0.20594102138360793
0.6421842669497573 0.09612256350893778
0.010768973905735946 0.3049279431748586
0.17297661212339 0.4151640045581553
0.6047853097407405 0.551243387484031
0.38395534572627943 0.5748769912835872
0.12999186278076413 0.8236781258627195
0.5263255761884622 0.5412311574422
0.9747056788792814 0.05477184328585771
0.6970460603919151 0.2070269410949388
0.9658153868177048 0.8477048627144832
0.18640855754015706 0.36487844971385885
0.7776162476725235 0.008701058575973697
0.40060027631058914 0.06425573627597747
0.776087743691972 0.7778947085251333
0.5170196306603914 0.8471191045056747
0.5790928209478037 0.5512211843674892
0.6288632601160855 0.5534583947647549
0.7395403336979445 0.03452630693236913
0.9641931707430247 0.7096160626055386
0.09073809204781624 0.9565480629020615
0.7317131107155888 0.10345331719065798
0.5674478794255877 0.7905002112602209
0.04972544881886298 0.013570550574311335
0.5151926051852773 0.5645686753922297
0.5938250376266143 0.031147004827098757
0.8473031372084396 0.6389442509206804
0.984796666849342 0.5958599066541888
0.47746821121950456 0.2440383845223868
0.40598808430836475 0.17188398768650437
0.35396161408986715 0.8567805545920457
0.029940281288584725 0.5437719694430592
0.7461137152769346 0.8388583717046261
0.7156818163146179 0.539536617072299
0.20982156366867066 0.3248743340236826
0.08494408814112409 0.5404375660197418
0.5872522296913338 0.6543713290328055
0.42160786930581673 0.811842834653739
0.14949142670136206 0.5554373012018043
0.07376896808284505 0.598046735127042
0.26442634566355006 0.28903195195583686
0.9613285567862349 0.06392734826568991
0.08391751784001111 0.7414254018992295
0.22637934064384546 0.9837993264778859
0.4698142151897011 0.1613846927505469
0.18588110148192105 0.5868887729017493
0.782106271289501 0.10593213843448623
0.22280475918574894 0.15063899726745134
0.7960957977521206 0.22065865117322603
0.002661410337916559 0.9241312754736568
0.7764341467193612 0.2420827136269983
0.2881987457256072 0.9628458906671042
0.044788029446774846 0.9290732604552268
0.7540435985503795 0.32647244687063837
0.3221255869982924 0.7061363438187085
0.6895691229517837 0.9803428477695411
0.16045898693880245 0.2670851485927843
0.3597906398965438 0.14280835127729063
0.044756474915871314 0.29113828356571014
0.41206324153239504 0.8264569721781667
0.8235657999820827 0.5632220723277468
0.6023131240241388 0.9616753546923682
0.8623674355865107 0.36726393973092897
0.32463217566134484 0.42668774595812997
0.43745738882917706 0.188926378251854
0.19429999435387768 0.29883721192684787
0.8763442468934521 0.1739594879877091
0.5789986077914382 0.8641862527403199
0.16135915837973513 0.9156473980912219
0.5236273033389567 0.9242482454966663
0.40247279036474626 0.23869310671906274
0.9086076381940313 0.878769310918271
0.42074165798834073 0.3341687940054432
0.9529432745967634 0.8608849773968881
0.23757007631736826 0.03634067158322063
0.34321893484041377 0.1939769031620837
0.4954310906715993 0.4764855535166148
0.30561659665880914 0.25330469868824945
0.9689520148985415 0.29346348288461543
0.40749186073019783 0.37107295258108386
0.37684534614514953 0.22664199037165922
0.09685875171932068 0.7814055409628446
0.06405208328002954 0.3681267945373039
0.794438437178568 0.7829818385563407
0.19164198454119652 0.14973003136937502
0.3167017639761871 0.8550925005400876
0.6443422760546758 0.4117526871541337
0.4591531151632131 0.05844707029883134
0.4253389316739815 0.7956655774103669
0.36462756973571997 0.1839108713803992
0.44246736191615854 0.5037333347098865
0.009093913444515822 0.04122156934647814
0.8129120224995736 0.43709886893049665
0.5833226027830791 0.4812598891441733
0.15267745423241208 0.9267371811023533
0.019989850136299836 0.9706720160018638
0.19125816960765163 0.052062817344835643
0.5885411105124403 0.12247065068977459
0.07836433350081862 0.27233952868709377
0.9106672932064723 0.2814513771611997
0.49104206726581356 0.8933669285962549
0.23229979993263528 0.7810013110160796
0.12383963536984166 0.992557075998437
0.034103543028001226 0.1451375261750889
0.27245359077146736 0.5410328122731525
0.7269743513078426 0.6923784638571708
0.9921765942450633 0.7187340148279988
0.1956804264288221 0.8696622799122224
0.6079385941428239 0.7625902305320862
0.41524494610093043 0.6018070386305803
0.9706645296483192 0.5812186549653502
0.18079019835814103 0.9923671846277264
0.8454230678971031 0.12133561273146709
0.8622952658674992 0.740873417930455
0.07546593759549025 0.507109247865652
0.41638824022172227 0.25418934260002346
0.5701880683684069 0.5522981614485314
0.6114974872076249 0.15454036929343373
0.32062515149050763 0.8879934294192151
0.42730330693161456 0.9844799185748248
0.195804191559378 0.34665750038011933
0.053197914947112235 0.3764545065914089
0.11316263951660988 0.4506258871442741
0.44814533425777836 0.7076118045487936
0.7788900230720681 0.8263091395479483
0.6961452258630498 0.14693402982455517
0.9396897449148329 0.8597520810308725
0.5583701957986587 0.6753937415627573
0.38804464815877426 0.028996388893800074
0.48316840297581276 0.6716312453134803
0.7098294840623107 0.3768779964363336
0.8935656037982798 0.3630232649231475
0.8957079718443841 0.8830315993385094
0.20661693999200104 0.5614120136289105
0.6705849641290433 0.2656007116075525
0.20218902228689184 0.32494772677307937
