10 2 100 1
1434 1418 727 824 1353 1219 1135 701 802 590
740 670 969 970 696 807 668 994 811 1107
1169 1261 1033 1132 1348 1174 1156 716 1333 842
1060 1197 1406 727 1275 1082 606 831 1296 595
594 663 727 1184 1390 715 857 1134 986 872
714 920 611 922 953 855 1386 1416 1070 852
1365 1046 1247 1265 1333 684 645 606 960 1279
820 641 863 1092 1011 1229 954 1307 982 1407
1429 830 1116 1282 983 1155 579 967 579 1277
863 1144 759 1336 794 900 877 1136 1401 1162
4 0
1 7
0.7374015258401985 0.37142736812913063 0.668586624691675 0.6880199181635385 0.2539721956087386
0.1900583680751844 0.0303536986899704
0.7221402335360989 0.11745968618690039
0.9086721383432417 0.8546464145635593
0.018778440232385174 0.0010126016504530266
0.1537959738713579 0.2536139190294755
0.4861320522152437 0.35149797584478404
0.12815550875351045 0.30520906605106646
0.7489900155652667 0.883240989876841
0.6594600187990043 0.9026681347278622
0.3458534190448339 0.1570318431924742
0.9260157505852369 0.09427193892018981
0.07152476085254644 0.7379115152929665
0.28525445021499585 0.7020661256748826
0.22144040850699032 0.6441191377518962
0.48873926018191804 0.9551000562793348
0.8694645572691646 0.06023815442054303
0.9614335767383437 0.4542758277351402
0.9714152258654347 0.7763246526846295
0.8824493370423405 0.8797487386385119
0.8867626173963679 0.7932877225156181
0.16166163106738018 0.9683119167836742
0.6080691210929936 0.5682158611326238
0.6600126983378936 0.2969802910058552
0.7942332503736187 0.01126856075460414
0.9625376333948028 0.22932587625445477
0.8892480795751676 0.24372788625542752
0.7592315428042502 0.570023130385912
0.2126893063328894 0.3477172898176948
0.1032606785220449 0.571503640989258
0.18687779588334053 0.31216836477551757
0.37357243991272315 0.26366441408001995
0.20353654139625355 0.18641498058744532
0.7650617341688339 0.20399244709630704
0.18763321355118312 0.7845200262076915
0.8848274658410551 0.12569811421230392
0.6243181148895944 0.9921060314962189
0.8552417427613419 0.41705971057998825
0.35445915600568956 0.8345881799859005
0.03483648297832587 0.899975877530377
0.5801172895601951 0.887438869576304
0.7769880491033776 0.9762512897460978
0.1044803382952264 0.019917362090969615
0.34214419153620157 0.36149845316563334
0.607823616067837 0.6906928181416647
0.9346340259681534 0.8476196054477607
0.44309665481951255 0.3433330203236131
0.47738125794638653 0.34090324385271353
0.645029384446119 0.34205929202914964
0.5130299222390065 0.006223494924141315
0.35206299698669863 0.6140889810957662
0.3765915899644745 0.195249794051765
0.47260463037546563 0.37638835541881877
0.6285761749243908 0.516758730138277
0.7052709100322296 0.04259147020969589
0.10517079467385892 0.34261852670722814
0.771110646194618 0.7889107705256684
0.7836748112355421 0.2030007101202822
0.9504377895203098 0.8828201231583115
0.1853280906343142 0.7735530118848726
0.9239052960754508 0.28701015752482584
0.5210351360368752 0.5953167790477008
0.1828812610777859 0.3480408657215388
0.2916913308721687 0.5826693774066911
0.7889162661612676 0.8796432008713082
0.14181065261450998 0.2751815289623467
0.8348166528963035 0.29446528925928717
0.8238129082057783 0.11548929912315131
0.22874646247084107 0.705116477259407
0.023618191221103757 0.17475367553426757
0.8074989061857807 0.22972477030921912
0.3161183250290145 0.05406873386850464
0.706184098131099 0.21536266692920414
0.13349398988749894 0.0641483178116875
0.7171432590471205 0.43125150068423457
0.4098192732645578 0.9611175709011892
0.4348490022241387 0.0631949164132668
0.25363887706633736 0.4453536266950884
0.29480810114894296 0.981725547679916
0.978584353081011 0.10877984615528624
0.30042436578567155 0.2779422932668645
0.11339941852831448 0.032001281077939314
0.8721805409367642 0.34888782734817436
0.4132109411795324 0.6945649586405171
0.6207649403232103 0.06055354897015519
0.4654612465530106 0.4637504011071738
0.18959264196310244 0.3926694904300476
0.3806967973472206 0.30845774853546604
0.37654210471026395 0.8230342413074383
0.7242792819712025 0.9817863989894919
0.9248559310355442 0.5499495699890984
0.5461548056793475 0.18583402728192722
0.5909558755895594 0.7577864793161255
0.1397233923025798 0.8334277138700468
0.41128067258221135 0.7217706501920647
0.3319350015484763 0.786198977260151
0.32404993963734485 0.8897081735282146
0.05045490690151144 0.658284356834749
0.8291829257489811 0.8984679224718481
0.4491093313325045 0.6259871653534781
0.4751053094647437 0.6011613181636131
