10 7 100 2
517 1334 907 1460 1003 1340 522 1119 1000 1049
1158 654 1246 1267 563 1415 980 1312 1196 1252
552 1144 738 829 1373 1000 906 706 530 711
556 1200 829 1164 1364 1152 663 1400 810 1030
1171 1355 658 1407 1112 984 1066 1051 525 558
1313 1436 884 1467 1225 1341 672 712 597 964
1400 533 632 1164 1072 510 687 918 1401 799
1301 1463 651 1286 1071 1426 1358 604 611 1051
1365 560 1077 900 982 645 854 1292 1277 1372
978 766 981 1308 656 578 1300 1279 878 565
3 5
4 4
2 3
4 8
6 7
1 5
5 0
0.6467242826488141 0.8184129517814451 0.8160394437814875 0.8617872625325369 0.20602407816862955
0.46633767162870093 0.5459757096247848 0.7814869411619385 0.3349514074669529 0.1203968107083072
0.333305893345334 0.6017732109255972 0.5274011741170187 0.895042220462182 0.2697567444289387
0.3908990215481098 0.6452008823026685 0.9368465428061292 0.848730239459814 0.15030006403760146
0.9255806710991303 0.34932248995142784 0.8799737067717226 0.4309011173877718 0.4525495084371338
0.5076346011124527 0.6383835268962307 0.6964784967889626 0.364771894330889 0.23867442844773512
0.07785296519954144 0.9086937243903079
0.16421316754865978 0.03489520252885581
0.2237719754177463 0.05439574942811509
0.3047326318563206 0.7558305417583377
0.94113649489957 0.06381562293997178
0.3428098061582403 0.5128244592267395
0.02072836130718758 0.37258333531721743
0.26643434825004664 0.20173377383402213
0.026878703922176506 0.32120179762361567
0.6949418413379362 0.22415102820641808
0.7792000382866984 0.5350656483116456
0.23748284252570473 0.2798898909535543
0.6203175518482296 0.7482876551958146
0.08686827526594998 0.5040480261649489
0.295216701588231 0.9926423679606011
0.15138047297180202 0.8023678805402952
0.739981192812527 0.8258116215539011
0.48632078447815585 0.8246713026603969
0.024967299114852848 0.012008836946342027
0.0011644815841640455 0.6091790211982182
0.6789728592711313 0.9491771234029027
0.28134699853715883 0.3028115996825922
0.8204485778757973 0.7066200817364516
0.4466911244782683 0.4146175526187683
0.6203134203602709 0.39407760349195153
0.3167661768872432 0.3109499763663348
0.5103170088838247 0.6617981046906363
0.021750524724948095 0.2712071953764581
0.09093289255964909 0.24952639662558895
0.18720284928989694 0.5578569331733529
0.1379349267120027 0.758588207003255
0.9502688018482996 0.8283817288252966
0.6824798874233227 0.17818894933645302
0.3744020683803573 0.2386151170606554
0.5014946964099414 0.08543589881712621
0.07779202827275311 0.2909563440469607
0.3641851009678796 0.668008589996127
0.29860113503387664 0.8437530507529476
0.9284014422600448 0.39987282082082665
0.3709977651672045 0.3493034785271598
0.4515068171443839 0.3370592175273275
0.44605726869428053 0.049067378450193155
0.13730121341913537 0.23634024037645496
0.6286571103224419 0.10585362640424711
0.6909169608069601 0.2118442549374142
0.2841883361045181 0.03202925625074937
0.747597594695562 0.02069224163382044
0.7600761520510728 0.14358425440610367
0.4406123779604809 0.10322646863244178
0.14757325464804594 0.3965496451412003
0.4769184638134085 0.06644783743669236
0.9084557266166629 0.3653994128497693
0.6310480443646618 0.8655730124606285
0.0017280245787714144 0.9602757103592976
0.8638990981498007 0.15783404920698163
0.5240343745152847 0.03646365705507537
0.500412408816802 0.830089524892448
0.03504341760726293 0.3464691774294706
0.5778798161670102 0.2198499507132814
0.9889678566065156 0.27219207508221355
0.5946139867203626 0.8780714669892278
0.8240394847115735 0.6942474888696535
0.9875370376100983 0.10740113717501587
0.8196136220154102 0.81703054572302
0.026983850891868055 0.8683261382465242
0.8920243536268686 0.2570148409889299
0.08583532730624222 0.6251081722800846
0.31642399806968813 0.4498326555681862
0.7494778542101275 0.9059199062294718
0.5964935235410505 0.9222972860494032
0.8375465777631097 0.9560033148542793
0.7848268290041702 0.07474389809799242
0.2715333220820173 0.798398362914384
0.24578906564266534 0.16327482554545836
0.05332730432211563 0.009665208322715113
0.7809268017901541 0.26338246012753763
0.24610726777894687 0.8529014703689763
0.229471812261429 0.8166848842673178
0.5947289125323514 0.7617285993888536
0.8445303130886774 0.6973291458876678
0.18647700813873458 0.22202864113462994
0.38492613319067415 0.4900408316431204
0.36990785985861274 0.07791801740998361
0.7616727227677322 0.6347643825887619
0.5603753985903877 0.8926314588191679
0.2832812219451353 0.7682168307581303
0.3661561682556975 0.2789542202597066
0.6538964728823256 0.5794152858070709
0.4558461862515577 0.034490271693552677
0.7889543672455521 0.9672850571271683
0.0660331478858398 0.5294542942826428
0.6032106603929304 0.11651861131068375
0.08800317490247855 0.03428684320240105
0.7669936462753884 0.0909932690275872
0.3409295217345858 0.10519939081216467
0.0891440631529481 0.9793386998353182
0.7336867668711125 0.24286282282716987
0.3672452397924464 0.0643396641493339
0.3218042293382193 0.6692795878291371
0.6501852568673769 0.3868168040512401
0.970260868008749 0.7347933106178914
0.6241429377806764 0.24056151306303208
0.8887432484224338 0.8675116780309813
0.16939429620536317 0.37310187548785434
0.7100032742162512 0.6031887440276122
0.16513730761943868 0.8012923437044477
0.31915971438034973 0.22286853337384915
0.34382394996932897 0.21413847429555966
0.4776594922649038 0.5551482158804912
0.4797118610265594 0.0809757739393051
0.08341429694880298 0.5125867919892251
0.33140784541366175 0.7257300288187762
0.6668386277393661 0.964514150941733
0.6024609587867522 0.6931620346381178
0.5572557562843343 0.40937065530303096
0.9429345574392876 0.6481437166854729
0.37437977495418107 0.8972906542704904
0.6844593755547732 0.33221215737540666
0.9650657175862167 0.0013755451579393618
0.037964153582309645 0.9170772914590031
0.2005021460182368 0.6573742362025405
0.48732130815142627 0.5059829082366218
0.9296865068207258 0.5092594495152536
0.382431190483395 0.028705579365051026
0.39370003363775785 0.16807820280637675
0.0936957332074313 0.25354608048608873
0.6793363682618376 0.18348327369413964
0.031764490705209036 0.3757798189531951
0.2436380402562457 0.2887866877420513
0.3798661312922784 0.5728787925333287
0.44356594982461295 0.6347066325324509
0.03016353220110224 0.5470482141969659
0.08220668940578046 0.8363059086632572
0.276672009451675 0.5648867166499718
0.8247012675211336 0.8156147853611222
0.29576636035670556 0.7837905299299075
0.45662063287425947 0.9559487740418522
0.6706614633211088 0.9509723678999964
0.8793202779555227 0.8704140973682106
0.6949005663660273 0.20804825338358746
0.16771009055954988 0.5304179548269534
0.6736005369841416 0.961682649745687
0.17104469640079878 0.6298731800349375
0.7820848061943146 0.008053530776378048
0.3489271776937162 0.2364194321488069
0.9814818601981068 0.07033167695303444
0.09590591236042867 0.6748952787186284
0.6366510341212865 0.329577064764788
0.6561506135536586 0.025435598518993796
0.028550341355876085 0.9141571480291921
0.7121393274179606 0.24170167681166443
0.7694175109366983 0.0826788903723994
0.824199587505503 0.4840281343657755
0.3810756994232263 0.8200224185673819
0.9602732986850764 0.9600675624819639
0.11914127739644065 0.20408734106647874
0.34140777423900115 0.5567064322441808
0.20011529044283516 0.3729382332519262
0.8901062891544498 0.7969316171687433
0.9151608886265514 0.13284475445213406
0.7926692694166906 0.39399686130746203
0.33547029041837173 0.7973792430901885
0.11348872801181042 0.6423605870297651
0.9592208742112152 0.43922068359678623
0.32806088882317463 0.028861694883502986
0.1426180240252959 0.8056624441674773
0.856882590248119 0.9899821341334862
0.5205222114065311 0.15270842873617752
0.17168147192943772 0.21418955576367993
0.07269161319857442 0.13109642038795855
0.6482543221896697 0.18527392379220675
0.4973866827150697 0.8945808018189714
0.4361541092725756 0.34893100027846136
0.013214207898780028 0.512721582156161
0.35078949855762454 0.17258861575691187
0.6792489683854162 0.6043366647215529
0.7213869064961385 0.17595575790642748
0.24876464209884386 0.7631895709734247
0.783333692303652 0.5945226275905842
0.9179778076094598 0.9895091192565206
0.3181783537859739 0.7122949954355953
0.4060188119425341 0.19556078841692748
0.21425648935937125 0.8996950731841937
0.21590301615846097 0.2350683321461995
0.8902104780397222 0.7278657720595976
0.06366176031238613 0.12392006120755217
0.034604007229026346 0.62359119423791
0.12797794964243225 0.9638943995421865
0.5830762131510128 0.4995812371088042
0.8160874198330643 0.5983040106303668
0.8981077098281058 0.3252531522506912
0.44590037462154863 0.14940541447211153
0.40482155555780097 0.8362350345095269
0.6315827764239601 0.8017594877915777
0.21527760752081493 0.5706693018016034
0.6550828001844551 0.7182200106942951
0.2129926206339865 0.22842374331821813
0.7368937875195058 0.43306219416980496
0.8331584596613077 0.30175939514931627
0.4468223545878922 0.35940824253795567
0.6780602820144279 0.5905720295804695
0.6277243413293911 0.8965088496946749
0.27892545309258376 0.20372502027464856
0.5082458422103715 0.6958111192431886
0.7690688788310849 0.04101023700325923
0.6538432572275279 0.8229725412888895
0.45253028883062885 0.7291341569154328
0.9432459872582695 0.48545690299268496
0.1552471369217392 0.32689225772018005
0.9767139369458511 0.41356669243343025
0.7170631644810004 0.33260946358484
0.6969041147419204 0.11903718491741722
0.6257993639026764 0.34027322939460847
0.4161851527189222 0.32406475295398063
0.4706563348888302 0.026848147170510872
0.4811639266328207 0.8851949011314406
0.10379774723726887 0.7660789537922383
0.9580336695901435 0.6567677781633803
0.5366116873359519 0.2046356294361542
0.16421719347547725 0.034401859957606806
0.5724058909050149 0.215534707090846
0.8274236600015668 0.5539149940439698
0.3615256102146003 0.638216451241691
0.24435416046709513 0.27568873719852593
0.007674379869566206 0.0011074729244742176
0.027150787394230713 0.27722593917155325
0.17598026459086125 0.97199401773939
0.44745960843385646 0.6847893638398947
0.11940483367020205 0.17978962585085223
0.9631566925139559 0.10897327821757119
0.3520373056916255 0.918161338509242
0.10337552595157673 0.3127591215759784
0.1659865677463228 0.13111173919740216
0.9416617775075493 0.0015845924281800983
0.25831831654553494 0.8034183093669098
0.32262112745495863 0.9096378529545075
0.6071830361001818 0.9984982077200506
0.8631520835218445 0.48856605352253446
0.9210566196487229 0.9483390525291233
0.5567163981551195 0.90356611514679
0.05419051695340937 0.5208198458638313
0.2693096589621278 0.3860564419498991
0.42312455486789036 0.5698777601091236
0.01239907862000944 0.523589371019046
0.997530508022096 0.8930655194797372
0.35829413778523267 0.005849823306210089
0.007537270421179576 0.6052796901839941
0.5995172839272835 0.7591896912791465
0.019002456589351624 0.6272423899623556
0.753347154784767 0.24665305514179536
0.5365918790250057 0.6109026907828112
0.554916054586821 0.8722311308787807
0.4345937346594695 0.8884527899202725
0.015454918358580372 0.8117904289540334
0.5060236742624353 0.4158416736955344
0.5685393317128693 0.14906374101850428
0.79241044178796 0.4234906289272171
0.1604312811607469 0.42395772547821853
0.8809511287405023 0.00936053867660247
0.8662343325285335 0.38702672703380303
0.16043480123609344 0.9704976065427171
0.8112485737328081 0.7833778221927654
0.6568794145099222 0.2818230759281535
0.26769709640834427 0.04703326501044658
0.8187071579049676 0.6105888246644475
0.21237945788043677 0.5081535464575302
0.9417472881884041 0.13026731860666163
0.7917105910187823 0.3613446893777823
0.8304738095355408 0.9884448154221614
0.5747972959160084 0.614601173738907
0.07537955283505338 0.6173059473068208
0.6402698860599529 0.6818078242634238
0.879819673841348 0.5430855882942596
0.2009812476255226 0.8680931947637758
0.25148863337138905 0.4100340667126421
0.15819832631423347 0.1839337845515805
0.34082367424920834 0.4435592819819467
0.7327404060668261 0.6464912401246983
0.49839904734925566 0.025395896700808107
0.7908105810864421 0.8281182724805503
0.7246210712444017 0.001360072848734628
0.6465626677658469 0.7251507190185269
0.5232249354358824 0.7743350839084986
0.9425851280304043 0.9733998109169999
0.5377310952206127 0.4190505041776289
0.6119258204326383 0.7388040813055932
0.4807012208601291 0.8072640125569528
0.4045871587817005 0.19921052521598792
0.0509488539513383 0.4249549170554576
0.305958066622281 0.27731806499594636
0.7116628093021262 0.5151617859682098
0.541769281046776 0.24592040553419703
0.37107944021626293 0.11605655404440429
0.4471947571383281 0.9380739798284938
0.4254359066458935 0.9524142574355334
0.8605663545070501 0.39665105064376127
0.832985029607991 0.7850204647172345
0.6214367165362908 0.5998311944540933
0.07965938859244903 0.6634455718493533
0.9779818986005051 0.9122518379313616
0.04427262469796034 0.3215617088745517
0.4017904714244387 0.5272893735087874
0.4288841438729347 0.6736557829258443
0.9296107617050746 0.8295936245423721
0.9443191787085103 0.7735847293177607
0.4143357460114898 0.9672506864032933
0.08345862953327554 0.7649002897541433
0.16542244787243665 0.3158831482882749
0.7285275541410199 0.221936480631993
0.5390725372644267 0.7850838061118577
0.21001763469216495 0.005153939783226313
0.49128122996556756 0.5361130757047501
0.10101390917896591 0.33388484912348626
0.11894675660942733 0.10108295063356776
0.869343483907342 0.6521023606715914
0.515258211259233 0.6082462060265292
0.21621717779714467 0.2904129138295579
0.2583154077417096 0.8212567168760896
0.3204049241600211 0.052886652079616736
0.1264942150047581 0.08130602997266756
0.021210464876022295 0.21528038829694696
0.9170874598839929 0.4358947208531132
0.5901557825879837 0.03932375527101817
0.04312072717345017 0.25166402763525375
0.7841285256883528 0.4501329874051574
0.24959295864209907 0.9251646253057737
0.6305144197602062 0.42903819411248767
0.8930527909886656 0.30592968309840285
0.4753133236724625 0.5378071445864043
0.1960760502741219 0.4414759834966322
0.03177985536439176 0.8980051417968198
0.7516146287442558 0.145065304497475
0.682711279135038 0.8398129664265308
0.5129007924981943 0.9577213907128286
0.7170886973878432 0.6330107219325141
0.005051556176248084 0.7852446980203924
0.3512147021825214 0.3635068954824425
0.5359342036789385 0.08532111543174392
0.8039277469918003 0.9031130176993425
0.7249928442010336 0.21996427632787552
0.5005365888498594 0.04165478494036501
0.861855189943499 0.26599659301404643
0.882469487411206 0.7677503244911186
0.8969972860108122 0.5846663269446857
0.8905570070108286 0.6501792686256584
0.506136843192474 0.6154646010149571
0.219293663290951 0.6523778220116723
0.8311784954123664 0.2019335001616258
0.2741240110391594 0.7539964707293525
0.16286782346164874 0.7936948169105844
0.1552783747676163 0.006884711755738904
0.6086718581903097 0.5177896804272915
0.6343051990414743 0.9819121486548852
0.6967248911751789 0.8221772636196694
0.1706588516404084 0.6209089183228724
0.8487934864769988 0.08808904438043252
0.24660813930094871 0.7406272428902392
0.9743399099632297 0.5500460122681878
0.17866925255687138 0.5124069582544115
0.07407751433506604 0.6166735351364951
0.09667600989139102 0.39763705872044874
0.6195213383073321 0.21953062501832954
0.7453191646737145 0.7468807200935448
0.17988816447022282 0.7037231716778289
0.25420150085927773 0.15121038071244808
0.8216219491577956 0.08291387752563595
0.8165972921924018 0.6545462827144175
0.5955660367816593 0.06760824521522779
0.006177830091075087 0.14673597496180846
0.01958556502052633 0.8557144465971858
0.2873487232264067 0.9857824847990795
0.8880976067286008 0.7351200024717237
0.26692425397947095 0.7963809195513039
0.3891429544655771 0.7206281998652928
0.8823143588588689 0.17144833933151848
0.07325998191055194 0.2927750162526044
0.34583232315956214 0.15279963322321333
0.6066763839348279 0.6576479597568601
0.3767433501674957 0.5262385537208101
0.4198007503817871 0.9744691938631445
0.338330084387676 0.725632722721699
0.9436899295864809 0.27539038952178574
0.22369728824162838 0.7972592760934678
0.2714750399254515 0.20428918425488862
0.3290404593239544 0.19767767147942328
0.2138641270519004 0.6721095676207984
0.9821708917562784 0.7098877146040652
0.18158713077759803 0.43629512786912894
0.6448832478079412 0.5092427358160752
0.5239098117924643 0.15136060968159204
0.43495069958991617 0.42460649736867717
0.005748842939259369 0.4860472379119827
0.4216310653761046 0.7927552548306374
0.05934921602302823 0.5819038017476172
0.2949918179444633 0.11477579892000023
0.3517827550777446 0.5750229931887125
0.22397852447959044 0.3919970577942087
0.020600814192364147 0.5891981357004814
0.5449250140537907 0.4920342694080475
0.14222276410133694 0.596774376886301
0.9573158816462346 0.2988239427733883
0.08399110936413523 0.8044487506187186
0.5219866908686988 0.11106583059210395
0.030769244555742592 0.9940246888583577
0.5576000277962716 0.4945895365069315
0.44439227438880935 0.8320106383562915
0.132550243239695 0.7996717940611571
0.2980439524194012 0.07868112933664828
0.19786617499390147 0.8483566067566237
0.021993904857914526 0.6315400464987055
0.5954295810152215 0.988181751401104
0.05866136809074374 0.3098580723193931
0.9071845283618196 0.9450714819278994
0.49014034621407276 0.07478567827551585
0.08106048680046674 0.5816422108110111
0.10434314132732592 0.7607183511995212
0.8863068363324262 0.12755326570838443
0.4875260362741034 0.7418540045129687
0.8630398201755531 0.20241788682457473
0.7878823079946284 0.6476847571538218
0.17756424622638045 0.37181621231686557
0.17873497224688117 0.42565313975741126
0.5550803586260806 0.7991713931518725
0.37375938050996327 0.7267519112716894
0.8413274538201927 0.8828707155584727
0.9062144503692702 0.6535090950676201
0.4728012581706682 0.6765266846766447
0.7057004447012516 0.5822919152311177
0.41568183592163277 0.1060938924409296
0.3702558593659475 0.11274747907751781
0.3794851557309573 0.18897586394373067
0.6168998861460686 0.14220314571559656
0.448617161083825 0.8783563358640099
0.5997575820827277 0.5737250910193294
0.9296410007531746 0.521555091292162
0.2613641312171153 0.11793678585812417
0.587626724435008 0.16868966286694875
0.03160588033930578 0.33208825447374024
0.5383237575768283 0.6898856235224835
0.4553138520385298 0.6529170702104692
0.21398854322302108 0.02517669020101998
0.6430084433465126 0.08320798149206654
0.20832629997052354 0.5189649174490312
0.1502239625361712 0.08474822490582734
0.02164428532673468 0.2462566925551386
0.12823409527544483 0.42000746252906573
0.7189100821405414 0.5836242897051678
0.6038344151031838 0.9866711501338006
0.9203797440712331 0.8464167168924022
0.9494074440874922 0.6968188610837169
0.4636096611149896 0.6591626080896951
0.9176251620782296 0.2072902085254844
0.6672740235372971 0.5148721921282489
0.43769365048564834 0.5874370248285388
0.040701589857665255 0.20750089324262166
0.28332811199418995 0.00001838843337398366
0.5528005176237738 0.17961731817662785
0.18221260523769733 0.09387047124492676
0.6292048669253854 0.9747216474263383
0.3356440821743891 0.2295652017330596
0.4279511690031508 0.172730539070991
0.038507208969425166 0.6460815123975279
0.4909993171672562 0.41442663009978054
0.045652051482150124 0.598750191293502
0.7597397359766365 0.7059845327171768
0.19509424145560006 0.7863674362435507
0.05150575063368534 0.8684906856595014
0.19293511103430872 0.8623935350940028
0.6153969695255528 0.3149667110748742
0.387069686929177 0.8893071618360857
0.022385668221244437 0.4172085451509169
0.3718881733795445 0.030519083241389744
0.8681646333127868 0.9744690673409162
0.6856693574134491 0.32484170053191996
0.9180812278635309 0.7373742824122305
0.8898195392836077 0.7276010480497404
0.25552727978490464 0.9489612158083025
0.42275263618897396 0.31889860043564267
0.9767306716888391 0.12579864150419184
0.6660949504895526 0.9082330045721934
0.49331392649078265 0.7851408067844985
0.21827847885645202 0.8130971763396464
0.6375838475924827 0.7149963354286102
0.4704153394550261 0.17272451219367913
0.1868634480268676 0.015370482484917236
0.6839997507680076 0.04143102687469913
0.03522696275521153 0.31951469614476746
0.5034229306251454 0.14557297456803364
0.9042786750462519 0.1453540636120172
0.5207542439510346 0.13552538521064483
0.3246573646318598 0.6750526169929825
0.5391511146922154 0.6665008059156117
0.2049948148105869 0.22681181347066004
0.727871565241754 0.46658401910552794
0.913261622180352 0.7875742921304305
0.8162399268573035 0.6955731712596624
0.5929074236012049 0.07506102684647464
0.627986034092215 0.7037665544448921
0.108043764002282 0.18687497872763204
0.32767165846602353 0.2851712385845724
0.02717627538769074 0.6113555083791744
0.8392915780867074 0.482235267691675
0.40473548125234027 0.6290386200582243
0.9678486112752624 0.40839640439377844
0.867369326938755 0.09868267925535856
0.9456671146105398 0.3754999022114731
0.8253178887351618 0.9260061895026763
0.6895573012497609 0.02731665424184948
0.05488412485275784 0.811061657118209
0.9970106934338456 0.13100389709907345
0.4569107959292056 0.7455790563356024
0.06203725760610146 0.9610313730496323
0.27424547474779337 0.7511039561903807
0.7196406971293547 0.8222310936923203
0.6187135406839983 0.27049040851183004
0.7873714917315813 0.43599218652209815
0.4713875564226535 0.9174772412029835
0.24005149541537163 0.8907551225526582
0.2904448784921845 0.6191107977458732
0.7035735956127231 0.5513266735788624
0.4922177301828532 0.9818113583716839
0.7330097300843321 0.3798260283744985
0.7730501174532176 0.7728794516753028
0.8896360083055241 0.5618673437587198
0.2535476360403006 0.8877880362239168
0.3793710690016914 0.6447405117761287
0.49653833905739253 0.6682844189506827
0.954790227332369 0.32784756845557506
0.9240075757929083 0.3720446567985656
0.9093807647894481 0.9349190550627933
0.5811374104351033 0.4023392767708349
0.6477329177310409 0.9306705290690647
0.2111987765012424 0.7091354835389136
0.6167343698533294 0.024055430134310773
0.1259329921678709 0.9519874375900408
0.8045181786922693 0.701680384312338
0.24983912177251932 0.30799777816380036
0.8981403446768712 0.7076747626896818
0.19580572652898365 0.43669542571269804
0.17095521088054255 0.5688624277749941
0.024840962426588176 0.5219917530558773
0.12323692287701404 0.09031445136117622
0.9544211616763858 0.6900507293194893
0.6667712347435606 0.016253252151398723
0.3376291333511954 0.18327000230601787
0.2945848021617661 0.16916966744225337
0.8498850018864303 0.33251056195880535
0.38242957700989044 0.09447329945003458
0.21351638410056295 0.6180945214033675
0.6743951997556106 0.38764437410426145
0.7720510191252088 0.6151291817705637
0.7243324023285178 0.5738573606392312
0.9475204324242725 0.06222379542676615
0.2930713046365667 0.5960957901182873
0.03314577317430323 0.48067405868275537
0.2907003852103174 0.22206364736823048
0.6078366402826614 0.29495309673896486
0.12349782714427904 0.778159691804994
0.020752696537685855 0.16988692430899288
0.5871295807917059 0.27350179056327106
0.7772811138120392 0.8613283473433648
0.5604572836184376 0.5993170741423488
0.4872616032766792 0.7092487375661991
0.2644356072206988 0.7873097378913496
0.7461317689323073 0.20058173404910162
0.0934101203511346 0.30402917284497466
0.12848590099558277 0.7935861531534107
0.6112844363847192 0.959369173870092
0.5471307199444642 0.39557403986951845
0.745801903853816 0.5024738294594444
0.7738780855826184 0.18786938888185767
0.8919735196468215 0.683184586458939
0.2536955546650055 0.6248862010986549
0.3536179224697271 0.16874355629336613
0.42645470744956215 0.11370284059475
0.06847836186884848 0.6148215919716029
0.700380890445716 0.6918781146473498
0.6716746333478403 0.5857588882759042
0.3235989096693326 0.4820060765253018
0.7888380667995312 0.3208522497547206
0.3128567847791761 0.1209266694523703
0.1321988029552712 0.7790234800431637
0.5390545816250505 0.9353670999723434
0.02183446414410639 0.05923532498818007
0.6950899020301917 0.5138058396070042
0.31266336756146274 0.6571467985138442
0.848394591973701 0.49113050406840486
0.6183694439670993 0.44134062990680056
0.8641415591194226 0.32678959242911954
0.3415910106003275 0.8962888470420916
0.4838671625090374 0.15677711865953725
0.4979030123051784 0.5403727750434302
0.22457898719197922 0.7881818699842984
0.6246675461185391 0.17412732055344748
0.5798506993621706 0.2621467237428097
0.8830314921693316 0.30717065751416617
0.9722730902275647 0.472576089843872
0.7387875775673041 0.7573162472441077
0.9051072322051577 0.8586050963046736
0.2641229781164096 0.5561921916427035
