10 4 100 2
542 1501 890 981 450 375 430 1022 1409 1017
1538 532 1740 949 376 347 594 989 628 918
1511 1805 1120 547 753 1401 1783 472 636 1721
1775 1028 1575 563 400 801 667 407 560 1793
1122 866 1614 902 1511 1169 1618 1885 455 1635
380 1804 1441 1329 730 934 730 453 1059 1477
1734 1225 626 1358 907 400 501 1476 1669 941
989 426 930 647 793 928 1780 1214 1111 900
1313 787 675 626 457 1288 1109 500 376 356
731 1679 971 647 1537 389 1202 1803 570 769
8 5
9 0
7 3
5 5
0.46390971160353667 0.8315544538676796 0.5314170158932224 0.36679709594490423 0.19077847109984367
0.6305369885168302 0.831628161261192 0.8623171145035551 0.7898155743843636 0.2623129475908854
0.9568482249998727 0.6375239439775744 0.9570295111193639 0.5988991360602988 0.35102962399029614
0.3069691535468331 0.3930423420682203
0.15695035287214076 0.5086655240865745
0.8004169416561697 0.6663398894228514
0.31546242426266824 0.7216094253948866
0.5093371723422278 0.36027541075965597
0.7341327572064134 0.7489284727821102
0.6113450945943872 0.63994206713892
0.7064758066932741 0.6855610695676433
0.054617249627638254 0.43696803711289767
0.28819862404528185 0.7838116668773238
0.13051846493627162 0.029316141590483014
0.020967391534733038 0.8487614971073107
0.7060414725683206 0.7765359006261985
0.7615771792570301 0.7162655628713701
0.7497153403770731 0.3067344636672593
0.9428684033941408 0.5051043531340897
0.6103007937434954 0.1242241610425725
0.08501331635867926 0.7654092750827506
0.8157598875024159 0.6363655155527241
0.09452552565063899 0.6258882248445132
0.6517408795513784 0.4119014509145167
0.22171743475059746 0.4079106413994278
0.7296767009116585 0.28609760624086666
0.9146593932929674 0.6147652457910773
0.5645971654811008 0.5611673053551534
0.8923179244232198 0.15225833575692893
0.08041608483958296 0.0609774018430973
0.6435864517936241 0.9093938879527554
0.4554741004378813 0.44834242625680076
0.32357893498423196 0.06509921243584382
0.09781016251300412 0.007269077060931828
0.910351230142884 0.19093719039033274
0.7503634137497475 0.28792521556945183
0.6743717425863915 0.41807085791888476
0.25632731763385275 0.31690562233738806
0.372175432287436 0.4964573174056408
0.10298792262903955 0.06841523125708049
0.08760461447090995 0.318181957630681
0.6214423774606876 0.3458165551835952
0.916748816070303 0.15884493748474826
0.31994847930559556 0.6947086163321348
0.3346888139896893 0.052527597398437376
0.7416750426292986 0.08896436390986828
0.619868761469559 0.13376314126030087
0.4324285148490308 0.5648968794700466
0.009280629589311085 0.3035073970989355
0.22663022498677665 0.7591411567651825
0.4055615076939476 0.9932022663359572
0.2903678841242665 0.15651860331684042
0.5845445081136464 0.8246403547021761
0.6027111990409657 0.12468222109532445
0.8268865719866614 0.6517710192641033
0.9190773342951661 0.09786751075641109
0.03386621593729067 0.6412064737578149
0.583137450137976 0.819780418984116
0.6322181889884935 0.6265172712472087
0.34535977059748535 0.46058768369563463
0.8407441628157677 0.2491609080117556
0.6354749692242916 0.8703895618580293
0.44740985303342273 0.675699786694649
0.3430886004721745 0.2809886895261231
0.44210627140836345 0.8160636201108569
0.1203359700095612 0.7489025309255815
0.27661396264825555 0.310608230782087
0.8216549465934451 0.691369005660724
0.6418304818347789 0.4865872756133589
0.07346336165631695 0.46219867742943643
0.10321956010787803 0.4221783780489907
0.21998139744291945 0.3659775158841072
0.6398196416356494 0.5550446984798185
0.9765723569486908 0.3001568003126127
0.7927531052104257 0.25820394402640745
0.5770234795645528 0.9617425366914678
0.5616802515272037 0.8061530357885123
0.2237485694904009 0.5253343326595745
0.6774268123212277 0.03442827151512362
0.4801700164758893 0.6838622182165113
0.2968988603994438 0.7617912145814507
0.14790075177697437 0.3863745045533977
0.6070355955396332 0.03388466740396212
0.27370021171949666 0.45685231999609166
0.5425890847092296 0.9790327741917042
0.08172174866970594 0.17987668653065114
0.6287120973513409 0.890803812013016
0.2618981605520718 0.9797787935703088
0.43417829029127275 0.5504096383052499
0.03627846746967722 0.6090748498632195
0.5548844753443902 0.8961823473015531
0.4739118550655699 0.7410062030398914
0.6356102908970647 0.11085286507781089
0.8414857729626402 0.004131689865039423
0.2981387012372345 0.23227107151153925
0.9612690643234434 0.39268819665831267
0.09376569591423967 0.840280563954994
0.19167475406733003 0.22762008543372314
0.6708597361658397 0.8430104596236581
0.5709020010017842 0.4925164231063228
0.4749976619215661 0.7978233347567796
0.7640965411551739 0.2902804430798618
0.7816224128715232 0.1307609943335355
0.02881175396556479 0.26388048910493245
0.5156778647564986 0.44318134311575186
0.030308099167342784 0.2936972081081597
0.03308766176080136 0.5128589387397069
0.4149080957324234 0.8623600889307543
0.108954646373292 0.15438978535740233
0.018840000697312842 0.963819530400555
0.6738075387923335 0.5956173055239258
0.20749199423636422 0.3517635956054932
0.15224967776778353 0.27649284977055966
0.6679264846589779 0.8016839504006577
0.8781748124901578 0.056552300112913345
0.696702258059275 0.02858695971363323
0.1599259256794845 0.975917041164148
0.31655593654322334 0.1687598121456051
0.8918750213984508 0.9595735590831658
0.9462978435047951 0.6948474672511955
0.11565580329378355 0.41645364365019266
0.026619812255508135 0.6567520842705497
0.5411520880820075 0.2112992762610948
0.4338920483580968 0.309468559076552
0.6937520918711197 0.2567440865595969
0.5883029096726609 0.005729524236256278
0.6701561466474182 0.5118757661909006
0.940466762209867 0.6962939969166573
0.4119615759015671 0.058128314205101006
0.8224000244624468 0.154688247171191
0.85625662266492 0.7030833053257004
0.6466585761511201 0.8627467983747996
0.8853385876396915 0.9323125278656303
0.976842159685033 0.38480288995330536
0.678937442061903 0.8569620877485256
0.5003757461766296 0.570380904489826
0.20775362720380097 0.5410702618444041
0.8626389230181903 0.153762919264665
0.9732530222072542 0.1111389772594158
0.9441130967525737 0.6702867496539056
0.7844383734315801 0.7416469189139445
0.34282832353913983 0.27756726868835924
0.15414542538068576 0.7509567822694512
0.5013231994936771 0.6841865802778286
0.4136301470014463 0.8357863917564277
0.8300110108612231 0.5068392712358052
0.6585383967395606 0.11877744060552087
0.5246692146503826 0.2594881395464308
0.18030552728637916 0.039665971486031903
0.7516726834722007 0.37592418821494844
0.7366013347759552 0.6291665783792164
0.05476188406090632 0.43327540832362765
0.5364424010043591 0.9802908988797736
0.8012724966334916 0.806356807636301
0.8817845854668038 0.6802503033125997
0.5012311513458096 0.1569266221864034
0.053514003035525226 0.9136362473668793
0.6464739577674214 0.9246150714175083
0.026143557323218714 0.6086970284404938
0.2427095793413787 0.09331460155217686
0.5426521290940725 0.03935202842382801
0.6393763438934799 0.6757812938414955
0.1402375511452445 0.9299545901673845
0.8121334046154354 0.9239965908390995
0.6281518685223952 0.40234942032480525
0.4387651441142313 0.1287987732908049
0.4779266366289163 0.6040473374937729
0.43979535845271234 0.42922372617180504
0.4086590882153849 0.7114097273909521
0.84177399300261 0.7857127127825936
0.8524318284478385 0.3045182796535628
0.6404140184573626 0.7527950526265668
0.6505144302205907 0.7570698182602105
0.28477044746008984 0.36291656235117475
0.8519130219682112 0.9993368413635269
0.2687794648099402 0.9108286613808052
0.982671631088224 0.9183520692563354
0.8792903506587681 0.9363621984851935
0.9988966379573494 0.9813228758132047
0.25842909277880577 0.3895620521160106
0.8054689710732739 0.9461355047811053
0.6058238789962662 0.7319080476155779
0.3491845480594358 0.057911836248180526
0.0889685524122128 0.18401100444720986
0.025428669620357836 0.022047498379300645
0.9156030887577482 0.08816329569115022
0.4552553717178933 0.7847206293751423
0.6603562991459464 0.7610101768062199
0.2970470121161577 0.9913709051058035
0.8105781801898173 0.32750005624790424
0.14346824072113984 0.00859426567067767
0.7440374517694199 0.13900643064752205
0.2145645019838871 0.42119069752272065
0.5493920535371428 0.41157445663180314
0.08005318626288904 0.12178529716024933
0.5273831361877499 0.4849481401421245
0.39722279899517465 0.6235349571944233
0.11165142697947372 0.07665157473933015
0.49590906206118124 0.8564970473750702
0.006327150146459237 0.8638959864639051
0.16800204103671157 0.15913739247303682
0.2063303137424195 0.5735632564165267
0.04510295461537628 0.15342832647087357
0.4152365391419435 0.379920316518894
0.004018764619784898 0.49621010349926653
0.7227637937249178 0.7827355973336607
0.916454913447275 0.016150152888658287
0.9930988875733671 0.08172672317654484
0.17408117716104243 0.13724197056190635
0.6884041927385394 0.8308500631148097
0.5669846070387901 0.9228091558509972
0.9922221973032714 0.9047787095121298
0.2615518302850468 0.6704628495083826
0.318984802473008 0.21384890214111407
0.21541949546983763 0.9453257934770569
0.22775847569640617 0.005955068745526537
0.6916004773323414 0.2927404536637894
0.4395015462912397 0.2592626863813503
0.21150572804840184 0.9193767192542943
0.591980685644417 0.07940810778157337
0.8861440223813819 0.23326964582152754
0.6656175194511778 0.4465426138942965
0.36777517802663917 0.6053261304485915
0.9412721841867171 0.4288137926001143
0.3488919133924899 0.9328437389211954
0.29771568438263163 0.10664423440660942
0.6840027015444745 0.7779462899512997
0.14386595078304398 0.22392646016675344
0.9139045266036332 0.7726198849227972
0.8660499586471362 0.7913331748211752
0.4952722576607016 0.19168425545856738
0.5326729448884957 0.8493536293612667
0.9902890809314204 0.8658196325532417
0.08954039487687138 0.1410965777108022
0.22325957984304012 0.721050763976882
0.401045459591469 0.42516176809098827
0.7744844324652276 0.6177898947476861
0.5361325868563276 0.5050556002884272
0.9664826060521539 0.7459765537329415
0.003989679003724378 0.40323855417874
0.8148059979589435 0.17670717341802522
0.20291892128220312 0.516200143841733
0.33078926498563277 0.17795962339188187
0.05887139931162677 0.16274081361112058
0.4218629604239572 0.5787713722311623
0.16101987702066833 0.493244592207442
0.6102212231411341 0.12346132167091639
0.5910739225051427 0.3908138777581298
0.8715789627408637 0.29228949900871704
0.3264407041581532 0.21504194873522597
0.3749290326628705 0.6828083336667736
0.7843347849085505 0.95583609731379
0.7350301306312623 0.5434603264063635
0.520254251037098 0.4228751131815287
0.8429556080189073 0.06793455373767388
0.5897512600934864 0.776837544431292
0.7418751488345732 0.40125015677771714
0.5343895338976992 0.1873059047140755
0.6739850065104713 0.8655964993423033
0.14728108710537668 0.5919020596762905
0.8139863363940387 0.7659670868130339
0.27982738723191636 0.7230925342551449
0.3640345281324411 0.5946135178524758
0.22275096817328244 0.44653487842879414
0.4150942462564875 0.01436047277383734
0.22455583242614163 0.029574163515095675
0.7847648903559779 0.8975047414394806
0.7677557753032562 0.7504912713973388
0.8197250615664948 0.48694769711901587
0.629432968634509 0.660647966842165
0.07986133816827135 0.7913175565185548
0.8850574807681346 0.5752980238465482
0.18366851653630012 0.6950600198419192
0.7099563505962949 0.7277128619577842
0.04745637539496572 0.7699993125786224
0.6568470021637145 0.7281371445838545
0.3463762666647734 0.08118365959504614
0.2500171810381797 0.5887408685157358
0.4319994634130524 0.2434288955915822
0.8263554644747753 0.5967289963238942
0.19825763042350109 0.96891184611357
0.7894520169643726 0.13598117956337807
0.4502136368105081 0.5807608429082778
0.8506520037867435 0.1785720219023239
0.8485475872384274 0.2132925526377334
0.062250153658782725 0.43918556467573655
0.5507208904567125 0.917690233806604
0.000823655083903807 0.7340175493759402
0.2795848569741213 0.6092657922525961
0.5918293390909288 0.5915272272552039
0.585776280664132 0.6607024954748209
0.6321893920727548 0.5919451530892019
0.7023997734195389 0.4646007135929404
0.7740462084507518 0.7626259079365183
0.3311001190286049 0.39733334533096265
0.4059845558947055 0.708724589219238
0.7250926612909221 0.8890689102590033
0.06797644668614833 0.38250506573502796
0.7482621193211738 0.19381307923196545
0.19207499555825946 0.02983599116597424
0.550539152424752 0.10808242661583889
0.10548785115658954 0.1292160219729679
0.4944161013732771 0.016026813467825196
