10 8 100 5
1371 761 930 1074 598 652 1139 1009 895 1055
1384 1373 856 632 686 868 1018 1443 681 1203
613 1445 615 806 1004 741 1136 735 857 638
1180 1407 994 862 1103 907 1097 671 729 1287
837 696 977 1203 589 969 1359 611 1473 1271
1302 1058 802 638 1273 817 1235 928 857 873
687 1428 692 938 894 852 1321 1026 1406 1281
1483 1344 809 848 1267 732 971 664 1348 1299
1107 1164 1387 1177 802 647 666 673 644 624
1306 746 644 1424 1078 1463 1042 1188 1485 1220
9 4
2 9
1 9
2 3
4 0
1 4
7 7
7 9
0.42963085995601313 0.3875340541219551 0.717502512077729 0.6022021915573753 0.3185169175767003
0.881459766438984 0.6055913713157572 0.6192764443240508 0.3124293533398827 0.25598560506353896
0.5321393597662317 0.733939090262477 0.9334837751462808 0.826635881628331 0.19275591435951506
0.7646141990116524 0.4594677485162885 0.4186493810072585 0.5997448928074354 0.4413455190715212
0.3940930137213237 0.6218051032632538 0.8946167480139589 0.5576711848648652 0.29710377494993123
0.4540259926212256 0.5724485922287031 0.6880244285882184 0.6370146006046271 0.28896329279844074
0.9164903954533141 0.4295464888219436 0.860509588754206 0.40643123302490725 0.23096692460523052
0.7935681611519119 0.025506784086886558
0.9359283864876742 0.2646568516329444
0.7366910927179378 0.9193239969276119
0.22058945415109044 0.17015874058705127
0.04974279634999257 0.9339019218703133
0.9746140538597172 0.10467919274936266
0.6331227012764973 0.1191434239487339
0.6406529740764186 0.6965558582927565
0.7635422521039381 0.09207915223816876
0.8946703909361553 0.9477720194912207
0.6192711890583507 0.000922566697033167
0.05732480470442991 0.20986086606221277
0.8046127024190433 0.7852117103500231
0.8675505273764743 0.6637410845467269
0.523857159098551 0.7302516223798996
0.014732731603798177 0.9153149614164984
0.8726638045437374 0.38370709235751144
0.2770191199847012 0.4779346750043243
0.14402295299699674 0.2855495763561877
0.47499089897312174 0.05399434101067091
0.004443802114445283 0.7494084424704515
0.5227823169047587 0.6197047004552443
0.3752384849269381 0.7281435987361689
0.695425841231136 0.11158112388094765
0.5146217945488145 0.22587196341994265
0.5136931726412042 0.8263665871871726
0.5719757543081834 0.21616936081945837
0.4632434015802742 0.4865145064117764
0.9094548069214661 0.047546815965706646
0.7839143501632584 0.12160698291546645
0.849610379914923 0.10685468051983893
0.1932369654275281 0.6766013091530234
0.607254394492938 0.8122194957508051
0.43695410653041256 0.48854473792371667
0.9198013515495809 0.7041313809049969
0.6394165646925976 0.5500557840327194
0.25234035703520963 0.20471748676164836
0.15937354625710465 0.6022350394752967
0.7777964519220448 0.3088843873313245
0.3801902869862359 0.6144579847957632
0.587265596656092 0.5323061047331028
0.638892016925857 0.4994924154253202
0.5290856421155958 0.021144675582533967
0.281125041383699 0.7673707719325567
0.9177402293223593 0.06348158713004315
0.4736302301512163 0.7479381936690941
0.681201217632265 0.3342328876148146
0.7371926566511418 0.238991746179813
0.48546429646053824 0.0177811098771119
0.3402964889469928 0.3077751955946668
0.7021351550951498 0.282831701421707
0.7848783265637715 0.7442445247910743
0.006362696395203482 0.22407701384587608
0.29681699682434526 0.25609468698501403
0.16528021741368804 0.48463238351766424
0.24765688673514918 0.7732017174324632
0.1028306546291824 0.9797748302559941
0.5396141059734052 0.12490000636141163
0.7405014856138872 0.289754501418485
0.49241388911826944 0.900656832958874
0.93717907899954 0.3240024484010946
0.2860308821237201 0.34444652567330514
0.3941856647223665 0.5098989621968069
0.5075832463752439 0.21438357598564894
0.7788163543015869 0.686489660405889
0.7139973385148675 0.7684510732269187
0.6072260801264429 0.31001793042402537
0.08382661900449628 0.32922219863195124
0.3553511411675816 0.6766596995348706
0.8624884022400885 0.2735137139726982
0.5118855957191089 0.25910181123764864
0.40569893841071014 0.9054520587927395
0.757222016112497 0.42189079462620205
0.952272283142459 0.4470643481630239
0.5704185827537289 0.679266573152552
0.2973261074207527 0.030239046696169725
0.9493805005358427 0.896811966423217
0.9503705029907081 0.19450569380200644
0.1338839349074723 0.14736756701827347
0.13088940550686123 0.35217369361618855
0.30247926689576987 0.824724701184341
0.015151207631868058 0.4892714535145497
0.49436309793414845 0.30267627234427286
0.944861047022074 0.7489156440840412
0.6391393633262175 0.8468392609234194
0.6748525745447704 0.13081296748137095
0.31388131578747624 0.35713006590507823
0.23378918822686146 0.6141113707771884
0.8308272789956181 0.27060133127252417
0.8409514165071175 0.5326074063007185
0.7597790389218584 0.6695180483818179
0.5210367196398542 0.7885566971104756
0.7482716579358419 0.4363796457327189
0.4211736131968802 0.8394259295471374
0.028168290786523276 0.8116319071204736
0.14960202529505562 0.7113498654901047
0.9559691513875934 0.6333747094159448
0.9628409888267322 0.1149391216040363
0.7088182584256555 0.8585769463639499
0.8620148560548575 0.992492462178479
0.30419844234703075 0.20337341122926755
0.9732412920188136 0.5104749803279067
0.2051566775419731 0.5026775416843123
0.459589078314683 0.13882761880715
0.369924021348504 0.7145897303895277
0.7588966210207759 0.7246058152243531
0.3811787911603399 0.9985955309675363
0.027569075564045864 0.78751861134069
0.43101416020129446 0.30036890975512254
0.49143291569340164 0.7968464791706937
0.6601355496181815 0.6135708769142452
0.40070476440908753 0.5609871610773047
0.6107569423968329 0.42169129467502486
0.08796531429613519 0.6339611123330597
0.16211068797367223 0.5248493729845733
0.3210294252956838 0.09111344346628769
0.8341150290255614 0.4974431757253257
0.009315484242888639 0.6659790231370497
0.8587834210481409 0.7951723472063783
0.3537943808744588 0.4902618022892573
0.7598655674117154 0.8424978175043893
0.7588434010973908 0.2982614032405111
0.1901386290772693 0.7001321593407777
0.04469651384471285 0.27507058915548876
0.2872839102521363 0.5121559593638063
0.05502539970582854 0.29367139212422755
0.049400192733379145 0.83836155424508
0.22421305402086622 0.19046485082174636
0.09123553169280285 0.5838681920806248
0.38842030129839844 0.3657449721036268
0.9162015681397 0.23527886916120577
0.6204180467799727 0.7097731512145162
0.6159539092915463 0.8845372331844108
0.6204418148291431 0.959059423871061
0.05494873990296156 0.9227004251636792
0.7067002663780502 0.6945210923163663
0.2487141686205523 0.4815404329602606
0.6327536760308277 0.7033644410041875
0.7024299485346539 0.8024340806106145
0.9587226258504864 0.10808950782879712
0.8880586407387243 0.1772865933777068
0.4135521637223156 0.03611709300125043
0.2461443141795172 0.14298354827163418
0.13492029992053167 0.4586399240745116
0.3911939358288501 0.3130321162123906
0.44408062386258695 0.04068236854158225
0.1706025026702116 0.10543808112648034
0.9880677922068304 0.6354485127712786
0.22448507044757693 0.27553171455062264
0.9031966797135911 0.09625981794427685
0.9285567426738124 0.3942168425582262
0.4092553541812196 0.4150229747930547
0.9004350213091012 0.5579243702786756
0.6700709692138993 0.35829370250618653
0.030038060509015585 0.5557169331893397
0.8868157444038787 0.9580428709655848
0.820796695865758 0.6686789086785268
0.2094565915069575 0.47393741625701447
0.330335562679694 0.8737067390739706
0.8315713924861865 0.37870696743604015
0.2573612296148262 0.7156478031226665
0.9944217861162026 0.7949065045958406
0.18294943769309024 0.829913621147264
0.9763477257496456 0.13480199173175955
0.5311818017965275 0.6830994540576858
0.8504887425575884 0.5366347990673868
0.8766241035469655 0.8642248738154457
0.20926047378650559 0.9390062580737939
0.997604144079302 0.7678036640322965
0.17466541819049852 0.16215917350637032
0.5834837536305266 0.0017254370341788228
0.8521721466835908 0.13700569647723038
0.5737165793706753 0.06383220521211896
0.5160980943706113 0.7200919961475443
0.1175416843092556 0.42777681045707183
0.1043169393270571 0.1463568045528192
0.7815980523056405 0.8289228963042248
0.8694542326716528 0.519567411182434
0.32960202591791776 0.7412406253506549
0.8107365481909086 0.13096440448388758
0.0835298982047219 0.6855967441672828
0.08042013279914628 0.7524871917733669
0.10651140486486788 0.7167574368374008
0.8998665688512577 0.44931946320014693
0.7554151505153961 0.4123306634430264
0.834019409497974 0.6422954096127413
0.0614808134331728 0.6789307967434264
0.7445063037599615 0.2992828962088183
0.10636976506136242 0.14826103205623276
0.23466204275098068 0.07917701687804302
0.5923600808166896 0.3010877929845668
0.5868348181476843 0.6823466238516664
0.34456153279484014 0.5088898347815665
0.528574664911386 0.3047580058980368
0.09813487865050474 0.6202334322536212
0.3383949732455773 0.34036581239155206
0.9555615306180556 0.8851375059870961
0.47488887404356706 0.5579680351024225
0.15155802530646478 0.774866430843882
0.2641467317076793 0.22483062164962053
0.3576503253333567 0.6836517978017138
0.024767478681738675 0.3036167674057748
0.4858953987924086 0.09133707583285244
0.25857321238939646 0.22140759179532643
0.844473568915187 0.09421010564347898
0.8890363934015086 0.5056721941901878
0.24480730256376892 0.05359357502857165
0.8689994024689531 0.03477651710000562
0.33350353810943956 0.05799814759413158
0.9733531511144558 0.5947567913935752
0.34362081738097516 0.4736772156561013
0.6767492600180798 0.25808187640324043
0.12275126638912814 0.5967631324686518
0.13319308913993355 0.368196782037038
0.8683687718861921 0.9865086657599011
0.6599303770647469 0.2287929178674306
0.22773413765115436 0.5310703286512601
0.6598848089135483 0.6409393502910687
0.9437295187589501 0.09469752673082388
0.8637643262495485 0.08121190466856798
0.6358046736852887 0.32488727344500234
0.8940301090785885 0.8117787170476296
0.9869297252948319 0.6050744609243621
0.869968475747078 0.7727949828112413
0.8477682062732683 0.21466155848854362
0.9855392749630074 0.25213947937160786
0.06187081047254783 0.15957569175671726
0.9422194083310276 0.6627865602866463
0.8095752785349208 0.0843899737488405
0.2377441559211646 0.26062934097427237
0.5632544040233936 0.9084404312741285
0.3093733200198925 0.986462383583488
0.6383356035647663 0.7026418404308918
0.1691483086899428 0.3789972580500056
0.11919285210622133 0.7441814278503254
0.6589421895355279 0.28851598178786886
0.5930639529879516 0.24236203424394098
0.4253521630104584 0.3765771833311151
0.4697926938851038 0.7432455018290693
0.13931510494666655 0.6081426689106257
0.9447831329782657 0.13170149912610607
0.9808468411487057 0.31955767148779657
0.9671727362885967 0.08487901236789308
0.8483978535172247 0.7370017985813744
0.8042772319185472 0.26610141648453856
0.006503585385867483 0.6099901311098277
0.7891220988039778 0.6643229024336901
0.4429786976369521 0.4263899096868182
0.5092795474475575 0.3677340187811291
0.9314147602265126 0.7118275310839606
0.8774367114477595 0.2184314017034723
0.11551392944552408 0.0003428713688542473
0.2617306153757728 0.8716291685218414
0.13676731211913173 0.7465487763759926
0.7948513498760219 0.9406068115914274
0.5274655871906249 0.33609551713071295
0.32935972278011083 0.7609968399488884
0.6206597942867516 0.08537761655695619
0.7023597097255492 0.8860171892263689
0.6050743969724264 0.3195605453713217
0.4482743122243833 0.4852087376244687
0.15027218478071291 0.2798302683578773
0.3897529382489966 0.013109965551605374
0.7473712159885251 0.1528842619775721
0.8885188748685473 0.34923241610328737
0.4627571079136772 0.5382920550750636
0.4101638095848634 0.8348861113733308
0.9132815011390192 0.7733068165665882
0.7441599157931509 0.7544554937318912
0.765080421266688 0.6836037057424125
0.026088769884631935 0.9850916818214104
0.2749441864644988 0.9751076981237223
0.7485868351859262 0.6613576256310041
0.00009033312996464815 0.8693752799307854
0.4003864592749482 0.5916937415827674
0.8877810575041019 0.20541368110180236
0.04007718002908822 0.06296277543554796
0.2793358826263723 0.9554169973674616
0.869111011745997 0.06116630553059332
0.8207666951019865 0.4861525187624711
0.388872050328684 0.9760116339004052
0.08494384980020886 0.09545028876497086
0.3879052756154635 0.6010343994158027
0.19644031576911924 0.9302495385192284
0.18872683484304065 0.7141178033637052
0.6537502341824861 0.7898239136987282
0.03336119488735978 0.7656692982758408
0.07511313399189468 0.35117934456935895
0.11416775761536968 0.597669821363116
0.8473199190672691 0.6190787532111823
0.22248436001286787 0.6625386085676082
0.8137135062370284 0.8779004005855278
0.11835034831263802 0.6940162439365478
0.07002609279999628 0.7839007009203278
0.9042296591163155 0.9814803340699654
0.23656056930050795 0.392172212041928
0.6001826191713859 0.05716786044760491
0.13412210590568474 0.6253788625360066
0.1617001945092975 0.34997428476272696
0.5360465019984448 0.6656542946607842
0.5402455826736479 0.9067792828552199
0.5717473370447534 0.31150909892982326
0.6990238747273236 0.783833573631425
0.6710232946290069 0.1904306549333199
0.883764272849537 0.4959348939789834
0.9500424361528368 0.5453029436818881
0.4256792338268307 0.5870048827435355
0.6891486605422199 0.30914040082518746
0.8473193102539376 0.5515350990781254
0.27545640976743146 0.8117702968281644
0.3484424476933454 0.8147606224990009
0.49665106888266286 0.22476322984857888
0.5325288290857042 0.18989370132529593
0.7146607906679461 0.2520857454627061
0.38344851200979013 0.32179178616685467
0.5188565351112111 0.4810498912904555
0.4701339454851108 0.07688223358215374
0.47518581454734043 0.8551787833049198
0.3416576105405389 0.16568672205953527
0.952851684210283 0.9985376671697137
0.6877297909421363 0.08983805336760087
0.359439426807737 0.607621316374177
0.25978545330956737 0.023799337879887528
0.3998560958524895 0.4074690294797465
0.619666892250482 0.3404006179240735
0.4813302617199904 0.981540241255938
0.3235047516214711 0.6912458463203577
0.3584214420875067 0.2558016568882542
0.14008336571886182 0.41481884606945085
0.8810119360617907 0.1986891127613255
0.14089024932345273 0.38801867757942543
0.9791967649297515 0.999000693657544
0.0009009030483206892 0.45795161678165
0.24838354535598883 0.18524667812074935
0.8157609363324296 0.922322108896438
0.16220948478446817 0.9858853012842532
0.673173686863576 0.34668081283942365
0.886019317380548 0.6395660051587513
0.6668891146955476 0.6479387374046521
0.16709817792798787 0.3417090364134281
0.7558611001048181 0.1678454524472064
0.08548471846669159 0.450049718078807
0.03592859552574024 0.4776315570556766
0.41373112129093426 0.8058981932725617
0.4453397971672124 0.9973384917679333
0.7856621206646195 0.11990068461789383
0.7730109056377954 0.9605731503867996
0.9191083543470642 0.8264599851213319
0.8518152915907997 0.680101954585909
0.7463368594628479 0.6622872415244547
0.048617189791144266 0.295901187616997
0.7722976725813264 0.32666582537372624
0.44036372587212447 0.1511963781791732
0.3991242507746837 0.39886219801679457
0.1068437227650727 0.19054586218837954
0.3408878440393259 0.7727640612350588
0.5261129326203249 0.3728039049631906
0.23512635339263954 0.4319657349188064
0.7383687528377931 0.5673653515806212
0.3924848756309658 0.16119055179981379
0.6686573930720334 0.7761806284234167
0.18189946999824547 0.6838997608273572
0.6185188650274709 0.511853023277558
0.7124702438151107 0.7819505152720898
0.08344183759574997 0.6554671287443214
0.4062256426980593 0.16772010612035193
0.4830984349708274 0.07275757243089465
0.8517110038425266 0.9651026180474194
0.6583074543801262 0.563817186123214
0.7156228137117793 0.18927411235710023
0.6253624057096967 0.22059801253287126
0.35470522878939725 0.29537015197200334
0.3678245316646682 0.7258141929770496
0.7248242685793389 0.8318984784375338
0.40932085354401226 0.13021100299985022
0.8282053864485692 0.694955441192973
0.045774374446651445 0.943147304474437
0.947855683826951 0.1766435380111595
0.7974213473105549 0.7717668606693835
0.696047216532778 0.22411645243662837
0.21739711330037226 0.817861177466475
0.1081325853792181 0.6259566751130945
0.3236307087948955 0.3667085290437322
0.07555529462145638 0.20596761854674006
0.8232566195387889 0.7581114580858623
0.6430984461175648 0.6711601017810094
0.12467153398964914 0.4090997328032693
0.7412413984124913 0.17139295527247755
0.5490402227821785 0.8074504467420136
0.07961904017357102 0.5027492729913801
0.6858204914273482 0.2594849709348104
0.734150584771087 0.8003606259770744
0.8926853638905967 0.922125492813459
0.7896328902323639 0.27643430830792304
0.5231138735329071 0.6053921049523798
0.7198066819039051 0.036554412515010126
0.005798909370138494 0.6111028043036444
0.010344053589429691 0.3269226194352679
0.20925394204296288 0.28277649676461425
0.6772971272856125 0.6455012849479784
0.4933852549258666 0.8158123761370135
0.6643201224364925 0.749193736548422
0.8104046987917344 0.6399904802656138
0.8902334462721857 0.06959831529995353
0.7278895723697898 0.5447142361997033
0.6616116588123984 0.07877333640837025
0.7626540692483335 0.6400867733093447
0.5387447738371163 0.6502655270971729
0.9569166185562803 0.8284680298454059
0.9728387581615694 0.4910420922845895
0.2079574750100086 0.08237401637283637
0.28165700786913184 0.7901049553925785
0.2898037528365687 0.01844186897493927
0.7440968829685495 0.3131614289733635
0.3017674012978273 0.25930130812467445
0.773949678403077 0.15154658455498082
0.9257091677555387 0.14052303554424905
0.11633260776062748 0.34865910172592374
0.29710560908152317 0.6596745050531585
0.1715127808619532 0.7362830271491445
0.9044332413379101 0.6166532291200635
0.46010463567689364 0.4056582151667347
0.881110702083107 0.36529096155445173
0.04811057458402912 0.8074838618419737
0.07166138856613435 0.056942264707492196
0.0415555303207642 0.8241155183993754
0.2522825954065375 0.3151411525134722
0.8390506686712214 0.06751186266388531
0.15114517242911796 0.6051842839588046
0.7589822567829325 0.851065471710517
0.08769040638642589 0.14079406275658646
0.8736532175842537 0.3429338003926574
0.8094539250001824 0.25424754939066885
0.34762568397342997 0.23214534637059292
0.4062281641261205 0.41888926734188914
0.40151130860023 0.33746151160433135
0.226901366575337 0.5523225671397389
0.7057255291627202 0.750192439321189
0.2710077371218882 0.10805876821057825
0.7656554789703109 0.4218519402688006
0.9148900593475304 0.5837211434436516
0.5900772564059067 0.25655485489918495
0.9090181291804602 0.9422682054503309
0.5251603260366284 0.7912520471266438
0.4213320073251754 0.7521868132473104
0.6725422423194523 0.10016871287210272
0.08953537581349558 0.8762051290792607
0.24215048064545486 0.5630341492718411
0.898384318150155 0.4686698316018745
0.358020723640597 0.2023065500036867
0.12722460616728792 0.018285310018668843
0.6389563569328884 0.7529443690974509
0.35025435799952054 0.8805614988240578
0.8154212949697606 0.5994577038427702
0.31985117372965655 0.5479994939113795
0.8413263512414784 0.34196849521583794
0.3965726257514435 0.18300286431969237
0.908885637440048 0.738413649055359
0.5174456391450974 0.7070987847683812
0.3464229792209861 0.6045554880433972
0.6324287003887434 0.04821589672212934
0.9853751489762137 0.5703708522109383
0.5092660724323901 0.0029119919162972074
0.6459067364041027 0.8449162339051295
0.47538505914305995 0.3514235695686381
0.7667449691457457 0.34923854541570565
0.8473075391392366 0.9567006353244272
0.9619554461863278 0.777276495341445
0.7569637958159632 0.04952067983382391
0.26660782403139627 0.2521598748015257
0.16980631220111042 0.25537308064368114
0.6995735885447756 0.8218221693969789
0.4911173809418221 0.4570029448842301
0.6797680460299798 0.3669520981126879
0.034334968981047265 0.2763980148432075
0.6364027315894363 0.4895904812246543
0.3987976727958853 0.8910429235931367
0.2965353173479106 0.09620961605955114
0.9206062476351369 0.15848048638982393
0.16783004406094082 0.7000490319182209
0.2899338521682955 0.1059737334077755
0.9379728958504849 0.551725972811058
0.7004344164901579 0.20112484373239825
0.08275163148079923 0.6461865896343375
0.9031503666335543 0.6129886342707189
0.5917814538544837 0.08527729155991315
0.7405070171390413 0.3503002938697799
0.8715231002412149 0.8582698731267242
0.9191976542775602 0.9244394601618264
0.0474739652048255 0.49870167080187433
0.7014585179842856 0.18224790416489056
0.16637745359255907 0.025263312208849253
0.8720650543163913 0.3219984680121255
0.9348755519450873 0.7046382051740188
0.3640262097865501 0.9677228674175764
0.11930915364289696 0.2044364243047858
0.8168824312850074 0.5670551233178454
0.9002939132837635 0.5293772240939529
0.9772526224294504 0.943311779200146
0.3041918698446071 0.6370788345344103
0.053938157954304344 0.9666667308748322
0.7119962770654629 0.19496947999121716
0.5182269926469598 0.405423366337488
0.9875187462573087 0.04339148285837591
0.1567176767759635 0.5393492028923739
0.35169999308862754 0.5035914654272831
0.8979816037029489 0.8467193325522211
0.5182093973703565 0.10027074596425423
0.06871954894869314 0.45640315901132666
0.09870586454900865 0.9599246881220709
0.7709424333640773 0.6679357029547486
0.07552669141655843 0.5617528257699851
0.6283794803118925 0.7612882040951416
0.6421350008698146 0.7137898771456967
0.105534878116335 0.7250821496408888
0.1335522588370608 0.5922254024745786
0.5340560126289207 0.8277827871933106
0.5378277832424951 0.029707924667042418
0.4795613322916352 0.863385805470595
0.6295124912107959 0.7835136822783324
0.31876573908678973 0.2836281237099121
0.7049457459195356 0.8994238289686138
0.8438645473333515 0.5017207333029923
0.6441422773294347 0.48418724414908065
0.7047300671815788 0.007859851274583107
0.38961902714931385 0.7353149214254302
0.7965562472509398 0.019622809564966204
0.9137726277944449 0.5599269719890483
0.12291398688845567 0.7980065818645943
0.9026634676882184 0.35339052347972766
0.76080807452797 0.16695906012046025
0.7910389235175208 0.8704027764356803
0.4281714010596245 0.9752645051974003
0.5650082797682112 0.5347451919759945
0.5525593126484398 0.316175916933475
0.16814388703970296 0.722070864785002
0.23590102532464896 0.8081255526623536
0.48251711428654276 0.35632691791787807
0.3485003685511643 0.9755366646251193
0.07061464182406274 0.5038245488177995
0.6545920869588646 0.25979700178611953
0.37814994474113117 0.136084144409631
0.998422364754052 0.3914822086328871
0.5624886948287275 0.15784682555848484
0.581533496256849 0.7104678864658314
0.6818330246806252 0.7982940043145395
0.2732820843551711 0.8150749124426309
0.16069313086300197 0.8854794576099794
0.034297049667288526 0.9340998090334891
0.30570807117470533 0.9103207339319539
0.5025149380707545 0.8463444084743832
0.8368158899225333 0.5085700835491589
0.38983699129776594 0.32693476327852933
0.43067194838242084 0.41165699550025137
0.7819137313231954 0.301419977538822
0.7836721087847436 0.4553900659106229
0.05482241119770226 0.954211871353869
0.8472571123526589 0.8163600378051044
0.913702298398746 0.6287880098321446
0.9941398180506344 0.40302410138924527
0.751979905026438 0.28034343002304185
0.5570040843521702 0.5860546155690105
0.21785388760780666 0.27491424786072605
0.1687662727039354 0.8559221316849088
0.3160667924169469 0.6980206167761442
0.5363062595097277 0.5767184860831389
0.1009927479778212 0.14063263138147497
0.9022786364556723 0.33376495485135194
0.34008829460406065 0.5685940439351707
0.03150776314744674 0.30013578054553247
0.999930562574882 0.7841440334291789
0.3068931135084425 0.7627722109295387
0.24202798816634608 0.5280927175348544
0.8669673075759412 0.5696141865409183
0.2834340732379701 0.42399723835613146
0.2621683907884289 0.21748015678711896
0.5662540797847955 0.5709449192640419
0.1442926139462286 0.2660422871764023
0.03813020482165075 0.9314032983548548
0.7846256411013075 0.7683971622766117
0.13188809275459112 0.06066870917842082
0.600628171339401 0.2157222973885724
0.7696210657990248 0.8801459911817582
0.039043353731375685 0.8162222452589039
0.9932633318101318 0.684430676022497
0.7191512670630238 0.10363518940827743
0.530418037753305 0.6373551917023268
0.06392223914070105 0.48142597939581555
0.27429404065089735 0.08292704164895581
0.7632210861177009 0.22675235171941477
0.4861420786783168 0.07534399892759458
0.9764640841356971 0.17015831865215558
0.05701216502065365 0.3265463176743808
0.011308183631524082 0.7157013729796926
0.601824392006632 0.29011894871060506
0.5449129234542134 0.8059699010300283
0.43601985284137856 0.37088857900562866
0.9647414065011313 0.6583601247094342
0.9574915294362929 0.11943799166657776
0.6575665045292449 0.8209600555052212
0.46960039394028463 0.08530490893447062
0.31893580390539333 0.5703745491332275
0.8681129507916332 0.038282372439117474
0.8814957934559766 0.6401406569453476
0.653563309732943 0.25862990070455494
0.7391831141468288 0.5925486391822272
0.21807878395488656 0.061556253379176695
0.1332212016535792 0.6249305438591237
0.21684728909916573 0.610099131072037
0.14333768962900995 0.45571553924177466
0.051345972089893666 0.2351376298955019
0.9120294918237906 0.40451401860751246
0.32041034124993595 0.8696256777290756
0.8257814497746874 0.49210870224408887
0.030344725316121313 0.8331795036483545
0.8690453047732649 0.8960405366424935
0.9496097022583783 0.5558359310710126
0.5306397541085812 0.878549905415394
0.37794588553259123 0.8854174087379065
0.4586547344176557 0.8427026098479018
0.15868688971066525 0.23064075589109923
0.37628360127885174 0.09539040360284678
0.6749685879890974 0.5963853355468798
0.41837250358130396 0.905997441079258
0.24388427351991493 0.38761172106581765
0.07074937704970297 0.5187758285933555
0.4998709717533085 0.22444896435250605
0.7406779282681992 0.3251713515478345
0.3875866764976421 0.49140296811404127
0.9597711306498056 0.6249668969508309
0.7349273380466781 0.5269842253888988
0.6427135467407803 0.13136492561691426
0.9690599670808455 0.32291167599986803
0.3113756162545087 0.28630705997551
0.3820299840849992 0.9348468007017843
0.46461300952884543 0.08608686190669346
0.29107689373479606 0.2503668290187362
0.8031056464498028 0.4890165595892353
0.9053135126675751 0.08157593046289224
0.49807580976273225 0.09738758292599647
0.5201330357721055 0.6177385757187832
0.3359201309769304 0.4545149082940909
0.4433504941333848 0.7027239677782635
0.19692708411347404 0.05801445763706692
0.044159042760878675 0.230705409934431
0.7213787850203812 0.3689619135216722
0.3393948355730425 0.32126291019596565
0.8046957678355406 0.6528964081075896
0.8548172855796037 0.7243780806308906
0.8754180601726893 0.12564508784561368
0.01114754586764688 0.2913115115869733
0.40992623266793915 0.5354076384894282
0.7274376552719528 0.5143314957769072
0.41591278510148055 0.2972459749885039
0.9837720059816695 0.15513615370387668
0.35288714684697253 0.7961085413586941
0.8518417754521341 0.3380916860278038
0.21583099940047257 0.9393220030861495
0.010729670302738858 0.9944062792238815
0.43988135767814684 0.5624003465809517
0.6827057654567241 0.5958205738161182
0.37252177643397744 0.3686504083799893
0.939603479090908 0.613965599336318
0.622314541689178 0.088288938714977
0.8872988313311816 0.5857510452760537
0.8905744057375165 0.35397804644815545
0.22006460007675965 0.6005675346426986
0.8253326503719043 0.5600262464936328
0.15289002440113397 0.7575011136730199
0.12443918617361849 0.5859191214522075
0.15232598502330785 0.25358263056540054
0.26716735758754395 0.09808732152872146
0.6088223485813355 0.69179411935769
0.44237928045330865 0.2273332646426265
0.2635071214816962 0.043253037284192164
0.7170295387609882 0.6908592261814173
0.1505679793624488 0.866343182061031
0.0278129695041911 0.5886790643855473
0.0988859024047577 0.9692762582223031
0.310773738717685 0.6778204000458778
0.6567056003764817 0.42652308864266475
0.1726959681074982 0.9037709371690033
0.03379714680613888 0.3773903934875662
0.7397594414463757 0.29648706831863025
0.9297614861825436 0.955814856264994
0.20178417647265445 0.995831611175978
0.2650351640432307 0.049474319745687945
0.8666378335148179 0.44600909998092075
0.857096764643021 0.016356206437432963
0.1161464344804235 0.01800412961374609
0.9619355839394077 0.155702177564766
0.608705655791645 0.7310742830911505
0.3677247949839537 0.865636359668972
0.6943230726223553 0.5273739217127111
0.8955302971076318 0.914167754325171
0.5103561566007975 0.9566152961301677
0.7843268780667567 0.34992088020208234
0.7342151719065517 0.13852899416514108
0.5892145155185342 0.5297906327631277
0.44340766178388846 0.40141565725505046
