10 3 100 3
837 906 745 795 892 826 950 850 899 844
919 820 819 794 708 792 783 867 1006 1044
853 816 898 1271 728 889 766 803 974 892
946 673 1151 1346 1106 880 1103 1055 1103 888
758 1319 1294 1242 1148 1440 1061 1245 1065 1036
1136 1066 1111 1427 1299 1280 1437 1152 1484 1243
717 1117 1358 1254 1319 1455 1004 1075 1387 1191
947 706 1021 1122 1142 782 961 932 1083 1027
877 881 967 1110 961 822 799 903 1067 937
606 920 759 685 905 946 974 881 1014 906
2 6
5 8
5 7
0.7292880210989354 0.4650142820657022 0.384053967355777 0.39251033572104443 0.32121986814175874
0.4502791998580902 0.43646418733936265 0.3346468379873444 0.9875357271785108 0.16947848330145343
0.8092141250644138 0.7146447443618051
0.7409281512822044 0.34134239039386904
0.01955517864038092 0.5855943178089309
0.8311886850653589 0.32307080571423774
0.8217054700421704 0.5401604901974546
0.6399483350569128 0.02930934954886366
0.5081594600556454 0.2509222533505011
0.45409290892972454 0.8913478152799572
0.23503640538580206 0.09041826792846575
0.4185465390446337 0.6892949126205279
0.08278127068503616 0.9151665567266265
0.45698888426732553 0.9934950838067085
0.7243727424428001 0.7352210028965449
0.609649635762624 0.8912993556454099
0.4279273602102367 0.16640638817507636
0.2584084550917294 0.1540102903422993
0.8533868641162481 0.8912954834007774
0.12160875892715062 0.029826170631813254
0.9965307599535451 0.9171952041276998
0.03672054226019417 0.9897265014926393
0.7382303991377948 0.04633289369398974
0.9043464318822692 0.5960190414223943
0.019360315706741238 0.16673212878767774
0.9245924250623336 0.635434862575168
0.7609323284875567 0.4972630378000922
0.8267448914597999 0.9106237652799014
0.0577394341517814 0.5225597772758017
0.3808499846662985 0.4805621177469679
0.0016660871477536254 0.904923213938295
0.15229268913495497 0.45954092702419924
0.038428434189208494 0.23036044928194488
0.3789069802599141 0.18902960175429695
0.4087685251759994 0.24353214728086536
0.732978128671655 0.31301130072182337
0.019392716141900523 0.1123583831303725
0.8226724410796271 0.7798657399733708
0.849764934459762 0.8477161534401245
0.35481285920412486 0.19595333806213389
0.20209876855864506 0.9454516617279836
0.8519698698890743 0.2075544684277444
0.05451169027981395 0.13226143265277424
0.2936079682846191 0.5733674428542617
0.5892003421230576 0.7778039168699455
0.7893883360165297 0.9702286642186453
0.7473725613445958 0.1657372401231103
0.12380242417537035 0.5820923583572757
0.821593832422969 0.6329928499646009
0.5957713788249948 0.35450257220207915
0.6188241816279882 0.7037921997488794
0.7075950825429844 0.7935924115962232
0.6367613614461305 0.7816801589678635
0.25000878600884024 0.508514715773932
0.9865163670868848 0.22852071617136227
0.9500498689850669 0.40989055714550204
0.4938487020102287 0.27187048868172914
0.6083916606918056 0.6212334123634149
0.045078891550120126 0.5731400601587906
0.789467996067744 0.2808227010400488
0.6465671367811618 0.7210898334830469
0.9103437308986664 0.7913101535450182
0.882648358962246 0.46647073147873197
0.23007385916896728 0.5220694085250408
0.9356101347440364 0.8227728791965829
0.9989715795955985 0.09573314447710168
0.36439323485625286 0.8554973183995993
0.11906618177991546 0.5349109536892114
0.7006872965586177 0.5482356199224543
0.7713212505475986 0.5587705474778648
0.3191532254303815 0.03335524018690461
0.9702691521490945 0.07161826674238858
0.31734203911747505 0.06378112039872663
0.23418713827222315 0.7081517984030141
0.884606410232182 0.7613414880816223
0.5918120052783331 0.4234641195361464
0.780235418667448 0.09496251017546653
0.6281154488409266 0.6011984260981909
0.27412760179052853 0.5699705660914538
0.44499733832346866 0.276372945920901
0.3392693957318098 0.27868082812439776
0.8390783648131885 0.003981847060002153
0.8033280865688335 0.5612548625462614
0.6078466639670959 0.7696477720754511
0.021805887846551686 0.8776936816867982
0.5728939274518097 0.5610606119809698
0.34231423211020506 0.022413354288461917
0.9831808045542985 0.9633033486314597
0.37572035602060727 0.15190470578437942
0.9146250462360428 0.3630205856952604
0.5364392097389619 0.29169219104666766
0.2836364702680314 0.21804990700744886
0.6822812445240831 0.6664172004314497
0.7006110706772817 0.05279733476075643
0.0006698553341604185 0.48094864406452453
0.4147078478198265 0.9109237967618229
0.777028444982863 0.7674561755501434
0.489046700202999 0.025283808757157855
0.016716622579938 0.3483746399174876
0.576470931670519 0.8404687789004144
0.7955534524273562 0.9804834432257175
0.611143790395581 0.9480704954091088
0.6188002971179849 0.6146964319430304
0.2389566961875964 0.416753272222401
0.6350505257026344 0.7262495819991464
0.7311080086443136 0.5727528092277765
0.8976800679767778 0.02558738846164954
0.9196720768932081 0.5390943899514822
0.23828565372191468 0.9164543276299975
0.5145060029027919 0.8553037728010986
0.3743529118142852 0.7723762282399325
0.12723360942121564 0.1341622468401933
0.9658629465685757 0.8220137487639076
0.66520361950686 0.6702425193168842
0.9519570938378414 0.12008827353621498
0.9898946734447811 0.06264043777586048
0.2178468159105551 0.700175868709416
0.1251580210761376 0.7085416733321224
0.3543586503153313 0.367574822937192
0.5334086129801954 0.6019535946057091
0.11692053627477184 0.37983412225877444
0.3709037684655385 0.5207947781446169
0.8861337757469265 0.32996876214256154
0.5844371453363901 0.3821401194620875
0.30736079459762844 0.8654797221909258
0.7525637510734082 0.24538654588668374
0.007104830332614442 0.6055854145093049
0.8245980934964425 0.32360877044216974
0.010857450964706805 0.1941711984215353
0.5050807700432387 0.119955261224578
0.7266767223713122 0.6666745461382069
0.5170654017824365 0.03732513366193624
0.31049200671446764 0.8520505988389893
0.020008496316997304 0.40991333283559994
0.5492455257660473 0.3191636809550711
0.9949619729438806 0.8154938041708071
0.6266424719316703 0.9527062104151305
0.31505425957045907 0.21231776986608408
0.17261881383510436 0.31198661795396965
0.86577992683553 0.876207471719004
0.1084866583360733 0.7375843679069269
0.02294740706286591 0.41395765844021026
0.7867362919539977 0.8353366089724756
0.38209158540716026 0.7742440911037949
0.09437713166830664 0.7998727489172861
0.3665073681104589 0.963140026979203
0.1757597795187722 0.2333327935035785
0.3474366742325987 0.9270213937067917
0.9195161127757259 0.08774188068930666
0.5719016309195979 0.5652939502307541
0.38626863827081914 0.43754119319566276
0.1048368203190817 0.5140070716900711
0.7582793148827647 0.3530060097297636
0.8364243973042009 0.026919300949386438
0.23250452772056351 0.11993545439566056
0.1745961344427811 0.16122102541065675
0.45106862483399346 0.49684868902458246
0.324463571562551 0.5227992965095762
0.684792105801878 0.5756898888812381
0.5839457620622872 0.49014810682759813
0.3689623228039465 0.3380333810681444
0.48184082785707716 0.7406923607223395
0.23016362158681014 0.9705374277988879
0.4284649423113822 0.3808062099572158
0.7214467934575532 0.5563543857595621
0.9060974933155685 0.4329462534378623
0.8364944025638275 0.4354188628639566
0.41256028719829674 0.9691314309110104
0.01596710529104306 0.5592871844968705
0.8459634727315728 0.17925907427961874
0.09092244209670164 0.5558779734438182
0.7804421992752684 0.9215230417659648
0.8772717538763053 0.3535181022887939
0.26291944803932354 0.8311788316455344
0.9475641234644787 0.8186294542788819
0.8839289936983552 0.6879226708103305
0.6886523500073514 0.2774545151516419
0.20359592481242617 0.5519804801605701
0.337664589263712 0.02683464177458572
0.7790693048394712 0.7848749495443079
0.31158812221778054 0.09719159929313159
0.14214542055238244 0.5529906671131313
0.8442956235051089 0.2728104268667082
0.24771152360394932 0.13578572817304502
0.11939119864181658 0.4230295263577011
0.7065638623061499 0.4124190856735035
0.3927605082468564 0.3523198643480723
0.21244358114975093 0.1445752883375071
0.8580962843467805 0.8679175658367049
0.5378728366637948 0.8604159811999086
0.8095298102794384 0.12477953156024002
0.6330914675051273 0.05799942341880815
0.09071012483548757 0.20255894418221643
0.69821511666133 0.2855239274476533
0.020340854176758683 0.6039738456855301
0.3959514034962348 0.11465321838616571
0.24638285607806765 0.0786735637952809
0.588068272186983 0.5552482016801574
0.7254033087276914 0.3003058939850447
0.6701357471188545 0.2221637011794071
0.7542773483466543 0.6751253663407859
0.8612629411411621 0.8929211263061057
