10 4 100 3
976 1048 948 1047 984 1017 984 1013 1022 1049
1038 952 1057 956 963 971 1041 998 970 1053
980 1029 1016 952 999 1045 977 994 1040 954
1002 1005 1025 942 992 1023 1055 937 962 1007
960 997 975 983 1004 952 1048 1042 1033 1009
1029 1009 1044 978 973 1050 1009 1009 933 1012
1017 1020 1052 1013 942 967 976 965 968 964
952 1053 1033 1031 1050 954 985 974 1043 946
1040 974 1019 1021 1000 1019 972 942 1053 998
963 1053 1020 994 1002 937 953 1000 1028 1035
1 0
6 3
5 7
7 0
0.7154470590300127 0.7218140173672196 0.8936617568235419 0.513239078716866 0.10197937373727194
0.8103883189636207 0.4555342741912133 0.7865453714172572 0.9952028838371094 0.46507478745846775
0.9575989957829101 0.9351079578703831 0.31904833917906966 0.5409846759575694 0.2155083992792335
0.2515019504490692 0.8223961798579484
0.528891762952993 0.5359277955951103
0.8990008970379768 0.3539743233884549
0.7136654758794172 0.26527522305022333
0.2381450002735912 0.15323088898922377
0.6609750851870797 0.9313246208757524
0.5104022652464366 0.67568664441281
0.4706503075946058 0.9232215327644178
0.6060917537668435 0.574811763333605
0.6063118606117432 0.4155034189141791
0.1478947281133156 0.5670416552800417
0.7412124944460667 0.38181747907373875
0.6798388368474226 0.519910306334429
0.07651355378041091 0.1544331585637757
0.3096066650421081 0.26317058027964046
0.0663829531142619 0.9360851280449576
0.6102500481614881 0.8978933727684941
0.7757457971673947 0.6239184471307395
0.1417969945942077 0.705553733814857
0.6062656327078924 0.656984011474953
0.8504226331908673 0.7606565466011739
0.25133639493668825 0.7279991485627453
0.8199530597960545 0.9182401460752208
0.18812873505640115 0.6143197714437478
0.8419974672984434 0.8749196283090734
0.5126148806666582 0.6425699648112597
0.7685362222087724 0.07929580860903096
0.4096845376961231 0.8313349038774687
0.2206366939033031 0.31538252132185063
0.5857583210506587 0.5928439124691729
0.606220911743508 0.9131092496124396
0.6247188830750836 0.8437892462151448
0.49849726379190096 0.20884140992137468
0.6879204246803943 0.7696427910761263
0.878567151518123 0.5488572986815587
0.08055351226891383 0.9823427575357431
0.7761639522182096 0.8690155879155563
0.28498032992139044 0.6642878193321544
0.24543966327224753 0.3990453259142306
0.5508466177487912 0.4789030128570564
0.40735934754557945 0.20932060136606156
0.20851227000068562 0.5803025813316527
0.9120545028717817 0.44025415889951236
0.12419408702119572 0.6457150680610411
0.39626764840088957 0.48469523270371484
0.4067236237978138 0.6725388274979709
0.7524912721617356 0.7268792329144689
0.15418369395373555 0.5462437195153338
0.8091114682820382 0.26975044339728393
0.0730736154440268 0.7918717847006107
0.8013882444400475 0.9955528592730956
0.6848710697688478 0.3984313941703497
0.0405851903420138 0.502680341790525
0.7192870740254713 0.7446642794139968
0.7302636594486644 0.3964176977705205
0.6384403165830532 0.4818004559282547
0.9272791364372683 0.737706190977284
0.16631541786087656 0.26902318251701973
0.4908122938468653 0.9367849800714649
0.7891767324655736 0.5617905188513681
0.6863927688939935 0.2733601986491814
0.30921342187286616 0.16919568112783678
0.9205488116545282 0.22569914316618855
0.8290075612443268 0.8501584069305195
0.4633530752907631 0.07250617776506352
0.9291375879972918 0.8127271132009959
0.9904728742592479 0.7272304707026986
0.6388288310131844 0.44918387828959605
0.6021937686926173 0.9810391127219877
0.4250558172278547 0.8419757019772005
0.06797153701473757 0.4386831943722429
0.7638125908342395 0.46781672636576443
0.3105163107313482 0.6185851545327845
0.013806953186680904 0.17301385970240934
0.63271405360111 0.9036252880744602
0.29553436295970714 0.020093198454325778
0.2638340700325048 0.7481124945435009
0.5741154248837934 0.3345957627760423
0.9371922338892338 0.23708310383626863
0.46720161367816315 0.4712749300255017
0.1681996813104254 0.7336577674069111
0.3752126671572531 0.5767481817746298
0.19438701693479432 0.5390016053794939
0.6559778758928521 0.29031531119829657
0.19202051422273092 0.4120446601213337
0.6496818660183945 0.5437153250286362
0.03850415235076077 0.7314742891289485
0.22910600079899623 0.28245839646658677
0.81754951404254 0.5054549973906572
0.736769954654596 0.4344496095341803
0.9419533718143076 0.7283282564871321
0.962741971941439 0.38279404401521067
0.5276716685564067 0.04809930865820755
0.7230010027154594 0.013071432980489295
0.1681617075209323 0.3581216102032425
0.5577735841467102 0.6184987063400387
0.5491257715726559 0.2234139843479459
0.4749946018671589 0.7307525495101672
0.5269864853505333 0.26781220650395676
0.2046972062202126 0.3286007905067172
0.5845037895934442 0.8600534853806454
0.22031752217630207 0.8620618335065768
0.20714563933133356 0.22765703801094683
0.37636269585041116 0.1080134878112693
0.6688731928763794 0.3016243791627282
0.4538233595325232 0.5330501425764016
0.3625405979402547 0.7044491883187101
0.8252722781292678 0.1990134403102657
0.39295823132028773 0.7810156604070719
0.49733284095481234 0.24419800794273328
0.24648930135703928 0.8113819013352288
0.4506413422618487 0.4169572582002483
0.9056004030179947 0.6460838176250523
0.7120825107441822 0.8786864733889637
0.6158988062763993 0.06744065177176917
0.7519314633095016 0.7861249213769155
0.24811651223410425 0.7502204476280909
0.9400983138894734 0.9900609075631617
0.2609579609642787 0.0759685482347332
0.3144129719675812 0.22123614929868118
0.8082076738757646 0.7961942328046543
0.39079270223629625 0.5573679278605423
0.9594534852060752 0.11072279314556588
0.2945543714238066 0.9614785298141268
0.029801038648854528 0.6068554273367521
0.9334306635848599 0.036882451371403
0.34467740227842825 0.2590670640109769
0.9901711522672294 0.532002439030735
0.6443790439986437 0.9641018498480607
0.8169396375589739 0.6525914543372962
0.5546693475867275 0.5587414764711562
0.9384395335478701 0.06527918046145298
0.7029369499185694 0.5094651505585532
0.8586196711463818 0.4278829580860595
0.3630888089973823 0.37864147855440433
0.712521047814922 0.6618609009753866
0.5453994097552342 0.862645429827416
0.7594250167176679 0.7014070552360894
0.45202912785293314 0.7190655040281622
0.5557587084539222 0.706978969492648
0.5193083467647799 0.7758775652889056
0.5616035289902599 0.44505334061531965
0.5110239752029508 0.4041588246111174
0.9868725327568739 0.3616945777837606
0.4111171252406005 0.9456866303430493
0.6271565834172643 0.7085200612425064
0.43546820685798693 0.0999406665398832
0.42620499497345365 0.9703489649314176
0.8290402049677033 0.6772542128096812
0.14028117128131967 0.02252688424501903
0.5934283170949775 0.255462332543279
0.11704928579509244 0.8626433995666285
0.0713797693212257 0.8467599670309387
0.4252486769457231 0.9241694350254741
0.7576324009811555 0.41662306868952625
0.3028381739624664 0.7604408951404471
0.5017359040828269 0.9915391010360528
0.9569022860076337 0.7719374180537979
0.425898173964935 0.31793770687210876
0.6991639007710786 0.19795895588121448
0.27254193525226134 0.4074568137549419
0.8358221869830633 0.13595137879900987
0.9406957610838513 0.020657987333692285
0.5478052203884565 0.6286788946810267
0.7873165548252716 0.15248172408156724
0.9295514630337025 0.049662545943187864
0.6456793454755956 0.6257724280059997
0.009031160097570101 0.996631577126748
0.04059033978090887 0.3542864453231729
0.21399303627271804 0.13669104649176234
0.8909765229826283 0.6892027610065217
0.1679543851144618 0.898518077820287
0.05717795718689822 0.7805677733203038
0.43738783856903796 0.9653419631000586
0.09009047166184292 0.5329918527488855
0.013891571379027079 0.23468864392301514
0.3886603708243703 0.7054564665643208
0.6114331083567881 0.13561701723180408
0.047520981909411786 0.08698597579948775
0.5869331906885289 0.5095361403566232
0.10097593331007237 0.6686664623836367
0.8990835044210095 0.8627031320578149
0.4377413848370866 0.49798983509361894
0.9689410508829317 0.2369092037832401
0.3981211804227185 0.6960058258621606
0.017010058665599015 0.8190720495004895
0.8088998316797125 0.02146963388524248
0.48808973054451577 0.9737331072568327
0.9681400591006257 0.8419400825349064
0.366531737741282 0.006739208820073284
0.18152562408731177 0.3144402430171369
0.9083625089439658 0.36188167323462617
0.6839948099202333 0.29749902330603617
0.6771399683161976 0.33864086595636755
0.4392751448278469 0.17765232524408447
0.5798876079482493 0.5134472717384733
0.8155227260641671 0.797635850075407
0.8899140757396371 0.5330727508408741
0.5507957402668271 0.4378342917918132
0.33881192816308614 0.32114459674501084
0.12201338034603504 0.17675445605275852
0.4010923708554821 0.8517975222191712
0.44037654128943293 0.313485091596569
0.9643449970730593 0.36379455634640423
0.5130717852936411 0.7951266261432581
0.12306110200451847 0.2303451854741958
0.7361742311231476 0.07216644243183712
0.7768448875635283 0.8722129698523715
0.38847860014272495 0.6121133417079627
0.06326575435955228 0.8605853359988953
0.5409240209008777 0.5055267294185508
0.657736808774509 0.7936423767109018
0.30224583269713134 0.7539205723544284
0.6673343387810173 0.5503588705175082
0.04105587660915577 0.9012907999339872
0.4973562569059624 0.6655623812328966
0.45420442919658055 0.9163392933553987
0.7117353912330369 0.7719056492233682
0.07088712787167095 0.9392904823121815
0.7434863579989508 0.19026409816155732
0.43407242302814897 0.07392078064394436
0.5786082579970508 0.6338460561223418
0.6760571325001004 0.2053751386970566
0.811919806890673 0.9287056385001327
0.5105242031993882 0.9380622524320434
0.9086424265977844 0.3279269410036516
0.7975239782090244 0.5035967876599412
0.23502296520583799 0.1531296222245695
0.28288863416211174 0.10191684034839432
0.045620074907125385 0.6607001612610828
0.586778197257714 0.6597276148469253
0.9718422412614556 0.9187770742671928
0.3514677101639103 0.3034735833888358
0.2951927033098025 0.9893997337768057
0.5096250696935816 0.6542962939454597
0.12932339573133134 0.6484848858733654
0.03850772449971762 0.19217872619192167
0.6795598506631535 0.3201676534915916
0.34608437345755405 0.4324633907054314
0.05686902199116228 0.28397160240785135
0.9844257212843057 0.8083285779959042
0.40191409198261274 0.8707337263948698
0.8655232351601054 0.7082107704358049
0.2816402793004731 0.43805990690805197
0.9102241625575873 0.45265387784020894
0.641117828600845 0.6234205491448859
0.006203510767491149 0.6161406458430096
0.16572819935660754 0.8152985979502352
0.3172652343405369 0.7163857732434553
0.35640914845075033 0.33779905098695884
0.6099613906115233 0.8742936969094164
0.01813948518499453 0.9179183863095626
0.27490231474790594 0.21612832483009115
0.8695696812575096 0.9086027458963091
0.6646129091315067 0.3718151514029715
0.3809836640934996 0.34499322283835543
0.1393415632264674 0.6546743375502335
0.6333972548212778 0.8509885101635302
0.5627653295748638 0.738596309894402
0.728826752025018 0.4773464274594481
0.7254876293124297 0.9895759070541952
0.716374427146963 0.9375605412813302
0.6350547437929115 0.4191003433291798
0.49920393995203893 0.29063915418591324
0.9062169325757816 0.7998455544899421
0.15292769867863987 0.37253384531056355
0.07258173971840609 0.7308865351224663
0.5419580244868825 0.8331167769816121
0.06721438364269039 0.34983996815913154
0.44831284487746026 0.3871045154600612
0.1753626821061267 0.12839463050334832
0.819613852752288 0.6324100447150254
0.4920410790446801 0.3009081641031506
0.951509467453473 0.7775164237713501
0.6112143572612374 0.12533956428883308
0.8756647557331227 0.9353858074701871
0.18421631816591644 0.2617167652402279
0.11542595803305566 0.09796194034403283
0.6470318501997967 0.08831058442345152
0.696805632961121 0.649451356030567
0.09098459630197242 0.9396788001272969
0.3934006048046901 0.8487242550504852
0.9864333277337345 0.39265537216843427
0.8434507585286011 0.5711318431471502
0.6019256507751891 0.9647922266643887
0.41359567545451315 0.619602462446526
0.18120604779615546 0.14591432680175087
0.08079132262402222 0.006755570228444974
0.6841574556438408 0.8313793182412632
0.1743715010399871 0.41103240564891896
0.11261915507950837 0.36142746115028546
0.035986089930953424 0.2199703011263512
0.2547418471169838 0.48236026630687556
0.6785403718125229 0.4910613917464903
0.8356101065445132 0.38052332075866135
0.15013690834939686 0.5959635275122304
0.311905619298831 0.7151824007336733
0.25647176127726423 0.4329213391792004
0.9612161933962 0.33777001582152977
0.061365215036185194 0.4922311368486578
