10 3 100 2
979 979 959 967 999 953 1009 1292 1266 1280
979 956 969 1006 947 980 999 946 1319 1321
975 995 1004 945 989 979 998 1002 988 1297
996 1007 1005 987 991 1002 956 947 972 976
993 998 985 991 994 971 950 970 980 1007
1003 988 976 997 950 1007 969 994 988 950
1005 1005 943 959 967 999 982 1000 1003 946
986 988 1006 997 995 999 981 985 995 1008
992 995 979 979 959 976 983 958 982 974
959 973 984 974 968 948 957 965 983 986
9 9
8 2
3 6
0.5875904912447983 0.5542641759877975 0.5164271510784715 0.5591050778206291 0.49390306458593225
0.8891021175697036 0.3962817224355383 0.6409402641379642 0.6767537937825053 0.24648373862464867
0.6076158016013873 0.37453914945624156
0.6515911686259261 0.4595350741641784
0.23359287057757072 0.6456213248265303
0.7047005332356917 0.7887587180492146
0.5113500201970147 0.46594189978688094
0.16428165181982024 0.7505205795877632
0.013962353934971583 0.12308246415645407
0.15761475297278782 0.06844026191524843
0.19588075821120388 0.4959280196696716
0.9014415724832283 0.19602304784398683
0.9851384466466615 0.6309881751428099
0.8022967876677038 0.7907457116767223
0.9738670297321019 0.8210818025444213
0.2162985924683405 0.03906110908008431
0.47361629969406827 0.5039478442217871
0.34936604948260674 0.4335583126609237
0.6787036547892331 0.10724017454959656
0.6579840197760642 0.6598874446656662
0.8995404956659734 0.8504687301048721
0.7364376430829966 0.982160339903229
0.10177255060131096 0.8180226385420848
0.8490446558535443 0.9060432621983636
0.590625841421428 0.15281614862431536
0.9885324717240176 0.4554272466888585
0.7084446827273643 0.028991209312982935
0.4245230941995901 0.5356607775487947
0.2639513423049029 0.28826597386120056
0.12117141252080055 0.42561072636444064
0.5081209186535298 0.33515129533857224
0.7295460424905369 0.2497521463774639
0.11546006278008725 0.6170869546383291
0.6215784695887339 0.0675676183972922
0.9297926633743945 0.49547051845916257
0.014699853024556786 0.4259481121117925
0.6363142027291984 0.7854876390436387
0.593816516017347 0.7934260607989061
0.426282502542642 0.8921217601256839
0.7451033310409421 0.6536710665404539
0.589271392435307 0.28473751104780054
0.7421469441530559 0.054054843092598004
0.4499364411108475 0.37812401191887046
0.7070193618599379 0.5562358846039543
0.9960337988025758 0.44870993685128857
0.8273355764955184 0.6099304835760262
0.9314479624351384 0.11453349571024551
0.057753890922721096 0.10812885541478057
0.08688268277862798 0.8285528962345241
0.04587892760279333 0.8972134586031157
0.1450434545572885 0.4982716871303108
0.18548816145931513 0.3373581843359661
0.600587093143713 0.5498292279242789
0.49043523810924117 0.8501242914773934
0.9674143780632976 0.10302816890247346
0.9075797455073564 0.9776467808537508
0.38057676445928945 0.9171865810307076
0.5606492390373308 0.32000794135124866
0.7129143515926142 0.2710627130436727
0.8823851762097985 0.5152282919227062
0.2532600803859093 0.532180307524986
0.33802625871412983 0.20022568165508536
0.8081296822744619 0.9514187219874564
0.5672132772105232 0.6926332587851114
0.34151499739879476 0.3375449632741463
0.7790262706428297 0.29828927884610756
0.7002274656543175 0.4217590962091513
0.3724376370734954 0.5086397002825416
0.8814693860058995 0.5096836569629764
0.23404164670200722 0.37483353736604275
0.7270593309622331 0.3606756562638245
0.9623251939691602 0.16883922371197957
0.5998379641684655 0.9863241361599207
0.6045813381311385 0.13336829431283737
0.38683729381571696 0.2045609380320892
0.14763971596223824 0.19065329966571776
0.007675266185299678 0.013587509356635108
0.49478125686497076 0.9129323687838209
0.6484051141877116 0.2784331659176149
0.03479250058298078 0.7571013512591265
0.5877613207408101 0.7964746535474032
0.8782788951716307 0.12251578173585198
0.9545374400771822 0.257810255876588
0.9150335736414799 0.3271783326470685
0.3291100797058166 0.5202792875643463
0.5058497315078683 0.6909221354899748
0.6247696451140525 0.7033175214927068
0.04674949669248063 0.9394000551961805
0.1292295071225098 0.7185478694471616
0.2354948578700482 0.5302521996079843
0.2691910618602875 0.25532313719014144
0.22487013509184006 0.29018529923888825
0.4834640047315846 0.9977991476058918
0.13349941937661414 0.8488578838117311
0.8143180052147243 0.04932043540767084
0.9656843165179927 0.12240509099617602
0.9792758764361007 0.3450314916304711
0.9666645535896687 0.9964362468709922
0.8223528495499028 0.48460113638573965
0.21360652889929144 0.3693198711349017
0.11766712661141732 0.7298019273245862
0.26009481470807394 0.18211638461359736
0.29425569032495535 0.9675120991983912
0.037750509697946466 0.6015205685354965
0.42296545226106397 0.459621502750301
0.5061122132722704 0.7943782666443127
0.40386694975618975 0.6397323668572139
0.36748732779578974 0.012514951353996828
0.9061974036152547 0.08412756243435981
0.8300994609827794 0.3609037705353151
0.7190648037545344 0.17073969531643707
0.04852257756137823 0.12112561904459462
0.18570065720876783 0.8022683340195667
0.32451184193723215 0.9395764470511632
0.10943299985294774 0.47743457852773163
0.3143488285718383 0.07526880942312042
0.318052485299253 0.20558166525624544
0.464438409646486 0.6041111399580352
0.4694459789395151 0.8585090993537252
0.9666584250568968 0.7846748597453919
0.11417191772676794 0.5786041704537108
0.9898103094969979 0.48979991489078323
0.8010390618868468 0.6861997796530417
0.8783756022277123 0.03309342812146743
0.7270102187648053 0.8025486379524394
0.8584120015938712 0.015302718555939121
0.6925431969555944 0.4504323408418842
0.5385004154754576 0.9162593232747012
0.0824434723681775 0.3820760967214065
0.7146198523689395 0.7725046059131504
0.3122525378420473 0.52743075118925
0.4396680603148204 0.6795491053685672
0.9888522441982004 0.2772205747180896
0.974597298700042 0.5856007991973453
0.2624036076331606 0.6608107114247472
0.5854924668496142 0.058612213791884304
0.16277234747208125 0.41389126962696854
0.46760250526929226 0.6844891932152966
0.7092229389533766 0.012097466366874254
0.3740656387419332 0.3545808852554668
0.4268816256934178 0.819696820792823
0.9178967589502414 0.2863061014623831
0.6937491823397735 0.8162883932221907
0.5506881137198862 0.8197938472347313
0.5836513599849471 0.1346806649361001
0.565781419211906 0.5148363296994207
0.9686158040713373 0.6910610240452963
0.5221728104139467 0.7368142219303195
0.3801438335191991 0.7287371499032589
0.008848232243138243 0.47065558340075997
0.9819855224421903 0.7258619044432986
0.9441818885271294 0.8894053446749393
0.6334468998954674 0.8454793123417099
0.36146478661887627 0.6279565491327808
0.9702853984772986 0.35529716809225875
0.32180413440297007 0.6583998679207255
0.5258855000405407 0.05332154822803492
0.1272349106139643 0.8111577513591504
0.25607964594657706 0.2751694591315128
0.4955614486411921 0.31638612884840556
0.8783986111812674 0.6427500160230939
0.6197230647134246 0.9119673681449365
0.40328658382976323 0.6387914354270086
0.6149102007147802 0.45962627754242313
0.7109593572829647 0.3995328338252617
0.7707212116511926 0.7501345640411994
0.0623268728180002 0.5959504173689893
0.33444786035903484 0.7490767614055125
0.24252536697833982 0.9831888506373772
0.9873650339930538 0.8513606875649906
0.9995997005647734 0.639415302377982
0.5348493393408156 0.9155890592218268
0.6766105661229866 0.9388220913646896
0.8207654493515548 0.5924739622390898
0.261194973115491 0.5391236462380149
0.055075703277413846 0.15333822502375716
0.3516685008750384 0.3314786392194684
0.9464751757643031 0.37487203916132805
0.6030478599823366 0.31866762829329787
0.8157386145594392 0.5796195823546599
0.9958977268922067 0.7521006241268307
0.5336697724005603 0.08288586668020681
0.6781058741078476 0.6427121603797656
0.3047136593725115 0.2572350606467957
0.8880253800160574 0.9939417030910545
0.08545534440000391 0.6103020986881149
0.5785310481389205 0.11677540160767474
0.8139527115790601 0.6752937182417682
0.909249023160847 0.40569995489624167
0.32474889708403754 0.8009260908836844
0.5967917091161106 0.03937800808837233
0.5035491829682128 0.6535526810976129
0.5953728137599441 0.19389252457505912
0.8216755865452927 0.5630118373383444
0.41605865620935534 0.7409077602083911
0.17342407762938938 0.0761588340899575
0.43032135173216335 0.14470081969775017
0.3526560243206558 0.7113550557339974
0.19945064150964575 0.5802350754741552
0.6280923847975182 0.2499441844395276
0.09909477256631738 0.7188962174962124
0.29677368557247563 0.10609151346856582
