10 2 100 1
556 638 564 715 774 861 719 949 999 972
668 928 697 716 623 758 850 1076 899 711
690 748 609 899 694 817 1085 840 1067 856
905 932 922 847 703 867 1123 1163 898 870
970 942 691 1037 1075 1063 886 1302 978 1123
906 921 676 964 1075 1038 1343 1540 1315 913
642 720 735 1140 1247 1037 1409 1835 1500 1247
831 1051 853 1209 1196 1549 1603 2489 1517 1458
721 796 890 822 1018 1045 1325 1868 1431 1023
714 701 791 835 975 1100 980 1435 1214 1082
9 0
5 8
0.940581035479467 0.9868891783608196 0.6544849699731969 0.8999592685417068 0.249079317468767
0.016425444771184683 0.7700421349403686
0.37713086826995035 0.3505690838458435
0.39959835390231113 0.74857186432822
0.528637507888849 0.5963242770896315
0.5007433424662013 0.33236691784658845
0.42412472686933333 0.8003096098892168
0.430560074541362 0.23385991321514088
0.1195410375781285 0.013962835065208123
0.951299047383614 0.3558085998580318
0.9188103278302342 0.0038854781772048597
0.9869798138673942 0.358472460471174
0.49858188868624875 0.9222000861287336
0.07913373954853942 0.7495511539768847
0.8058721225880601 0.9318038029845148
0.09609280792436592 0.13465147817090872
0.8470682373494416 0.13697068827406667
0.22778105350757571 0.6574724927761708
0.4967927465838218 0.27287584162697254
0.5721854462346487 0.5772323156479473
0.27822630735114995 0.3190930064877917
0.541538696114356 0.2935500055518119
0.3924956010533338 0.749351834434886
0.44855141101362905 0.9570211339272023
0.28598820917856793 0.36206349603520893
0.18484652654419964 0.18911847567938533
0.6734155066007594 0.08218701893335845
0.6778559780165478 0.09772477965593396
0.1599982791809902 0.20949141121759762
0.6563094942373451 0.24617895222536879
0.3740877391098756 0.3153565652768655
0.3532256967588556 0.0038517183531112664
0.27924425401711916 0.8964256992850208
0.4377414497601513 0.6820800957597484
0.302826040242294 0.762170426480572
0.12997824918583856 0.9121823527758297
0.8452882438924094 0.6616621411175689
0.753068114435103 0.8714763892611228
0.3725869528678616 0.5043974695762596
0.9974402997474443 0.7814031081958146
0.6447729029355882 0.12257655867428952
0.17392859265243188 0.8512727240789786
0.29547292664263036 0.46281215507496665
0.09996941495650247 0.3845253308222232
0.9872197024518383 0.554845017658719
0.11715054619901055 0.8264759401271837
0.0077235770360630784 0.4509120171313392
0.9833871754621633 0.6329976118906193
0.32190221475562386 0.17846997429337907
0.33095581399723617 0.7971239125481524
0.8386071781900766 0.8529392096609711
0.8660217277672648 0.1105817179404851
0.29837500288795815 0.7361513696235757
0.22829412191248855 0.023422002465346647
0.8249008013711838 0.7289151148058153
0.03332535066393616 0.7754070605331678
0.8581407068503679 0.7148586711169811
0.24089494350313734 0.9802122761342191
0.8919938346792673 0.5903786492281065
0.30963693688587557 0.9062094795912983
0.4825707117251692 0.3064417547881797
0.13418427609596106 0.545059046761748
0.47381512099792533 0.4450586030389163
0.03710738651579848 0.9761731321157685
0.041029269037730964 0.6753848524961013
0.7065280404207308 0.1390962727571179
0.058791605998612884 0.6717297604684829
0.9462350074840524 0.439046659921823
0.21654394241567054 0.3382086239467208
0.21718863582019265 0.5553748881569898
0.4250220425059681 0.12368548165813764
0.4065975872055658 0.6997374702089636
0.8208057724622262 0.18695557589746836
0.5218498335290285 0.035405764136825724
0.2811172305074676 0.4238798231908336
0.07245683654680346 0.19945590184045114
0.7683764949344367 0.6210773886913585
0.9239215564740075 0.536913927100696
0.8109692795755434 0.026975852959137736
0.4885793241067373 0.5829534790635209
0.7902794354827041 0.08131560380926328
0.8312867533671935 0.24666779847765197
0.3536752374931318 0.9433452789113679
0.3660302645999143 0.16856413738973175
0.29003252917729383 0.2053777577988949
0.4338987671713397 0.7595317790665184
0.18153524457985015 0.056571519302241136
0.09725216843891782 0.04064732877078847
0.2098878591928357 0.30579929198813716
0.8715852643697417 0.05354979598892062
0.6362005823315637 0.13649870440100664
0.8730126746481073 0.6734394201146547
0.4721828844334559 0.7227439298550158
0.7477402562040587 0.25536223475936737
0.2141701484518268 0.3862152714052738
0.15155051495619354 0.47377249520046893
0.060880671697761235 0.34957124629394376
0.9165596978900663 0.5913202544164775
0.36697699068953615 0.7522449553117938
0.7703467223130336 0.7311297406905248
0.4926256088475647 0.8151341962229381
