10 7 100 4
779 910 1051 784 1010 1037 917 952 778 549
1183 1279 937 895 1016 786 926 697 971 580
1092 1334 1160 1148 1242 944 1104 1024 680 599
1059 1375 1673 1644 1062 1215 927 1023 743 933
1419 1498 2149 1653 1110 1266 976 848 909 850
1223 1563 1462 1312 1250 1130 825 717 638 722
969 1401 1323 1356 1196 909 855 1064 957 915
873 946 1062 1066 1208 1133 829 840 629 633
773 1120 1089 783 949 1003 801 636 591 640
682 726 835 811 1049 823 665 953 673 696
6 6
3 2
9 2
9 0
0 2
2 8
5 1
0.47241886097530117 0.7857375140478216 0.6583354087243287 0.7945232595576986 0.44802970485027593
0.3906013741742354 0.6114826559354248 0.9871562893690276 0.4659198465086166 0.12867199652618605
0.9755039403838401 0.8482128167376852 0.5317113543414587 0.9509322531932687 0.3417606733610278
0.7516507792107231 0.46572314248779534 0.485005614775652 0.7368155798886268 0.17622948597113963
0.4138837230035324 0.7848086125400558 0.8291578664024633 0.8401794623107586 0.3377971896869908
0.9142704177867798 0.7476186087234689 0.782926743551886 0.9900458389491633 0.4962943518460331
0.8855199517705004 0.20682189082063274
0.24808888182088307 0.4722458031709955
0.244977506626737 0.1492423337854003
0.7043610643277884 0.8145426317422917
0.14446328177594325 0.8327973997413038
0.4339393054382006 0.9777903801815648
0.6963740315217086 0.35517527708141183
0.01586813544011423 0.04489872251314808
0.8777725108911976 0.47723348247663644
0.5553197437123272 0.5969509772261941
0.5701209890747505 0.4074477042176903
0.7340004772187414 0.2507577236551384
0.045430780284196226 0.4009012826099967
0.317364954765591 0.4235191112244816
0.3546569122333527 0.8646670038779896
0.8456632040899181 0.0502374667407528
0.22224227727336543 0.3171036952208186
0.7184166536044898 0.7953954310141742
0.13634936539203002 0.9549648202254164
0.2866807179313655 0.8060774098998758
0.7357875682786212 0.5867089680468787
0.6988606033777307 0.05643629255246352
0.9165876101502699 0.0033060597259348956
0.13289849860748548 0.8606864186426615
0.6526104991322104 0.18888663872492706
0.378732857208141 0.46795782091573956
0.798061962252165 0.7603506302832905
0.9534287844018261 0.3873566466597762
0.8442137155283114 0.5596423593315671
0.2403663588459608 0.7527652254707069
0.7914031665519066 0.8664151919629894
0.28840112786962324 0.25040922236056073
0.25726738392245685 0.7942165028903492
0.06742734436777842 0.8310610288192788
0.705993436208683 0.07667706160389609
0.9627247428811381 0.9620820794303913
0.3011568529840072 0.4878800170658433
0.9714666307228805 0.7405388414649756
0.6209573510912023 0.848404863950013
0.20354356275765895 0.9152831473672578
0.48076866309896005 0.7706588049388181
0.39810336905169774 0.6897912796098515
0.3537802964016754 0.8139180473698837
0.21130058026325527 0.7285554431206578
0.28185131010079667 0.678484953628766
0.3900519837949612 0.4069103716319884
0.173829850222325 0.589352382009438
0.7576734591064549 0.0026197256899100907
0.016163250317564604 0.7132692703378258
0.12779392559305802 0.44659045709305367
0.1089089921095403 0.8796247626293672
0.6841438862692117 0.4861531904023726
0.7774074939104068 0.5031508399939728
0.2288691737837396 0.8827423995421158
0.5689075170656008 0.2057146074296412
0.1553122767156061 0.4701345696645165
0.7297438689973046 0.08737526135374107
0.7437320492995081 0.6384560385592559
0.7427002499812383 0.9493932490113581
0.17341979602974344 0.03612689605510355
0.05919530272039375 0.9727690795397173
0.09670126211929508 0.19914597249113175
0.856849222252065 0.4278999152949887
0.13328736698514843 0.24818120629858043
0.23572299890784243 0.3247183138482337
0.4582113201828488 0.6631148243081204
0.022962605579222917 0.3095359014347612
0.5687266236062876 0.6728343917650526
0.6637109795256062 0.698007664897081
0.4884999308775473 0.5238392455767644
0.7979977996134682 0.4550676651687553
0.35352864759719105 0.38166292777363897
0.7575667460203477 0.8554914188643443
0.22605173891030383 0.607541758785999
0.8644134415373397 0.2246739530678128
0.6904895884833695 0.4639184562717056
0.8338129613135892 0.7852000720699415
0.31659532697584014 0.14135504439412028
0.6552803669549447 0.46212883851756503
0.6572541081753638 0.44380241092036266
0.580754073270755 0.19648473804650313
0.8833034542260696 0.3058377610197194
0.6263684832672887 0.9236591690607077
0.9581008961980986 0.37131670403780137
0.970461005072528 0.019190671660727965
0.8125424189952906 0.3069072653531646
0.5587583902251452 0.5224539161945756
0.38610448639451045 0.1632658634685129
0.7796993547033704 0.26130803314232387
0.8901201556025584 0.33175099339925085
0.5965181342282924 0.9216941379130377
0.28104718884525015 0.847719301785528
0.8231146994323115 0.8188861413270303
0.6038857016173773 0.8818462380039587
0.21780711707658162 0.47444810473919397
0.7361857580293047 0.8149030901222873
0.7166872516691556 0.6607031738425024
0.8269469535608012 0.1266199309991003
0.7474814774267244 0.9605153894765555
0.3453500184989644 0.4899449390294037
0.6055567758311702 0.05828611882427959
0.8888577977399355 0.08169777177038573
0.6482587199194543 0.579507709424598
0.8080962476318174 0.5257833393723961
0.6342374351169819 0.5033093364208021
0.619130961647683 0.7095095914328002
0.6418730312681102 0.6782561944750829
0.9010881041936449 0.11985234614558826
0.5188664706996073 0.593973107347987
0.6175235370713523 0.43110327521306324
0.9638479564341642 0.019472909041988284
0.40207900310810674 0.5643670786020625
0.8399961398668829 0.020310083400054024
0.1280993040637617 0.5147823258681992
0.5119869138408246 0.605098305979741
0.19152589903390882 0.8516038340128143
0.44566875900592273 0.5792346464651219
0.41982485217604637 0.06715573804940123
0.12427072731664879 0.6522870917938521
0.1086132627548424 0.9450662310921989
0.8001238402387907 0.7933429258672768
0.2316671007555955 0.23674387063247382
0.8731929720808786 0.41470221658254314
0.6046417013597194 0.0007373752677264367
0.6128527565955457 0.31630868752609387
0.735999767361164 0.9199014260850271
0.6367888315571177 0.443417528294344
0.5817025339296156 0.9939262328192735
0.6293393011967299 0.5988045411042542
0.6214152767274801 0.6182098369246714
0.7682516296093957 0.6838749748921995
0.824847020062982 0.2597431301401134
0.713722355315656 0.15456150792476353
0.14218965829825714 0.25996412779387845
0.09968484892468932 0.584671842513605
0.28062791055805514 0.5134541565070911
0.10282336856281549 0.38647979294638435
0.8641111771099212 0.8118024757636211
0.008778473066971326 0.37475819584321535
0.10979564987863433 0.687749012760849
0.29987568839786727 0.1935414653714551
0.30445135328404516 0.8040315634293111
0.7993192797844313 0.790733931695178
0.9757079987247352 0.018692721955846814
0.30169842138830494 0.797176699941925
0.4231173387525067 0.7318899185854493
0.889123741516187 0.06853831017584433
0.06085942747834738 0.1380131445491275
0.39823613224869137 0.9106951883897274
0.7675166484291676 0.4536985036436092
0.8344718159826336 0.7027739431935209
0.9467185244914691 0.9310284435407432
0.8058638572436161 0.42755444702479606
0.7253364504608089 0.8161857489702689
0.9182686510819493 0.7262225344214697
0.68018720735797 0.6014616862706954
0.38959601213932227 0.39756007310408625
0.1614526165406307 0.2551069947238367
0.4437522393823192 0.608114505145815
0.6868971555365981 0.04016145681791716
0.9075978487291754 0.5472907824951567
0.031202547842907657 0.47236932758997496
0.2942937474161953 0.3000077129957355
0.9151384411700101 0.9563540083991886
0.9040271458247942 0.7497182765176056
0.7978974154922003 0.18186866267383905
0.5702606733727646 0.5005466851094931
0.7827145026799358 0.6941437363455218
0.1156797419061637 0.6160354350697845
0.7009805766952917 0.7274239712213011
0.39016001103403664 0.8116571255673444
0.5667674549297723 0.45933464749789144
0.8224608198840406 0.5106039050218971
0.8548989997705843 0.8894834157534035
0.19778621330115298 0.44764147413461175
0.7747586324148117 0.8068298417707693
0.5172462807518468 0.4567731587880768
0.47357291494473475 0.1251622978560878
0.5821243845811668 0.5621757115041497
0.045082665836021274 0.16558312037295275
0.7286038337624643 0.7257662802955223
0.13411022012338547 0.924038543081185
0.9066922190744735 0.3628601523567867
0.9902991000134183 0.09087716095375531
0.537658108444516 0.9302245912954357
0.9671505111562197 0.614369166216717
0.12861983351778195 0.7478615786011618
0.9736383079083384 0.6490868721260477
0.7873141044576126 0.6761517858473365
0.8243820821540333 0.9058933734995283
0.00009527370684025982 0.4441541606000039
0.7004520801238039 0.9135874164608329
0.8461924627745108 0.4470578591744212
0.41846451775934446 0.7048761826904579
0.4679676634260397 0.7637435311474974
0.40001215932013245 0.3030937079497933
0.78856390163077 0.28963399414385527
0.6541992293997521 0.2104867746845389
0.2286485338207067 0.17868547963764714
0.6464889697253366 0.22572498078217507
0.08229613111603085 0.458140455575883
0.7373170065923242 0.5031877880604234
0.3938040620056662 0.25245738723817857
0.5448450678799881 0.97745757672971
0.17060874019552785 0.46335378972058416
0.4285118489337252 0.9226103136967163
0.877405112829682 0.15887713063034425
0.677720895832411 0.28324335875412276
0.13371674647661957 0.6542139255868389
0.6082258147015562 0.10031360856062954
0.3048107318348654 0.4805603746309468
0.09801367492666246 0.15355106799768214
0.45794940305824605 0.3754141710952894
0.3048042441742036 0.4300639472415102
0.8510486763221534 0.22426199119339274
0.8745834971266593 0.33765916763105563
0.6217315739386642 0.23133046394605827
0.6410381154165252 0.6481505555240805
0.20548601858622484 0.6836279474692004
0.8542798364125919 0.8215524051095084
0.7114649205368908 0.7726418540255129
0.9058787643002615 0.8620298370854662
0.04293270674374727 0.5193450923452698
0.9730758135186115 0.1215448134488919
0.5441521834280523 0.4798515671673542
0.054098120299312935 0.5694274257957603
0.7498638962875261 0.3703493086503682
0.018500833611203138 0.5505261640139467
0.2140895103634588 0.9407141135640611
0.7125412411404837 0.6804512631596591
0.8867912539879779 0.12509278509802857
0.4250827048153414 0.021051303212198835
0.644055655769846 0.7940327113889596
0.3028767638706238 0.37141025303678976
0.48041380227084596 0.27280879762945753
0.7496022272944132 0.6260091665589491
0.15428695477555054 0.1963257163392622
0.0026391282062692145 0.13892365730915412
0.8130090732607085 0.9170816208920507
0.09664402840679331 0.9546066656814831
0.8826944941417385 0.9303210923224601
0.0044535707589288265 0.8699116648870369
0.4668503663686825 0.2420924339659365
0.2967804250577022 0.2273183859375485
0.016940975344669873 0.7397871044643831
0.3767901206402844 0.4720005503813065
0.3787503572701687 0.981215027594267
0.4180484793987944 0.2644473912596943
0.5574385992919191 0.7085388519058511
0.17728800629948127 0.3257112768529009
0.6784045255795361 0.3131250006297537
0.38106543626009715 0.3095009216682536
0.06789450399765773 0.6956409430315935
0.5821460126624309 0.8170710777619663
0.4770002974477101 0.23959590941648345
0.6338901448057783 0.45785499789714046
0.2503996191823068 0.6005918084810675
0.021637489077084737 0.6746124706549117
0.6162181962116007 0.9852617640433783
0.09531094308428445 0.7254157977453395
0.5106476097011958 0.4820171637329689
0.3520939885730925 0.9861197134340656
0.8221667614119836 0.6565638795191155
0.21764258996556207 0.6420579533245505
0.8600483574506907 0.4583995366374556
0.7395506672845147 0.14447478934399127
0.0998571175372116 0.3205971182684615
0.45304089914823353 0.8214888792418125
0.83503184652334 0.8250547562014168
0.45668038097596564 0.30024463560791026
0.8178939504464202 0.2286604720034373
0.6195524718348426 0.18089311451609946
0.4762090282521041 0.015795067271002994
0.6484273309111346 0.8242466295658117
0.19991744707755954 0.9892143546461092
0.7862834381275892 0.4891665857094183
0.0478456502725777 0.23275676601174178
0.16638678599388768 0.20618494290861822
0.3436937898860546 0.973280685835018
0.7525557560523981 0.7372576073244566
0.12458439489710238 0.7379735376896195
0.23479488610939603 0.4449264227073477
0.744100718352827 0.4797065569918284
0.5197244862786412 0.10231063873277568
0.7114254850472439 0.14846537242370106
0.5776465940633837 0.6332929189476733
0.7117687472112069 0.1537523374607399
0.6497439772498583 0.004468216558116023
0.3857532596537685 0.39266737141964114
0.08511253830670107 0.9215440224935765
0.20835266050544443 0.012273985614301042
0.2522038786616765 0.1651829289577722
0.12306871876053282 0.6547186114227943
0.4661509509876631 0.5802957032749965
0.5648066851653741 0.6389614539375492
0.036940634919784276 0.618687713302563
0.26298565361921766 0.21558398919929522
0.9997996051933569 0.5787493909212382
0.8258512959027235 0.8136701463457432
0.7360969798992525 0.23977304248479148
0.741716638195961 0.5359238595506122
0.9377957543377125 0.9771136886446785
0.5707110230120509 0.0902827859251778
0.15638675561471604 0.9033336654018287
0.8965317295931754 0.7014643306238997
0.9504142558843016 0.5995055533963394
0.6205266844839836 0.17281088347707274
0.22616480619908486 0.10332292733572235
0.4039098259316487 0.013560416462500946
0.790923993981818 0.6905155812785249
0.5596311887617536 0.0439309598045754
0.43594501845343814 0.9181419094308778
0.24270468329718975 0.5046862286666725
0.28380882484120185 0.9173484606885762
0.8592645469177027 0.1729637063881988
0.4978825972268972 0.8526237238214538
0.24087382928757806 0.34166952820038277
0.41085988975377163 0.148841523606847
0.22495304044799846 0.3580858456650695
0.15347931289765993 0.6167175863080763
0.18886160347871384 0.31941844021863397
0.7612402416396149 0.19595023482400653
0.9510179233647647 0.6256219094741022
0.42729828926047064 0.017593139893488985
0.7572098022272848 0.6731600578326804
0.23674804122834248 0.7701357313970145
0.6092551047248003 0.2129895148624703
0.003055832964338645 0.17794140144417225
0.9660877595744399 0.21126745258865798
0.9959123817728037 0.7273108905404879
0.8704945271507245 0.6248704290363354
0.02927639824673567 0.3590536916378355
0.751807249033994 0.5536363640792898
0.1775414163212572 0.8870372813601168
0.35454423098240473 0.8153286620210514
0.2664518148929216 0.05676021990251079
0.12895039632001826 0.35941699077214784
0.832349241068991 0.49603520065886086
0.4323061671457076 0.3157218290643238
0.8718501555614688 0.8765292503446775
0.2843599932625167 0.9242128800753973
0.3446798083150504 0.2592281643796823
0.841572540533398 0.19106237618758715
0.008689140349818825 0.39251980981347745
0.5215563918997232 0.06149812751461736
0.2806968261727567 0.7380029252236582
0.01721307989223897 0.16842720824890844
0.3740512576120014 0.7047116604202006
0.7582668910561219 0.2391726184565277
0.7731653352409062 0.017964024381526
0.4953528993116312 0.5767667776844703
0.8806100662631084 0.6959167597818483
0.409501514005304 0.1521186589509631
0.019752803405396646 0.7799618507082624
0.3562685544575346 0.8160032917493476
0.3276289598708626 0.02300749926741852
0.20982403408966777 0.28286789824323644
0.40398985516307917 0.8842647715207377
0.9305384593973343 0.6145919333706076
0.19589900944983096 0.3064264241701009
0.6241056571767736 0.09812285253056197
0.37575184890500335 0.519791188046206
0.025296830771466494 0.33534454871166197
0.7500694106410939 0.9999522514504391
0.0466375872859246 0.6111009317479803
0.6531273963433855 0.9617555982227943
0.044418884860018215 0.649893059821377
0.25577653504638787 0.8472364348640922
0.07802223234214845 0.5892016199249399
0.3980889745529874 0.25131332471502743
0.9514109321529827 0.1665496549094856
0.7688264398539046 0.7924906169744983
0.7364511869517472 0.4722812324993151
0.3989771320053608 0.45664796586397927
0.282867791374682 0.9767922862459915
0.9076223405720241 0.2775480936778105
0.7496862319626609 0.19986130489638598
0.8670890419756447 0.6050876111062322
0.5480786770892421 0.35240503286726166
0.8672412246044692 0.37597541345733587
0.04721334197449045 0.7841752559989568
0.3752676665826653 0.6150564773963156
0.4676827427254102 0.17337108175270588
0.31578364087116517 0.12640014608417371
0.16502013335037846 0.6325868959745653
0.8231630652455171 0.05929464053554323
0.526592440279642 0.8231751007304235
0.6142453270666681 0.6398033495865281
0.8010897599259561 0.2038708863917722
0.1823328458685436 0.9461482690486696
0.8804988813019734 0.6012996808192133
0.20447784294562865 0.44160682869985934
0.24769392013455138 0.40970833655624994
0.9676665545551018 0.035380298069663585
0.2490447892252734 0.6910496978963774
0.2656589487885215 0.9049107001586081
0.16810040164175222 0.7537662189363814
0.3516069066676897 0.7052181876686061
0.0509415330764631 0.32374163417048485
0.12302267360083996 0.37318676879377577
0.17992280920737125 0.5835412787730114
0.7574761404893386 0.1985450653453218
0.8553214602362751 0.59926119647116
0.8459506266042431 0.5659118674482708
0.44770794966033356 0.92654379851366
0.6394997472655033 0.9364156048734305
0.8310014815204199 0.5384567871232881
0.44004807803813106 0.08533441977623402
0.05963589452309215 0.20274979174547147
0.3871579728411192 0.8449371497618208
0.8833617606095274 0.42357093239738997
0.2613475698385166 0.7478790252444554
0.8939715079285195 0.7723921926232837
0.9761830413045518 0.32221788012356756
0.40538562908909803 0.7491625598839442
0.40755125084586963 0.5206673034975109
0.4468983416570145 0.8141236492113761
0.8957491321593518 0.045231826291330934
0.41384342205248403 0.6897877215035115
0.7857799377119059 0.36919005043726627
0.16041451973237986 0.5060620566923344
0.2450270421716365 0.7853933587589121
0.2676763658309185 0.37708708675083114
0.1901464256278642 0.48731312542841376
0.1631761061705208 0.378821833801956
0.640443473726442 0.040702990450274035
0.5410187690469761 0.33750144983213004
0.2528104201789054 0.9705392815372194
0.3450020822233788 0.01687459632560251
0.5718935718772045 0.4289107765889255
0.2191879225132749 0.2714555243112533
0.6582094528728413 0.5348702578147613
0.2806446718386624 0.7216373123756588
0.4437736612515424 0.9799457571278589
0.021277863167775912 0.1506856939490111
0.01918956488455259 0.08837564612523607
0.3915084429727005 0.6028371357170588
0.5276675648027855 0.5620489458831153
0.6342001152491206 0.9527500560334712
0.961847289207278 0.17208022700109238
0.4957618558371142 0.633179565872245
0.27158316477022115 0.24553444171585048
0.46565625793755294 0.35891309585702547
0.6002565740652985 0.34787890814118616
0.7917861143245388 0.3198275080929134
0.9096717866841082 0.4845684271168498
0.23959397500400792 0.6513654213300231
0.24742930562295218 0.5093436016292126
0.6850670407582213 0.3132127981541031
0.8207877997300252 0.7729917904886745
0.38592915458398425 0.37461175526213797
0.4857380211430731 0.9441781268475866
0.3065483860682212 0.016786318288296798
0.3187115267141871 0.7645097831281786
0.9135660945861328 0.9969298262913204
0.7453025173567123 0.01608239672056211
0.610505239291226 0.6755828391506755
0.9005072458978063 0.40061939574490113
0.8472194849136137 0.7560568378354817
0.997749737907577 0.8547024005365564
0.111237756460701 0.0017002123933784752
0.9097582475365686 0.5534787608153144
0.03235933896162013 0.9169697747861447
0.16274112395911322 0.993303935457774
0.10236638962134181 0.20048867892267408
0.6781031841312801 0.6090111073178317
0.2524593876475629 0.1553619737712344
0.3587277757348506 0.2771657811729329
0.4750271790975238 0.15310982910412507
0.645349010737708 0.33409198539279994
0.520382032835011 0.7821273777135875
0.4472504172824041 0.7510795083453548
0.5998758257802834 0.935707425009251
0.440863110003088 0.3590039870401691
0.6666405958947679 0.6407767875142687
0.04817321921119766 0.40795951764762406
0.31464941885789477 0.3391111503408768
0.5010022474167548 0.8427654208056481
0.309035830848001 0.7611112887120592
0.7392735694714399 0.45198904839050114
0.2271044435568521 0.8121033448252846
0.5258547042224915 0.3608306628664484
0.6017330941978616 0.45571063022091574
0.6106796704346718 0.27262777173158836
0.9035279692919593 0.7691731231561201
0.6453477040845772 0.16419104178565647
0.16052807893802523 0.2774892430892444
0.7103351254069465 0.8307594659082522
0.21776162111931074 0.69638053949646
0.09282587966972677 0.07191052862403491
0.863753457692017 0.8112356013303841
0.888624751130632 0.7697773044718674
0.19572417047505186 0.0629681291460713
0.06847215295615428 0.2590444974871353
0.9701545777078617 0.23431447973517772
0.01154666688366457 0.5051950062549702
0.43681090641508913 0.2712645363461199
0.35774378132107265 0.013253702565002579
0.7447532090356299 0.5261150065164624
0.799019095575646 0.3450115663533446
0.7541206181802995 0.22285181576136304
0.263207514238299 0.002991620369325654
0.5525857258929305 0.4686497769784135
0.3923925572750595 0.458234031298544
0.5509401595949215 0.10327542684376567
0.4981917442739139 0.6843816272043073
0.7564555087549067 0.09340503062990235
0.7685432159399075 0.5559311837234826
0.9202487406354347 0.018884153574422857
0.6387733601659409 0.9615889781621862
0.13072576217136533 0.9004802625190529
0.8787640525609894 0.5592964726056746
0.9502058563132154 0.24360909653570184
0.9764062739244945 0.9964753126458412
0.4123166164154173 0.9261114458033763
0.9770291400224076 0.4275880540224255
0.0013215936011161666 0.28199489181783965
0.4797224984761501 0.36911935023262243
0.5317491656681133 0.052028759744509046
0.7555117688115469 0.08614123588493494
0.9944754165234413 0.5481323301399048
0.7306542909141367 0.6897687864260198
0.6963420397608826 0.5012060424761839
0.3197587806514488 0.3360582352033785
0.34193558603620255 0.22011592166829153
0.5761243547669661 0.22602226510947943
0.020262538815494446 0.7693343480755961
0.3956874741023253 0.3223885220011051
0.4424811845758614 0.3341438294398862
0.763292950584612 0.6241768733874626
0.7836637780641103 0.22701443677101407
0.13883324059790625 0.817539192906156
0.1562520821091682 0.9632537623901853
0.5606441212853679 0.7392227839406906
0.8538024601572911 0.5488564167064374
0.6746719490668833 0.6981236954565793
0.828991171068189 0.5630038367898533
0.3775083866512181 0.11877634269307524
0.731279627585754 0.12748193206432257
0.3064640708674622 0.26944491471863596
0.40197413039647034 0.9923395411239859
0.12798408742759215 0.5307495157167428
0.09805437612964707 0.6652079112858362
0.12635341726149862 0.028118962081068677
0.8532878162225699 0.09815372263888822
0.9557332992006962 0.3507521311519355
0.05158090503210855 0.6304760281353106
0.9759309740870619 0.17909322789268645
0.6455177340548655 0.3460110240616925
0.7076446359625899 0.6394116818599196
0.7464431150831019 0.6369493388448184
0.7355102615708449 0.8028143082891246
0.6724450833169471 0.6619443563262326
0.4780582243899043 0.018520118269379937
0.5105356130011582 0.7979362258425666
0.6147151001027682 0.8938541145613721
0.34309779026538134 0.24195630911048793
0.46014266222551337 0.3511745041360035
0.6818232204902508 0.16749784842118665
0.1287524107097051 0.5604555497877886
0.24741302449414482 0.8372382696309757
0.7522668879383592 0.7697451216357516
0.9524060076979335 0.8063684806427824
0.737125555001914 0.7729176179020683
0.1347721093171237 0.33500851856974156
0.09257547969394153 0.3238211935429005
0.30749307686656757 0.3063542442952454
0.33619410770769464 0.7557719347841683
0.391796689828376 0.9561984123015292
0.21384405867804968 0.6737628316521047
0.9870995894024781 0.4195926118885034
0.34148264740188083 0.17397937479996028
0.4719988711807872 0.9679164031224259
0.8395690720833493 0.04322896904302431
0.057444480541291254 0.3138459142942045
0.9684828500682736 0.815281134968173
0.815436364335836 0.24929949200245627
0.302413634680178 0.5077388918258081
0.6122664739122978 0.12028572221418221
0.06992096212806564 0.6822276030646179
0.9649914999116707 0.9273074461073896
0.12070817714900617 0.8295462534412639
0.8321347066048239 0.15979739578752783
0.18913241192212138 0.608920009063364
0.9120757801262651 0.14664054450567732
0.7559065553175901 0.8061218676869764
0.506427868884366 0.91687208535483
0.5416932077299903 0.8901782128955558
0.7123917635122836 0.3043677862780365
0.8165460395272073 0.7790732859198528
0.6690399417043009 0.4757204645795048
0.1926441120093001 0.14335599193825188
0.061749802131323195 0.060908048878865806
0.2630404796715555 0.9769966972143918
0.4290713612030277 0.8862837855247674
0.09993788269550041 0.8938707774460133
0.1780197423265386 0.9996726295920768
0.20832708221781404 0.8376842306799077
0.19168401798591983 0.633637141985175
0.6446698514943614 0.9590921610021286
