10 5 100 4
4555 3002 1825 1115 1215 1302 1008 1376 1399 744
3506 2581 780 1135 938 1134 1230 527 989 259
1316 984 1094 600 337 1720 553 800 337 1438
358 1105 830 666 316 391 297 475 783 568
493 764 613 357 1670 719 1016 1564 862 293
308 757 758 380 354 321 708 759 783 255
1416 500 1048 1083 1697 925 1598 627 1664 1173
579 399 1285 587 962 1123 1130 1185 778 1720
399 302 1682 440 278 1124 439 789 926 1656
1692 460 1566 1084 989 1597 570 768 1594 844
2 9
9 1
3 6
2 4
9 8
0.30358346933479247 0.7222392744416704 0.9167486760660071 0.7398446964577905 0.10880361938318206
0.36445382683899374 0.331674895275348 0.48096021449878884 0.39720141034379974 0.35551647956635324
0.49717040483196934 0.5763728463514282 0.7235446328818224 0.6840454967833982 0.3633274400429295
0.8401504836971061 0.830169609749853 0.39905683628353195 0.6255156472992349 0.17913258842978
0.07524236193948863 0.2276823388048923
0.5583761506836742 0.5115968828665196
0.4535409872893177 0.3932196317961858
0.5492433709801363 0.9872127765289702
0.31220480130823436 0.24245714501154958
0.3948364969246472 0.8223466478876897
0.5928371993637713 0.571966775924913
0.16227591281054887 0.28793947780893125
0.32406084719945416 0.20233505380012318
0.2680030334713568 0.19947781212380677
0.5564541840809238 0.24956391565736813
0.5985296335509729 0.2089231378350136
0.9868836064309501 0.7246661091886628
0.24536189573914768 0.8804055001108384
0.3351627413671183 0.25582993635301965
0.7564806927595871 0.3934813307081957
0.261235663328822 0.22514255221953317
0.8281627443309967 0.7515236275898218
0.16065105550721226 0.5712718595248862
0.9378555983880748 0.5987634436110307
0.18300439666073332 0.006327057386588786
0.2646113559290737 0.10535369749237611
0.029766876807434395 0.047730335989332406
0.9119142347894025 0.9497926405846602
0.9331188119343252 0.38454294412956047
0.9526327910862051 0.9932289969790238
0.6713843948411757 0.8577921463138805
0.0056214313884279665 0.7025400340338341
0.25867908391333705 0.08971037523439618
0.5942069442275086 0.5719936423422662
0.935388702027157 0.3038462307447498
0.45654815767173984 0.9306536148514546
0.3005028603289892 0.4236305193504455
0.9259280001843955 0.9863349066555351
0.5275651805129034 0.9415092247066585
0.4357808992999592 0.9139415973182445
0.7020305387628769 0.021192937934961575
0.5621576030286628 0.4220130853469972
0.1921304594993416 0.12680075365151056
0.8925991602229497 0.9556216679125262
0.6606223358030816 0.5074720494478218
0.09701145138136669 0.9287967985539567
0.4896841401686398 0.0850800534174494
0.5483791774865552 0.4375146979702904
0.4766462516333845 0.8574355353130598
0.5681723709465651 0.7892485516255914
0.11693589947276428 0.5007314882248666
0.058245211715330925 0.16740062658963306
0.6294794000926478 0.8866191476713874
0.4333043232793383 0.437823825543344
0.2903885613366244 0.34759738818701225
0.7440275489857167 0.6497763629511275
0.05084928095487862 0.6498269656910782
0.5567081076189235 0.5409950836258999
0.9490883189188022 0.7747780560561037
0.3786462032669633 0.2939951956174467
0.3247054151601436 0.5054807843477112
0.4588000017038656 0.8807072487160599
0.9513405796366501 0.9743729647199679
0.08561453194012003 0.6442124075002043
0.7989771681425251 0.6775867615379538
0.3877342279460332 0.23888857753212833
0.7035232740043647 0.5128467564884089
0.9546767157407143 0.5470018956524982
0.28050245799151274 0.4665950731455131
0.023139009024630397 0.025135999573409507
0.3047758728240535 0.27135114811683647
0.9295944233177962 0.7935683270016776
0.8278814518054964 0.30262158787236504
0.5728518703043461 0.2182082901677247
0.10331641515209422 0.9767119222096119
0.5570972536736531 0.5134584094569803
0.44411299991402053 0.9728970626512443
0.7267813030274557 0.48949589759305856
0.1331712254290438 0.6708199579154515
0.4418104520450499 0.4548665463091799
0.6060422046438185 0.4585891107969686
0.3499222715662693 0.43176230930149817
0.7109950652476085 0.7099487527158506
0.9033661772038575 0.6863246441399655
0.8734111728519736 0.17408416261979553
0.3459556221363753 0.7814370202327292
0.4195850933329923 0.36376843431045747
0.13596280963447027 0.08605850093629619
0.8774338775790687 0.37010316119455045
0.9637553058804182 0.19630877229147026
0.7538713987200014 0.8440019363273354
0.8071368115583748 0.40392101034278527
0.8625420317728751 0.924537651297735
0.33399489997052645 0.6464850823048169
0.9387092430176143 0.3421580263242412
0.688198390457109 0.35377703614820155
0.5539890626692081 0.7656179434434651
0.7915205649476071 0.49142966937153965
0.955404443216991 0.6782549256074613
0.9458608865655096 0.7478431584925922
0.7387277895738451 0.40523057974429677
0.25392807721990285 0.9304961780103742
0.2845698280081064 0.9908540299379647
0.19505348346017937 0.8362758966505874
0.20195493173243606 0.6330263568076548
0.5453032951038133 0.5477791269090169
0.18554694888379641 0.32515416204073144
0.4691461201202858 0.42615158330989833
0.30639463917398846 0.9373712228729372
0.8125665770921384 0.6480041770502518
0.2083583196844454 0.34168854521188097
0.9491641222081122 0.9247775530857001
0.38379371819788477 0.8557034962533501
0.8470665292477486 0.2092527041171397
0.9164550577274997 0.2011686703406148
0.8180871604101381 0.732755665685372
0.20501077597606332 0.4280999606424951
0.35348039884634574 0.9980691691894512
0.23125973084688844 0.4585519069044084
0.7815370257122214 0.7378964124379312
0.4494865755764579 0.7818351282435048
0.7840048698175375 0.17845297186605436
0.4511852908242089 0.6388516349885252
0.401475935867847 0.08040427470289213
0.5012113574541937 0.06265017981565846
0.324896074548092 0.4825901090391065
0.4784648052457541 0.4400117983446963
0.13884130918728976 0.029934028538440405
0.8160683036488519 0.4798523149193836
0.41085816944203035 0.17494392928001767
0.7731555688009153 0.2289987557715718
0.5284595278966333 0.6068543969932434
0.49347439602379994 0.33316212024357794
0.4492115044211018 0.8943486212084
0.9285240763039491 0.2520729903930319
0.857492436869288 0.7510129227136679
0.2713058006450402 0.8166555917996534
0.2664381469159067 0.7661957028717019
0.11271378478709093 0.8178129104760783
0.40657413263199094 0.14668031166899187
0.824102468343135 0.21914816219162025
0.5589684740078487 0.24006779823372892
0.6720682874094197 0.7202756452941208
0.07237470545416991 0.20038821960820186
0.6043905287602378 0.3514494610978629
0.487552318970651 0.358067893284463
0.42972347648105647 0.5755778982809479
0.568647238191383 0.08893867428234814
0.595336849026864 0.6374013969631911
0.747664470997724 0.278377093175604
0.5884454993517529 0.2021145423905435
0.5846282628233297 0.4934539755093059
0.7670297772770738 0.41452416475819875
0.33736482997177597 0.32730670112481897
0.002340759617463828 0.5349507021412065
0.46440614448015105 0.08388475155727071
0.6958389185270946 0.7207069583989734
0.8706429121071717 0.9141264883244842
0.5798787376342307 0.6993531068294685
0.498498179727741 0.11706554094410837
0.9349286138570416 0.9718398185167823
0.04726544023657464 0.11461738286636325
0.0471535013381732 0.32106363031464946
0.25545845833021064 0.8109901517713334
0.11970904580178021 0.008467524732949094
0.7563164291458442 0.6419393917395402
0.8827787321165903 0.33919686568516827
0.7851807791861132 0.11465073649729352
0.14260545682803394 0.24945351249768222
0.3916828535690011 0.44354638954159076
0.09252638871502761 0.06185031616321823
0.8303220864669063 0.3580190790146087
0.7952909872157494 0.07887676559518009
0.3423632988798093 0.9905485057613475
0.1108584746040755 0.0042709371134008745
0.25590032779891625 0.14676555426144766
0.512244180437903 0.5526907663177549
0.355379470191558 0.683997013461555
0.2533923943026881 0.822955412655733
0.7540150549599836 0.8709270254308379
0.22648848772555175 0.507460665724262
0.758006390930478 0.6617404249727556
0.48095516248578485 0.8397239127048997
0.24631995263384687 0.3926663454130106
0.1564315418993134 0.389029982979032
0.8327073881782225 0.5496550221120351
0.5375504517304048 0.9893057935906342
0.6714871813041356 0.9577044235941912
0.13549066689487033 0.7496985500113249
0.5027632967831643 0.4499186922629046
0.43661255602206706 0.060785431813404234
0.240348111294991 0.23492638988107117
0.2851704173420686 0.7055379779217581
0.6673528224997134 0.5459269855596207
0.13703061946013295 0.1148250671798452
0.5874682559630311 0.0652759302881818
0.8346691918193287 0.10016837600089357
0.45223735666551024 0.37082377194520477
0.1879431220020258 0.48885367341087904
0.9348239962867837 0.07185963880105928
0.9826428427442624 0.4414457885634566
0.32395982248411537 0.45663239776881914
0.6673011023724298 0.9007847209032271
0.8230507428542024 0.653489710635599
0.9677402000297646 0.2876058435789717
0.9369626932262358 0.9607280739311159
0.0574836636304199 0.2365013641977698
0.569758086331174 0.43528455559596746
0.8156348699095775 0.8367636281306898
0.9447963045025753 0.10020726567330107
0.7625543884026722 0.3309615485223605
0.9544508516517101 0.9565692801263086
0.0465795200242467 0.1951561062517413
0.7534699905343589 0.12750560136848055
0.37036986035494834 0.6152166925282565
0.7930647408370974 0.37856289451876424
0.19775838462776063 0.1478200629487274
0.039930829631885656 0.5915028720370215
0.37213364256018155 0.34491774928012875
0.7375357570260304 0.28270870883450105
0.788608263567047 0.5665158248828916
0.5409912605802234 0.5301207984389891
0.013011037555230143 0.3358735675003852
0.31976483696158353 0.3964081577459315
0.69277487970656 0.4756331898696149
0.5304864302633421 0.47346899957973454
0.8464606908840053 0.36235609897615007
0.095897794829094 0.45005914753855714
0.9375151149623442 0.3562384716351725
0.18348357396157744 0.5558456371769374
0.25567603658887195 0.9142907244623635
0.14981428259715557 0.3169187046724582
0.5900183940956494 0.33527719819272406
0.29825632946638625 0.1664325155257378
0.1630949548154117 0.40737344964432043
0.7843079135277753 0.6720689169171286
0.7245964615594429 0.31942283072968003
0.7681846452233352 0.5880136116842709
0.18620802401341408 0.8419640808912738
0.8329488950931503 0.12490648885536704
0.8182398884367057 0.6237846709677715
0.014855660233298318 0.16397819945525094
0.09801719175230406 0.7642699626487437
0.19356264125503508 0.25834231427102217
0.8796285889845419 0.6201697116586362
0.7924055376613695 0.8592376635030137
0.5050854757155097 0.33743778850031103
0.7808000506371944 0.21764785571292644
0.3332699573960931 0.783644994879451
0.28545593906836797 0.7372958932825355
0.1760660126996445 0.48320960203298746
0.33223461359271567 0.9423813621918962
0.6031686357436667 0.08852364412802038
0.9874094097275508 0.48832050392462234
0.7578862550416203 0.9111180916685484
0.18963398196076553 0.09040321228296722
0.6873759737620335 0.8988977833909746
0.8827415288023945 0.43146591023377656
0.4668662862060329 0.010601665422891093
0.5523882258085808 0.3687783908716922
0.1740862968952981 0.40519120630079497
0.710090612917234 0.7009261510174181
0.5621183642254899 0.9465415650900375
0.6249873097453957 0.9129840686334816
0.7630505247214847 0.3724511353660611
0.6703603993643794 0.2996300623501822
0.6826894426684471 0.430301416812775
0.2749993965732753 0.07299469725866103
0.009599280158425927 0.6615457952759938
0.19342161582179251 0.6842354759195359
0.4650670604261795 0.07697618585427568
0.9638535802701942 0.5057072347701643
0.05103921837897518 0.845695749998921
0.357393077828114 0.5733612452011887
0.7620315353171678 0.7628098248984101
0.45142831692146124 0.4945218717954123
0.01987907395085564 0.13869636054072454
0.5080631375361064 0.12868430340783643
0.2996309589726114 0.2701255455305236
0.07322285686652119 0.10744164035407544
0.33621872881829806 0.9410414525332746
0.6280430217645385 0.7772393806313131
0.10532278311466459 0.26797684284609713
0.28794236618636626 0.04951804304999663
0.621759784716857 0.8554773418647816
0.5138936951413509 0.7810035102458905
0.7384844804422412 0.015072467143897983
0.8783918620113558 0.9201826356296956
0.607687515276037 0.18301246180158248
0.8084485217424038 0.8042418015443411
0.7582024742223126 0.5752206545818457
0.22018302816150204 0.6417968199983657
0.2229673657975182 0.17534144489096004
0.16427287734105978 0.1679317208599891
0.27660420902563043 0.9808397528932502
0.5483836457780376 0.4341150276327761
0.280200742244473 0.10792467496118907
0.19653369882050042 0.8654419215691707
0.5360024827014984 0.34399456247432125
0.8084454195455817 0.37831961200205155
0.8772264138526404 0.39371482407630154
0.6617759247173891 0.6012169034077879
0.18815695646041686 0.11841676322093808
0.3133891471761767 0.23658494423464305
0.8945528256424446 0.014300364490948958
0.8523353966257148 0.2564659138710188
0.6538395462329438 0.9040224634506231
0.9318747662549725 0.6418952566915093
0.7765452206182502 0.10313307474471345
0.7654992304093913 0.0818339788934268
0.3268655558098934 0.9985192792418918
0.20864336435700737 0.7316095926499637
0.47761621174638624 0.8435574719782886
0.0865680811212639 0.061561351562274824
0.6230104606560998 0.7639198441507968
0.5626229303627877 0.13890733673672173
0.06417293724492912 0.3635735673617
0.9067774034431215 0.23512818114702028
0.7215466385762699 0.6802281431021642
0.7555858854338897 0.6028566691931059
0.42280285661866746 0.825806256141199
0.6352122045481468 0.4216124918276778
0.9849417222370891 0.2983849757061776
0.579286080758171 0.7891405632491513
0.601554410250376 0.6382457639734893
0.26745174504402613 0.6347224527132449
0.39859167618084945 0.6343944003082502
0.018826278706050692 0.8672652413695814
0.6879604286080601 0.43704734959166935
0.10049758819314003 0.16297970389820482
0.8663585987432922 0.781137213823637
0.5435912457959602 0.7878397069961058
0.25674009445525026 0.7134799562233405
0.5212889878985703 0.27660887391950606
0.08015201677247985 0.31957031612136433
0.16546890344495524 0.03338321939393829
0.036654485686183014 0.9244677684843563
0.43530799693547384 0.023776379507738588
0.6571610105434409 0.832353986840324
0.5155335506556913 0.8030302045961906
0.639968042495906 0.5166620459069566
0.35310516309397233 0.579219914082957
0.3804689783881179 0.012014538810001918
0.5112402440351409 0.08852694981663589
0.13905666053223853 0.469775781458847
0.3654920634089631 0.6358077719466035
0.06428093301489568 0.3654245667154521
0.682623947823626 0.37448294543648797
0.00301071186215629 0.5890800227392985
0.29245131825933335 0.6964954995431223
0.630051835883066 0.26241813010166926
0.9079042475585162 0.5093970083705341
0.4308897359336039 0.6036069280885226
0.3914696796508621 0.5106543380338644
0.257255931572397 0.441139670779094
0.6678252210081619 0.8536945739649431
0.43496566897862365 0.6538419954609949
0.12969867503678967 0.929582149774461
0.47692028054389257 0.12808948865699343
0.2661030068231387 0.9061093979167583
0.6735239293339099 0.9493467070182262
0.5695692740462224 0.8070455018929186
0.5337396286860752 0.9456238787506444
0.5294777429634596 0.6051415686522483
0.4656805641247177 0.9452037297627114
0.7385539917711512 0.9832332547630291
0.6455966281832664 0.7782407950769339
0.06505353923785684 0.41632278278112644
0.43114365984703706 0.220785571979222
0.8689612381320313 0.4969538789520913
0.46736156528725714 0.27802652616699164
0.37479402277072826 0.2211583766843952
0.9310055722111925 0.2215333556981185
0.18076828584081261 0.31359572564235627
0.1160330431403842 0.64997017708347
0.8748329129342172 0.9378525720645852
0.6640650788185343 0.034579813085333644
0.6068385020793539 0.4790343866525901
0.5245557528809952 0.6645045054071341
0.1544356711561481 0.30126084063786607
0.0697618726718614 0.6600871757997309
0.658132283252626 0.16119051990163014
0.0678564253655034 0.052651191901574634
0.47206181721642415 0.913008045370113
0.4458890630998713 0.9333588101986456
0.21456487983362393 0.5100277781652627
0.6882783894684943 0.3821101601982986
0.1584937554217578 0.08302803057914021
0.16398162180750808 0.3233507016068635
0.17425867610837464 0.653599313382867
0.4757173923052642 0.13689444609384172
0.5112404691157766 0.5908855910322741
0.02097723652515815 0.8300435914708317
0.7554122074280571 0.44873271887284694
0.6205972345131829 0.3867488438479201
0.8048410091392757 0.3377963312439469
0.15049081883682325 0.3012682760580283
0.5450371443992501 0.46419630531189693
0.6453029969753961 0.40600110452622373
0.14935911458197904 0.516644684440994
0.44792245571574707 0.7331790114848535
0.5701505147521921 0.33802864106841435
0.09353451948472191 0.7425862751608336
0.9000630946386303 0.554262934124319
