10 3 100 1
524 591 876 677 916 935 724 712 744 684
761 732 902 835 820 874 829 860 855 1021
876 858 840 774 741 913 912 965 1089 1079
683 938 955 739 815 870 1160 1089 1010 1100
953 643 948 926 909 1004 1089 1117 1037 1296
753 970 786 816 893 1188 1163 1204 1213 1094
703 707 880 1117 983 1096 1477 1466 1178 1308
725 894 1044 1002 1103 1257 1679 1542 1262 1129
775 919 1122 1176 1381 1308 1697 1529 1227 1176
809 929 977 946 1101 1167 1421 1191 1166 1151
4 6
1 6
4 4
0.9024604364861601 0.7871619498556683 0.6761552923035004 0.9402039818917607 0.2635702786996722
0.5688313883837164 0.864172682203979 0.3865287031664822 0.4459309518514068 0.3548047012292821
0.9159182244952526 0.8327679578319365
0.40303234252103093 0.001434961870553142
0.8243383000066351 0.49184686499944585
0.14531220096642183 0.8402038840698616
0.8368659627204686 0.12980113921189473
0.9751503504911785 0.9830788597154909
0.11838236409755432 0.5950699532585009
0.4512038429022682 0.6374441542816065
0.430979798216252 0.192518973841314
0.3378012326502997 0.6749595088445688
0.9555879194015102 0.9935685207360696
0.9406860875353111 0.6505896193815421
0.13047419259806592 0.8331402770134231
0.2566483337937868 0.1920450887120162
0.686280084947644 0.3146209394198658
0.41109803913831433 0.376577945618197
0.021814442037498827 0.9602772156856152
0.04729393393777537 0.3503879048851939
0.9836893009908989 0.7609837653289666
0.6601284862164933 0.6998514513710206
0.02546348036233992 0.7522137907612922
0.682425734906341 0.9125367840882517
0.9685037861675583 0.7177063922493143
0.20503076179419066 0.7951140429550463
0.4128914554136618 0.5163703355856357
0.39127836764551316 0.5821482311763397
0.9048047207757943 0.06745448969849632
0.11639713234694504 0.8068290640622464
0.6714998162049761 0.41712831862150956
0.8743686189702122 0.8832215950367863
0.23348272034580098 0.7221441735048286
0.9441157881967517 0.48190329292462786
0.2132198119552977 0.264780315660857
0.901623231711238 0.016366329167929017
0.17011395040230393 0.0544574588019453
0.25116443252098897 0.24862412562069847
0.20865417159714617 0.5877888559332811
0.11634306106520298 0.7663944911312295
0.2597084013676043 0.9393700213185214
0.5849602114360704 0.35860589828418377
0.46577148881894703 0.1459082623722241
0.6828995958836097 0.2247170917932766
0.8486555993645342 0.4493268309971057
0.8510292683450136 0.15001773617963088
0.21339367042424806 0.8801577611198717
0.9483157693603477 0.6478425435350743
0.5798116180406419 0.4114626164927724
0.8516947073398182 0.7367193403530026
0.9872325767830163 0.8872161357550523
0.3329866301402331 0.531061047742996
0.2933769650833822 0.634913332977382
0.8758218168372212 0.07745512101853813
0.17043157468311065 0.6355288789285094
0.3086570787279239 0.9124327156364185
0.9613014344754647 0.30407281511969697
0.012764150775014915 0.03305390663023178
0.6953398317330721 0.3688188488371038
0.007183529624912088 0.5300984896459704
0.17025104788448986 0.1805434750579653
0.8233083637596956 0.288778499119849
0.5452514250952316 0.8165507097438132
0.9342177252546924 0.07981188945015893
0.728904381463372 0.11979085398241152
0.9068448261151498 0.24034863501706583
0.9006201608823292 0.43277698442857804
0.5050008052983321 0.9551613273953155
0.18282754406873436 0.5632937491880605
0.5938418951938631 0.4752078225361951
0.6047754284920792 0.5729639196545686
0.21904136372633265 0.2632807382096827
0.9525583499940631 0.9568475381837749
0.8624449868812356 0.07583387258044438
0.7039148758593603 0.4280251547578684
0.6339831255849111 0.054058050112297584
0.5154633618947859 0.7537354311759257
0.9927263366602268 0.8461518496735891
0.5053922355773646 0.8836547909063055
0.7899676655903849 0.309675332253031
0.9095122583150808 0.4037169333906965
0.14167132624235923 0.8730199432086876
0.052785569845373415 0.47480822765482866
0.5521528036761594 0.36769966689416167
0.8263809157823128 0.47362379323911097
0.21829480446351357 0.0869934635384011
0.38995276413678925 0.49789921789902714
0.3122130779626877 0.4818809497840575
0.6100793843979224 0.25480666325608636
0.3438782028717009 0.011182499398691315
0.15962540912741185 0.09427559910347028
0.9763004820360346 0.9287602636979502
0.17899114787748105 0.26592090827813997
0.7227530562949331 0.27647629279833996
0.021946643544644484 0.16509133288806543
0.41072845546302794 0.5673644377229417
0.6803660349050371 0.6243229443548153
0.8575254193123802 0.17052265492617558
0.5267907750294722 0.036280692625287214
0.698903654720691 0.9447782186244296
0.7646035121891113 0.7560252745769525
0.09778774007236812 0.2594320992173753
0.2707131541691188 0.3197444613091387
0.8102606127292105 0.0980982754983788
0.6081909032583956 0.3469587842610298
0.3733461814197323 0.7605364678552917
0.5618643470082134 0.4300818750119615
0.4059628767644834 0.977718647350575
0.3469861087378914 0.10987257942914308
0.3568519246427988 0.6668477054639657
0.4753822122180844 0.21919322190742974
0.726862863574729 0.0737730716087972
0.738522445158468 0.23178103654260607
0.9130556558824829 0.9621623602896587
0.3843112804953832 0.18306715729832534
0.9737329123949352 0.8496507693851569
0.41024950267100113 0.5235485660677521
0.8367699543012062 0.42544757511988607
0.4719295755663908 0.033464670575138245
0.19719897267511155 0.3308368349674162
0.20413551072999958 0.6355494832953605
0.13606583949588824 0.3356099344737924
0.9903959105580373 0.9684944497788499
0.22309565782999452 0.16262156664337324
0.46525273226053687 0.17461483090630914
0.08953993880464162 0.8484824249796687
0.021049295339326646 0.2553150433491149
0.7528488376801739 0.5523232557494617
0.6910721909070745 0.5437396785672388
0.7261680783948812 0.367716483129481
0.4958288315929573 0.018608747050831598
0.2265235469204454 0.19794369660281186
0.5062778345346874 0.2039607602325666
0.8278833003201045 0.9832799691692311
0.2751025523502042 0.5791813370131595
0.5564911274612176 0.2264883208570867
0.002611043230403176 0.024036942871617617
0.9686838718023596 0.7555691924432735
0.6657391643511332 0.23551653630764946
0.821141364835482 0.7540685221306125
0.5582747834545914 0.7745494465860439
0.18636095295402533 0.31123838553816996
0.7305678208928792 0.09922710746813368
0.4854641598524234 0.602941533259032
0.3074986821280128 0.002113958375956626
0.9102670709947114 0.17894846814356224
0.6155774834561547 0.0089174876277347
0.7204079158933923 0.13620044292963152
0.25822863420651676 0.10271998026343443
0.7534883062143498 0.0698290404846682
0.15767800472888727 0.46330650772703197
0.40822245856144646 0.7075085426424197
0.38961512929135433 0.8342617511569577
0.889292118071864 0.4503344734017676
0.6884639030784223 0.6086760842862204
0.5163108786855544 0.6565017436116187
0.36953906554590343 0.910672179954165
0.5128267887821185 0.3654846705180639
0.4069478093117054 0.23784398574556276
0.4484207049208613 0.7286930464998096
0.27139447385624793 0.3588824426823485
0.15923062115195252 0.7736387814044285
0.44041495698602784 0.49575191918315387
0.18400620944673207 0.9492653709665346
0.2506675758992909 0.723063295887691
0.5626467145979681 0.3951137957028177
0.419784611067499 0.3357194483189505
0.6497544154885393 0.5469203933353051
0.04191262560053488 0.5350624240173072
0.30323156781323624 0.20063541762848303
0.08114842772451647 0.9475000188963938
0.43895801873888796 0.9169062875919116
0.2530843233512503 0.2346540209783301
0.5499865087960523 0.980203916384939
0.5084567704975751 0.8025387910034829
0.6979754857956291 0.03057408225536884
0.7882666216988843 0.21037383224712358
0.6245291546095209 0.8415789851821198
0.5910985576923651 0.36457660227127753
0.2972944660389776 0.495220175853468
0.01403297357931188 0.1531767352467368
0.6067606300364865 0.8120623841089631
0.29123186014177915 0.11276165167370267
0.1362023258922953 0.6615716391643054
0.9606555631354845 0.9005878653436945
0.8775250331641617 0.7511627848482849
0.27706367392247255 0.20170597770989174
0.5925751183339163 0.6906438072548007
0.49378741712732044 0.27879622810969984
0.7197746708077477 0.4502623702097772
0.4095778804925232 0.27893623836378767
0.17143975384952181 0.9081810222379214
0.3920464711631957 0.9979288882264254
0.7636141335086595 0.6609226619546085
0.9606460455452948 0.1965709723146991
0.7313940110646191 0.174857408671095
0.6269543452109185 0.7286696218099111
0.39154484652959454 0.9290832582278985
0.8290140277160476 0.6502526689540666
0.9743975705892083 0.30019929186844596
0.7628944947678167 0.7613752276274737
0.488416605248819 0.44268188904330885
