10 5 100 5
666 830 1407 1158 1116 880 733 1261 1259 747
1026 763 585 721 600 895 871 1242 1125 882
830 700 722 1121 663 982 1255 1253 1198 867
919 620 1212 860 1365 1370 1379 743 809 1253
770 644 870 750 848 597 1231 1298 1020 1101
1237 906 1370 650 1276 1236 1375 1259 1304 1051
857 1226 610 1200 753 1390 1110 1232 733 1087
929 983 1316 938 1075 625 833 941 894 1094
682 887 956 1228 1020 1285 794 950 1109 1301
993 1223 1354 1323 1159 642 609 1129 1170 679
3 5
2 7
9 9
3 3
5 1
0.5526117965412352 0.7747149312053196 0.8829574955846022 0.4481826695924519 0.4915273210454768
0.8386675223891158 0.6502709049872666 0.5882321984724301 0.4300423522092091 0.2790083918436218
0.5039242798518275 0.7442159548888981 0.613428175674529 0.83016427524005 0.33168226558672653
0.41254090586030295 0.8986825226272599 0.9112513944701106 0.6128567956916351 0.40361238933962473
0.8232625930727748 0.6886477724931477
0.20178578469821362 0.21029475812245968
0.9469518733529869 0.7431045694739362
0.29137389734580954 0.2970830477324844
0.5602510131463754 0.3470265144107052
0.4940018182341621 0.09052946311314347
0.9296178221050464 0.14556887008367658
0.8528788158316467 0.18801507210635515
0.7104016500852626 0.17873330782412533
0.45508617717646915 0.1355716731660157
0.7558813732198835 0.004460153308067039
0.4049521849500206 0.20842106504417868
0.8455776385367839 0.35073649835167076
0.29038463089205635 0.5980773912806339
0.16679874378669513 0.618551133865602
0.9580116281364961 0.16619427233195405
0.20380075065544245 0.8518513314104861
0.30321694314257686 0.9030345783853619
0.5819159874903943 0.6173892156435798
0.16576956650377994 0.23038047915811322
0.10036670464273412 0.06717565321114582
0.1761248093124992 0.34280002460416714
0.2895224936625207 0.7235663940542543
0.8934813613634001 0.005784100522411295
0.692548911449941 0.3462990355619455
0.4190629572358602 0.6372139698774031
0.6701052078407197 0.016295311470909235
0.5315237133761492 0.23533471180131493
0.5983826958513336 0.5542486716269581
0.14829399115875175 0.8134554867656103
0.7072109700017533 0.8684459058435243
0.08670791657531174 0.09881143606963327
0.27723330376987243 0.3961373696080346
0.16175638012945837 0.01535320252743988
0.39539712698317575 0.6827879530968446
0.35645116118191966 0.5434800566942664
0.7758285226182176 0.33207928303591583
0.3419762929061885 0.6222163764308437
0.8173135133296079 0.16346885415580692
0.900941183475183 0.3404821941893721
0.7226297332051712 0.21425750912326147
0.8763648299966269 0.0029796572488816064
0.18393879237264654 0.06852886347139142
0.9484283484813378 0.1349381414439914
0.8775627272964273 0.8911016224865032
0.8209969555692511 0.9971265991950264
0.4273028359704878 0.6534314181277436
0.03502782398872961 0.692534544148695
0.8159318328935863 0.31707557265252206
0.547485447532976 0.5273826189551487
0.5723159217266798 0.11957687380031778
0.25964275164052597 0.9435655608429296
0.5665768787737873 0.012027765915216149
0.8966558417146322 0.7259222304677864
0.8872777490695565 0.16376582751533597
0.26372783768106967 0.35583767763311647
0.2438791640563418 0.3758468975581417
0.7165851355133146 0.7534588523151728
0.9008960868860212 0.12269755227297519
0.40352646629603517 0.2764906124162767
0.04395025724193857 0.5110504725065845
0.03411019800298387 0.7049829081418135
0.6060996793746463 0.6311058162275163
0.7389996691561718 0.6628772228815882
0.7732102550104902 0.30612452599679507
0.13107934475587912 0.6433751743317386
0.06428809065521457 0.647316328704987
0.1048785133147978 0.12895256551213463
0.504363187373007 0.421792415765029
0.2175796944014705 0.6966783640381091
0.889893192348653 0.7510327974980269
0.2325989046376391 0.578392036103955
0.9823249139073664 0.8522985775405651
0.6289711606301778 0.49239767170482374
0.6876758628658213 0.6842782832311389
0.17346116589163785 0.5252834560575526
0.05095857067371523 0.22895110446912748
0.2326030381091302 0.5188855417472806
0.34584451837449226 0.4911444287001765
0.26867590697848187 0.8719207462540572
0.8691097608953289 0.9170980085376346
0.06066081874785967 0.14170631763082864
0.4822758757966663 0.41981751048264004
0.5655160223847531 0.5091726745585488
0.9772615749986937 0.8228976882366734
0.5843041009343191 0.9404164602277494
0.5007923816363384 0.39487381454158665
0.35418879694611194 0.3543042444796629
0.20045452083141302 0.11403281654085595
0.15886925907346794 0.8750713597236159
0.7408277105075061 0.5428096466628387
0.026646807078762436 0.7395068709255535
0.6116323800021803 0.005072147149937312
0.8848787202849786 0.05866389661438087
0.40502936743814844 0.5822081857467147
0.7805986106636627 0.44411622477359636
0.27387738758504976 0.9914113017468722
0.047884531330459223 0.3531093804430656
0.12968759555007892 0.7639752108172773
0.6900520074729131 0.5093370252420617
0.7914413206759254 0.28309829066924097
0.864845367169558 0.36016744911229015
0.2730329222679906 0.4283162637772451
0.6630335911137666 0.0840422736516131
0.8290011635616017 0.2528874733134696
0.8089498332900937 0.6008829451101438
0.20043764305272527 0.983659649936091
0.14110012636363312 0.41680458821262256
0.05084563364452488 0.1527762065207079
0.9093829521812891 0.8240915472661854
0.8954483799035253 0.5034750884428696
0.021845196340831263 0.164000332043843
0.6965548140916293 0.5023265094304614
0.21449794339346595 0.43881611073668525
0.7267248975034097 0.15505782434430349
0.484281351675355 0.46899193768674197
0.41194584910617427 0.28161495595968744
0.2728669509105772 0.6246588428609228
0.012399638236988197 0.29408252046127026
0.530623865290279 0.3057456247208703
0.042768436938632304 0.15603374793663582
0.12632763829494587 0.010938652132747473
0.2769959566813689 0.8859212406839412
0.7796179942159593 0.8680175354149713
0.7637868001114314 0.3885164143800981
0.9065128853985769 0.36765493919444525
0.6955275164871253 0.4156692176495207
0.9027491783228228 0.6697746929783821
0.17311272967223124 0.1378779830072654
0.3540803922470719 0.6654631183024289
0.7770290887589453 0.3023719697949643
0.14136772779350193 0.8750151792550123
0.8770525768702597 0.28717806562607806
0.9571312071988052 0.5983373143311279
0.3667713210507515 0.7961849453252574
0.39164597167591597 0.14849187710553435
0.8983151756154106 0.7284374339865478
0.07582627688341192 0.9381776820636434
0.029098261056216712 0.9764439133602529
0.9657901252123691 0.6430243299033676
0.5641565130962776 0.38940117569075783
0.046794037672157396 0.0065854291035976065
0.7103435791991868 0.17297080619554128
0.12473424457157511 0.653576371617695
0.10190166449377647 0.9442110390819898
0.9602185740902769 0.02683239625667566
0.7470127466890009 0.5616655118944098
0.5629569059926507 0.6307099999739785
0.8493116477419083 0.1083638500148123
0.29301421553533036 0.6363322173932613
0.19088830147246227 0.36254708195476604
0.26291764097827186 0.6040525918477966
0.9877117632166323 0.46092066547740984
0.8534897125624952 0.2676211173286358
0.23080206922893032 0.4811146694092139
0.2350718371078231 0.5977761380283
0.7471378454817785 0.24259149861170748
0.3868902164450967 0.40350732335506234
0.6728090632981902 0.1636336515069774
0.2177067701779487 0.3929793800024848
0.6381564791047678 0.8637745159599661
0.7483667941729644 0.32117663710062994
0.923205686426549 0.20019295037908558
0.7896231241729357 0.7015473182781253
0.4502325594907368 0.5718002290112607
0.3977389846884791 0.5223337348530153
0.683456338297491 0.9036663975740447
0.32841277044610306 0.8782482615017329
0.2813006011048549 0.3251303582932139
0.5184330649714224 0.8883783089083557
0.6073857554928663 0.7817965925991306
0.40844597303269325 0.5472990726902538
0.5150358267170247 0.6617450787353649
0.03276740402016043 0.18147347056415275
0.2898495578095266 0.8966081438778453
0.7790145878093266 0.38619997547802654
0.1979584084446413 0.8086833120158989
0.8002416305619717 0.7950653982161744
0.9275676589496265 0.08032270569758237
0.3841127697426645 0.10046574166458733
0.9897921750174743 0.6594167795089707
0.22864379065407436 0.14383013702822556
0.5482760337478441 0.7008656501652271
0.3109465838580201 0.09250252949419013
0.9850073089490303 0.04148331690135243
0.4672023782990431 0.9894153466785947
0.4795225525814355 0.39612416206671064
0.17871920996989554 0.4763347977812342
0.5668810188606761 0.3876414803584294
0.38605366239465644 0.8516714434677877
0.28963680374450607 0.7107182580090552
0.13515367893316887 0.029222445529232033
0.9232399527345345 0.6679917731234697
0.07611659322762998 0.971440784278083
0.8822855957713962 0.45902314723495197
0.05282576750075685 0.6172301015849171
0.5050214260491126 0.7290043668545385
0.19517599698792254 0.18904327941104304
0.254403150768179 0.37250951256641796
0.6163825726764796 0.6282487707148037
0.11579323951552412 0.3078492331975953
0.2549099022069441 0.26976091091390053
0.773147010735757 0.9460208244218131
0.2317360116452034 0.5516460638335277
0.12152792560549308 0.8013925060317686
0.8971281942117248 0.9174046809911254
0.12807480480193112 0.7121206898996344
0.5803761183551648 0.04062709520569352
0.03267994370813154 0.6175060821421932
0.22361360054417845 0.1905867047493517
0.6950850096383039 0.5942227579031707
0.6656400656438748 0.2445806398128394
0.4259730013456624 0.9450849645075157
0.072310851701336 0.40682638173653096
0.019797356799585053 0.26458906391001324
0.07360250316445804 0.12898900821236348
0.7886337279388211 0.5823156747847091
0.06035222652104255 0.8481509481333658
0.6544482685442372 0.4993243162871934
0.3560029223845034 0.8241466899493162
0.0701739702136448 0.4302561152788309
0.18197949584397666 0.21025629378474608
0.8377874889054382 0.5260873280459943
0.7702388206164066 0.9293285263948088
0.23742592623649306 0.9807701276380898
0.3532488742828861 0.6900704191397962
0.7220091205376489 0.7749821884924133
0.6510448420054218 0.5312064473722264
0.3632344801396652 0.995240479109736
0.46694593318326394 0.9980251037815302
0.08069753235919341 0.35661525476116496
0.4259568221381811 0.008101659074772893
0.7789909211111707 0.5857396598689455
0.7216058587436316 0.5087814879623189
0.13728328201302542 0.9490596139125715
0.14552574630916748 0.9985401460846635
0.1872733655541965 0.9492488658609963
0.6038739498328045 0.9988897618736043
0.47697504345440045 0.7788345354600461
0.3326299033896949 0.7591068580467475
0.861996427046978 0.9482514547523018
0.5813282852405637 0.964485905769471
0.8403057950293695 0.8108721280244513
0.485089703377773 0.29716978479570355
0.7651693982584744 0.21350179075206555
0.5280231144231291 0.38000429000581626
0.28353384200244824 0.05714169600300778
0.8583087213617289 0.04236325140637742
0.6530913288756812 0.43687185252923366
0.688541887305619 0.1921690801332352
0.5982136362041077 0.6774501036932752
0.15261819749707128 0.8470332347282252
0.19579850516123298 0.17357621966824577
0.9511791868849797 0.10823100589466672
0.4520168281713055 0.6011811838663526
0.23676683847302904 0.20296199545143456
0.01850157958173937 0.5519049937492371
0.20198642400000089 0.8298069195518751
0.871060333078403 0.14019296864885722
0.6513861355116974 0.453802110479949
0.3051327113411664 0.7279166510652502
0.34129536758731716 0.2638816558195505
0.6890023720940264 0.923956753488375
0.22516706333742897 0.25320414251347145
0.30339652611957324 0.6584230603070356
0.2984676440673335 0.7609321881484867
0.5263644819175772 0.23720803488816333
0.8914911680179265 0.15087816046717872
0.6566884621967164 0.26402973017069264
0.038414623973360706 0.02014793741502774
0.2205322443169473 0.45764340764559774
0.23064487257370425 0.6522623405491388
0.7376614537363373 0.6416228660353807
0.7440285271838687 0.6645625614370876
0.8606947115117478 0.18242152872958384
0.0678412523088352 0.8704455905753596
0.8648747926979463 0.7456544914463448
0.6511267872743249 0.36117787727099215
0.17542768412847143 0.26078796127055304
0.88676512746542 0.916134338217871
0.3849345781031883 0.8006885533181767
0.11899712937021811 0.7174604285820632
0.24163725717414697 0.5862105515047851
0.5624095774330595 0.14062046502383097
0.15097884389716376 0.7371239408255945
0.4105892690160815 0.5710263180004993
0.8241441636763731 0.7510313951658303
0.554332037474232 0.22103745260933927
0.3419182711610429 0.8597630163273207
0.0006026500650824218 0.5177895255776399
0.1826335187489201 0.7709022055062307
0.04825476650627136 0.4283429244328223
0.20553799829706265 0.027380147209569827
0.6106638084881209 0.025214712194363553
0.8536268094569295 0.016756258553931147
0.9027170323784466 0.8128590136492735
0.05842629085091389 0.5831562335271705
0.45565427439336026 0.3509983317659622
0.06226622031339146 0.013028580922408217
0.5422765221139254 0.7265394999981531
0.8833720680101145 0.6657400162663543
0.9087496960843007 0.17759718062631458
0.0861320488757007 0.49640389062436574
0.05843247474028335 0.10986067732711202
0.3620624504060319 0.40715330937929495
0.3076891126208168 0.6848083660168518
0.38305763048952324 0.8928492785008437
0.8805391375947007 0.3694594292812925
0.5864405575574558 0.838043803913028
0.19881976726937522 0.064663850435007
0.784514198020809 0.7534833560327032
0.9727174744633442 0.44689138095525927
0.8723621552650969 0.13503824100021067
0.21825793937712556 0.8143934919877418
0.8949242937399704 0.9450058380120228
0.13799071593771228 0.8168147971516233
0.6013189993698855 0.44451313763663025
0.679328024120929 0.8969240404559091
0.3570641087681161 0.07023458912398173
0.256676927560914 0.8061627579701682
0.5213624531108358 0.22776090773264945
0.43655889436726514 0.5764572997947675
0.8793980795322238 0.9723705484776239
0.8663727272218691 0.7662854736451266
0.8548243772782269 0.9245988176370681
0.08867849992989596 0.5995454812169925
0.8287427579796478 0.6817393857623688
0.61208918113506 0.6699444941244268
0.49580247323782145 0.5016980515796214
0.9244196186143667 0.7969595210016498
0.5675531710464483 0.4001973315932521
0.6311855506601478 0.6912913050446159
0.28448319809898703 0.3832869388421518
0.7138724704072477 0.7791020966860167
0.5642134953278894 0.7765617962835554
0.7438596323808104 0.9611443230096419
0.9265616128943579 0.23764653988783868
0.9009142983436571 0.5364962867690539
0.9575286276360477 0.716061146189052
0.14052437462190648 0.9047111785647637
0.7078223104719525 0.013770285948190297
0.02440819313606224 0.44602719917550804
0.18634425406924482 0.6337579700495612
0.49654009198057447 0.24976076822547544
0.3755161689189328 0.2636929484018442
0.012906239950749354 0.8829659697687327
0.9225773356309552 0.8341440983289399
0.7159363533390821 0.34875609544442865
0.9955986588082262 0.25420349532838404
0.7270313202122616 0.8148128452157033
0.3036450573053058 0.2148372088702748
0.8194742135318238 0.027777309748678425
0.7356474159583626 0.5583255105212315
0.6624820170681209 0.20436111734504658
0.33273950651759954 0.47577465841805733
0.5297094148459105 0.44044030804547973
0.6454055125958393 0.7837895726504727
0.4201802993771562 0.8855510411622805
0.1310209615450726 0.3813400251642378
0.7651159431965429 0.0015432519268916423
0.10117981714422153 0.6228802162660172
0.31932786392353085 0.15948240790986268
0.6617643917589486 0.5183383784412698
0.9062158724538367 0.7885579847921467
0.24456268684548155 0.4906037426539891
0.39349087160842 0.9636944495135982
0.2617532854329865 0.6978230284476181
0.5890973633165655 0.9549186298727694
0.6890613864418547 0.5510441291657713
0.970100829679577 0.3191960556655027
0.4613758193116073 0.3077591276706133
0.22369822704306874 0.2778118311073332
0.5146598734716363 0.2640421813132765
0.4452851991723059 0.3208945181746883
0.9547266160604455 0.4113339206481901
0.732862579935273 0.047158797319310164
0.834891934256252 0.10748579099125855
0.4077799552218351 0.4590839532687614
0.28305153051479515 0.6516948553598938
0.7828815797131354 0.9763442940929989
0.7330082541898948 0.8980906728112272
0.39862700941172347 0.5773028941008778
0.5958595086463903 0.8135486096962277
0.9970656846933201 0.44083124091077863
0.594742864880281 0.3967074703351652
0.9816900960804493 0.9104321344766342
0.07386939379287893 0.48768702919982454
0.12840593104465148 0.8987718363164838
0.1474417614158383 0.4217587329751247
0.23228048930698808 0.8270151704678159
0.460405794752734 0.8548571469393396
0.8947426705391714 0.13387224926237185
0.09291611223952434 0.06064327079452658
0.49103577356459915 0.7288121882488154
0.9923455393044645 0.5037678982430027
0.7102399555273231 0.1386502853643099
0.3067997851121764 0.6244629644862005
0.6275038275782632 0.44663263771582695
0.6971113086171716 0.1198105849650597
0.6368397062316133 0.0795808936975424
