10 7 100 5
273 213 431 544 1028 787 382 693 222 336
350 535 566 262 199 581 979 676 377 398
1004 524 286 870 617 345 963 349 931 856
329 776 217 224 505 338 467 317 744 566
626 572 1197 1162 1683 1511 1353 230 241 923
407 1371 1133 1899 2515 1751 1912 1198 232 230
349 1417 1342 2193 1877 1960 1968 1460 445 256
502 1944 2195 1887 2143 2421 2546 1960 940 974
652 1376 1368 1943 2216 1851 1616 1257 724 360
590 1918 1320 1200 2680 1339 1561 1304 525 215
9 6
1 6
4 4
7 4
7 8
7 2
4 6
0.3856161714074976 0.976047988490149 0.3548481356292642 0.35219921705960283 0.3938322286762135
0.9050350184255525 0.825362595084669 0.8091436798753355 0.3290866353452177 0.4079024524906989
0.4358771812214327 0.6636474921686994 0.6717988581483811 0.40402517373232427 0.3511931759595146
0.4006549469336575 0.5959772073484763 0.5318526944883282 0.7872059143373714 0.4864233864149454
0.899606710245219 0.6944874697942878 0.781983530748079 0.931622414735249 0.1800165613292488
0.5654740457611995 0.616192664228894 0.5515321223176055 0.7632205983069819 0.4593689114717662
0.1317643946260898 0.728345898744335
0.564135400423299 0.3570803136512768
0.016314123691224758 0.8396926212012057
0.9392560335274498 0.49767937241483495
0.6154493289180984 0.9113890659896098
0.8373270717783363 0.06734605102267133
0.011989416279110765 0.4324201834453414
0.2621341911466748 0.44030213164451726
0.7807533636648616 0.21832959871902835
0.7965529196926755 0.21555896402280816
0.15579098855652118 0.3879245876600579
0.13743370803532207 0.4966137698567734
0.1610583277625497 0.7191417627428527
0.17744047212650305 0.7662274089857164
0.43116049401828116 0.9651176120432521
0.7402380759902567 0.44134920472734396
0.6275018456801713 0.20149930735101163
0.9621431595164025 0.49482321925767003
0.2037379708095053 0.07901805336310819
0.007039883971012628 0.4700510473844921
0.9545097964035476 0.7834474858105924
0.5372747698093638 0.3631166260872549
0.926381981565668 0.9036240380791483
0.49540588065169233 0.6318978083207074
0.19567114168423516 0.7300279071218003
0.4882258186799804 0.770279089785096
0.4164945832177884 0.6402148118317241
0.21501010374339913 0.7716138431964268
0.9152670411041086 0.9084440317045983
0.27189786474136324 0.5419848347503071
0.46037802153848206 0.8418992320295595
0.5094836796308839 0.27509612928420757
0.3487812559734913 0.11666604696744565
0.28904492795008285 0.04827031379818436
0.8356325943667609 0.3205257995669202
0.9506189985046019 0.3246915509500612
0.8251535010943658 0.4108432230459904
0.28527080583259257 0.037237703880453665
0.7090399595755599 0.49924285875969576
0.5772657333246323 0.401314936729833
0.5709676747215164 0.868391799363146
0.41760930439283794 0.2395177853328525
0.9374245906443104 0.19558912679042395
0.05477555316512994 0.6043067163421241
0.751452353507464 0.8919423236945485
0.08980543473716973 0.8020936996913273
0.5372916971180437 0.8979338110329222
0.43428745688707315 0.06536714042996716
0.44244227781423073 0.992119902317953
0.11534123624706871 0.9772648674971869
0.03998354143613314 0.5424785434455632
0.9066532594608947 0.5393105579251085
0.6411914823586644 0.8132821740654266
0.3649776093653516 0.4929220730280106
0.17812566509416095 0.14743315444891514
0.30778852356873254 0.6809256850627636
0.15375240737844065 0.14195979115771107
0.8177978347969337 0.6878266528680845
0.8026691790883003 0.002517533235075975
0.38596061640928436 0.7498327681297481
0.25576708322859276 0.7203445503851928
0.7648703530356205 0.9460993557471444
0.8231188763493189 0.1293710894724034
0.1239377313182859 0.1845423959368364
0.5653177095226758 0.9941253299314541
0.9966851111491042 0.9278571169723822
0.2980566482201543 0.1841639919750917
0.2451397944510827 0.8355128272239891
0.7927098775108097 0.9000425211311298
0.10361370010614035 0.4646961299402723
0.9256804667410918 0.03956028283715529
0.912971876960506 0.14531517587251153
0.5315759574424701 0.9151665701012126
0.08387055540558763 0.37875271780208863
0.8069706798668554 0.3029854148275082
0.7368442158623703 0.1974494311933508
0.9153604651156473 0.9116468871191132
0.2219930355382176 0.20008561384618262
0.9510429839043992 0.273205071759659
0.20985363208686736 0.03460307809344032
0.9474182487756062 0.7179248146089825
0.21140051365758805 0.18226712859129823
0.5391345193918775 0.485245254885313
0.12301899598679533 0.5195765792948144
0.21215261584020761 0.4884842132022271
0.6650683915406934 0.8138245939033153
0.09020528204521194 0.6013290913106759
0.20887483260630257 0.17095106492218126
0.7880886704817385 0.16541187230406562
0.6159918826544171 0.2954831333790344
0.02245100700775704 0.5721501335165624
0.5424438463946339 0.6498822949584073
0.7001636089553798 0.9039008913559516
0.6910633939143638 0.5148936198494967
0.9608653275352785 0.9045653551569901
0.41568833901229163 0.43373201656174953
0.4760848494119134 0.8934532736871659
0.5746241323737133 0.8079136962277851
0.17797189519562773 0.8180144089850163
0.9326140737096296 0.7921173269596717
0.2658515271788011 0.6310995929837293
0.7608789127174134 0.298163806443533
0.4065906107635815 0.3608117926563794
0.31206548317241145 0.6425845833237278
0.5833306541061665 0.9815272547885627
0.26103147688190553 0.6161481380359521
0.5935580352983973 0.40727365632834633
0.07788233350690632 0.9230902069876146
0.6633706055554696 0.12489493790879003
0.7241353972692766 0.6709434731328212
0.8735172545325371 0.9443044310892148
0.6346523246814737 0.4034013132637997
0.18060080215328367 0.22193618660582048
0.5535406882535319 0.2835636018092569
0.37803199428396517 0.32863931185266937
0.21876677644982245 0.047350332603581125
0.7145505226049673 0.8152007835631516
0.5004963199691921 0.15316489592030935
0.21498598998938734 0.3384452172183001
0.6104109816342727 0.39815276569509317
0.8984812980090213 0.3468496973406494
0.6957897737628866 0.17976341085341652
0.8024049146912302 0.3578365780221977
0.9242393784526566 0.5396354793758618
0.45483085988798266 0.0352853568282776
0.8682359655795566 0.5104164860403784
0.3309105499864553 0.9950245990676947
0.27130185800518514 0.06318141249050502
0.7929543531693017 0.6300460673809127
0.3667558445450869 0.6095246218456574
0.9137164250849508 0.3241110322698024
0.8877916749454975 0.9206093751266458
0.4896277140278209 0.30786173232641945
0.2769298091613288 0.7671503103571073
0.6091886879343515 0.2663337651812374
0.8415269100658385 0.31024802323021095
0.10517241757989115 0.944146316529757
0.6552467216683626 0.33106225482731033
0.3732847556074903 0.07889095980500849
0.6271558044636043 0.7011578805954071
0.30419465774448096 0.8452129844555032
0.7911562862350752 0.5156359396863208
0.6615057332039465 0.18363240895931843
0.37045106285768115 0.7843530929115146
0.9541617561404525 0.4687956216265483
0.9788792967805304 0.48154539012336484
0.9150327653468233 0.6928763519239278
0.7611033235255802 0.5819086697678935
0.3582264944544735 0.16456292418180207
0.2520399235181283 0.29556478217893334
0.47999085212552295 0.851638144250803
0.7158491273405609 0.7445299145505697
0.23318276227814416 0.5167828718229301
0.7109967568499593 0.04618731938410803
0.6546406336816815 0.25240278490727097
0.09919264864778632 0.9738703587984054
0.797839655046295 0.9905367303368355
0.18592937311226776 0.24866390520445814
0.7422543148235485 0.6718155676273063
0.1909584219730296 0.9300977858691215
0.43714648147635304 0.5985351125773768
0.8459447369084983 0.8698767512104442
0.8248146554296072 0.9504117307188569
0.4329316925866864 0.24047059704664453
0.7142294745994899 0.9046822836643749
0.8690553846296218 0.07467433562831571
0.12111278757856869 0.9831014911540503
0.4336689133085072 0.10648513520864689
0.5361568030253372 0.5032837807556143
0.2753706698644205 0.8813490501079604
0.29041461601796326 0.2807499548580299
0.501054019237386 0.8635673759768661
0.8805864516744215 0.24730353199295751
0.5592377537519566 0.6796451167141697
0.6036565560725267 0.5717422225699316
0.3422746513509145 0.4219608313500831
0.4615745903259023 0.9777725142990639
0.7145862393591971 0.33603608051202105
0.41776973362755343 0.5430233479988191
0.16601228600084572 0.12573664247401584
0.7638317915681867 0.6273320681288792
0.36829090426632716 0.18893775970602444
0.9286036636409041 0.3509058503091993
0.2713513406089847 0.12000776934711332
0.7399136384510303 0.4220034866968245
0.09718414119783136 0.9401174805170855
0.06694480647484613 0.5122719205079738
0.417528159758783 0.08363923311268584
0.9732373397555614 0.49597542251517446
0.7068329620921363 0.5119661994728313
0.7383854877131191 0.9271443770936023
0.38042937016006095 0.30809058280155566
0.8067153656249364 0.45430487384501883
0.9668314185157276 0.17634069132588426
0.10874208832964993 0.8294509380322777
0.6320838280671086 0.39471622035682463
0.030503936763544015 0.6188257798480505
0.7531444661569928 0.291563740965312
0.12966990121842614 0.126302453961324
0.7240620864669132 0.8061944818290003
0.8867270392829276 0.7191028285610548
0.7166180419152579 0.1597815633888191
0.4169563710406501 0.5389561684426869
0.2607273809390227 0.4829879637877128
0.7319949554822804 0.7008189149514041
0.9774260060201976 0.37454953490314735
0.6166515566298689 0.8697120836070573
0.6476131030163395 0.4095976546255651
0.5301888625100399 0.6131004712152799
0.6712677671808538 0.7405686399809635
0.9880197679881229 0.44312726490740273
0.6409876922247331 0.9210792757055022
0.4289830387638469 0.7468777279447454
0.45589590147438663 0.38007888200855766
0.6575300137346407 0.18818821011972364
0.21505257638619146 0.8805740358689991
0.9984179599663208 0.31581561898537336
0.2222912508601449 0.23566831921653542
0.253464112063261 0.7621902579400199
0.5100408283626112 0.6257822357751539
0.017193192978375293 0.8084240159680431
0.902644660683799 0.026604651154409353
0.7997728851000232 0.4549213092606217
0.49669880948125833 0.4405341149236548
0.16086399421858832 0.2898454772039567
0.038072172982693164 0.6194579679943262
0.06438994582810809 0.47581118131718125
0.49355656391982117 0.32777916448579236
0.37109180259117425 0.7054671370739538
0.27903724317353396 0.6181377763961879
0.14241462797234927 0.9345484726468649
0.5165673232184402 0.4858987657962974
0.31415191353547467 0.2136940869218218
0.6963667934085995 0.24893935181486637
0.00970082754421453 0.9151486990582509
0.015175698231397527 0.9065835431460221
0.4852641791677139 0.34381195165396106
0.15637589443340794 0.5910500880297511
0.9022610084801661 0.6415074086955561
0.2312785406404385 0.8415604074569594
0.2641510042924824 0.5394403055069286
0.6472625521748998 0.47327851106515384
0.46515658751022704 0.49993027103902055
0.41256139439257256 0.9445964870379202
0.3913889698790396 0.2443253085323278
0.4254153970279495 0.2410217779124728
0.4169687613048174 0.36406047398167507
0.17960288858974427 0.9647386118786159
0.8341747394544003 0.15624257203985237
0.44580433724512725 0.32186638402194667
0.018334603012387873 0.5800429499588535
0.16688528737048158 0.042276233376939754
0.052581415143008625 0.8683260725275594
0.4598265713309304 0.33749952146175377
0.0564008049975846 0.04437045827681363
0.40638428026713624 0.3313715108173765
0.11245996049079543 0.606363696717678
0.5919869220647778 0.9839024891724644
0.024443986981686372 0.34746024664304387
0.4395774147834879 0.531916376050035
0.21776990494183557 0.9197682744850442
0.39393570109824316 0.729126192715986
0.919275043130692 0.2392492101550341
0.6905240272336157 0.3954615224716229
0.9475681125127515 0.9464908529850891
0.317636209627262 0.74003638510168
0.20025561074240517 0.7494232046185689
0.11486496077327879 0.6823210683168679
0.13728586564788547 0.4463665547225433
0.8886017272469129 0.6534238699587382
0.25709984508278283 0.8223607213304482
0.5320798940999829 0.2889862633651137
0.78495112947828 0.6350383273302789
0.4125426983176854 0.0013243114352781138
0.1725371493519825 0.6473235972637335
0.6717671305988475 0.6375194118543912
0.513722211535784 0.09977455572070038
0.6203075164316949 0.3537787682915281
0.1343366921364435 0.21343457933840226
0.1071560655693693 0.869774533629732
0.7357292282535368 0.41698626233775893
0.5069500175852726 0.4957908774600537
0.37386636642989 0.005404326142359084
0.014273529892925962 0.5061262858612907
0.5195285331715227 0.21496488392322455
0.5870842078397998 0.6454320117875862
0.20515281700148158 0.808687327647948
0.48529390646225523 0.40421582067409734
0.6247087349661085 0.9793820382641416
0.7077935661484851 0.9431343923606417
0.9069144623809589 0.07497561782638762
0.8847041363044528 0.12389509558283907
0.668417178505998 0.9893374886218507
0.9173546661819669 0.415186146305911
0.5945693023274532 0.1980552096445347
0.5683938309008314 0.6013973158307049
0.7339694926284432 0.02224156692541146
0.5639009950992673 0.11172184222943882
0.29207416183754 0.7110266357395985
0.1562328896261156 0.6114409952332474
0.7437394556605117 0.33601762563317283
0.1650319617828382 0.4726807024669619
0.27196901808152907 0.25405212336450966
0.423633699436367 0.4393481558659831
0.7104530648166287 0.34559514813367453
0.16086662264078555 0.3016446764767493
0.36739780226140484 0.2731181492124455
0.3868912703131602 0.9979851313876442
0.9047223806260323 0.6888734962201488
0.5810657051563579 0.9522977845302447
0.14540106345283932 0.2050503600685949
0.032101181564180736 0.4713511022529644
0.43456503863931606 0.6133128552220126
0.915811295086955 0.9908817272582329
0.9772603127721111 0.37491011429350407
0.7130750853835779 0.0912107929202759
0.6142216540057628 0.8458867924857318
0.8557196141197729 0.19864203157188798
0.5802566139509573 0.8287411623687868
0.8895831714689002 0.7195219062119447
0.43920973302705324 0.0986783567410896
0.8089810326417852 0.3615055508767693
0.3481356675858964 0.7980485475896166
0.6803640933004151 0.27458644175559566
0.6715668978410321 0.38032304402601813
0.6912777988261405 0.8412241036334747
0.8708154504544126 0.5813157169075307
0.9105910495221534 0.9253315375584454
0.6847910461647311 0.2582990476576148
0.4053868162075487 0.5100660679173501
0.9710748279711283 0.896289490867308
0.5178711210210789 0.5945837129655842
0.6406451675565543 0.23758477449288096
0.9259538832012841 0.7105606074975439
0.4692356589704034 0.9452258044494539
0.5124949471503635 0.621550420452589
0.02228069099603247 0.9887593845215539
0.0717820543821841 0.8353105148294975
0.693075001348084 0.14700898496894377
0.8870359553044431 0.08228215791670057
0.33708968188044564 0.1008760713506156
0.8499743773273036 0.338900884262775
0.4839124079586352 0.2686950782356614
0.03483541639174259 0.04586983604307959
0.625730641146367 0.5775814622341187
0.30155212368018347 0.3098081064919509
0.11016132098931264 0.3184951127631577
0.46856001688546933 0.7555735117224252
0.6850130550183777 0.9101785990259259
0.26027307759986695 0.8208223648246369
0.4687175883579784 0.7092678681159317
0.360160664005152 0.410600897683741
0.2905573733997866 0.6613921417048194
0.6087871215183682 0.9002901532102419
0.9363793158990328 0.41302421494861763
0.3470794556742407 0.9883582514241909
0.8105765991848719 0.0945871818595656
0.42666591779940366 0.4274318104358139
0.7237349913027908 0.15119213705147083
0.7959732934585872 0.8651050227994213
0.8320915334177268 0.9181504297736436
0.25210311412901465 0.9979406497358905
0.19811998292469135 0.8173915379296111
0.6724523725570648 0.26960730798026145
0.5877778420575455 0.7108745073828766
0.06526476069671605 0.9120746256516667
0.005959527633999873 0.18140628604203424
0.0969690989264489 0.5751090455307739
0.21130116974100233 0.9823422217734346
0.6071411940154139 0.9515691151641845
0.6509173124571228 0.3941652942445302
0.5515587271598088 0.39038711592441233
0.7057870682329286 0.0740221266169403
0.8334337982616689 0.22827482761433782
0.32903446027819827 0.17601767345155883
0.7557429322511398 0.28133215385169885
0.27042207483106595 0.6563205866865927
0.5866319125371249 0.22876990497996874
0.3508668275493205 0.4665966812732443
0.8797179577088352 0.9637957684316745
0.058380835403194276 0.6835001848626883
0.4643700192411129 0.07243260841667709
0.8446825003365022 0.9687380431613344
0.8503635507380551 0.19078880368060425
0.1381009400661828 0.1331441259973869
0.5653988121768037 0.6268830393897935
0.3538611499544704 0.765010785057596
0.17459213999817247 0.7436147019959782
0.17956552157208816 0.7191573053378557
0.2881029299860405 0.3747344217419466
0.7354048524404828 0.6462784210077666
0.32257054486445935 0.7613822915797517
0.9993030445776823 0.3385022572366241
0.40935887788165304 0.685951489458535
0.016009301398390186 0.5455018491737833
0.1360130789959364 0.29130352288890293
0.29005193694989084 0.14486362534777597
0.6748701607177143 0.9167997593365378
0.3087306485784205 0.31683172489665457
0.9262983308377613 0.2588398409100334
0.8126169030823345 0.8945207874068677
0.733479125816026 0.13298594400479535
0.51331043282636 0.07029654751056857
0.33561688460849437 0.7225656174952728
0.404768892121413 0.2652394296731382
0.9912039209109957 0.6435856109507863
0.49049105170976937 0.4310510729206112
0.01209495102471414 0.5790310627485138
0.07941825561994786 0.4445193455940615
0.41331618160456274 0.08021507837224684
0.4762241220283272 0.12299248173194521
0.0426583454742917 0.3961133508565151
0.09686823602951389 0.03590580998376014
0.35189939248688384 0.29061040303160346
0.8636646615568138 0.0079934787216569
0.7203431549414476 0.11741322104741547
0.9867592651629495 0.1533779727556457
0.8807100909861656 0.37928433999975386
0.6879420300582972 0.06296292073726484
0.8016615879851818 0.7091461039013536
0.0012339992009540168 0.19236880501934372
0.4531250061421248 0.09049187330848096
0.9077738672599731 0.5917131659759736
0.6171568134494267 0.767623608299798
0.8081070897617408 0.1546562189500016
0.12307662636029315 0.08114203103173057
0.167954652348957 0.9667545931235528
0.9654233835274049 0.9358644598761863
0.3494847289489531 0.928253526631388
0.563513588612913 0.7454438883677907
0.5798836651251442 0.5117583269120694
0.3227224397563433 0.012123204599334025
0.4474719313437694 0.6924309652361496
0.0565058899103319 0.4286735655248153
0.0002528942714552507 0.7705841899304287
0.3564805908340405 0.051269004239634874
0.13975378686661366 0.12590543695352752
0.12636924022402996 0.6805460317467875
0.3985537534899979 0.9830050229453045
0.8487814679030277 0.6433791164114764
0.2275715686779869 0.8035985479148775
0.04546942044424118 0.5793900318031975
0.32544144196262503 0.22405033599408952
0.146742751648951 0.000989591595071282
0.6400699071488349 0.8021516462442526
0.8244692565788831 0.3167378289695191
0.9038976382315389 0.7633009455513158
0.5463521410619356 0.21557487906928086
0.8560312784827959 0.40376139636102804
0.17700663343908007 0.3810742062983228
0.3911202101196918 0.18980957206953053
0.38095406381041563 0.23301791780736814
0.10347411101375559 0.18549708192864722
0.5316485080499103 0.03653344634384803
0.29271291514791353 0.05903355095658647
0.6842184264484514 0.07923135084408939
0.03636125930943912 0.08213405320588052
0.9162674881623234 0.7234582019481903
0.21666901242309589 0.26553887359830974
0.7623985185135553 0.5204823722154714
0.7675122268281738 0.42458899100700953
0.40670402911685355 0.23627335956961337
0.4170840578907251 0.05631014309690241
0.3367240603555841 0.5354545374844206
0.31058467975921156 0.7431328385966278
0.1929375443554069 0.44144921634695344
0.5092702078248605 0.852431475671988
0.23786060099675876 0.013365393270752257
0.6450840973755663 0.7150994135945459
0.9164373845381377 0.30360644372562984
0.3024690266044294 0.6625688058984083
0.6079721301134056 0.2543592172171174
0.07990043823210247 0.20103728093324835
0.7604025029162982 0.30175811878018943
0.49086476217055885 0.6944012624075449
0.4651556557809382 0.4857743117399298
0.858470365901026 0.6636926225697157
0.12484673828153858 0.5092146687378554
0.41028165814896034 0.16538140847148486
0.5129342416862488 0.7910545074553459
0.05729881278144533 0.8259437672205696
0.22618688199588366 0.8617907324315959
0.4371542682778391 0.27880584247886864
0.21041356825749036 0.3025591331386577
0.6833763167928057 0.8377808989509132
0.7245488147834944 0.9372663364392309
0.3141226674098079 0.5051559330927489
0.6935806578586767 0.1836664256122491
0.9608821035777315 0.11700632148645318
0.12634684270628882 0.6196031851927777
0.46107503969051744 0.5865552206908484
0.2167331536928594 0.06770741098609312
0.9113268049107486 0.40855651088161227
0.34913573917206486 0.7779162382000127
0.09480120878693721 0.0021087420239342958
0.9631901666866962 0.37097758713084494
0.050669891391051936 0.4529597891568129
0.20347738161366613 0.9138693133085312
0.5312635273528519 0.40751606593073286
0.36321335686443756 0.07564325260422122
0.01905615429864249 0.5010298262072552
0.8766455865668219 0.7412149441962805
0.7044016233988541 0.8992758146291748
0.5237545574809892 0.8713014310578817
0.13597139135142 0.05323447201444109
0.8764530600771896 0.8021261039263561
0.6074549361500146 0.21737014753238126
0.33668424833887634 0.2350755495652337
0.4369964414944527 0.2709035865955127
0.7730306970915992 0.38823714527181474
0.5321637912165604 0.8399704728299033
0.6605281693876699 0.7096995129997152
0.9160663298024505 0.17761817968385452
0.18175509778499022 0.5332291841080103
0.08866028643176627 0.29012382315662255
0.10062629487917252 0.4773344493769651
0.94617598127912 0.2882130421335536
0.9901457212117695 0.6455137055990943
0.2584532984935386 0.6761834334368189
0.15749730957671138 0.2547222306418613
0.9625879084105389 0.7243919876909293
0.3234144719037091 0.48641477483452955
0.948987264167725 0.5215349372003781
0.8680792743502697 0.836332817179205
0.6393709081689285 0.24743506266613835
0.12337976076657187 0.46421549129470985
0.8127136928181515 0.594341095912486
0.6038387344257989 0.7122547399131731
0.7850214062725513 0.5684679053499402
0.5836782242169003 0.17719109541138822
0.6827327423922347 0.8207021306676527
0.19297795607447532 0.38100552866332427
0.7861030464098409 0.7386678162487443
0.37003007953780087 0.6517200198215096
0.9665002127482161 0.852497797741324
0.4602454047582156 0.49380593344150947
0.43340791295861725 0.19881246941530062
0.7715687352573422 0.33871071949534226
0.15305243202254637 0.4414693026801062
0.5461595368969734 0.4413192318162371
0.952111594877642 0.7303056945275062
0.17896870879487148 0.8082209606787614
0.22202671887430458 0.4363817743283127
0.583991288691811 0.9693680821526252
0.5738543183608431 0.6669758719576375
0.5012773532475858 0.47175078542736726
0.12627495266928568 0.29898408174139357
0.6499913250583207 0.6133172722096838
0.8765174045772883 0.895329920371253
0.5519733758184033 0.5918760923925366
0.9395693160159844 0.8442655029087782
0.7689414133383166 0.5140513298381941
0.8124261309112584 0.28832210341882925
0.5726327933259572 0.19384649474413806
0.12023702494197575 0.3700980167103969
0.8762383491244616 0.21524553026814175
0.07042896821723033 0.16176972226501074
0.3280103764428415 0.3135850823243713
0.5029434941019488 0.47470373170127433
0.44933466643148545 0.8283273873164763
0.6286766090269056 0.13207927506963046
0.06834353592406539 0.9488299265173534
0.26607910622764064 0.8067832430048925
0.96726512225331 0.12317635456097431
0.465785411312291 0.3989847608207515
0.45712700580271415 0.7518811094586897
0.6524023345825349 0.048445676980481744
0.5809225770860569 0.041201144547879265
0.6521897048522949 0.5139917787610586
0.4260987216236318 0.3844284897855459
0.9432210557299814 0.26638031863718736
0.2884054607855897 0.6785637442367345
0.9449263112038608 0.03272608355989459
0.7054109986193373 0.490088090039974
0.5411936847548242 0.5772569658400857
0.6519645251375026 0.47951147954700346
0.9718757292174554 0.8955165962753515
0.3750451448558785 0.4147874250766088
0.4554374441346636 0.8963697896711089
0.0048291677648164555 0.5051424875719932
0.12964613593365204 0.9303841753858151
0.5604381675638479 0.017067360845532287
0.4718059978371012 0.06237884745154587
0.44470777937730865 0.7517947381253649
0.19538526861492267 0.22350216849899063
0.4480340236611473 0.31511017275072284
0.5072986260577297 0.8657533210990624
0.6005912787205996 0.7735532610795028
0.33366602419044256 0.2595248111920967
0.8207201983387373 0.38982465452191883
0.9496850245299604 0.5840097817202539
0.2831935641868766 0.6856934349419561
0.2813942216740868 0.22348716587744977
0.31214855758073456 0.7412531126101114
0.20547033036617957 0.41353073541608865
0.3695858609294316 0.08682123152078947
0.07515377054157568 0.617164331148327
0.9895659366399798 0.7454784974548969
0.9099957633455262 0.3355932607689758
0.16023980716523134 0.7914159116163613
