10 3 100 4
1911 979 479 1170 1528 1021 1428 1273 1853 1148
1300 1106 1141 1446 698 1220 821 1079 1094 1272
566 455 1090 760 428 662 412 591 562 1029
440 456 664 1576 1296 1909 1551 367 390 1036
464 994 962 1896 718 1675 1077 351 690 1482
496 1783 748 528 482 1006 1883 398 550 1515
464 377 1357 1099 1266 1181 1619 872 848 500
688 1458 907 1034 1185 534 788 1203 822 346
1624 1492 1619 1601 1770 742 1320 606 383 755
1244 1803 337 1941 618 836 1091 513 399 853
1 4
7 4
2 8
0.6515444489228541 0.9406279499860568 0.4211962864629388 0.6537437939390216 0.14417042793987866
0.3456295580154033 0.5415406677829457 0.9959324596938917 0.5080244911848161 0.20535782326506746
0.6014397002526306 0.1455499528549462
0.9381235563617449 0.41871233345744985
0.24747371722511025 0.0011682481734716088
0.41466560428220633 0.4772909610750369
0.3474444136812882 0.9967889791215021
0.019872839100135264 0.4056727992342466
0.6864322138285905 0.9052006515865199
0.07990175170528158 0.4346997650699378
0.8599858220731793 0.1917735917720682
0.1771230187501096 0.9429223515794876
0.3112008399843109 0.7262379832811376
0.1565452375002514 0.7387774277505035
0.42801711253780494 0.9310005377719797
0.7950147072950504 0.5309485244338794
0.029988081563640634 0.2479343313224589
0.684831907341261 0.3339424668620823
0.7359415380023964 0.22351399468938205
0.20414282538410244 0.050035405117815346
0.2196106710877257 0.7303356347639565
0.8249975812125552 0.2531679155007982
0.5752032305198196 0.7447826155997246
0.9424268252979389 0.40250305781826845
0.2842573606371406 0.5682757979572215
0.18266907185853287 0.4267847359873356
0.12412377002096608 0.8776851693109515
0.8262626290009589 0.7207296244626227
0.07256189935277368 0.19668839274105676
0.8964983534377258 0.05752982816625685
0.7221387535057493 0.15791774314289952
0.0385237871876114 0.40082203510052117
0.04791378673079283 0.5169563957635577
0.9341270886541673 0.41349231027484756
0.9261282665247743 0.9201817026907668
0.4415209315157149 0.3827189053489284
0.6204272473094361 0.30241403823465385
0.22965002223893216 0.7447395335890641
0.3396663489675995 0.6547682599851292
0.5738619725941609 0.8240777356758613
0.11700482890485264 0.7532722132621741
0.6231818979913948 0.9932228207298159
0.8802552650142654 0.3833530894498427
0.42151690763512395 0.19508173759960767
0.14577112610049747 0.7274763608339616
0.9213295591960597 0.9757485083230801
0.16683736658571413 0.05002059576082485
0.30984927672840046 0.6486885950407817
0.8409070375540593 0.971287089920039
0.8948588768002137 0.7649892141277117
0.7270415875998584 0.19552702598567673
0.9397882066573786 0.4322052312393825
0.43384944088975974 0.8430139489771737
0.08895722754413748 0.898025258110017
0.22679983819465055 0.23367995566352362
0.9358690931222413 0.5116861367043792
0.0024877492984900496 0.8943368310361277
0.7045538468769259 0.07958388362463187
0.6625308584655787 0.8839044626657275
0.3050386511191552 0.6287598757605171
0.3077608622804553 0.44098945518908983
0.7467728023096685 0.2902968258198242
0.6099159430044248 0.9119834898196439
0.45706014830383035 0.49549623939238274
0.0017764839293199497 0.10618504387495076
0.5858608674278611 0.03660010009934522
0.5124280249794932 0.6996225347995026
0.609996881225163 0.539984156255434
0.019920620539865208 0.417398960283051
0.0567526714504516 0.3704155600767425
0.35706043814671196 0.5705774377224728
0.30130718088957176 0.013149647602704428
0.28929253692970147 0.7800619605136729
0.9694780433231862 0.9929440340122058
0.23596614141011973 0.937286348984131
0.6370265734813085 0.370340857315296
0.11333455598299347 0.5546512056630835
0.7453234146340828 0.18621560705865603
0.9098825818461227 0.8698766862093223
0.7427536534433303 0.10635769782973892
0.53761978438541 0.8003507681892958
0.18842482405714622 0.9041497350234862
0.9647158785893217 0.08102768683244288
0.6936242267091237 0.9529134043145242
0.4871432896787955 0.861989431607656
0.25670003125171403 0.4239865327344392
0.9212609397011913 0.8702293765651208
0.20944318201139134 0.45262771626003784
0.4336736542670969 0.4769826484010815
0.2650823843420531 0.9496621670688776
0.6592853689236102 0.24009938168873513
0.4244552586032031 0.867738773436328
0.36305308721081464 0.2465905749985191
0.7245524695836361 0.9289854251470759
0.23214601322948525 0.181404992341909
0.9043877655580725 0.9129868049544199
0.5690215142405919 0.4401828887916215
0.3311592507616292 0.5229715076211003
0.6297032142178716 0.29568865951994794
0.6733941604976832 0.9040385582006889
0.27558267768125444 0.11653832864166391
0.6524984390139537 0.20918795703641502
0.22573054025065487 0.22079918832644463
0.5689490940735984 0.5640567188005592
0.6418371010177499 0.3892085066091333
0.7881680624862597 0.4719897838472613
0.9777077778581444 0.49648111474006096
0.7617534003470472 0.23169502686070564
0.2816109193639027 0.36920049405256705
0.9360309520899577 0.6433044464268864
0.5955042448038952 0.6382404456059598
0.3093417701440695 0.4088375931781987
0.5351108776104594 0.5435025285864921
0.17095029205115098 0.5347833647296649
0.485231507255085 0.7358108031152921
0.00398465421230032 0.26069873438492697
0.025377409182112398 0.5226423679821937
0.17602919949868312 0.07678823296833226
0.7703989156383018 0.3497663796959387
0.6842696972976556 0.9242016874381691
0.9735046436818358 0.4999563179704385
0.6902070375401013 0.1803504039217494
0.7523608499865089 0.7089380173800095
0.9054470162789487 0.2690029017809623
0.9541363094710471 0.8569786431749098
0.511337389426032 0.3421452636961484
0.9905442697204436 0.09142636017526984
0.9482140336168328 0.5024683456652794
0.5930189403683117 0.7089650403584571
0.07739324661501223 0.799485300781382
0.17435980925151817 0.2952570566947239
0.8052454035143979 0.7636906433685238
0.5050855785112747 0.288385964127738
0.20763478860980356 0.28297706516946075
0.8994443211826906 0.6863051144399854
0.0966801937724866 0.9696755595793987
0.9511716015731728 0.2933491371406838
0.5803108273869386 0.10960972320232054
0.2265947239602697 0.42358925259573255
0.9842781911214271 0.6128586124490252
0.6214321426503555 0.5260565390985059
0.7304917372271118 0.23381852840237283
0.26973391601457686 0.7747037423994365
0.8774799932949282 0.2060537138289793
0.6999712739425288 0.26004819930113543
0.7951973147917266 0.5338941672578006
0.5730854102516794 0.18884741336766897
0.9027506743059919 0.6169680982139083
0.03289823477836373 0.22248615442414965
0.10096394908045947 0.37949208851028127
0.45027446459766995 0.6355453214151494
0.10049703844082702 0.44451997595269477
0.9526275324430857 0.02812678864618401
0.6015839575821436 0.07064617744349766
0.6004945094443741 0.15703610655217415
0.6834761355046488 0.5500692943460808
0.8365922779842347 0.5747910587292062
0.062477293739891415 0.6429468068211364
0.8510712906677094 0.12196163200108545
0.5854996722223422 0.9658914139373791
0.2911496520628025 0.6562260136684239
0.05613779013517228 0.2828105080497303
0.1887800746699868 0.8886420910102468
0.9784167488631295 0.03613654524258414
0.030051230586276567 0.3863085974339371
0.7732087399583942 0.9534347967959307
0.6125304622322922 0.11004453474707043
0.3997531021647893 0.11325381586209704
0.15175803590338255 0.021672491703818686
0.7094112041029621 0.4956330726289715
0.7568763088571229 0.4295965276535967
0.5297493972703238 0.652398563665145
0.8136812278462269 0.9653517324230885
0.19314793751064707 0.7941233723687253
0.3876942154104601 0.5156541985483591
0.04021421684516313 0.7969123387019528
0.1868690412900098 0.5013968286498149
0.8411282255725996 0.2518225579219595
0.05517213373761343 0.9091788489710046
0.6209587143151893 0.3740806190117101
0.5522171637214008 0.8491458918280463
0.8137759428884748 0.3056990645264144
0.9933628462143125 0.10429856541538207
0.5050085567568199 0.7511353909452794
0.582436483355095 0.005763498208908757
0.6450477948171194 0.8639958593685024
0.36602045451380905 0.06964317448501856
0.31933256430410095 0.6404393092863159
0.499538205010841 0.7925253193638451
0.9049280701707323 0.5310731666202584
0.308888116674666 0.781577081042762
0.8681195859618978 0.34539402463866886
0.8819800291622062 0.842283377923164
0.2511024610965171 0.2029712403493289
0.11455946030425834 0.6045006760274854
0.13682250768621151 0.9793367532096229
0.5728507350854553 0.5573661730919452
0.9210700514001451 0.6250651413566151
0.47546905302379616 0.9222878729714901
0.9782713659035343 0.8914298080509993
0.9375454819943103 0.8326855809238967
0.2733374979468919 0.5561243105187987
