10 7 100 5
822 658 697 718 894 872 692 739 839 997
828 807 749 894 673 955 1013 786 962 1033
841 768 812 986 932 1043 942 1079 948 977
635 851 940 755 910 931 1101 1027 1180 1226
869 836 816 862 1112 982 1048 961 1038 1349
743 810 820 899 883 988 1171 1074 1436 1463
696 794 766 978 1164 1004 1305 1173 1192 1399
834 1030 1088 960 1051 1065 1360 1347 1322 1138
763 981 1035 1048 931 1301 1235 1495 1504 1258
665 1034 1057 932 960 1041 1268 1491 1225 1438
1 9
7 2
4 5
5 9
0 6
4 9
9 3
0.710915332012826 0.7259186639802999 0.7797622704276949 0.4427818826945723 0.3256861091390688
0.9642512021988281 0.568431914329557 0.6404841232599443 0.8673536908596586 0.3252251181166067
0.7769504473684384 0.9991417895159733 0.8292345089419753 0.5558349532643235 0.44524069163968316
0.6649619543995433 0.6363092998464609 0.9928425466573731 0.9443559435384703 0.11325655970001468
0.41393899578458604 0.7886552263911193 0.9792257209976536 0.7748448317103731 0.34109345701836236
0.8075534464412604 0.33416847552982815 0.7937398428545792 0.9651792645245332 0.22510931578175494
0.3399291867426204 0.8503570956657387
0.46726510320479075 0.4782335731151959
0.20845203276077862 0.9236655611056921
0.716129070957765 0.00003419525145265112
0.920592265940896 0.04630779543788677
0.007614461904980052 0.5377572847172434
0.990200194865976 0.14583800717963724
0.43495338033117714 0.4717795885636593
0.6081979273231208 0.10458945664175068
0.14205841565627764 0.1432866330670679
0.6711829762119725 0.05471698152127691
0.4024439703320084 0.34715307649065097
0.26557336828140277 0.9747547834759922
0.07053534965268748 0.8765935101791813
0.2577016267244423 0.5526463213581885
0.545021178614769 0.31563788266085147
0.22945720843535988 0.696239453630991
0.715946400945392 0.7060289242572115
0.060024771416046674 0.5218184905951682
0.3601308539446695 0.6549917000558914
0.49887758700591256 0.28151139324779395
0.5898672540109806 0.38123772118468024
0.6236854924828765 0.2728426410623983
0.5676949237996871 0.0011940507739625073
0.9121816520411448 0.6331041630389083
0.06670117338466097 0.8032118218912785
0.7390874923262039 0.5213970346298149
0.8535454578458523 0.7718258625958545
0.4131576275333926 0.8797963233642261
0.7279056880786947 0.9719703980485086
0.541701324274241 0.06812272593954294
0.32883094010862846 0.41270305207831215
0.46408425357400174 0.9439691525719067
0.13555096770151498 0.9739360445732212
0.8985065645675261 0.8625640731906299
0.6929279032748459 0.1952428990663524
0.8257300127701159 0.35772041439856683
0.3047632357922121 0.661270855070726
0.1015461805608262 0.342883897553359
0.6292954624277802 0.1676465930558988
0.088651250046478 0.02957337330919607
0.9676121686614712 0.5717409920449323
0.6573357161261333 0.9322241715289428
0.29217799122974375 0.8390350595522418
0.7244200177912608 0.008117384735314426
0.8576036763359229 0.5513551063324713
0.4752632317983505 0.7892944883983035
0.7503730090687524 0.6585650597289596
0.31117043860316285 0.8008440728141792
0.013592600572872149 0.1263472732274824
0.3881084128526384 0.0624695005536644
0.24550437365329247 0.8149375468363507
0.6434106099391712 0.47559973591592786
0.6955217639527891 0.9780320793562178
0.4575683913154356 0.6613054031091836
0.6157020543813487 0.5229152231416085
0.5097678939410006 0.678058961379084
0.5994530209748488 0.9717357490402669
0.5808470593174648 0.009603586393393426
0.9267986254403597 0.39368078270373386
0.9097993209478572 0.42269622484422276
0.5910406008236857 0.7901333071330812
0.6850898873840665 0.22755783510322902
0.3463662433240893 0.12270186966442642
0.5369755803696517 0.557748252343115
0.7723860250438721 0.41625984982923225
0.2774862764479542 0.17246175123630603
0.030887145259842708 0.11047073856589384
0.21690171043581064 0.5048341443020739
0.004578549350919836 0.6627338572774737
0.9340675175190507 0.07466833693147179
0.005784052307803655 0.6927036425592399
0.5558605189883536 0.9140760940719252
0.7119671650613852 0.9288562363062156
0.6905312655768328 0.770214112713433
0.16802776728982716 0.6452196512731052
0.22454149244686028 0.06595815261932803
0.26916815571016683 0.1379184331739396
0.6175453054672839 0.29241422608039436
0.7618422726880829 0.28984139886093585
0.5117542587971475 0.5261426170801202
0.08835489580344569 0.6099328611087753
0.9703224955888905 0.5937212542152164
0.20367302286696676 0.21732021760283815
0.5021568778824224 0.2598638331193459
0.3238960167474563 0.6250205936017186
0.1020882733004731 0.25775500717085165
0.6284234095325338 0.5025051171231716
0.7051172351838171 0.012310171376005208
0.5611914604873469 0.6860727680100895
0.6354882736029632 0.9183365389484601
0.13641251296789414 0.31472255150440676
0.32310955794872176 0.30560143987100075
0.859839577343301 0.3533757107442992
0.8548487721854845 0.7623500409348838
0.6511408681412814 0.16643687788622308
0.45179838831533203 0.08194649937207465
0.24751273589922618 0.23954526883190574
0.28734917455077924 0.6223935432694818
0.7324969907861318 0.3773329092928437
0.5545948867982586 0.003992907694700509
0.6424095100101486 0.3037645259767108
0.6819749461741884 0.03371126970221927
0.0031496748458033075 0.45757481998245786
0.21067644844438926 0.8210744639939149
0.31718844720507655 0.7690170572160606
0.0497322076052884 0.9261457729309122
0.5084981013352945 0.9069897737142913
0.70221266256761 0.6148962819779855
0.8620544548355988 0.9804033593204968
0.3406296110573217 0.7903786010653704
0.36217341600916675 0.13041893659350512
0.19950990381622313 0.3622202569519779
0.9112102117608492 0.5490173807547991
0.1063884654014402 0.7089464728980508
0.11367324764667308 0.5248092317207789
0.051904286952267675 0.7143660479724852
0.20164710572795785 0.5653584017766395
0.7643053392569481 0.7408658533357892
0.8633404918044603 0.18329231070042873
0.11649667660115681 0.6512290681126212
0.025761338595261973 0.14167084645039996
0.012150071946593677 0.2078906295339995
0.5553210839403808 0.6431896795056802
0.1573958439828851 0.7648393900653487
0.37318771482968627 0.852148602576122
0.0961629873441745 0.07832968171843335
0.5843914578343439 0.9620110883727098
0.7029129698015224 0.6955713334072628
0.03823910374315642 0.7819709381451487
0.9337690951886224 0.8790912766919976
0.8452061441123184 0.780271654053228
0.8748886108939544 0.47995873968774583
0.9306001067680121 0.15096311081626723
0.4670584478278359 0.7822442339412399
0.5026843652221564 0.9398774122964564
0.6854977625602183 0.555020815346057
0.6130091639398572 0.010298025465845795
0.4986488779429361 0.08009907121076143
0.2815172007115949 0.4217515834095156
0.39507290002352247 0.5690673416668424
0.004076559214267306 0.3708453522023616
0.44289875865073824 0.5261755420932959
0.20355156137740438 0.18090582894075125
0.4887705184117723 0.3633477201508264
0.7118194812258647 0.6651847798938981
0.5306497734588644 0.3608353103194146
0.5997815071859127 0.8615261852563978
0.632144606016227 0.9362119086021765
0.6972023978614896 0.619452005311619
0.3716495313780006 0.8640615661215849
0.792763269148616 0.056959446251263035
0.9007969506500886 0.9225944023770949
0.6738804603168596 0.8159264474534409
0.2585800989771956 0.1947079692350775
0.05698604301243071 0.2831288332702975
0.24996225491486457 0.48667294714613774
0.91562827753213 0.9344346089512283
0.6972669947153358 0.18854848986256978
0.7809532120562062 0.6939261976593953
0.036772545063550544 0.10146743608145159
0.11668999811246272 0.28973750798873477
0.16382972501898285 0.9045923468684516
0.504813287211886 0.8031728556751556
0.9452534473228105 0.41897391047241195
0.46706850073954387 0.6081193664702818
0.5996223316455522 0.006034183909823465
0.7067893047921239 0.9745354070815131
0.7355528470977803 0.016225599753050934
0.4832957196411134 0.12280040161418171
0.18247846819538371 0.4568272982409831
0.9976585309673935 0.56839873047972
0.9544532850616407 0.7965075845082248
0.22780018213550002 0.49108098640727893
0.8005151226700147 0.19270275759720956
0.9557431001687136 0.3480503047717336
0.3942089838596077 0.659515636770901
0.6810972625016243 0.572605579968795
0.35393395927360194 0.19596655915006744
0.023312905034174936 0.8822326117218475
0.6532859230115471 0.7701107767454851
0.7514052783914613 0.7391088421845027
0.9121390830668341 0.7805542583119416
0.4672400616793082 0.5581603246975728
0.46935824382315405 0.9088486429421474
0.9442824635285152 0.5350861842463861
0.36078564864730867 0.9467239696733727
0.4823445533151842 0.051423013376908466
0.025580437115527488 0.9327589253198689
0.11023961099901336 0.6191058245888188
0.6674413530765009 0.8813631862916231
0.6938453696579348 0.662914928427373
0.12778569514901972 0.8148693531671258
0.626337881410622 0.882208078365047
0.40320247617379845 0.950513161226787
0.6958360259089091 0.10064964804469789
0.936517236191845 0.4732773850244725
0.8086973238750927 0.32935692657802873
0.3922934102219693 0.9020400964480431
0.3183395328971341 0.11774326915066569
0.4985905375366475 0.7690612323748529
0.7870556778207309 0.0005574934402730047
0.23952739827341074 0.22433638181300664
0.1709406896655712 0.7201847624747344
0.9509399619487295 0.9624511347179445
0.054717940465047965 0.5639712056235466
0.6575474975564606 0.06947080882503287
0.034291692540239005 0.6214067627716398
0.0703513343366089 0.20573031592555635
0.005925235271257989 0.5113737160414498
0.6730061929656903 0.8430517596116491
0.8331740286557947 0.31453261717214187
0.2846887937865332 0.28892479811308625
0.9476916841028729 0.33949996837578245
0.6835762169952382 0.9734923796356403
0.9893645131606286 0.33370731467510995
0.5965964622152156 0.12988709613881144
0.2530584219944405 0.9794449436833612
0.6067692709940264 0.9610748740676966
0.754166066558897 0.35498951804371215
0.0951003180951171 0.21902955438689875
0.5061588169508753 0.9713835007701561
0.9338399236036006 0.3209837587664903
0.561993422157596 0.17892035335827927
0.7846412708803536 0.5244294136047167
0.37230428287766615 0.5860403231052644
0.39895610118174907 0.19970001327618614
0.49434658344120463 0.5040208666618204
0.12968070546203414 0.10295654451137093
0.21050181424496262 0.1224492273589628
0.13761367534714064 0.9756149800277643
0.275305677180115 0.9022335042582434
0.18519565767558666 0.9969010547675881
0.9363839092052939 0.42908634900070997
0.1060679792831658 0.6196324742789718
0.6605332718647781 0.36245263030359465
0.6516147052092971 0.31550510196056214
0.17526466213805714 0.1944191745222663
0.6795465937619463 0.1499983334014583
0.6291866001923241 0.6275369891157954
0.37929204025318963 0.9672557150126955
0.26051583879796114 0.9453156048501286
0.13812061827983446 0.9910648412134315
0.10430602372758413 0.1283026838852679
0.18514034012076985 0.5784024859855701
0.4118978753334568 0.8241208127686863
0.2532255924260072 0.3898231149238658
0.729311002272202 0.4144833355033335
0.38865599039528065 0.19360408763855275
0.34453112198946134 0.18051591561719516
0.6249697890898354 0.8342144194534133
0.9222026887269463 0.9047584227958891
0.5389940963766464 0.9620692173265797
0.12705122927860657 0.6630825172123034
0.891522999553918 0.6852712107648815
0.3799582685600622 0.5661031417357527
0.9084040980497856 0.1716308140382039
0.3878635323824471 0.07847938460306647
0.10479180241189545 0.9911764712440649
0.0654391130172518 0.4975763952758485
0.1509459794961414 0.7510534429591618
0.8169493661566307 0.5757531200698107
0.38677312875257486 0.7728702080251086
0.6509863620442431 0.8798375290112079
0.6944017405500216 0.3814929021051585
0.5586352070497056 0.4682516089008224
0.9725540657805096 0.6482754259327346
0.4366805940512428 0.20896053085933097
0.5858026139127739 0.15868754995017786
0.535649107872632 0.816773108186823
0.2923120204709462 0.9747433194500117
0.08148905033323506 0.39371646737266386
0.3691231497494374 0.3130927376422856
0.9675931748714905 0.35849039920482717
0.0627058576322439 0.7008597388573592
0.5329909680038405 0.2467817012007576
0.636810890420995 0.9101322240960636
0.00003297716800165773 0.5378059860003925
0.4638490314789987 0.3617928454424779
0.1298351358256562 0.30600152179857565
0.3688556509325618 0.278914480554711
0.40890009875170996 0.9606827538238698
0.757987752768627 0.639319672984719
0.6771337117095999 0.18706107236111857
0.3821900525323707 0.7641279628288673
0.6439873776908929 0.7761825714975106
0.6127799049360663 0.2147846649415237
0.7304567561952362 0.8147609340200734
0.0010321597611238076 0.20705233892417274
0.6848570515029562 0.6652928981908539
0.823351712490096 0.24855339336979299
0.41074576024676834 0.06748130974555067
0.7695450593253277 0.8785029647064422
0.5441149411969644 0.18123461996332413
0.5346236223393719 0.2815403414178035
0.5196361728602588 0.5030766861459823
0.25821984655693697 0.16004485213492314
0.8007408140687136 0.2457985860306342
0.7211967740119292 0.9056286994439726
0.11304019493715911 0.7892091269133761
0.5206083760944413 0.46602682823220376
0.6659610165761658 0.000145332322989411
0.8801931833254009 0.16157684041572473
0.07639870603200105 0.32983533087245087
0.6669935311761739 0.989577103077449
0.3601475679126265 0.4018696131745705
0.6510482370385058 0.4623231405041417
0.4377627018668755 0.20681843930489552
0.1315247123486758 0.881343034744613
0.14067590259767293 0.8005261462363569
0.9801495386383967 0.8757214796544937
0.315552384124947 0.7732522591826263
0.8836983905830795 0.37523334887698123
0.6705618467990571 0.2143871593967488
0.2306508749526679 0.9235182008258072
0.11381841265258341 0.5836659535620192
0.9145660304239096 0.7886832741555603
0.9879930500045209 0.6836451596390658
0.5297863434620214 0.048070005606576593
0.0459460597314314 0.15660819245502045
0.6979256504397673 0.08189732655651905
0.625938447003902 0.5541952205472083
0.44839877973442954 0.13573926227561284
0.00622669471237125 0.6397572343847941
0.43506732916772406 0.5345187739208814
0.5923058346532573 0.47689122230257563
0.5149974094730285 0.19744470178446494
0.483607425644798 0.9953641755405129
0.13554013513930863 0.2021852441763845
0.45371376994594037 0.14227558759123515
0.8555751191695118 0.3370982698188014
0.17400059826518555 0.38006429615776116
0.8307314873720484 0.9747844874193119
0.41330875178395954 0.6431631864389098
0.6090040107147303 0.6669632495494746
0.11327965109289129 0.2782026521034908
0.6427683470300523 0.44928691745606564
0.5411711508595132 0.27998624871667577
0.19128198932089435 0.08009085876459632
0.7169645025766942 0.06128719325412635
0.1344935878028084 0.027332114502559568
0.1942205625828286 0.31302463824250815
0.5065766408818988 0.6939046074231854
0.29729890058420283 0.8731975646078007
0.07974972692687254 0.7840420270803841
0.5866706195333145 0.5862457792070379
0.22157990657917614 0.9141057827650996
0.791418460230765 0.7532892388859889
0.4426958586265628 0.34823935425093167
0.5907660614645069 0.2688004427968833
0.5589230929468705 0.4597536250554579
0.30201052139417883 0.09510740926367034
0.4240838700310243 0.36744428506407356
0.6900856742588442 0.8359579812643232
0.0860142230348937 0.2034016699073271
0.926326510782008 0.30593621177661356
0.8193024167424103 0.5795563703939051
0.11248216168527181 0.6372139802684791
0.028608170581883696 0.23712277838482199
0.7138689375712071 0.5245381083941785
0.83771077724151 0.6567807370974916
0.22105952262932793 0.2020462202297708
0.6325530809143358 0.40518940733474595
0.024537236141142005 0.36001800781370874
0.4516167011552381 0.028881888105088294
0.5524459502298904 0.7831146848030419
0.9646070379069305 0.5183042126908557
0.9174835640919896 0.9930902737347393
0.02534790923372965 0.7443886858149233
0.07668487697154291 0.20354163263813296
0.05520630600329013 0.4299080363901413
0.9088142787562639 0.7764979484115628
0.775000112050332 0.11776169904921918
0.97740293051038 0.4142641025176623
0.3878624108829536 0.3564407865443624
0.11001040716708399 0.39077239594163937
0.6278663823552377 0.7859294576658571
0.43702834363475884 0.5040294149834208
0.9846495322332347 0.1797545699655987
0.46538514164528033 0.0717064800629792
0.703317383250851 0.5097271436864887
0.6645962738202604 0.6509669841629462
0.9254038017426913 0.18331930205581215
0.5408047723990146 0.5435159963027711
0.685695802534831 0.47393068135093785
0.11044870145648167 0.334060818093016
0.25699523007066416 0.28871267904311515
0.29806939272441246 0.7197702026366275
0.4047691508858544 0.3088193583474408
0.7542751045633234 0.32200095847494814
0.9302533029866094 0.07491225377914801
0.496716531609837 0.7178651285561892
0.9697018586345458 0.06808078616067403
0.8104140812418636 0.30508646382016646
0.9485105761781565 0.4098252991093576
0.9459354668581614 0.787501783965848
0.10567712760495018 0.41966379065948844
0.2460183800935829 0.33681979196059797
0.9306671151735675 0.007401399799108477
0.2672537224002032 0.413577645165347
0.690535443736974 0.2562044462097406
0.1190291278154787 0.6020596597798853
0.5320288881745272 0.8904442406036002
0.9819026553589405 0.4467349162968428
0.6912744314256145 0.2743858645933779
0.09603866892338875 0.08805327701117083
0.059747386764996024 0.131152777583029
0.45900665853007405 0.9690957069285013
0.5113774031103622 0.870731790402197
0.539570230760078 0.8459173871163499
0.004193169178584588 0.4259780852826882
0.9658229417849278 0.8795028600793346
0.19896078041979215 0.3139705028110287
0.3402491086099959 0.5310771669426682
0.37202009899095523 0.03691921283392441
0.4402807438129608 0.3281180673044415
0.8450120654906048 0.7821352415571752
0.6856210556836069 0.5155475115526071
0.2580995189956492 0.988661502603478
0.08446220079415867 0.8996674613366178
0.849292883065929 0.9616694371296077
0.12002582490233382 0.2824340246067054
0.8682332176635801 0.9234099500329542
0.30976685805520776 0.8961186182035836
0.28456886525156944 0.6124960467887546
0.9257118148128602 0.4748109654984838
0.09875956668609187 0.2868287295231411
0.33237925489263054 0.5987503204155271
0.2112071097157202 0.6537134200549126
0.9780137054816587 0.6849144920842434
0.5206164047092601 0.4271655022311709
0.4864183350753257 0.4969946536092127
0.660174148254512 0.43087726812939575
0.8311537491459629 0.762744403309618
0.9841796457832042 0.3975905825212189
0.32196489703669195 0.30293076946602904
0.629703300955663 0.825500687462634
0.04201825482211019 0.05993116974536772
0.35598166057841696 0.8201036639832329
0.16464783320269394 0.9637750967363525
0.45272307147634283 0.3116209525438496
0.054823908670109 0.5668391458188875
0.8219094183578399 0.5492052453504339
0.6821643576679182 0.7324370946933654
0.634942051469414 0.4912101593288105
0.22212256218402437 0.29342670789424874
0.6680449711988679 0.705710568097099
0.9683017833631162 0.5298648998854922
0.27686176890704495 0.15476597985907237
0.699161053467416 0.5070708343863846
0.9647914095121097 0.7011970473191447
0.40487022444577403 0.4996203917394828
0.31665658361088966 0.6793514233465681
0.24346449291634387 0.38573853400226277
0.9617141982514874 0.728119704447455
0.9986330008955959 0.7166891556779966
0.7776453874584253 0.7244657888261814
0.7214515065460014 0.045107689127809936
0.07164906343792521 0.613452965666696
0.5074201785188683 0.8055608761233812
0.4594867822076514 0.7372022290948861
0.8380213265592933 0.7156027553562423
0.938126654461674 0.7948019110786915
0.46816271548505695 0.7132661300309975
0.934555219301719 0.9335401806810946
0.5310036261299815 0.2662526120285842
0.5199898509526444 0.6839925453470501
0.4432045196744794 0.1858217290038191
0.19615072805760847 0.5520514635356937
0.11104162692220898 0.22871332849712345
0.9013468343565167 0.07130609672691368
0.6201914006342191 0.7727663634029909
0.08442690977671741 0.8175330978490136
0.8132655236218413 0.8431418753293096
0.4341001813569758 0.06458808459929988
0.33276525739206186 0.9374662945450227
0.2715886858154175 0.8957115851302031
0.9224721392511599 0.3472014044736911
0.26472425018489276 0.38279121051912357
0.24404395240340304 0.35138217698888274
0.5392992447183378 0.9965271753912006
0.013601843592965679 0.9619946184005577
0.1017208303605679 0.5254876001572972
0.6634782224379114 0.6889831642559772
0.3140170974805032 0.3207289406668785
0.7064747751993494 0.06784402224818198
0.7020324891877414 0.6233071584474927
0.8161613514051549 0.14647511737130903
0.6763752869644308 0.10177970277310044
0.48734925592313316 0.5205275043089617
0.26051289452320936 0.42060230994089465
0.15963536594802497 0.4273642645023066
0.7775645321094349 0.42734697066688443
0.24756427762383737 0.43204850567876374
0.09154029204422653 0.2497215641477586
0.9491807946783559 0.15705085287503318
0.4121612556418377 0.21354687463098254
0.20910850870627407 0.6151038507311735
0.3373213000291089 0.29979296102947006
0.6528131887548685 0.8276569026927822
0.28452594708143253 0.44898682946683843
0.32824019273889204 0.5683025528358461
0.7181853810764411 0.3939123769790731
0.24940082434450495 0.005915782997274022
0.3609164164510581 0.14149968572263272
0.6658462479086174 0.44557217196440013
0.3219980284894508 0.4316603852041878
0.8428739706713542 0.8945351265907009
0.5089928138154756 0.03516343486562867
0.4753902543505244 0.45013854746426096
0.5191929997253664 0.2057710812996325
0.521551112166343 0.053315912574396496
0.37455438706094646 0.7547326629086466
0.8864728364914984 0.9590563882618008
0.3053139890742731 0.05952312719028141
0.6881299697043273 0.21272363881342327
0.6895945121067646 0.07612205911368397
0.2719431061232849 0.39940102450844317
0.5895242668035281 0.5823227921868057
0.9896721175732044 0.1985870565751724
0.9213320173881387 0.9764933034557726
0.38696924634778784 0.16918018539094937
0.8906329832983171 0.3846234988800119
0.011262634356915324 0.44957859591081295
0.8776908173518951 0.1127781606308742
0.5981546904210351 0.8639834666495523
0.2065560751331017 0.4128580902948715
0.7700889795770574 0.5682163028091514
0.19939409214430337 0.20072761711062737
0.30493403009445363 0.5909359429965557
0.18822512618984932 0.18459296761501642
0.2345490901586278 0.4688068610934444
0.3841056401952023 0.6365600992201093
0.5547544208959418 0.2072989133694063
0.14421422815576523 0.400050930568117
0.5577042703338688 0.7647731544598371
0.8291622377817112 0.5161543600900049
0.7441411402386482 0.6222591051398503
0.5497999077288875 0.9704722232253182
0.7619241332787219 0.637328471259843
0.443762381461984 0.569476944112997
0.17062782283048405 0.390390485379285
0.5048106053096462 0.6659085523513439
0.07456274099645466 0.5102822949288697
0.14774262210189493 0.896281344794067
0.41488710201333 0.431633911179538
0.4458672939051158 0.0995444393397007
0.8921257304528691 0.8949052915376494
0.8413866060314161 0.6186285794770554
0.15141909823383815 0.5411475316373067
0.1014865577779096 0.21392374018055826
0.3099582293539389 0.6487996862458771
0.7260946005672151 0.9649312435184842
0.7786403060963463 0.0975398510055887
0.4662669876550525 0.3472056340311578
0.800131792775167 0.29334727093392
0.7430655514617635 0.04359811502601185
0.16380334889796822 0.18291060770969114
0.6848105307103003 0.3556133587467598
0.18236783623480646 0.684254641630109
0.4143110335057423 0.7412169550118541
0.05492477192642009 0.6861602461680865
0.5784930962889396 0.25151002483754836
0.0045486680728361595 0.5808210603449044
0.8718350452151731 0.09037134625878185
0.4231707504422464 0.11126453346007414
0.30268925244460765 0.1792833858432601
0.9560000151712142 0.7894557955348134
0.8257081828329851 0.7261631992992512
0.6884105615412883 0.3215987130788007
0.2869863623659217 0.16411502187137494
0.44141348449938334 0.5251415282689373
0.5257656178357208 0.9398384522062384
0.42027048365358266 0.0766548523925481
0.9897153882369583 0.907249016163481
0.08577992738589169 0.601118868983533
0.3011532847541831 0.5051471061605106
0.9462719553313808 0.5700210232329048
0.8400565967992861 0.3823108434313711
0.9966360083104708 0.7097772636151425
0.9171032514660695 0.9682443613677141
0.6660127296647536 0.11344264974044149
0.3338496200201233 0.8713278170887442
0.6415984916423796 0.0010154248127791643
0.8727828413891394 0.09153797124252883
0.22415833080027614 0.5908890993923619
0.4561540337954604 0.6510777254424331
0.7277613860376642 0.8806714015253181
0.12664489486271457 0.3622717091407559
0.7603873457155996 0.2638376747710658
0.3016047997940716 0.7807183708750891
0.8588660495396674 0.3916883110921143
0.32470184502394894 0.6453059668865757
0.6671940309392155 0.8731882711894992
0.5790255773850301 0.14772410458463892
0.5734392929783172 0.6020374300946805
0.6037051392132715 0.9888643204430059
0.07716129035114272 0.19991548526955993
0.24940350071104378 0.2555303602699339
0.992175152898529 0.5841757058403239
