10 3 100 5
792 975 865 902 1052 1048 1236 1177 1324 1604
844 807 855 908 1168 1024 1332 1495 1844 2360
818 965 927 902 1075 1128 1095 1189 1457 1839
721 857 776 970 1018 920 1058 1076 1341 1459
936 857 846 832 791 920 1083 976 1037 1358
721 838 949 846 846 1042 1037 868 976 1286
1138 828 930 965 884 867 909 846 979 1173
970 915 778 836 887 931 788 886 865 999
987 937 1018 846 775 934 892 882 881 1053
858 1114 786 678 686 810 703 818 912 808
4 9
9 2
3 0
0.6603887231628425 0.47888003723183975 0.9320404315645132 0.7879023235993041 0.10479347509321767
0.5225038615103398 0.3254346891790663 0.8147733065112119 0.37049322926794653 0.30826447905647825
0.7355049126386557 0.7075589391048647
0.5703290598378314 0.5898664902587951
0.1979525746181734 0.6688650710703183
0.7649330756737163 0.8854698533268277
0.01260626605215398 0.504625887884588
0.5070084042436565 0.41179470874728263
0.06095073170297716 0.25397700562997594
0.8178298943477931 0.2385748810543722
0.8640143596973815 0.27014965696607174
0.4329069920367157 0.9071758843849431
0.08978887036938832 0.5233227712157607
0.001612285822026882 0.33704409127703894
0.6771939593459768 0.34149886743234226
0.9558119115960224 0.2376732773211503
0.7004928132025339 0.9897593223538388
0.6073136016923688 0.4217982942311884
0.07693496500587305 0.6624919615145171
0.10556465606152998 0.34877924500819657
0.39486145446359777 0.039548258259112234
0.5386189494892404 0.573471898710116
0.9694448636804374 0.9068265491983898
0.02167046411050033 0.769294879301194
0.47080239638951604 0.9904608859126425
0.8426558011220564 0.9416958559552264
0.7654805078590932 0.5548375338645131
0.8487259969540752 0.9348753031946848
0.4588912032721939 0.18529088032205654
0.710463772889248 0.6552997105681269
0.8210116742448077 0.8457423149340926
0.8076218984559429 0.9002895890971834
0.9200630690544092 0.8073094873015498
0.13812245183929228 0.8229285337458623
0.2410376484153629 0.9112807496791882
0.5725733352750635 0.31873034919603427
0.03168687536546466 0.8253143707890254
0.6006280372844968 0.3133339358161409
0.24145715606930995 0.23193574162986752
0.05070101978789365 0.4352773614604868
0.4210851920553249 0.3963969903594873
0.15298273162896803 0.6712546816797655
0.6894387130442672 0.6711424895822242
0.40319674142235185 0.020783434336820727
0.07209246208911901 0.6535650078240256
0.05887921797979678 0.23431970997565377
0.8590035108940646 0.10982460560184015
0.36752498737240513 0.08418302352003737
0.21360291399209475 0.07210135731618039
0.5435603053387927 0.20482663396319012
0.9095011125280201 0.8883238497346626
0.7013574800632636 0.5687118344959867
0.11165272236446389 0.9003810429388741
0.716729763320114 0.4541521321584201
0.01867383630318087 0.5841415150354721
0.777052321324389 0.5493117725258394
0.5423536138753535 0.6443930148873831
0.4303719655790115 0.18134930965680152
0.7923695284856729 0.7175093720395378
0.08432925451749718 0.9473296290852675
0.9602277969139112 0.17644192457089392
0.14280364489178599 0.3381978973023785
0.4393045543834275 0.5429832154119905
0.830331869835683 0.2511342666982146
0.5218676596605643 0.34753565256783037
0.6761267922106007 0.3380219484287541
0.4911845200533713 0.15952259617929276
0.43161814708915336 0.6077429528142262
0.5999117688292184 0.6552283905661787
0.22917889728739738 0.16682615480784135
0.8381594180103127 0.8807129815623902
0.04836071744195647 0.665570806219987
0.07621216666802644 0.956663658101587
0.09473894081465595 0.03171555918850544
0.7842372543743685 0.8441683377274092
0.36914146019950467 0.7559386263630414
0.2020274875227166 0.1434399597328242
0.30270619857701897 0.953733305288117
0.7518763137978772 0.5440463712845662
0.13919863150480083 0.7635200607591333
0.19768426414617712 0.8917444562317782
0.7439313290882854 0.6208960354077953
0.6998570779467772 0.9739765780614495
0.7417111121565074 0.04739552585377149
0.23239198227544744 0.9812284781913718
0.24078155073859397 0.44069525225278605
0.5132648493092071 0.7962223170738334
0.7618830276308735 0.1431879204101254
0.3095845667523107 0.4731011864426844
0.9993440325606426 0.24363943827963652
0.6483824998209109 0.5808145806547489
0.4552387598730958 0.17373840167840604
0.9896001675378876 0.4469682713028085
0.8671076785791694 0.7500683208451369
0.9553968239043544 0.4728861993368336
0.48652124942984387 0.31373124423210874
0.949289675179023 0.7370196487429663
0.5998729010632995 0.7557209546131598
0.11806278411241977 0.1490471809985363
0.4580580268089529 0.6922049073005971
0.9408226849816455 0.46717797521420623
0.3166789770958036 0.5659756404326963
0.22051398671201383 0.710284583260711
0.19460813213960537 0.5440659913081995
0.7436406368010382 0.5611538898113833
0.8385239655740184 0.2718659267285719
0.9783922134387228 0.5915273612597773
0.21047468494593113 0.38836316790616565
0.7806903683954809 0.16392430967897909
0.6686018821803712 0.9350047925311495
0.9279197121728286 0.8129477687337361
0.21692985807937015 0.5804207990313266
0.5145219746550984 0.13132091978045568
0.25340086385976557 0.20933185157643108
0.04008488734757654 0.09915813004078133
0.28224099991134466 0.9977316438981518
0.5845537258990487 0.14517825108083282
0.516670297832128 0.2597935768834969
0.6110836084238245 0.5114638094732331
0.16972153493207487 0.3962908034843491
0.020507491986197834 0.22564577113495354
0.6206321516962172 0.9129413466644385
0.9516379270651778 0.601017010285728
0.24209162497237813 0.8204216971211826
0.5236324823153731 0.3808158281324805
0.2824217669885003 0.725781214148935
0.07156920988841775 0.8266112498052562
0.24345875762503577 0.28603536709726995
0.7200775063852858 0.27179002634382887
0.9607929047404269 0.9374744843542571
0.16987114581155582 0.9020007635347669
0.12927094753483614 0.8525551071677755
0.5253264423954811 0.06333882983725769
0.6290543160011497 0.5152320935161867
0.9390954322656306 0.19834836011100898
0.03737888412363355 0.5339634106209079
0.5660743801341108 0.2834164203000247
0.9998611502067423 0.7200792091960038
0.6402549395954862 0.5200682350802026
0.7050279506947974 0.7366848221369235
0.09899320820874746 0.6214651664985251
0.9824833700772861 0.7213996603021093
0.30738705673292266 0.6551157409293862
0.7098462459850352 0.6879388935043782
0.7272375496968775 0.42546176651704215
0.14601319312030547 0.22160327854844208
0.19195544930063657 0.6827128664891453
0.3219077268453667 0.4717351041032689
0.14554401945128181 0.7329406089439854
0.35619829844780426 0.49661362353148375
0.3127702357097155 0.26718333043349296
0.7551237401627933 0.7163721671847836
0.44069514795646403 0.07934567975210083
0.25542873781681297 0.6690917451855587
0.7805543984996324 0.07360995288664718
0.12431502526762084 0.8548420842941431
0.14915547610114 0.8712430588619924
0.5369406397680854 0.4123399895197175
0.2810253593607863 0.02910492445107904
0.42229471152187537 0.0265174994193913
0.9166442165250761 0.33562850863854643
0.8902586875734981 0.25584159236889836
0.9197888694389187 0.2985441630671821
0.2266709837996821 0.5747349533351773
0.09351950446056878 0.29979028421747556
0.9414990879866798 0.784941569742849
0.9154145174399171 0.6600880474835213
0.9200903477334668 0.3806322446746593
0.9873314431935505 0.2295097746012671
0.7147149945925286 0.15780640074002128
0.2660383717353143 0.053229421668082866
0.5300038301865024 0.5654149416682055
0.04774562678466765 0.2322061333692671
0.3446344223372164 0.13783563792145936
0.5016705048737733 0.4158904854740637
0.8254502136966584 0.538216074244003
0.3540470281442647 0.24687236255515876
0.43658643716894985 0.9477671724947758
0.8657620119290921 0.16292092638252087
0.6403846993801301 0.6217192955117208
0.44169363650266313 0.8507328731785586
0.6647762817359972 0.4367109894970216
0.18900341366570483 0.9789889604393627
0.8127463939729918 0.5007178344371623
0.7382987715369269 0.7285109789626489
0.11878598032938736 0.35819942126842896
0.4147902194116946 0.7020339860546547
0.9628450477016495 0.4250844703579475
0.18137834491619453 0.03466158391619922
0.47376388487503385 0.8864050749456478
0.4905122922636709 0.018298386336398353
0.5908489757365956 0.4139445286251686
0.6527714886293743 0.09109148754795204
0.8614710695671459 0.07256476077570473
0.3193528907565213 0.9718009090185602
0.3909009699685104 0.022178399395040183
0.40752086876724136 0.674710472110521
0.5662774394881447 0.6701242929534956
0.5049835151193474 0.15390170081493704
0.15715400105829636 0.52083753158553
0.8332823042216868 0.39975112259036893
0.42322723622816194 0.6763070214105391
