10 5 100 5
835 1157 1190 640 1169 1294 601 1406 980 975
1136 969 1110 864 902 896 1298 1218 904 1252
614 624 1337 845 1083 901 806 681 864 552
1070 834 1203 937 1074 721 960 1443 1372 1166
942 1238 1306 593 1372 798 1269 1105 960 1176
1464 558 767 711 830 962 1397 1299 580 564
1020 590 1176 870 807 1219 1377 1258 1227 708
1271 1290 1028 751 842 926 1167 1243 809 1303
996 1275 1061 1054 624 624 1336 993 1222 1005
1356 553 714 715 550 1427 731 1193 719 1196
8 5
6 7
3 9
2 7
5 4
0.9318213851052624 0.6518577768886251 0.8132963218958102 0.48126588435581796 0.4102926261474491
0.6727321052432709 0.5808848582513177 0.6340181944331137 0.5315606971144342 0.13907410814152438
0.8038271857554016 0.8562334211052973 0.3886653520402291 0.4917906073907304 0.40798305424050163
0.3288142455142879 0.6501977815284538 0.6674875460260814 0.8355466079377538 0.45754292656971474
0.6335441355610567 0.054459983314084415
0.6041058179686918 0.14030645101390293
0.8675817353670146 0.15887494705900096
0.17132691390800625 0.10089524597449762
0.9745502346784334 0.2657437109101597
0.8592880421528295 0.08680538283918016
0.12188516115564663 0.5287369406410358
0.7663512517338271 0.2029038030539556
0.8182820026643485 0.8832796585665317
0.2566019042578589 0.14335548508350637
0.011452528081656421 0.26002196125365207
0.849953633910983 0.09185842075113193
0.5160638689255939 0.8920592607728479
0.6490059637745942 0.304766505307154
0.19045055613129214 0.3229679596125805
0.4611724909879855 0.16285491368257898
0.6256555943253181 0.21330973607569037
0.13178786806445109 0.0008092623363906704
0.8392096096483399 0.49834520380329206
0.16595159204007381 0.5211620942679438
0.7421959461700742 0.811474422876322
0.8157732275316267 0.32233240839833077
0.8811185802054997 0.09500320701707055
0.45572065845437026 0.41639850127692535
0.9609178887936081 0.14963893851553567
0.23625736049436208 0.4260029013084723
0.3934744660593954 0.8785908892443413
0.6122287142377953 0.5377347441627764
0.28030851412522106 0.3422115826889567
0.975880240750989 0.011300909280904214
0.3363154001776427 0.5526851752783255
0.8420583908527213 0.7617398770279666
0.8019204335791632 0.6869290543307602
0.6412388248819487 0.9487247999000852
0.15504995599783755 0.9792683165066223
0.6768330564561187 0.5468812080890253
0.11184530427303208 0.9068255476295084
0.43619797912859193 0.5171463102556519
0.4321312982163701 0.4051377553315185
0.523505586426283 0.5896556922955387
0.4292744827471435 0.9831541469912415
0.35379279054548274 0.641311699445229
0.8907855380962251 0.8267982952473532
0.012030701542999678 0.5412209886558443
0.8992538039121636 0.7722298089188107
0.5507177348884751 0.5048873854630682
0.8879511389805239 0.24358518421965103
0.9510086749914481 0.41367771972139655
0.6496437188561572 0.009295599686486744
0.5502572116174891 0.4611414809351235
0.09210468007730488 0.47575830298749655
0.2762855097697374 0.18610074559977363
0.9328910651390441 0.675389812176882
0.9323038844124465 0.5396085785749734
0.1818749948235563 0.9612309581046392
0.5466784047477049 0.5889415477601576
0.05070673615102117 0.82732702361545
0.7643438214331957 0.31530700640327547
0.5341611074535351 0.9815442956704308
0.6546411954103535 0.3597743522607073
0.9157123522647408 0.27251060593912446
0.2735873895791703 0.41653504640493155
0.28731374277199273 0.09064530496389311
0.5276700981839604 0.31967764244400887
0.26141280243969134 0.2219531155492671
0.7165397496760872 0.4489350690752092
0.30002213310610815 0.3728485799588568
0.03473420134716032 0.20936211046256292
0.4544288198319595 0.9116272529060341
0.283900254831815 0.7918296964315805
0.6236487084863616 0.9500477343552198
0.3476517416597613 0.08788037273384708
0.6095429167981397 0.4088095939474148
0.7579020504844005 0.42750677452052344
0.15658640544838343 0.7139323901106247
0.05509801518168156 0.09664721962151623
0.055243342377535365 0.784241651926628
0.7590888301697034 0.2455842017106502
0.1518525138428144 0.18005755925374345
0.8256775202610618 0.6727912304148989
0.43641952017909436 0.8457835013429036
0.5969774307264906 0.5763919186194857
0.4641047824032716 0.7614436442994097
0.932024604720274 0.793799247796072
0.8740850794782022 0.15170772368642438
0.7354868166349848 0.829973992746257
0.7525994809126029 0.5045664514604125
0.9731939285060425 0.10671001942982006
0.2948388119048455 0.9374231555547132
0.20074448552412028 0.9017554973751556
0.34636812716554344 0.6232037920881677
0.6059586410561384 0.7884682428776959
0.8447785192528812 0.2452053074920133
0.2820665590781586 0.034798810307800965
0.9701340533306857 0.9803020043667567
0.5025363110412242 0.5933192441334252
0.2743032872490758 0.22424198612283064
0.9531052563354494 0.7205703282151437
0.9378834326932268 0.34307132573926014
0.9041450663152455 0.23461751439196954
0.3180578885280225 0.9827609951026348
0.44959566953817687 0.18115673920553177
0.570123100287687 0.8873847023010522
0.35561807198435 0.741715398493979
0.5427496380899604 0.7214667378781825
0.1143312904274032 0.4781682648938854
0.7592950769015534 0.9544514935061199
0.4060601954230041 0.640393084645771
0.5419996109682366 0.6820913072493644
0.2923050016112314 0.036568076361760404
0.21965722390062625 0.4891008843592881
0.5119514877235991 0.078998610487377
0.8864295439570624 0.2660402332751659
0.9392558674252649 0.13135785672382982
0.9606642322931684 0.9615651296715086
0.24296949714385385 0.0332814500455203
0.4337742046002322 0.09017549406174985
0.1572653320661883 0.44349071137106866
0.37154402296251776 0.3646991250714595
0.12248154223049967 0.5895140006016966
0.46858532914270357 0.3435286179639019
0.9487760061824433 0.5210653696718395
0.011601849082835791 0.25708221304537116
0.40807856962269495 0.9597488307967483
0.5256840325932346 0.1329922005974531
0.9851444796767406 0.24427689571042688
0.7261324553336233 0.7937410481689693
0.0828742763421626 0.12571180588951436
0.7467757841910521 0.6726733729408534
0.5151529613732246 0.09340703367842784
0.4824923075343672 0.0011905683564963354
0.4081363664100819 0.4979571827630054
0.2569788078220001 0.057496144259343795
0.4976079299741538 0.1870982104295904
0.6449255118592072 0.9435252408980814
0.34365835679988654 0.8587327852403808
0.6369980343222794 0.5334955557191268
0.2670428961052118 0.5792331000820141
0.0895545100682471 0.021510953158120794
0.18440095743700025 0.46873828534890016
0.09477856119692563 0.29328843543247807
0.4512796438821878 0.9551667095180152
0.578668195417386 0.4557067955779164
0.11205045358468735 0.6968597784358759
0.830697384817467 0.6301217540894084
0.9860555438647545 0.12303630574086122
0.5064269438683919 0.017968445525448073
0.45810891412522925 0.544493894054811
0.2060300875101888 0.6872313456996189
0.7249266376994346 0.8991786093430187
0.5863289517586383 0.4199829407659188
0.28371103000473075 0.34357555266495465
0.008444309814172657 0.9298824338745082
0.611859519797425 0.9796388253453427
0.8345863388527748 0.564693833026013
0.5532819988496389 0.4855765119633433
0.535686869298988 0.11387983413408476
0.7189026828273153 0.1925150751522715
0.08029430714640018 0.333952319455294
0.9385770557584301 0.5442053787677439
0.6184589743182589 0.9814998459902018
0.11532523862022903 0.9141482241479684
0.4078853914446883 0.7150734028640122
0.8211523847285835 0.5396502922759483
0.05762088190410308 0.125619783596
0.8608791663532966 0.7255157953133797
0.5627932212586717 0.6475719554857138
0.09562679545312269 0.385148761041588
0.31315034616810933 0.1707084665984775
0.4784622468315436 0.8835134667376303
0.13771182911092872 0.9686848723244084
0.007206900019842699 0.3485572286677474
0.14288886945907597 0.11645657432446077
0.5982468989704082 0.5851402461297763
0.7013823538226331 0.6836273841410119
0.9194507619809156 0.6825429788072146
0.47765337584896317 0.5142406253351044
0.019154297368159323 0.2236106296761693
0.05994067826649663 0.6087882490251304
0.4902849568066783 0.3519228538209447
0.9219855940059671 0.7532338891701305
0.6282610387081669 0.902378985799922
0.8568037969223756 0.14644932155797052
0.03969641914999911 0.6925856956431538
0.9238194039750962 0.1321581675393999
0.20790946279424283 0.5108833479016719
0.026319270433696307 0.4185992731608488
0.8144856042271911 0.501827873286206
0.18472475823091616 0.7502443344416696
0.898301412257257 0.735146364365268
0.5313669500885696 0.7593796172096856
0.9136146193898957 0.1501291419855133
0.5462932991394835 0.3108906959996678
0.08470814666560433 0.6971863942250731
0.543680989409598 0.6605795079077277
0.7235761162384808 0.4926055274969252
0.36689582728422887 0.10624496888717805
0.42970843441223594 0.7281334751755373
0.6732103304746602 0.4668658281917084
0.9548597539387806 0.7846593932355137
0.027890746446955106 0.21279414968251853
0.13033852226892684 0.11518454802073252
0.7598005642462706 0.7769536499654885
0.6775789542462356 0.002633264962734083
0.5483603583025778 0.04389475093562223
0.513884585268578 0.5932247154724182
0.9738826944020194 0.04149034198944057
0.17031551007054113 0.8565709515252602
0.1751355745305856 0.9272130961115121
0.1430894614702316 0.3933083278200431
0.15835769514956044 0.8890241312922287
0.3806671453578194 0.9767797664281377
0.6932200930281158 0.1938525070754118
0.9557753003859142 0.26523033506067417
0.16064243796451017 0.3297144743035565
0.09905360831560972 0.5735532045481022
0.10618106792535231 0.5485832862265883
0.48681718290147136 0.16390864245072057
0.7807692713588981 0.43951200533336854
0.4193510809260186 0.22989744908197274
0.6687582832866048 0.347646538804927
0.8809678346540799 0.8057374244478732
0.7221216762926088 0.25739433071693796
0.8379049696170517 0.029251322310175798
0.7390549385380023 0.7068876480016
0.08465061416625841 0.9114100509898475
0.28790983940938575 0.7977946652564798
0.8515962940587951 0.856031051871007
0.7620312554769408 0.14628238139739835
0.7114197910185298 0.11583392260421022
0.9829056811683841 0.5677394461084488
0.9764663596284424 0.7947579787400856
0.8836477363273179 0.8877434708702241
0.4285947752558419 0.5015052655875869
0.774959329007495 0.8674207080484899
0.040950425127318946 0.992873426551198
0.26869002670681685 0.22279499005211956
0.2918917215872239 0.1427451795689645
0.1997525275148173 0.9669106124436655
0.8483590495829727 0.18092915902342077
0.8203217243164413 0.29061073236262613
0.020110639591656376 0.01100777898630212
0.3054723962152943 0.5251945400104086
0.8685964390788339 0.4723969506081047
0.5503615603183893 0.9052511073080098
0.16431513347239846 0.858215357406916
0.9790861740944048 0.8055470389113779
0.7517884245058373 0.28246586740710566
0.3737288183843521 0.7553885297573391
0.9378277047990815 0.6682769513515954
0.6973400643584291 0.41943767695340717
0.8111648104316866 0.11735750017469582
0.6786558593940111 0.9508592906086826
0.30038875666922493 0.31908698523105117
0.9553184407413122 0.30663379284120174
0.24840827318586411 0.16768545168602556
0.8727039870655189 0.08673018073242833
0.020363970432793366 0.16820883872905257
0.3283575330636439 0.6310327375402027
0.7925702171796984 0.23519781761183145
0.10205647994092137 0.5426611772897021
0.99120046502881 0.5768562320506279
0.0217129236559499 0.9602571298079849
0.7421249456860102 0.9281262834397441
0.3020862348036961 0.16575638256161151
0.69193319783894 0.6328356847976999
0.1870399644474341 0.9386225298718975
0.6942415249965379 0.8458170576784545
0.12768996831114765 0.3995597506724744
0.8045047826474767 0.7740091555845214
0.8914599570429644 0.7889877228044624
0.8906311664414677 0.03435020244524423
0.7301148321502859 0.6689755183840187
0.09666118396503731 0.9393736200352132
0.011681467741342155 0.5264621646015837
0.0999394670887559 0.7951296767581855
0.6156012490474274 0.05563888519902371
0.894466232550752 0.3375321304181682
0.7930124354789005 0.6209748427209221
0.6312890924765022 0.5209278869272371
0.7607243636119285 0.4732468959844487
0.36558804906203357 0.5730331966797368
0.20314416909020427 0.1862621686024808
0.6534766712328974 0.885313181717015
0.6360885393588658 0.9716757268848635
0.5183210100801225 0.11104014053050726
0.5764715333780739 0.3873749878163153
0.7896405093168026 0.9839114569792076
0.13809617180612577 0.6208083961021276
0.9152872560040266 0.3580770301164242
0.6643462350146128 0.91754620112437
0.8905076549633302 0.14501297286518988
0.01328577468135772 0.6145545981703817
0.46977718783977385 0.9808690057322487
0.6303156952691258 0.81708678607355
0.12062443621411068 0.25859159355485195
0.8610204296842461 0.46342059212177644
0.7990315775976142 0.29315185971277846
0.25712660678377874 0.895667546633298
0.8750974274479622 0.09616043227859383
0.6982736013406947 0.5143086250234208
0.11399320149001535 0.36966191869370646
0.698657187578372 0.44281514081985374
0.9145569100559208 0.1752922312628884
0.5053039621984932 0.7235668003934725
0.747518802563431 0.661893089558212
0.6256462810972845 0.9806113052106453
0.8293613764893972 0.14181326971204022
0.2484079004727633 0.43127253435864366
0.797372876912446 0.168440786345049
0.7164473501163138 0.4070955430798402
0.8531209250191831 0.045900035028608954
0.4191843811107081 0.9765274521884257
0.2565805934344003 0.7420384388393162
0.4330625922118061 0.3984332230453538
0.1333734496506953 0.02158221436523533
0.443956008224736 0.9732777918839743
0.12131625771590326 0.9950360154554097
0.7732208976827484 0.04889650931839773
0.9699472080801845 0.03192869548566324
0.7399191838287198 0.9274403374101032
0.7858156179808133 0.20693641584989741
0.8390020596205472 0.32151073259678253
0.17915270464447342 0.15180965135745317
0.6051614001581351 0.10972723028221765
0.98522325371088 0.5205289165248022
0.3020207242653754 0.7181895992269605
0.8024470721714343 0.4995286465252573
0.43377309717005863 0.6528204152347943
0.011653346505056339 0.47525593000230604
0.9971143879697548 0.7976096693985413
0.3623395961212008 0.4009070682647977
0.396259870174986 0.08793251233642141
0.18742321445743682 0.7801092800246876
0.7420337399252956 0.48608848307402663
0.25588296029243973 0.7541533761487884
0.7738412589720203 0.7595576067684822
0.16189231828369843 0.4513259724401055
0.9654800203618152 0.4225981962137879
0.6930090308422345 0.7921795795036122
0.2817421703928422 0.3235523988051763
0.9455282783884933 0.70868774258078
0.5443198517818151 0.9183562003249539
0.3878003741635898 0.7830967767823733
0.5220955974440376 0.8197441121691162
0.5136441097886162 0.7217445103984781
0.3035119075562931 0.25164286727141993
0.07470324280641982 0.6358328325117357
0.3002337466839877 0.0007853281249454724
0.49783507675026994 0.3337384058547339
0.9832162461641942 0.13429260998655423
0.30176463202041615 0.4721115683465804
0.14523469632574404 0.7353588840094809
0.10926227805865651 0.7914270595062947
0.47762028063476447 0.7576707132808715
0.32000167080084485 0.7557397003368562
0.41673580406486055 0.4948388082112076
0.3227093950375135 0.41494190451974
0.947354593281446 0.3328586260892328
0.16635462821477232 0.1265271618952315
0.16540262794166827 0.7027679680112584
0.6048826167803936 0.8773045454490878
0.6010804203351221 0.3036113203916935
0.9069563378758072 0.3087975386049129
0.5549206888596161 0.2597208383394769
0.30329332648390084 0.39646541826585713
0.4194232865594434 0.0698021909692641
0.32381228565595044 0.024083855230844886
0.9358346235834882 0.4731978916967807
0.6777954081159687 0.9842371376748127
0.6361588808622263 0.21844887630460663
0.1680774323841796 0.48491525685529213
0.10679192044089714 0.06480775158679797
0.8348305442601724 0.7519906238905762
0.8328892068409044 0.19219593844924443
0.6535854002455814 0.9352254042558381
0.3220028062740865 0.29774750856365517
0.1067609464103163 0.5598943681555208
0.7740027992042053 0.7100719856079147
0.9143365354352624 0.8884871032522155
0.08657308054191604 0.33089232049245165
0.6082268197308114 0.9914025317329962
0.979160137965825 0.5390798449058902
0.7993071076078009 0.5743068451617461
0.07381681759991632 0.799975973624385
0.2033788988993641 0.8898727433889062
0.3547155732606624 0.06463225039210974
0.8707255366767603 0.38446308038743093
0.6055382230131783 0.8407402176179619
0.025761358697264924 0.04401892047917588
0.31434904145743925 0.6097782801930358
0.041140512599348256 0.221717617717901
0.4259835970897481 0.8272754053085607
0.8873173743390257 0.4246326219810286
0.03203549217261559 0.24937554930391825
0.9401728236242457 0.06051541574308583
0.5403507911211893 0.2438116869447262
0.3031402483451824 0.720052525614344
0.1889948233624117 0.9763030251487317
0.27669943673511477 0.39541960112148855
