10 5 100 1
483 875 1129 675 789 1410 1439 1567 1300 1466
561 578 1026 1312 1590 785 1261 492 515 870
801 608 1360 1439 625 849 1222 1597 862 1353
1007 897 1301 991 1115 733 573 650 1051 1110
1374 826 1511 1004 1137 1075 684 1575 1610 598
1512 817 1518 937 1211 1140 644 517 1213 495
839 1268 836 1036 1120 584 967 782 486 1537
1177 1152 521 1130 599 772 748 1320 1246 738
844 1528 1295 1422 510 712 853 1082 843 1483
549 615 1420 471 1257 733 1215 503 1030 1112
7 4
3 1
7 3
8 7
6 7
0.4430555701453311 0.5405776571243345 0.9355619602440686 0.8588371347652279 0.37876699036011174
0.45410999928864465 0.7016340626340942 0.49232837373375676 0.3518953161347782 0.42178906514701386
0.6431815100714922 0.8450806349542148 0.5502662338141375 0.7488393560611035 0.4626456295826523
0.6668500430686992 0.4571224653184997 0.41455249022246343 0.6872492032483359 0.40853279208654314
0.30762407658258883 0.31015636888596476
0.43531031938577613 0.9631318920631828
0.4410133698452343 0.41909493587334934
0.01684596107966274 0.46576659220383965
0.19224416883324813 0.9008521807836765
0.9442881276690418 0.13978145178098744
0.5973275834277756 0.31396920422146923
0.5041495449689422 0.7939465223464013
0.6363867985552312 0.9380139497908371
0.2232024292282444 0.22374014093900896
0.10934827712572259 0.20450358520561585
0.6631888938684092 0.642493815033832
0.5663035409155273 0.6119508584883362
0.04901800825694225 0.4941607967038062
0.8435405439131878 0.7294138028116475
0.5172156973112445 0.043221114701146535
0.20145130192128224 0.440676515600682
0.6116105264494844 0.9804617011659247
0.5060714830597262 0.5132693043447505
0.8098280642872231 0.4835516445235173
0.5069598308790051 0.031571668804819764
0.507148926073461 0.8732932127733457
0.9622904160488939 0.4410821338604527
0.8201685050311438 0.6158198509852244
0.36798870180182086 0.39100214425102964
0.05683150599636133 0.5930058972214101
0.7161689796830377 0.8557199829000284
0.7570211994870923 0.833313578223593
0.012054716166198798 0.2978671588462971
0.17133126983564728 0.44175882364008223
0.9403781314611168 0.6654763841523306
0.44133199633922593 0.8871412007767054
0.5759149529651895 0.3195944092085099
0.06116646605316167 0.8581640157134138
0.6644269552041702 0.22274380656604098
0.8720176322016229 0.9434904398595299
0.8631102537900694 0.9925085716954398
0.017363147340205387 0.8538616421477818
0.7894775569057912 0.7615772090900397
0.9749231311744802 0.09933633156793364
0.6175287441231507 0.6557636833588087
0.05094792569301365 0.8349507976336425
0.3288721898270415 0.24125505422250093
0.0076643210376940996 0.9793883215425769
0.3504666078303915 0.8883288181041205
0.873749689955893 0.7533787721732348
0.8934526337557402 0.3362172670950916
0.04688464809546122 0.743756900878813
0.7429808560912641 0.06588930383034541
0.9271330471749284 0.6162768297943224
0.4365559987871379 0.9211314252882536
0.9317677671001732 0.14777633876580243
0.15293189533217766 0.8603114852564011
0.540917659534637 0.6002179661769038
0.35239400685321165 0.5138260984271927
0.7590017087669267 0.13282822196508692
0.43081803171347954 0.17603733468174854
0.7559624919106962 0.17554508965450788
0.4529651905579972 0.5291072593275603
0.8280339078652368 0.5215838633018033
0.7598581924692918 0.27570741244172803
0.31694726413750907 0.18936762450652722
0.849176653566291 0.5793590582925796
0.2909960879746669 0.20598443035428327
0.9056834090344958 0.9486304893282791
0.4576516515476525 0.47917104201160865
0.9761440259589584 0.08478399094045241
0.1816954925090546 0.5072646819438424
0.5521133939925731 0.8515520011454618
0.7202949559146157 0.14155488059651788
0.38502698898914733 0.6296530479269651
0.7571857333080001 0.5424187385444477
0.6980431966133167 0.03493611066153046
0.9673673105179776 0.05150718578281488
0.8662672495065091 0.036915373149285946
0.9139140030677919 0.05684623135862976
0.09828787992288834 0.8685173234756673
0.06209272539592514 0.6214681791612582
0.08191833003300664 0.6898742778197282
0.18257532308892355 0.32627766800617675
0.9558972449722847 0.21142132727113627
0.314970075241346 0.6390528808716527
0.9187880674203448 0.6745218235061483
0.43321505278589223 0.5362463495874346
0.8692092994060281 0.7437920529680366
0.8316499972333933 0.004905033187627472
0.7294758890763267 0.7020940405580134
0.9151559365250055 0.7493288209967452
0.4359496681078625 0.5126848087699141
0.5161504095201133 0.17052783483698875
0.3656033048333387 0.5524659852189693
0.5252523392520607 0.3608047416042006
0.011682339755500593 0.3112143976331918
0.24257558385130507 0.25737684135389194
0.8562752403087459 0.7107337835623531
0.6913640238355425 0.7670411651640814
0.6972233009684712 0.4923690864368513
0.3983284917566299 0.11695924845269468
0.1382155808082819 0.2667081797385984
0.4405475556206837 0.9146817119428448
0.473368504736809 0.3352382746091731
0.736726483748573 0.5520182608521498
0.2975957719965434 0.5824182181763584
0.911180668889086 0.5114855461556194
0.6889180785658975 0.27028511895774776
0.3535370838466749 0.8813844913934938
0.7126554236669433 0.5358310727936548
0.47355156788707675 0.2028258384405408
0.35921852229090456 0.07166678528023995
0.04122976613196383 0.5789446661949804
0.3507806718988109 0.03738717161152194
0.8248023664764477 0.6635277348209907
0.07935442506414558 0.27960038233444306
0.3461360533863096 0.7400568625795354
0.33924553201353924 0.335253659127539
0.9265033846373092 0.2936016790153402
0.05989036322490704 0.64202970544244
0.7634234304683538 0.7306203623742704
0.9891321502784227 0.6637552629385226
0.16213202748483035 0.31978435252651805
0.6521364251957904 0.94057415434689
0.020800841059009256 0.7604408925038095
0.9322136408768089 0.6784585812749264
0.4813295724899622 0.5266688032812983
0.636720776785028 0.8435476220093248
0.9066963827545593 0.9533912190525158
0.5993611920941466 0.2835199688503234
0.49458808464454185 0.3579005086044089
0.8934683812899811 0.8067173685880269
0.5475577954899997 0.5467680131653059
0.10903036223086082 0.8193316698210948
0.3499347081332811 0.5516711048631036
0.9927725962856389 0.7346278538251576
0.18943577561786928 0.13347641796273546
0.6437945629008073 0.1763453982101726
0.7057528109056102 0.1510260743552736
0.39887815918638214 0.650981135535956
0.6706268151740953 0.024537191261528424
0.5536098617068401 0.6199332576434604
0.2778120191463329 0.7335823231786267
0.33669797380104516 0.9211716225445112
0.7091878772376721 0.2511278438707969
0.3904479322216341 0.13880686504223805
0.6568751600952623 0.06858856867164898
0.012856078426141782 0.22486987806334446
0.728206399425525 0.11253820665012149
0.29508513911629897 0.24966756192832684
0.9974550817282772 0.8304512667370252
0.18531005118862587 0.7857965384225194
0.965594570141856 0.9804555212921964
0.22302270442540828 0.5099414568089482
0.15430595025708982 0.4519552831876932
0.48446247192718306 0.9537230317394674
0.6789115904739926 0.08223523386403175
0.4694884411424236 0.5300770528536407
0.2472823906857753 0.03535321006374925
0.3459125665546203 0.2021940486880065
0.7426822042387946 0.404221983768672
0.863690784195885 0.8773865480622225
0.8116592349021752 0.706081816674385
0.2259381488490111 0.8112251537103727
0.8287572546264657 0.0022395333514624305
0.8661521823244025 0.580606218550173
0.9961371540167478 0.5130811501133261
0.8574416218272158 0.18561558666458833
0.28393462824889015 0.26745176184287467
0.6008836291753994 0.6152764804364126
0.840324889046322 0.7774406086664238
0.41159192511189024 0.9986306557240043
0.9959509919885923 0.21507044565031053
0.3047534312082705 0.8302735179721816
0.8079639342857259 0.6867352141565728
0.9068533132188217 0.7962723943866161
0.8032808993829768 0.5506614085205439
0.6603522838622884 0.2730408674845284
0.7737738625397239 0.6982422897918001
0.3447781255637947 0.9189541270619506
0.6744728640630935 0.5103505119821343
0.8532007191743769 0.6966052853091853
0.7333691476272233 0.6450259870598891
0.8684040712655494 0.5787583449152569
0.9832712620669144 0.46916959025509386
0.22556553427763637 0.632550368658638
0.1288142594646513 0.7692476828276813
0.954249838255677 0.27664605508254403
0.6904198402014323 0.6055286319895992
0.2510171233563643 0.35768894158624964
0.16860600954656024 0.48797791822728054
0.43483934873382823 0.3511483851417214
0.40359966720723617 0.38229591834732535
0.5557538486213327 0.12279191363608932
0.08725870544746717 0.788254875562431
0.11945412741150574 0.12215387037547809
0.8735039136383977 0.9705087624611433
0.8006387121143821 0.6632925182024223
0.4377591039272264 0.48356925332713696
0.1273384057876219 0.05662040212855857
0.4414385875025624 0.5536237508937665
0.30835013791427035 0.3871342715891464
0.2301413026128738 0.47879448822507387
0.4267246648338361 0.5081660830821051
0.7599172091014634 0.05272375130120843
0.3569094695482309 0.7130413858698972
0.26271477872615256 0.47951166897875197
0.5031850837334195 0.5602925517527038
0.3305098409812459 0.9518340520802677
0.7596613301922546 0.17769878397964667
0.023178377758871216 0.2568176309337724
0.02757726523047266 0.09406112849565273
0.9784114904146317 0.6394185483353576
0.2001200065203983 0.4023945096105168
0.7791856744124808 0.20583243881775948
0.8660243334978039 0.3533561305231163
0.5198362861295329 0.7100146251129005
0.36136317349581315 0.6264921908740628
0.8008736698361081 0.032704487444848995
0.16384905483480594 0.3775557777166305
0.6019097624385943 0.47668921670181774
0.9604820855954594 0.6874180903598477
0.8145024083740731 0.26725709098720496
0.9121621962453479 0.872017499088823
0.041452346601780876 0.38781710452600526
0.06871046480352705 0.7193224384745942
0.8698660471395343 0.6606596462735339
0.9507338141292971 0.4905665555037553
0.31919072025853756 0.014483544794788195
0.44788965307238393 0.19582073490698804
0.8004561081733981 0.7576594171836315
0.4944211237408833 0.007902980139905535
0.6020746700399566 0.8723654664212983
0.7293957590165154 0.7371874357483208
0.7495473715658456 0.4763293917157072
0.5000887040492932 0.596366568809741
0.9868914426804336 0.22425497808723338
0.6804153104081703 0.290863312947673
0.23360000370338563 0.08765164659203006
0.2997631281398936 0.48168636671498555
0.4421780682068406 0.7384294205091277
0.5093484838630367 0.9682139978493207
0.6337189278145487 0.34822984878337415
0.12242229229169954 0.7523219590715338
0.12000853255887312 0.07514657369733646
0.9327829897244639 0.48819558551249287
0.10831855773038646 0.10419929162476982
0.9169159412751531 0.7681307007395104
0.2962480711731339 0.4528170986658082
0.4804260551008497 0.17072350527867286
0.04183271389319576 0.7818528482166875
0.5573681440009759 0.7334773210898771
0.8592657343031143 0.16393302063677018
0.7705823883451111 0.9804044880127301
0.9431344200843712 0.9397744637717795
0.23663127699450381 0.8924496617275817
0.07824038730895078 0.47829556959122077
0.646789120713184 0.9787732415201704
0.07958754529189327 0.37242615605688534
0.06540926282244897 0.8139942737714561
0.08120328405084631 0.2393006898763872
0.49532169687150507 0.2154175324780656
0.8492919308716187 0.15255898984859795
0.6398037843427338 0.18534973135250277
0.19754356452946742 0.13520300302763433
0.1414487531084896 0.3376352796795534
0.5095246883991604 0.8032809920872821
0.7207094695617611 0.8427259629489889
0.4638332332371746 0.15709904302117428
0.28047937779650556 0.19348057174533406
0.32529379397394065 0.9241779125931608
0.6173585856200141 0.9000701820204835
0.6376987696185783 0.8672182095675132
0.3783577474257733 0.8908101904601551
0.6234276873331113 0.48301004281521265
0.15122927953710175 0.8566941820013712
0.6415773785580214 0.38224545886382444
0.7349096511792261 0.9166947675705923
0.6837330153554209 0.6501809782636399
0.8271526878062028 0.34291876007103816
0.06889156101820348 0.8896157675847418
0.21384769600267828 0.5113078245752627
0.8453228163191195 0.8266794684342198
0.3008207842155528 0.8093269703213863
0.6294233968393204 0.13483847808517124
0.7413517066534525 0.7174460167795331
0.2089915403925049 0.6244543505414675
0.9880415866242904 0.22904300515087983
0.03390064238338053 0.7096546222179425
0.14909927142204293 0.8808691509106157
0.8939819258479005 0.3030745922171907
0.01883990288206072 0.4338729523640765
0.03930953181293728 0.9531483565398315
0.04160428959608686 0.014110511452846364
0.5048666657376903 0.10088425683031321
0.014148733535878755 0.036272132343309504
0.877349468252919 0.21409298420851597
0.6492427779321603 0.8697761223702964
0.6488335863135164 0.4564785860241054
0.5414602279017176 0.5417945523781149
0.6873189337517664 0.22138087271518048
0.7159324272121792 0.788550470786255
0.12457268560974666 0.042770270103126284
0.6364653719132056 0.17935423433098951
0.23732356855250059 0.7486641458497478
0.09500664966719974 0.09604552102682651
0.4162005333954504 0.6573359809550323
0.4265104231596344 0.4336475519695018
0.16381989467480174 0.5680439015162626
0.26669856723449925 0.373750531523229
0.6658527688309808 0.6930118867788599
0.16421747421060817 0.14904186254918073
0.7685432499163494 0.08755021076875846
0.28206727691716993 0.04614450386729407
0.6855433775288151 0.2173168181413081
0.5147944050144271 0.8679794189530357
0.7255331657293878 0.22293805515202614
0.21696143076546814 0.5575865483620568
0.44300311930357794 0.9693614859220345
0.2703256664764415 0.7475952985957499
0.4169356181242163 0.4064473255950378
0.32219045933301116 0.9777923811152691
0.2972767782959742 0.4423217623012101
0.07807675987038332 0.6688996995365579
0.7126028711132182 0.0776976481922198
0.9757222156402503 0.7565431715218203
0.7493309734947229 0.4868083673160024
0.25091481581022146 0.6254749398046555
0.41044380292261207 0.7097636949438861
0.7353685112083184 0.04648649364296342
0.7413271958323342 0.7468617299031428
0.1903843794477924 0.7949328821908948
0.66481178196704 0.5387269239546868
0.39951383065616675 0.782748857573413
0.9790844653299353 0.6552517647584799
0.5061111721580656 0.23956466865177717
0.8688600301639076 0.6461356202438104
0.8967739020478471 0.8031599208700013
0.36621934466965 0.7117841159636702
0.7824322026366515 0.6646213846957132
0.8100603297082936 0.1921419696636073
0.42871278410479485 0.17748111071059203
0.9234030753255897 0.8232903660758362
0.7972320264961401 0.05616589315103471
0.3322730967659824 0.07888605061147924
0.7649762356046625 0.16026977443805523
0.3406823015059506 0.9154229221871626
0.8749719643579545 0.050671280217058134
0.4001721549212536 0.6656664597153896
0.7937074483377657 0.5707371748261689
0.4319859475408414 0.1221147819167212
0.7529509284722553 0.7094628581000431
0.6553082998569739 0.0737959970483093
0.4328502312579303 0.2853873847679309
0.5114404272970539 0.9907551072383856
0.18084871509398837 0.16570190572362375
0.08087130894228522 0.781247050890369
0.0743088091913422 0.7048526955347401
0.603353820038599 0.610220606745651
0.045285724375505376 0.9631490829214677
0.07499030492990788 0.9938414729983645
0.380015070515209 0.5025751372371348
0.16333235519483624 0.5269250838371715
0.8925590351764146 0.8832207448741836
0.3179560739167129 0.20517686594410045
0.6229653593298103 0.9293926006350344
0.9468217708714268 0.1938439198714932
0.6526790504596283 0.11576932012042951
0.28211712238750075 0.9231227650681657
0.03550854841305151 0.16162171398282799
0.10290349512433927 0.06634160280625911
0.16792692281478883 0.7677627588251605
0.7256303238606898 0.987520290833855
0.3445410455737985 0.10558793600334915
0.08401241733182796 0.09035013916551549
0.010621125309547397 0.9499784451199658
0.5982543418952266 0.6348437585898636
0.23865270220476087 0.6969193689704558
0.28043456446076687 0.45154860539480235
0.7582618788397419 0.09467871889103208
0.3587105719896462 0.12381466346080483
0.4308194307472002 0.9630930624220779
0.9664254737399132 0.01609895642967807
0.4660120053720562 0.6761783315009473
0.1853071783896698 0.3131184408057297
0.8332060903568064 0.9577820331824634
0.922456715179915 0.35609191252268313
0.2105460956700138 0.09809729201411033
0.6843786758482169 0.5722903611243568
0.2898273761110586 0.8807971840253563
0.19390210548250564 0.058949010381897704
0.4828655578934016 0.7640629806459927
0.7917354283112743 0.5576015015597215
0.8792676623353746 0.3071621984777497
0.010916848641842725 0.6593420247782715
0.056112874564747894 0.1694712700271379
0.6358094649053285 0.29802565933042247
0.5011631283544802 0.015063065347791227
0.3258180730125648 0.0339825899625541
0.699322513459899 0.7558486689999
0.009962044953803373 0.8969029670005209
0.7572607310724 0.3384340094174436
0.1623958367861107 0.08059462969190134
