10 6 100 2
373 771 1069 920 280 424 705 368 930 562
1275 1015 673 541 368 1217 316 1088 525 1318
985 994 680 1118 1051 608 1094 1068 871 541
1024 1339 302 699 609 875 384 308 1206 1244
637 1564 688 950 788 748 408 605 470 729
1288 2351 2238 812 1085 1023 531 800 1260 292
2212 1897 1291 1499 1235 461 468 855 1210 723
1621 1337 1318 1620 1355 960 1018 922 1206 962
1348 1620 1537 1551 1773 2163 453 660 542 393
2214 2185 1340 1447 1930 383 351 1288 729 918
0 8
2 1
8 5
4 9
3 5
0 7
0.5709511722756679 0.5295381260608585 0.6783103839254865 0.37887935949935386 0.4727600434790883
0.8364150105661967 0.7407498626039333 0.5140110688737132 0.7297802239425997 0.4049011233368892
0.7161004629239727 0.4595030343106917 0.5822583266168856 0.3394061724794346 0.11246983932079822
0.31592734832212205 0.9139831021428477 0.8705459055423772 0.6634025520495994 0.3010437863710289
0.5021096105611857 0.9884913012195422 0.8422191551283389 0.623733114174418 0.4973278166350571
0.5532378061454528 0.01432883220460357
0.7983150110347559 0.18143387687953227
0.7165844951429574 0.17209684127713576
0.6893571340099072 0.49763140162861075
0.38613340650179784 0.13211942886992767
0.3543799084029342 0.3977762653361674
0.6882238023036751 0.8917640495354504
0.3995459621224058 0.16157388636152104
0.47460724451211744 0.6185270602664481
0.651247846387919 0.24985819039243484
0.3832700544078589 0.5729184942409589
0.32440408719354186 0.7964167218217695
0.5830308346943274 0.8214475279541047
0.180573876607516 0.6670523045150534
0.9282934723508263 0.4066893177771691
0.12857911965236446 0.3446305155257763
0.07169050880912042 0.7746795248344998
0.7569196009946697 0.5059018268936748
0.6361438275661715 0.29239890980803507
0.20274879450198524 0.219415495467429
0.4381326732157167 0.15314776927179774
0.3754227170623936 0.1310874324813185
0.5127233494013042 0.48710659328359274
0.5816817953670852 0.15049633559357756
0.5988248518571451 0.513644606567268
0.8208019941955333 0.2107468929821894
0.531887087073257 0.9508182578725841
0.9038281496483709 0.8396629475087436
0.6605283360859449 0.8958517983279244
0.5208668376449881 0.7542647603344028
0.08905699450137594 0.07827496264281608
0.8130021071866591 0.4310568713907148
0.6115104228838593 0.9286698777469169
0.49847756330866777 0.5764181475103372
0.8078289640197358 0.49838565980297145
0.07689871338601129 0.950113542628162
0.7026299094065778 0.8456209771603314
0.6474470619259836 0.839861832496378
0.921729474763048 0.1799678172916228
0.7503130477782025 0.8639332393772603
0.5249430228834058 0.6553955134000637
0.46752093924025306 0.26971423799896255
0.9681259929975721 0.7630938542507264
0.6675652383594077 0.6890176184684056
0.41600919597499364 0.7747813346732464
0.3342788888392254 0.5300871223724613
0.6175858052102285 0.08844211495795418
0.990227717145659 0.8598108160892934
0.9030650793282484 0.14904990791700112
0.48204052118686924 0.1553275205275937
0.07689469316223807 0.1247155291379678
0.3985683877151518 0.6677375411751652
0.3483667408156872 0.6169386729048902
0.9202145042835836 0.16471504035398832
0.26230756702109015 0.02028321472799144
0.1723592753558525 0.5065810252844061
0.9663313339130413 0.007179101016361322
0.903487207613292 0.0035495572537564968
0.6807411274732722 0.9064164601238345
0.6453278522290624 0.6327933357342312
0.8664641645882856 0.3757379910627956
0.9774501503563022 0.8013104628753756
0.4073609576186039 0.9909531811169063
0.8162174467003629 0.27672363159510405
0.7450512104872373 0.15907136626303697
0.8562102754098002 0.2234942661366197
0.2716523224651246 0.7109857299748312
0.527586089683624 0.02769280383913486
0.5722017668685455 0.4043922884721791
0.9187227312247714 0.9040041054239194
0.13810220776685367 0.03712073600789889
0.50736578886784 0.968427041582034
0.5280604078278917 0.23485030900276915
0.6248463952911512 0.8860595858941687
0.5667699059750331 0.5878468815302913
0.6814512476837009 0.2572529114912576
0.035926921479565 0.9688261041273518
0.3985601469494977 0.27794471918306307
0.7425054451244266 0.767691581716726
0.59126242926578 0.1868233034971558
0.9579840558655812 0.4677878320838058
0.030738599750611995 0.15595086014910664
0.887065944821531 0.6075852937124555
0.7870697792234336 0.6287031894915682
0.577572893248893 0.5792209031814701
0.32930832226943485 0.17906098291553896
0.46157255728324853 0.30596385642670376
0.3467369168300485 0.9568093406226135
0.47246780110529873 0.43979727922737366
0.6782630038937842 0.2569047535337756
0.49523340789422576 0.36153205663554444
0.6554289492426557 0.11483145818426133
0.00846527855865098 0.16588535643191027
0.40500595788354365 0.6045403791656161
0.31782753833071276 0.6165710954865724
0.09803028538958203 0.07598831227412739
0.6813245729962796 0.46805231529055025
0.7652272505475848 0.03672107687832726
0.4885186867615785 0.017184809131047585
0.17745722723545598 0.9123186731847102
0.6866636230380889 0.5458327933754081
0.5382988452714916 0.4692710107019764
0.21524840946256174 0.5154556944835176
0.951571876118686 0.7843607218509141
0.6636337240034769 0.5938264769555961
0.3189211145149884 0.07052558575305601
0.19777026562992273 0.8669453413653649
0.31749100670844244 0.5467618525166691
0.6396935400263484 0.3634975863736427
0.8088584883338563 0.5618332350708346
0.7133682899901292 0.4307913341421077
0.9652713704956091 0.8413034967996587
0.049849831877009754 0.39728703405362964
0.8332056766814633 0.4916366857194139
0.9949479867494639 0.01601722164388053
0.06930839951010959 0.914947319215911
0.30933201120294385 0.0018250203033598478
0.9651048903204744 0.2646998082392933
0.3535218852825037 0.7002521532260642
0.8233357608774468 0.2585107651786567
0.8207069485968008 0.2902954509260638
0.49231831514620317 0.6106158621635278
0.6117707392452978 0.7678356481100244
0.2955561067041139 0.27003098745173615
0.2501450471439819 0.3269038040991512
0.3747476190193604 0.5551280519161226
0.5211312524742351 0.35068761484299515
0.7870513590976773 0.9273060010205554
0.6189383930983496 0.721951771219703
0.3573006103444629 0.18152121599594562
0.26659230186728733 0.28688750479827196
0.09893226886631079 0.1275199007611556
0.727470003841197 0.3336683713085997
0.7549044127895437 0.9362176689291137
0.6786012277282314 0.3587702687591172
0.5718720350578403 0.24673408547353537
0.0668185807630366 0.6728897284146051
0.11437258137057871 0.1121939618739487
0.7825888173477726 0.8607555829890934
0.07987307175140623 0.07003467653939599
0.5651172421144639 0.4414861039091891
0.5859033676356897 0.2589833716240606
0.5933213301060503 0.9938364802341997
0.833530138619192 0.7116670427488998
0.8949159032412182 0.7509182748293297
0.3058041824025739 0.3902079898886064
0.17077714883583428 0.6136123145159034
0.1753536594942411 0.5334964364944201
0.2803831101375356 0.3798681566245594
0.25362431470389524 0.7029874036133592
0.7559246398498929 0.4710588557784283
0.0734692917134554 0.41896919372886576
0.7112444558220998 0.36031860820534
0.002439408618593486 0.2131472367439966
0.14880102164949993 0.11464999055444602
0.9515184093372742 0.5777587322301405
0.6239752639536797 0.6277173784914256
0.8595017633488 0.5177591493713893
0.3479669113095043 0.4084150449010533
0.36008075331371603 0.7559605149805406
0.6829153791929334 0.8713592022461822
0.5064022884498864 0.7066360099924205
0.8530432190312096 0.46781527485545094
0.07616489988965003 0.03941898818911205
0.38650120042577507 0.5954894886748268
0.17030740256768073 0.9681192234725029
0.46098025210283544 0.7977631855444247
0.06147997620883805 0.4632977156835487
0.1601026090870734 0.6812307217860729
0.5246075573600972 0.7670385575878831
0.7172268633326135 0.5661554599085161
0.05535806004632837 0.33425949249043696
0.005621033207917181 0.6116669166566215
0.4586782847193245 0.7597626452134896
0.27730135495699626 0.7507476617220001
0.006041254168062338 0.48822833206188165
0.8879829082788129 0.2643150062662698
0.6001446742585557 0.9742788461987031
0.3051825538252124 0.7107567788146227
0.6611848075284985 0.9901161599589856
0.8692814965291518 0.09274037948711689
0.18174024788108767 0.11394303950536022
0.8745089175956073 0.7505968410747108
0.18387234142443853 0.18292287534146978
0.8996175646251907 0.5321836342924378
0.6227343500106954 0.7481250873972425
0.8546530324606536 0.7370944587918007
0.17687437362089464 0.6050640178003639
0.18941044008027275 0.7247247534252725
0.6026263718788065 0.023886839754505562
0.5837100413299845 0.49389386753859155
0.996874221313661 0.6735010414096634
0.9155014287203662 0.5883770571800366
0.0722751917095017 0.583331459214395
0.12391408798160208 0.8940672633541422
0.6908037375494012 0.4390862390198045
0.4249737016215136 0.24871453059424486
0.288363620684563 0.6561839489344432
0.004911042274754696 0.3448935349043323
0.862974171060712 0.6803998973763667
0.8509333590249211 0.5435148850724745
0.20624091105340536 0.00047850690041140176
0.6812287055317325 0.7720638631232402
0.7798910129056273 0.2653957098837736
0.9145675873075865 0.6630795494062411
0.3045615848488503 0.1510189928436143
0.6773170544276266 0.052789158523947055
0.5819128328229468 0.7315895575501321
0.16764377432072375 0.0017240562371094725
0.9368807254745688 0.25728318146115514
0.7459078043678804 0.8679028750263422
0.4024590002210666 0.26212926674010006
0.882627016243428 0.12794380862233612
0.06763769035157963 0.6263921045974796
0.7637617324469685 0.7360837369708211
0.5264142147158866 0.014015286069105848
0.295896347235594 0.010532099480240698
0.808790786693101 0.47640835633006495
0.07171467800153786 0.7699121893761531
0.38885364037424774 0.90481344826457
0.2559179863607157 0.7550036792264374
0.3468057291450608 0.48634750750094313
0.3680060175702242 0.10267980915529518
0.33444835731884326 0.08225588155850172
0.0705021552737577 0.21222708886594877
0.49966508157089184 0.574086623829396
0.6411240191397274 0.8781501583848781
0.8989593022858755 0.08477937772803834
0.8769113678226963 0.9142867976551652
0.04017049915316706 0.6330679478369301
0.24319080967991868 0.5146262445429755
0.2303147512780439 0.15556236400297618
0.9208228335149276 0.444370716154169
0.555082690387132 0.7484435650557206
0.3074129195250821 0.37607425447193954
0.5111547972144952 0.23266207303450748
0.5013488584646126 0.8008694839259975
0.10527951934368818 0.8355059138122154
0.896753923100488 0.0009449703636816853
0.7330001494608451 0.6955772156455007
0.07487868090820804 0.5716231969158176
0.8552112353117642 0.446711851345418
0.36066906254667885 0.890485071997102
0.15116594890408197 0.8898350920797409
0.5965258157365569 0.4373458133888506
0.6441353030112051 0.40880232267342165
0.4688789381192031 0.7882855190813425
0.224078170388335 0.046057975286614816
0.8175465714084289 0.10018841160824943
0.03340755122236949 0.7944442886825009
0.37314252551626925 0.05201156575120924
0.08767235795284534 0.8394830465255485
0.7591767713467428 0.417077730105897
0.5533358525937078 0.07939354069299331
0.07494737520640582 0.2450765003437887
0.8894476401225841 0.7388713785812171
0.2209433404858483 0.7271668406383183
0.5219006977544587 0.6889872944767319
0.6665673912133963 0.4127321169496663
0.23520982032404958 0.36346964547759497
0.9276926887531198 0.8006515848565263
0.9520356220512696 0.4333648487659043
0.4030535142854421 0.24637612349448101
0.8838025910611069 0.5252820012659709
0.2940938446129433 0.2869953569977608
0.06311504412583369 0.07431292216361385
0.4919252189431358 0.7144949754572856
0.6219978648243154 0.9738124729646354
0.7187061177354501 0.17302346200612462
0.4389706791545649 0.07297180353356092
0.8405648077000671 0.7587438737388454
0.803789310620006 0.3875655931872575
0.1089779844053318 0.510478405674677
0.663976526019862 0.016691053165192482
0.2934283069100925 0.9104923840751382
0.29734729219467826 0.6899130933192426
0.5684898857771992 0.9576299249315672
0.7856854782522051 0.008010236106010815
0.7695018261600342 0.12457631457499696
0.41045350367655065 0.3297993577665319
0.032926986137912895 0.40140355669360295
0.3880284507502645 0.8352861213622542
0.3917820108381007 0.7509337200279567
0.44104457973714006 0.3722253249630585
0.13959335548493312 0.8143178397415856
0.06980595499319664 0.9057753781283571
0.28558143046639706 0.21258861230036974
0.9698623422157486 0.7751820949851429
0.8477872260959336 0.711934525066027
0.5179153793715692 0.7410312721359718
0.9638406163531736 0.5395480044543042
0.8545067575295824 0.7963472004838708
0.28920207722620295 0.4786195676095657
0.3976065186539537 0.1377614398041329
0.11321549874584647 0.11241851617041987
0.8896369724213353 0.46846199571835667
0.5533807099884012 0.7611085938438145
0.8407407029014227 0.6121080522921991
0.2261641411907216 0.7477024618552741
0.43681759305921997 0.8650362467442687
0.27026360276178285 0.6954634611504582
0.41183739711786926 0.7783782000215087
0.3509046564454421 0.3653221230075745
0.8251634954913727 0.3944514468184288
0.9119333831234673 0.011989577237845106
0.7873574867830142 0.3801352009552057
0.6135623147540252 0.4346708413612921
0.8261488315965051 0.13256733351655825
0.12926307546467242 0.8816797251950408
0.17100846358309396 0.3080656910700308
0.48147031522662953 0.9848837945923816
0.24082345460314603 0.6053992826442616
0.30460509562284876 0.4322249985779323
0.35228775101117993 0.9643382796202022
0.8311314830517209 0.8884806563611811
0.500731832639544 0.8113406854757983
0.7382644411631789 0.5596482514174967
0.2669832681255899 0.27495795345003105
0.0020221110827804978 0.41778723878632706
0.8338290373498405 0.5722011401305227
0.3280792343857828 0.15802900063321546
0.20534926949052568 0.22255482004062999
0.6504556075079049 0.291788750814733
0.9950552160616322 0.8115412497714272
0.45065724376573724 0.9699648108208463
0.4548501926950894 0.4632004888300243
0.9178435586122753 0.8257966268492636
0.6910251114795658 0.41831487334524375
0.6541080891573736 0.030849879140132375
0.31005853976671105 0.24567585537246628
0.8852092611115601 0.2023728486240608
0.08078452415349813 0.3569210596431749
0.3445418346136646 0.6044040024120927
0.07709690612126763 0.7467908319804311
0.036607466853345816 0.7457259628178572
0.3049157323625462 0.9630775289399367
0.5088122482697046 0.22576630812492104
0.8642596784976597 0.8365951814778225
0.7658905921873207 0.18584406415168897
0.1350161940959893 0.538108351572504
0.2556108328674176 0.20642007928788741
0.3401746563823467 0.49821683361222324
0.09622617199137506 0.33440993243163186
0.8391596838963746 0.46700558509920986
0.7823536693455477 0.900278931392426
0.49163304834923527 0.9453271797398253
0.8580622661221462 0.09645418972514808
0.1610140501514754 0.00795096290434194
0.07002089155033264 0.8721523283988084
0.35580962341995503 0.9158142927323247
0.4559061768566328 0.10057121025638405
0.8604809202085439 0.8585958659972737
0.3142882308382744 0.3287947746581561
0.17984207310107392 0.8846491314641214
0.0614326527873148 0.6908380207537301
0.13038991941414046 0.9312693212146441
0.984468381814686 0.3581923034523107
0.958980955080138 0.6137804312950859
0.7990725062096606 0.356033426903829
0.41373838902295734 0.3622904923923391
0.6165542106536486 0.7132346464733006
0.906674438495112 0.1082737152357689
0.23098272127199038 0.15016518820239932
0.9390352118640748 0.49223974841019236
0.6367956765327396 0.9672013283976739
0.5746895501090892 0.1718662286298558
0.1704696746430372 0.9403658449828858
0.8455058022701156 0.8106430353512126
0.47547950682557194 0.6497136077845558
0.08613121314127015 0.26736485962185164
0.935479899022996 0.0740712222381188
0.5329831641670759 0.3416039207800834
0.6171719689346606 0.7109928269010715
0.6423440677952696 0.4612658376573644
0.19676776172366472 0.9992931108943022
0.47010060183196134 0.7555235458161811
0.7986321781046211 0.25492553561303044
0.4654636878449434 0.22163040463053374
0.9033209634736492 0.49368896795266326
0.9573639136403607 0.61345619902501
0.2930096154348234 0.9259405765588526
0.24436211166374 0.6658307441643405
0.7816264543239506 0.5934927795581195
0.8631709594570018 0.5568694668245251
0.2714458709007759 0.6991385503620342
0.27570844889518487 0.7007138727873852
0.5854177933157261 0.9730162881371218
0.7446629911622014 0.5084377569192369
0.03706010283732297 0.44493763466124725
0.6802477911134539 0.002905430757847327
0.7845371849748555 0.10456030080464829
0.2901133038815622 0.9097592991306589
0.3170996570969489 0.6023562168356984
0.38132405613880804 0.18628378275087565
0.8379369910170438 0.22557634859706455
0.948250922199571 0.9136475784055813
0.5248517010642471 0.24355925247965748
0.9997691195692278 0.5917223558523086
0.016969710493559997 0.6085751774905634
0.2665955583604904 0.9862190226625922
0.9302089553962845 0.2127119417207981
0.7902094185388986 0.16170895616359982
0.9304373249721585 0.021049049477259274
0.4523227974065165 0.08558170243566887
0.7328626387579247 0.3418425504891982
0.01634179984348183 0.7163891995266436
0.27516952275897144 0.48285279756483757
0.024818997732914072 0.32264196194084116
0.7749108569754397 0.8616439890023935
0.3903399334680011 0.4126876307306042
0.95767587091828 0.21207515999341298
0.980365814080383 0.5171082553614434
0.3503019064913866 0.09964427666445763
0.8694386999665966 0.5229398267383045
0.43408750977852284 0.14940045558652582
0.5610343324090012 0.7567740827612399
0.32688636349460487 0.1496878517706286
0.7719290503866114 0.13282115193527622
0.3843339518563649 0.23808160424589908
0.549539077656698 0.5511734043525556
0.30737244678151954 0.47511382270420555
0.86277731220687 0.39420514223268865
0.7251706151914652 0.06699304553609386
0.8776313843859507 0.39367044790986316
0.6165276443014007 0.8038246629882211
0.8595996044133629 0.28580965542556536
0.6420246394294995 0.977294618463761
0.9209484940335728 0.7961492386175197
0.4924619829777308 0.3904553164097666
0.5634236921174791 0.7073969879544226
0.19804424562248357 0.39456720766925746
0.1522924769269407 0.7737543009494627
0.009391536974514114 0.7010642033108501
0.1066165302277935 0.3545175401211176
0.15729733193347895 0.32035862137500115
0.36965598557116564 0.07332726730473849
0.35643306200629343 0.11837628450758175
0.6574185449751777 0.34805305225171246
0.8054957585222684 0.6207622610127252
0.22702842689680924 0.8199629186874029
0.11891276439289777 0.9862663251530226
0.3489647765316721 0.48375770355438097
0.2676567457590815 0.8156805674893151
0.8450302296417729 0.04906810392468275
0.7081145233237021 0.6163779039616639
0.228635500674492 0.6414520449890555
0.8871204668347288 0.9098703388730094
0.6642465452880861 0.8036744183446389
0.4257897925537697 0.3103803052389167
0.032884901552919565 0.7357790950702368
0.8643841312810252 0.2832293797463288
0.7056692979174792 0.7970664151317264
0.8073260899566761 0.17465628326136406
0.015856595090423253 0.21553334158064863
0.7449391587736083 0.8612331984550985
0.6509614492954001 0.8340720474248335
0.4851865505085784 0.8160831316597312
0.7403275569279448 0.23640845723268722
0.16841608553798193 0.5368863533787371
0.352041501726178 0.4103303389959849
0.9096443177511355 0.44588079480015397
0.41159141125222853 0.4161214508648303
0.6239099663887275 0.7332806226321917
0.13157926622252614 0.8806414185284546
0.05827384513779221 0.503216411684791
0.6373332837498 0.7045536056121335
0.714210006176232 0.5260745831845057
0.1878067037567117 0.9067477096695336
0.19387914805641748 0.24008026242452019
0.08877016688250206 0.6138294301935863
0.040026696768642456 0.11642783266001389
0.10904486901538024 0.5471960215531992
0.6289222290859722 0.2115033560728361
0.5141890431027563 0.09970284303314036
0.4524103720783401 0.4580438795987729
0.7986036684676798 0.021409224205948263
0.35866957664787824 0.09649764720818865
0.5744197285074459 0.9111464849920914
0.9298290403643015 0.1367783579229367
0.5177403158499889 0.6615420446461557
0.04831412831197324 0.17987329866708235
0.8317787894617561 0.546745211084039
0.3958183183622592 0.458373088981922
0.902738812019291 0.12648136188880832
0.2333908848302182 0.6680848121275409
0.6579922667891227 0.681407630177947
0.2484011516548419 0.9614720780560764
0.16312945015561398 0.904537569933693
0.17260983975148103 0.16156944893336567
0.21664800574607024 0.9503534134017144
0.1108895016107605 0.8202096462732562
0.31458637132650025 0.36366099480240766
0.3120596348801121 0.8903570984885671
0.2625100413430925 0.22121587465453496
0.03413105161430119 0.2723155544842315
0.8519151479945826 0.20284434178622734
0.9406083311254929 0.4203028270377842
0.905343263365092 0.037501070495994826
0.10936664603710144 0.9951625380734272
0.5659123442773075 0.4569057476207401
