10 2 100 2
988 1027 1025 1026 999 1009 1028 998 982 997
980 1010 971 991 1026 992 1027 961 973 1020
991 1010 998 1029 1000 995 1019 1026 1031 1018
954 962 1016 978 989 1020 1020 1033 1017 1013
967 994 1028 967 1024 1026 1008 986 1010 979
1015 961 1006 985 1032 1023 994 978 1032 991
1024 1003 978 962 1005 1033 977 1004 1026 1005
1031 996 1018 988 977 979 1018 981 985 1000
1021 1017 1028 980 991 964 985 988 956 976
1026 1012 974 980 1017 1029 955 1004 981 971
1 6
5 0
0.6525318634098243 0.9610094905015703 0.8733220999299285 0.6923954695317094 0.381883060033262
0.039374594840306365 0.21498099007993599
0.32564159720482966 0.8788874372593685
0.8353896424825058 0.8159223963712232
0.4324800009336085 0.43902433899305526
0.4532799260864262 0.1055398671944825
0.07914439832822606 0.9499763479598542
0.32615604452513014 0.04385066748362454
0.3156415888190329 0.06799738710101377
0.16474961007050215 0.43663742140168993
0.7683551408307445 0.8884738021506786
0.5814819204319503 0.6564432642640066
0.13500090951285415 0.10199676313200268
0.48704083549476707 0.13420367611487616
0.9558908977917202 0.018702816420454793
0.29238830955296247 0.0855596543514292
0.9048507033758533 0.6527415509802876
0.6949995348743543 0.727318508593819
0.3264713588080561 0.7065956758825827
0.08828094735511294 0.43140170578563874
0.985672450533325 0.9321005257324355
0.7740000549446333 0.2386324989162889
0.6169743039243216 0.405431752734823
0.9232638954420904 0.37220344549593176
0.7541012656873063 0.05027080219362623
0.7805856635083945 0.2215025658389147
0.64471112840219 0.9849453002456914
0.44138076313832775 0.6978718393338006
0.08554417731141517 0.7242378361630903
0.19909801818141615 0.7083377713461574
0.5903498544609558 0.4689769474524803
0.9613378700586865 0.22857380289410378
0.6777820280975824 0.30074363878143373
0.3805336396116048 0.7398641131843464
0.8077462680347061 0.35355328132113106
0.2629301818045857 0.412445321725734
0.01753041337722072 0.9243243586600727
0.39906259986585346 0.009932982031602311
0.5870440948666606 0.9282835978631085
0.028271936724808766 0.22758097780425057
0.5725328860667327 0.15572110086654423
0.8606413769744952 0.9479506695705855
0.7150056438868102 0.08251228097221452
0.893623711677104 0.3861301761670348
0.3818164867929841 0.450708329683577
0.553988770231153 0.4166946801978535
0.5474737723408158 0.729814839217068
0.9454667340180993 0.02039625253348465
0.9401321253105182 0.21922283071110193
0.33306125380199947 0.4687167669263941
0.054235804626818096 0.6583012849604906
0.632701244918511 0.18973314184101664
0.22899529163673504 0.6536158992687222
0.10518205506293099 0.7229200168869854
0.8962271214512096 0.2564531498202358
0.05560035664463814 0.16901369411679057
0.09263134065958156 0.6625198095205482
0.2598113957369417 0.516039498828643
0.5083821831258237 0.25168446101855957
0.11688032220273259 0.8918053467706455
0.36277509386152373 0.6811335905362366
0.5797301593179349 0.8083178334564876
0.737477068217663 0.502447776090255
0.8179949934047626 0.21318898612792037
0.27153872677732815 0.9001334274120711
0.7780961819510499 0.6389973851678403
0.600451024388355 0.9616228154320186
0.2833714273716088 0.6248846513032691
0.23476449522060916 0.33560296460585737
0.999473415095754 0.39559659513138334
0.47102969587471333 0.9551306671204329
0.6861593090543574 0.5057874654259322
0.9004819917271287 0.4336905021646249
0.6542081246184135 0.28523094498521506
0.8527339289953857 0.17233298958467547
0.5248727473338928 0.5107778856135092
0.8028629772793261 0.8540535564527878
0.8378546309926165 0.058138883319373
0.9447665793151183 0.8287059041541793
0.4404127476550235 0.32870488541553344
0.8527833161948113 0.4921416400646985
0.2218886083799958 0.43867090937996767
0.34875603530597465 0.18356441448076422
0.6666502363885893 0.1365700193228485
0.009112521432918408 0.7223531531759289
0.8635014325125698 0.30956228230932914
0.41762711075531245 0.521534169408808
0.47853199872785934 0.6933267572781192
0.26740988867971804 0.0643647522308668
0.04973234415645411 0.22258323906042254
0.8218535205061952 0.25717803839645215
0.17297260528071523 0.054648546027630696
0.7865654736456078 0.8633116118255568
0.09552689531732206 0.5061636653818571
0.9189276383480753 0.5470770233661801
0.4105370422695209 0.9343834901646468
0.46674904959807906 0.7945520334609231
0.2134620373832894 0.0670007718271155
0.9352535010380811 0.9422181905083946
0.05647222922813677 0.7098606631881679
0.5489955187167559 0.01840396909199682
