10 3 100 1
810 806 830 840 845 872 880 914 883 871
817 827 842 857 874 882 914 943 911 891
829 841 849 863 890 906 936 972 939 902
831 855 864 881 908 934 965 1021 971 939
848 869 888 906 942 968 1013 1077 1014 976
869 883 902 942 974 1010 1075 1152 1072 1021
882 908 943 970 1008 1076 1156 1261 1148 1074
911 929 966 1018 1077 1156 1266 1450 1270 1156
934 975 1015 1072 1150 1272 1444 1795 1449 1267
908 942 967 1014 1078 1154 1269 1458 1262 1144
5 3
1 2
6 2
0.9121989936133579 0.92944680095295 0.9735615827942237 0.4411628858851648 0.18618817950143196
0.9736516600095408 0.9313243497412129 0.572786398215084 0.6058448151543728 0.20411187615640802
0.07797777305550113 0.9623031174327346
0.9750174519856554 0.607087758967936
0.5375924717071439 0.274545979946321
0.5835908252333191 0.44383507590211746
0.7733116275277545 0.4487050759719482
0.5613683012187114 0.5759629946736726
0.9457342588559288 0.6691445466655479
0.796108864117461 0.09198414912832664
0.16874800821444147 0.3767717944960305
0.6204042276955513 0.6263667611130816
0.29141442870993495 0.682208717794268
0.8964861055500586 0.9319886647516571
0.9257258191118225 0.41055592187543644
0.43932922177102585 0.3732333567628596
0.7690754298533646 0.3188898868119412
0.7805764528572754 0.22423562818810217
0.37179727723421174 0.36938556008421464
0.23097816688070605 0.85009064600327
0.713724521154016 0.8402896373630744
0.4540893231773466 0.34239407619526196
0.1722426249405018 0.11780139550570534
0.23012435916593832 0.6061262158734384
0.5915758125533535 0.00023846138870409206
0.30312069014701715 0.5021513848155552
0.40418015839895527 0.6898293348131552
0.4896783476052513 0.24756188397718426
0.5719644257947885 0.3677471017260272
0.7153576910514452 0.34203833895940905
0.17210906542403714 0.06198746729937055
0.04150505497186807 0.5388660606278508
0.3963782162948888 0.44925768484115336
0.1291003529133492 0.8225239845486811
0.5818571948602838 0.5285782859066681
0.6210129733366838 0.6366481968928841
0.8168191890821792 0.1527023496299338
0.21402622412715622 0.6240628393643173
0.2660821877879809 0.2051992977316346
0.10823659073258596 0.31185438935566023
0.0855188078381861 0.9657219369315881
0.40822133703718455 0.08857634585744667
0.7773583082943063 0.4262728420920445
0.7181256255196722 0.18391921274100387
0.25225919764704496 0.7106686559885793
0.855952063978674 0.7266324145868384
0.8251539167097639 0.6991112306083895
0.0017256160006977606 0.4436915865261237
0.3759018672177439 0.4325632335056766
0.3258824349010079 0.9502598974424661
0.04353613091009767 0.6543454533916562
0.21690111579223648 0.11195029588482242
0.7099048311891905 0.10913417439487816
0.24497715102726159 0.36450582828144484
0.1460222980179724 0.4274566781883762
0.9196547041229359 0.48904855970825145
0.15353121177301987 0.35521946005302896
0.4687029120469788 0.0802021355261997
0.11316057195084017 0.1455376959184813
0.30647723804966165 0.050066266238646184
0.2098271195297734 0.2185487538658668
0.7814042592298993 0.5473707597468109
0.43951499184482246 0.8987621584641639
0.3691182862189446 0.003386685200067241
0.322091795946855 0.9569406162320131
0.5466984298912716 0.8506419877746518
0.5757973371180585 0.46177623787041866
0.18904030813202333 0.8022678413875608
0.42325744958874956 0.8668410512432487
0.3070159719113361 0.3576101834936698
0.12327536673845185 0.6813624964975689
0.8990092431729451 0.5714090091716986
0.8797203498682233 0.6177771522760445
0.04132352689251295 0.5855619551505062
0.3236161458009288 0.2832412770179582
0.06693354856473999 0.7385634563973218
0.4120774923591388 0.9476100017795972
0.1648446274253872 0.6434899760389954
0.8600578430484491 0.12352780069058578
0.834861053037542 0.9575668174215686
0.8829946035041047 0.725165303009377
0.46230126395944793 0.5461684242349998
0.9450185853015258 0.5023983601508792
0.695276514377956 0.4750650793811113
0.17101300130222397 0.09186639888821779
0.32728196206637383 0.46682824230093334
0.3261028905524972 0.7157305910085985
0.646962066348387 0.2198076147259891
0.6201422211261116 0.22937400279788012
0.7313815802491499 0.49268521970381673
0.8284954714213155 0.264444424340889
0.3213718307310547 0.8844616132528631
0.2006939946375823 0.9993014123713104
0.19290634441980603 0.5609324780348581
0.47878099154491993 0.8670551189918356
0.3785137724871117 0.694517418981281
0.7695727948726654 0.6765357054522696
0.5700507432459796 0.9428019805365078
0.9892470277667262 0.916165973980821
0.3945273443620778 0.3718138854813069
0.48737061799052883 0.34495364421569574
0.5647502287224326 0.7184045221419209
0.9734078769072265 0.49763637499815405
0.32743042556482505 0.6644753227694971
0.8640977165776818 0.3740239990404095
0.3873637734871218 0.13446748059122848
0.04447046388279752 0.9695577213855895
0.5110728620112877 0.5855288437255894
0.34146180290110784 0.5538335970857211
0.5150389432646671 0.6449223595084144
0.2688235910206751 0.8159201430921721
0.47279969809805467 0.6108187541795107
0.6714488462231574 0.6446815854623837
0.9086974744303797 0.2118008413648813
0.7368036663464377 0.912208911825785
0.7003383787199771 0.10710281838222646
0.9040939907487595 0.868540508176364
0.9686133219829478 0.8663256287880055
0.6571431328900952 0.14084335624086863
0.6171781280292821 0.5910366414277095
0.11642280268101857 0.5657087139261783
0.912817637348921 0.3188899264379259
0.23065881150329126 0.14112183302515358
0.13317174832745726 0.8903557439540937
0.9316329723644114 0.4096939762961793
0.5612230681805324 0.7966939235169663
0.690373167243794 0.5614471739777818
0.06049927429155866 0.6729406733210825
0.27765122211869997 0.21525933645444728
0.46719664771653835 0.6757468454097992
0.33776096226183894 0.21473007641498865
0.5950974259869639 0.8135520798370153
0.39238979543733965 0.06833764870042836
0.5663156841624324 0.05428323568656812
0.7528696517836568 0.8859390874958479
0.05440969698869802 0.243774511564385
0.7041615477007221 0.4787983386157184
0.8832353334508314 0.8325252218473351
0.8902606965415705 0.06772228703355121
0.22294701695203445 0.1735279248603332
0.7285109581170117 0.3652995136754833
0.30237798148539996 0.26461866280083046
0.8051266688352581 0.2909150966377885
0.07212576575427754 0.6417635774522494
0.2852030197747153 0.07782481548589004
0.23205048058328548 0.26047802407805376
0.4744418879150707 0.35376992071703683
0.05679619049312823 0.3546003088467653
0.3407207512217809 0.35134432737148225
0.3415539069638822 0.5111132218255583
0.16059658316905057 0.6436911052988707
0.20245818960541362 0.23229659724883467
0.2176029830926136 0.037075055142063995
0.17522342239349786 0.16416611567578543
0.34037345919664475 0.6708371985070372
0.28840432765946966 0.24153614533064283
0.029593426720024407 0.44951677755590946
0.29092024704569375 0.11275269374050767
0.954646124204549 0.21454875951319896
0.08345652085480748 0.4115043719665443
0.385295354123371 0.4685993613344088
0.9053116498542602 0.21369307413212146
0.0940360614946385 0.8625583344308203
0.7425780418588859 0.3175057948815938
0.9854748365141828 0.7418257981783314
0.24062515290327413 0.5680619156150533
0.9227292819041968 0.28566526925581326
0.9200672836276826 0.5383332852732423
0.21188833204259927 0.08187416165963146
0.4473913673528003 0.6565561770041679
0.7902417407136373 0.022858590917827826
0.08168208896520701 0.7734125843970712
0.1913679000632582 0.4154036573274289
0.6167812744708927 0.141790339927506
0.5538745150317577 0.8978754735924519
0.18991144465240195 0.20097072868827337
0.7672725887582377 0.06036774787144372
0.8190203411115102 0.17189830721340038
0.29773791181861053 0.9797164838743191
0.21127395150245043 0.8636220003159296
0.43779428284113364 0.2699617484863972
0.2274244257475846 0.022037794263287447
0.09846799966402497 0.6412487481861806
0.7277351175509008 0.2406735470218404
0.713904455541035 0.5487361793468963
0.35380192322519255 0.8772895766563602
0.11278734061246354 0.6879123887999286
0.6408572260143037 0.7109086247906191
0.3427897520339509 0.452390926061921
0.7845301571749703 0.8467819892861339
0.4917825184747482 0.8621379608847308
0.9284378050614568 0.000975687363941713
0.10348511963596829 0.6780862012376367
0.3172747505392608 0.04956981306121433
0.2181075227053968 0.6785352451024302
0.1431073891176573 0.10676282416726668
0.9192996768901058 0.02193062964474657
0.40794246054009387 0.46867975155870556
0.36261233863135933 0.5203156147269266
0.5764132137775053 0.9545794325468542
0.9682188189947036 0.827458088617187
0.22952224621745665 0.11874114333555941
