10 5 100 1
751 1196 990 1055 749 808 778 879 740 927
1188 821 1101 1226 1177 1036 1131 1236 844 1123
1115 719 1048 1256 1117 958 1147 1069 1067 1115
1072 1141 1223 909 851 1115 922 1278 889 1102
1186 1007 975 969 963 983 724 1154 1172 928
1171 792 842 786 887 757 1081 1245 733 947
718 924 1200 1203 1079 1038 1036 821 1257 1033
1073 1028 1271 1190 782 1175 1176 930 1017 875
822 1178 772 999 931 972 1271 963 725 1034
1051 1056 727 986 747 924 820 1083 1022 920
4 9
1 5
4 5
2 5
2 6
0.5175220993151264 0.975470007952117 0.6846569728365774 0.8396465499254757 0.38359623619210514
0.8885408760926057 0.3063386860657022 0.5466747361514215 0.5235356377239382 0.49979206328046566
0.46430768668017064 0.9047602500137657 0.6327618767234515 0.5725840004735936 0.46945735765427266
0.7229492699769225 0.6860563568759901 0.3378162850236206 0.3722030749592272 0.19423002054134095
0.3530799645506262 0.4905831578232376
0.8415779489776121 0.12009770675455145
0.5174401407653968 0.7202408312931985
0.8631138393022932 0.7089715576602365
0.3763803916343622 0.4818927090116236
0.6221317293076811 0.8365831713959231
0.8012387196777855 0.0047467717849132285
0.045630990696627016 0.2953290390683647
0.8324775588678823 0.3839653172073785
0.280669134016861 0.2229325560473565
0.04457631852240018 0.9846271700509037
0.12931995658727335 0.9069536850326716
0.1593307558164918 0.6375468928038657
0.763450354982486 0.10997042554874259
0.4300817350728443 0.5811671235133697
0.8470332940212375 0.6993415791364233
0.8270675669981913 0.7592301663009309
0.888722299674169 0.42962776494571786
0.6725332402582771 0.5942245083640916
0.38053780810072024 0.9266405407933074
0.7843765316424043 0.5828381864390133
0.20790846966676346 0.6498538625249024
0.8673749593234119 0.7158981240684978
0.3442070417020646 0.3342528239199438
0.9159140587725039 0.9749135413252095
0.3128871378513405 0.6545874876509172
0.3112596468833706 0.5382496280351352
0.4581617117277219 0.9077853686976023
0.9528357176868412 0.005922808264388069
0.7331477621470375 0.2426107911305524
0.0017141232519926053 0.8539104180402104
0.1465292076831033 0.4206679689435757
0.23998965343777945 0.8894882066110756
0.9990239501216711 0.7305427577560939
0.7883586802182119 0.1099400211118573
0.3577277285809912 0.9871402228310164
0.06402570676982511 0.03885791169975095
0.924895831801156 0.6164354535047518
0.7474697027845354 0.44519231127204506
0.4378253532361829 0.45123108237528364
0.6122172488152915 0.7732165273338674
0.16937455588816652 0.054127304653368125
0.0050708525299258955 0.8730667531072775
0.1357871853816932 0.20483708458920025
0.43276472950773304 0.2649071396263427
0.8339329420688244 0.6043843225527961
0.23968749808631418 0.04250269575999277
0.8841801309245747 0.22378542182357886
0.4017083534059256 0.8828347066315283
0.3630302002290917 0.12769676351614878
0.5150398761359489 0.6705383039373096
0.19784283512883194 0.34633589427974076
0.2438983604163436 0.007872553666482762
0.4939928194443237 0.4430873801779591
0.7289044224439092 0.9466952971925908
0.09692018358755994 0.9857435484050263
0.2879392099417113 0.5915026791944631
0.37881033666708697 0.11666665625554051
0.021856435472682012 0.3570988460468487
0.10655333448659943 0.16747429589382645
0.6821332016471637 0.28922405350904623
0.9529460666616021 0.3909147266222328
0.7629192040452557 0.5518200119513443
0.3401872041738736 0.6576125506619497
0.0033664107061162074 0.4536483322345306
0.28065532378738345 0.8286487800985591
0.6921153792300032 0.00007544588356278581
0.08902823529806314 0.6638215906310916
0.171090498229312 0.1900702991584129
0.5577412503558223 0.3202836812155643
0.8888265159278947 0.7840406086281921
0.4113876232069007 0.26160811395305683
0.35107101327220525 0.3304261973396063
0.9664508140133674 0.8532372854878063
0.5096922096231817 0.4784277782571913
0.05459939113573631 0.3961226474190056
0.09585722105278238 0.9203106345823264
0.5876546918662093 0.7782295753381876
0.32395412383916233 0.23188926568318746
0.06137248894624503 0.9673425560992623
0.07399372723420927 0.6870632518539594
0.0025487286070091653 0.37301660354726107
0.8320084669887531 0.5772406645330743
0.44567960961414776 0.1348300111325147
0.36211626766176686 0.717902166699899
0.1695171559112425 0.19254872043868376
0.281050283243542 0.23733015877438568
0.9478127881204617 0.49085675058451006
0.8717995535590084 0.5936022234773364
0.23662127315791381 0.17349825253566764
0.28603790327503975 0.9735083187465925
0.31251178612005526 0.1268041470557979
0.5425403577927901 0.7974851489261328
0.13282286469334204 0.9818796899589348
0.33502372234395517 0.6657201660503405
0.1220578347463337 0.34253113483732145
0.26084579355635484 0.1947702981324717
0.7556699428684297 0.7592542167324541
0.052255046820717244 0.5523365299134464
0.7590532688816523 0.47776351566513253
0.022798854405991165 0.9954070740874701
0.512965405608854 0.3254338083380024
0.7513783543972459 0.2789908333435327
0.10723025596354185 0.03986339601233846
0.6132315925568264 0.14181796648702938
0.4906515264976927 0.20759913533457786
0.14438239200756775 0.9223085152988122
0.9546174601312374 0.8643829890081023
0.9476020492185422 0.2776695988417246
0.8291035220925582 0.4132961428005364
0.5682418780719587 0.39651906950210525
0.6405041746483662 0.46065908935914957
0.14785050380693798 0.8250919803717538
0.30629507297525116 0.296547775530426
0.7131309023602066 0.3556467472893121
0.8220769394826763 0.050578515601683804
0.7098483843344308 0.6048425872307748
0.34320025948263133 0.20362798050052033
0.3584375449944368 0.6350904918933662
0.284311433678754 0.34442263977214593
0.272158771203312 0.2962603376171993
0.23130500718601255 0.39825515540072765
0.4824584375649206 0.47071358773946703
0.6375244189225087 0.11040184055568547
0.05931888964556009 0.7051729878157116
0.13753833602875098 0.9881754364153903
0.9542350820282677 0.9319599024526171
0.6647278946992821 0.9552102027914018
0.05646659723250469 0.048405568417899225
0.35043492287329037 0.6953479078670228
0.7312023551324338 0.8212089064851655
0.24525322237401292 0.7836285675079531
0.9516635446227175 0.5604985484678311
0.319125744988795 0.31849144088202785
0.4126612172692363 0.8076947852078833
0.33862938531895015 0.59949333013836
0.20265947804391438 0.6643390618835558
0.49858500553089935 0.794765165620889
0.8510939298128237 0.2682619989998396
0.7421181189500703 0.39281713456967826
0.34748518709844656 0.9795470522829435
0.5078834375451693 0.4559057234355641
0.21941435515667962 0.010648779442716583
0.01781846502691331 0.18669726533873043
0.27475662421738845 0.5459498401856699
0.5826236656418655 0.10058431046363081
0.45263383192722784 0.16233691560229735
0.7981510963876175 0.8570618996718755
0.4508207371825217 0.6712238726096305
0.9096588192028874 0.6573885231287542
0.5168188471216157 0.6758066339283071
0.07336803618191734 0.8415944420080743
0.9513677482464689 0.22434243154806088
0.5038457091100521 0.5375647812215478
0.0675945995270113 0.23559188571652334
0.06820254524457203 0.1360813213373624
0.4327425291689737 0.8801985535298211
0.6984726908062169 0.27466602407171115
0.852293651686372 0.25972409615803205
0.5837278323153765 0.5229832973671829
0.8254014472429354 0.6239256005344012
0.33865999592309004 0.9990264461832801
0.08329863704028373 0.4778148258547559
0.48917888827363454 0.3455969598451154
0.9461209353601676 0.47830208866194157
0.5214113444036954 0.8004416908272249
0.4042667737910077 0.5423639515571954
0.8559307528296627 0.5876631946183544
0.019419263560462863 0.9028584766662027
0.2692575659249512 0.6877575761961825
0.1521796946705738 0.35836739622440583
0.3035043037618437 0.705794675830369
0.47033820218905675 0.9961883467861554
0.4403604186182355 0.8700096233757042
0.3886901911107479 0.7134602701485693
0.9404379125421805 0.50458622543333
0.32331169414038397 0.1105358031607444
0.3773311869673379 0.18875298561519238
0.8973789783116668 0.7861718075267405
0.32731082206922757 0.7590860280761507
0.6149286566004912 0.5463047477466134
0.6549376145563142 0.7925837488533161
0.9594254320826698 0.3633052319096124
0.7454156929671822 0.31163909365864817
0.7772333864471428 0.5195308923859894
0.9825566301523723 0.705691429158888
0.5747872102222122 0.4903363600711217
0.504769471310776 0.8920639936862973
0.961507991003016 0.6275951565464191
0.050124191164812926 0.663082351061848
0.4736897086575975 0.3694384980222547
0.7083224641535386 0.3527489400321058
0.9386177872335824 0.9904326279383417
0.34220862707065414 0.5655433419592972
0.4683938503250811 0.03043984160975355
0.18994849906937472 0.30718330891424883
0.5107295159857161 0.5692895142492072
0.7604708308189565 0.8471440986409691
0.8942657353448649 0.654244702435411
0.9675992951792711 0.1609090327032643
0.9742776963974338 0.9345963002520177
0.40555780049991186 0.5813704279485943
0.8489879967360463 0.645285132762244
0.11827582941534076 0.3495376873818672
0.9174766563372234 0.9960382305554258
0.4788509458718184 0.5077082702997686
0.48380565136284415 0.4922522082583758
0.0282209147211947 0.6713639186552147
0.9950742371540042 0.3598942183074241
0.7981154054462665 0.7484271470319086
0.7174613984165004 0.2664483138113074
0.4175924422152133 0.17234020535957728
0.6022673640218423 0.6030017339562532
0.8924474930426645 0.5353154413340147
0.6754483888810401 0.975150455729078
0.809178952450315 0.5180291728723918
0.9466501453356531 0.7660656356146713
0.9221897392579175 0.5964156774451277
0.8955422562177009 0.027301499647148786
0.9172855467391656 0.7247743731019853
0.971226279952315 0.017525256604546513
0.5333680686099331 0.9905668293390084
0.09322000353892435 0.4647622527083841
0.05456249253272083 0.19517145958530402
0.12266546635225795 0.1633989215979197
0.19476049019802577 0.6526659375707358
0.8647659384472819 0.8455930463787611
0.9456094483148041 0.9847357554898415
0.49499694559604435 0.9253536358543304
0.46716265056379513 0.811464672003386
0.8341777648666271 0.8471728860097885
0.906674215867892 0.5878378921309007
0.327061766138103 0.8803247755152288
0.16751959637146085 0.47500306712275475
0.7342208566002344 0.38394542856525726
0.9585891422347967 0.25708556713183683
0.7366795738095204 0.7246377199949059
0.8180247809631698 0.20853375014279574
0.9908649783910999 0.6756204094146214
0.46252880826142206 0.6977180833435956
0.7608282840006881 0.04092863403312208
0.7650930175290935 0.38000165156464005
0.6798476913198239 0.25645261366548167
0.08289323454543096 0.04444426302477855
0.3325548637767366 0.17715609829399104
0.49888185598437107 0.6599208334379736
0.4962197096487464 0.31967393849790215
0.2314155591256828 0.1164898177118352
0.7525339074814366 0.4040165527548003
0.4317497252262683 0.4874384135358176
0.18882644037383445 0.033918740135841396
0.3864927248971124 0.015290197996716604
0.9431821209490909 0.8675909984721071
0.8756850716939044 0.5697433103307339
0.8073342047533347 0.4872842807537079
0.8221443356945657 0.39833798766993245
0.7579669197209 0.026545666418725578
0.06547583541550783 0.17876865629759586
0.9522826893123535 0.8321237531860746
0.23519672494908628 0.08737981114036963
0.6842537768770216 0.5236762291100923
0.16375796102937 0.5168753534613122
0.844136399920637 0.2773296580650315
0.29651913863714263 0.5978552749681809
0.0694665977785951 0.43456193705765256
0.5096728848165495 0.6901839196258446
0.12099016649054617 0.2559417608002288
0.9319534756981345 0.9312796261963108
0.8397975751204887 0.9425831960764564
0.7642223754429713 0.5968919339977086
0.890552189193117 0.3632302783978547
0.8619046332186715 0.20614243622589967
0.933378315916654 0.8403065853365232
0.04132338836511895 0.5801693626691853
0.7509202567024458 0.8324337453443829
0.2849225689238504 0.8585244768685345
0.2780607793303991 0.537658615341962
0.9849436690813409 0.7722936078529976
0.854345486276836 0.83401223128007
0.2202549445469748 0.33970381950199924
0.8439077079822666 0.5319343631340154
0.4864266060212701 0.6929272046026616
0.06358589434493678 0.3667502979944779
0.3415418323839814 0.1102833572245181
0.8438374306149956 0.8779720591163738
0.5321584434839066 0.7340670067702355
0.389336884892707 0.8739484441107124
0.8013500329238379 0.5740327180703737
0.3697002536101808 0.5851120612937584
0.3669031024127418 0.8593429722360553
0.751829009113683 0.5549918125336262
0.9647637665761557 0.7154917013109581
0.20733164760233835 0.6763413141794576
0.1670903329352431 0.3663258817599755
0.3010546282780624 0.7715274207145106
0.6340670880642709 0.23003197804267117
0.6038613319294808 0.8547913770123194
0.3792893564113431 0.045948665715038084
0.43199949392090486 0.3170740945242818
0.9273745274824192 0.9008672608228534
0.24750418850373612 0.3276880991029687
0.9199903608758717 0.07880811041859359
0.37468158871773194 0.7621426617981222
0.7422216664238879 0.27537429451241957
0.8140148467954276 0.5638044309794656
0.9708893813594492 0.30862624565232566
0.4551814595909587 0.7071663821018599
0.9770590608960548 0.6890274706335673
0.9448475737133681 0.8824825925601012
0.4714454535265449 0.16997699292685597
0.3292110644813979 0.3327509580121786
0.7178465833735188 0.8140479944885768
0.8838110344066099 0.8530727679538386
0.7098973902380652 0.5318064287237911
0.04607041306085624 0.7429906173604195
0.6961257155777676 0.78524607744282
0.03586635882923361 0.7580534974969455
0.8514227254058968 0.8827461112929069
0.9957211328764202 0.3094717033109806
0.11676698275024489 0.3488547146099872
0.42225901870852356 0.5051558312780791
0.9165866449538129 0.4526067237521285
0.573593450982576 0.012864982195956776
0.3110782059910877 0.27428161789842376
0.9070915632547079 0.8649231673738753
0.04980402075562074 0.332059076452877
0.06676237045050692 0.6931525084197376
0.6401454323319804 0.7618665545374674
0.4412387422423949 0.8525809459610665
0.5016891755144912 0.21612276847745693
0.4259733124007903 0.2996165989259272
0.2352196310054646 0.1904631515432209
0.9877459805044475 0.4845371257236253
0.6166437424137752 0.8763168654722333
0.034941061564273124 0.732617973818906
0.8584054501435057 0.8761203664862023
0.34458863939206097 0.8587092186178487
0.5726364471557166 0.9786037703605004
0.058892701520700586 0.9570072959537697
0.9498660186474819 0.9233040764286329
0.9217390187271399 0.5451054644578985
0.33672258874335115 0.10368170667700038
0.4259191219885501 0.6391795971802461
0.6633673396327728 0.6726076209451195
0.007481605954081205 0.22599219582261654
0.19090828362244316 0.23638882252074
0.14410143971449751 0.2239205439902494
0.2805517974671059 0.3872358005409169
0.1215139628308155 0.6834586536370486
0.5285247166892937 0.7548654396658179
0.7877746712591482 0.9714990407426018
0.5815745919884447 0.9497107010891384
0.07158046731653522 0.2044324054089286
0.5217112634164007 0.20092123972613352
0.7811988284765929 0.5063613440653061
0.10544635342179842 0.777337384446473
0.550554883615431 0.3781416946104015
0.7988221904885153 0.9486619921174959
0.009733407991970644 0.4082598387798373
0.6250355466136419 0.6046907748294736
0.11001226781748796 0.6825342987638714
0.5567625110986942 0.9725256225442176
0.9597085532954379 0.9437865601091846
0.790790357137392 0.9394467121190455
0.4830542267216176 0.05219938194174012
0.44123117325808137 0.9508948163567577
0.3445107908443732 0.006743601856769255
0.871757139705919 0.9582729162865766
0.4408616796217186 0.8832986255561139
0.8334244801054749 0.8424483997957513
0.1925120085158476 0.1498318140916608
0.5459674414369722 0.35343541013960245
0.03222192633359078 0.35781091482428584
0.7930216988400349 0.4201963699238147
0.37739700623999317 0.2897945269118687
0.47174862616169455 0.9767254056433492
0.07985071743098815 0.43883939754510193
0.5469704094823544 0.18105542495280424
0.17562664230964864 0.0015198153736526443
0.40536033906414315 0.6221425083345067
0.9555481183584258 0.4355503593102861
0.13767897278130903 0.32057442249657986
0.8808122317625755 0.5253332450611286
0.18893303659658445 0.5833628592528137
0.4708743662791559 0.7088421616098801
0.3698380526869849 0.9851654044538314
0.3102352768692769 0.8187349822757481
0.7095539293156223 0.003196173710356076
0.8046872540833232 0.6085983393408649
0.978040511812492 0.8836363523752242
0.09200647218438474 0.5546518228417547
0.1364309157004404 0.17286316814978675
0.9153536716341462 0.9197523327775077
0.6168385358729986 0.18961562565356616
0.6605237623044165 0.8728881354982212
0.010407541673443488 0.609434092927404
0.20819745842254034 0.5709722504774231
0.5577330372220968 0.00146739312386579
0.12112838575702489 0.9433209429806817
0.2228953425185236 0.9884442026056812
