10 5 100 3
1172 1376 1124 1166 560 1052 1171 592 581 782
785 1080 1006 813 661 1381 745 523 1382 1116
523 703 846 938 1367 1140 1137 1293 559 1258
1181 832 632 899 1049 761 597 1378 683 1122
1125 731 762 1169 994 1049 1037 892 931 745
773 985 1246 780 945 1149 1414 1305 588 1124
1046 648 1051 953 831 955 589 1224 972 932
813 753 956 533 1147 1126 1233 1660 1872 697
1232 1120 966 1006 1044 1426 1627 1483 1177 1585
914 567 531 820 1094 840 1516 1502 1233 616
0 0
2 8
5 1
1 3
6 0
0.9857155708780607 0.4452300579930735 0.8471370171887096 0.8780314301574703 0.422868870252333
0.7581059098063718 0.4044295409215247 0.396320863429817 0.8487964912089836 0.46577911933100447
0.6734273600528269 0.4883452650158713 0.6602802525923106 0.9404081996193698 0.45850737360045435
0.3221478810560246 0.49395937542306656 0.6703466347869824 0.7885314138375334 0.11194994980665154
0.9245599015117951 0.6119707585308076
0.9225979999605858 0.09831995912191882
0.36233918822112954 0.9342777521976358
0.5130941453928062 0.02325761817189642
0.35128865214981375 0.43744558488924823
0.3464402047850339 0.46941715656015415
0.9382018503468836 0.46563093020577173
0.7466151827086582 0.45964406007571035
0.7502732783959665 0.23788921963656473
0.2962901225227743 0.31516589544461526
0.9653332528248364 0.8963142861721234
0.48673075901967966 0.5819136236976941
0.6321356920165899 0.013780844309826401
0.5585406169270515 0.4430506313831908
0.507521705590998 0.6846740842104715
0.5954805582821687 0.9369115892088744
0.8368904452136672 0.7758678673565684
0.49087173111369875 0.062274256193496136
0.0026838446771451085 0.4814695284460171
0.5550679795082027 0.36037927315007745
0.02383547032567801 0.3090665877493952
0.11585121496136064 0.6079676392312159
0.00705957434140414 0.036735364708892826
0.4674536210557838 0.6608086451157786
0.395402167395823 0.9844716094355888
0.8850610185204424 0.5419219925070347
0.3463963304659028 0.4659848086836862
0.8394031116656693 0.5917470785722747
0.6301889343787881 0.40472195638504416
0.7945698745117094 0.2796241285141643
0.18043961477809112 0.77115045501509
0.9482712302850755 0.7002944007807832
0.3835548606453376 0.8028463057192097
0.9892094684136381 0.24782529486166993
0.6250484856946008 0.9208699768018254
0.9253169762137206 0.9381031327657454
0.128182881276655 0.6966658354598212
0.06607920334674477 0.8470017047823628
0.03338097615615965 0.17373635255433784
0.7837324751944443 0.3281375504073816
0.8113953594942007 0.6927274542271198
0.5988067046187 0.5225013021507943
0.8330163459526041 0.8588494111639307
0.5345454755283725 0.36563520499401014
0.8613174630601368 0.6717753472825068
0.8301971046388912 0.5591068878758574
0.3319271254477949 0.8079836832876399
0.7244157371856959 0.8271446666786277
0.3778577805202168 0.7366700711363394
0.8062561522482072 0.8974577370582084
0.126828272936643 0.6913663650901312
0.5072099979862565 0.9370679391594627
0.5465764393405856 0.23676095329956182
0.02046068118392652 0.49100188862240945
0.11583845973580287 0.9549887545959557
0.5681324784771535 0.15819249038033711
0.1886856745059513 0.02424084390898784
0.7634281424416463 0.5182775683428018
0.828980033504374 0.701645778766574
0.20542035542328518 0.36779442145294716
0.23376690520293697 0.5680482059901162
0.5942568710734795 0.20244197690940546
0.4337433335321912 0.11022942100209687
0.042336915041556455 0.6707080468601492
0.27042475651593567 0.18472599157023728
0.18502143458359765 0.6202295583117172
0.4908425152860818 0.3730656121705198
0.6002304326195242 0.3429396340323181
0.8656391004341988 0.22539251894928425
0.025018694592317203 0.4864970131127142
0.9096742741119919 0.337098169050833
0.02977059697947171 0.11172272494410551
0.5558454488904698 0.8691938896771405
0.8607930890121462 0.1221606397561874
0.2386927305033677 0.0930787100157735
0.4701138566372931 0.06192846409609687
0.033997283490469155 0.740931551608075
0.6681474871003121 0.5792212118181839
0.5644236389330803 0.5505851985454917
0.4103188709682031 0.519639311395599
0.4110766229394902 0.5363933422105125
0.43301718515647925 0.5863640434291184
0.6262046238017493 0.024040819392232793
0.4844201038961822 0.019666607475411935
0.1309278048730973 0.105592181463537
0.7750337004320698 0.5665793841555855
0.074161738650665 0.8012864085193951
0.9047655595851392 0.413101981123829
0.6343583048790753 0.6032666858291291
0.335446717957947 0.8517460672087589
0.06404089009430702 0.7835131591042528
0.8304203622922028 0.2587624927036267
0.5575896596387904 0.11091099591855169
0.34604664872471425 0.39617364146221346
0.8235997699723723 0.5107764359211222
0.6489233087186632 0.3926446927056635
0.19614004789121942 0.6104435229436971
0.7620182120744405 0.7576462782992093
0.29927611295452516 0.08537101271471381
0.9996269129431863 0.8002955297338112
0.9695421594062945 0.10582495944116332
0.9007553367340213 0.9563966194506852
0.11579949113174082 0.8775606533718296
0.37410913588982453 0.8132316089246618
0.675257242081126 0.12454900646693257
0.8891587986493827 0.7108222025482396
0.573349010439488 0.11511822761461166
0.1611538477363339 0.24086140135617606
0.2508329499651871 0.9850540118028244
0.15556581430613137 0.8370786926802678
0.9881455956136094 0.04150537762836248
0.4989906337695589 0.3602171622571335
0.5330402928019267 0.6497229929765269
0.8463565129619532 0.16650812139799265
0.9634019639222944 0.03158099897054312
0.51968267329213 0.058117503617822086
0.8510436632579408 0.08085964660644174
0.30083248708990085 0.1895909771218265
0.319895921448885 0.6198490606307261
0.2762764480218629 0.17170348074937225
0.7419864642786815 0.9517408140146453
0.12193422376928065 0.46242144491558834
0.4500791495970935 0.35459879591006827
0.19998957795492545 0.7243701701165504
0.00037793506717975767 0.5426982075295208
0.42746556605556196 0.8570283218507595
0.7409158677735082 0.6796706867910178
0.7345592306461961 0.6870215176443433
0.313790528818342 0.32945108883715246
0.5574735675120195 0.9051985495014077
0.8751289049423616 0.549416534740089
0.7571951971092841 0.414546517322979
0.8208230162075236 0.32188980634527486
0.2760807023521654 0.41743702597130183
0.4922471164297122 0.6458527694345697
0.18209574350256563 0.16788236687273805
0.6109696454332629 0.24662768427483805
0.9202955891964852 0.4577432530908214
0.4724678890343348 0.006374580695232224
0.5219906519110913 0.5914404511057296
0.8242789654795695 0.8974977219036535
0.6702736121977244 0.6580663953521186
0.6215961816152573 0.4285175144216622
0.41586270521820023 0.04646791715382914
0.46361051694002153 0.6135802486565272
0.6784677743733754 0.1389858090676679
0.3110563880862771 0.5725662076907969
0.10712007390530065 0.4262065025732207
0.6210051017965941 0.871292985209513
0.9044454127990484 0.32788726384189526
0.9336065896619847 0.21483464764003712
0.28588525138709464 0.6883825796014642
0.37658719618267855 0.8259900716928659
0.4467699920632209 0.4388597335667941
0.12484957293025567 0.08515109353829153
0.21189204491216063 0.49305849600513807
0.8929222975585314 0.38125707169025524
0.7807116941269749 0.2846394484217363
0.9134311801185333 0.29153800527317264
0.8174488058362097 0.8926037475850255
0.8355092803549733 0.5317224930170952
0.6455526448697888 0.34317253517033874
0.6093983106900023 0.6190944849972906
0.3894672912212862 0.8323545312189968
0.6135680682943816 0.16985306640657227
0.3576692536310577 0.6578510241930531
0.1579278125549941 0.03188742233887254
0.40903720490154316 0.2091199435373554
0.6745692698432211 0.3521066857047912
0.05659453138271031 0.40080460543606655
0.9923967258202557 0.2558358000376222
0.1866158606371433 0.5485177202487028
0.7323017564572833 0.4438959223275323
0.9730863416810684 0.1152084272454279
0.7571467658014548 0.892107647696627
0.1595699249694451 0.977095930353205
0.7223469617080991 0.6743272613280371
0.7103748635153142 0.9919901506637792
0.621750334932428 0.0632724135231737
0.45404435166937196 0.7804899182793266
0.7520205754415907 0.9225383763574835
0.31669912541462364 0.3888369035925914
0.020039571667274547 0.4335379890864919
0.08108468511706834 0.31909108393416896
0.5094984723504052 0.22571592365422055
0.15383067723607247 0.9604699599477402
0.4080863260809664 0.20991148662031733
0.08256627019682972 0.08737346946075641
0.3141862266450932 0.26565026458870955
0.2262742138046765 0.06734932728288845
0.9310462026568596 0.07888277509374286
0.4528778136857612 0.15181829504437538
0.6846817986417619 0.4829909094399245
0.002397057468000785 0.5296636374295334
0.13767442004843589 0.11893290904593634
0.017914294101353034 0.13907010691835286
0.2871221461967799 0.6787648842548173
0.26736756739053424 0.7252508502706116
0.432976615154534 0.6936592783248601
0.40933227636465674 0.6083571486502128
0.023716277524720386 0.6207663827785364
0.7969444793158815 0.9123267196155016
0.7719551932478124 0.7654346484495966
0.8510149790712513 0.5182760403624478
0.5658968667561282 0.33704021973849985
0.9009016388640398 0.6337922726929732
0.7644592552326297 0.9746291340691611
0.017877650885428142 0.028747970533568035
0.18490607809893378 0.01725095410963151
0.27616956103225343 0.6886550160123075
0.2238045142384011 0.49395494617993085
0.6126200084412854 0.4119938907079177
0.9298653361896279 0.19637053363459733
0.9361329892558532 0.06553950516507068
0.6954166508957942 0.2343000431205473
0.6678887743564417 0.8243723886082841
0.8370281154999879 0.059863823966488816
0.1877746442619166 0.6723265503569273
0.6949443046464534 0.7290415109349018
0.48411947929428156 0.17895095867078514
0.9955250550030865 0.3734102582230858
0.48154976221019496 0.5581221075400111
0.8928431749604628 0.8608370620521915
0.0715448934064804 0.28899625231210724
0.4347444840858885 0.007027490300185013
0.5188543395153502 0.3512793979135955
0.20312405507710785 0.7514996671723553
0.13122218177855838 0.4874995703778462
0.7279834624494501 0.07559311673718949
0.8202095811799026 0.5552833314893699
0.5914074255715729 0.9650838828361621
0.44737753698008365 0.8736182298781687
0.7785250152522032 0.5661490487949024
0.8279895414531195 0.1325124240660085
0.051591498951749415 0.9640164753229952
0.9786893181019998 0.8277848999515596
0.617484802214036 0.7368546141746084
0.9263141793789582 0.7010610063532758
0.5142115170414214 0.0635422663520846
0.39883943684392875 0.3232704671555431
0.7711152478599606 0.3575932409806186
0.4152271303179558 0.4733206642445946
0.10865101281767697 0.742537818542744
0.07545640903775319 0.63271920305767
0.819931511327223 0.9533090677512248
0.4550140467165973 0.8321381473368903
0.7334521767530919 0.008247599806562755
0.8496403385184024 0.11115613553280457
0.5928547458527662 0.1774900933642083
0.5081048608343852 0.22460808860587944
0.05948152081853575 0.3302277161770153
0.8834075007896951 0.2718533273992032
0.847065196313423 0.3507682613199987
0.6354062546617398 0.7082707893569862
0.34625685219961455 0.4251378852300032
0.14861052101202965 0.051980189537748966
0.8717157976007304 0.8319228685592353
0.5659771383294123 0.5250261504080751
0.4845112188483991 0.6451769670478229
0.8711730042098729 0.8238800303893492
0.16278871813874196 0.8954713222934048
0.4988744210971512 0.3902233507830941
0.4235774370566936 0.13362199639254313
0.030933487643971525 0.5403621492874708
0.2637235934316684 0.5814977330156521
0.6155083471130038 0.43775548789187146
0.610743790112471 0.3342970624313042
0.9090377801411722 0.37359540591131535
0.23641966026617878 0.3704562094261441
0.030446407851649093 0.9540428572682129
0.6523044018324209 0.19583813271002048
0.569792440649362 0.7167498530517971
0.7288456897136184 0.5748841454906872
0.2848542169726149 0.6367587405010735
0.18901203320731463 0.5139307923731831
0.4028541087893389 0.927131070032492
0.2844654684005592 0.7322365451563888
0.7896873610116744 0.7574517095728275
0.5153967077660451 0.8590419213508165
0.338639801537318 0.31620728016096633
0.08417511819098777 0.3519662477407153
0.4130898627708073 0.236417039506293
0.3101396262728089 0.8658012046139778
0.09420075866633026 0.09247343593154178
0.5984976064368703 0.2821010152688559
0.15239044740849628 0.7876321791424818
0.3870010303862885 0.4246940900393614
0.3185435450981955 0.7803641744811118
0.8198425813205548 0.34709354450997165
0.25506116968318926 0.48608220629771903
0.7968361440304164 0.014481352849029516
0.14612568791700475 0.9749138398011077
0.3786162356570302 0.8650723018568216
0.9856319394764759 0.9767008010172034
0.48033228204863576 0.029746571921241305
0.15837115970034277 0.41241772745865046
0.4893392470529998 0.34738248054102505
0.6658301730010339 0.8653695651335276
0.9733585371868518 0.46588200889201836
0.2324480369016486 0.17803642106973627
0.615120126298091 0.20391590606910315
0.5943437946312022 0.2757444026818143
0.9869701291902742 0.29585683955900266
0.2512828244198577 0.477861594775989
0.2686053205600314 0.8541473030849493
0.45727722319375097 0.35834305088897955
0.15951479475466313 0.9686996333866089
0.08263622271545068 0.15022521533654953
0.890653392978644 0.017186017785321805
0.42664481082674044 0.550303528829271
0.9078723121041834 0.5686846477017395
0.22938970057538577 0.22890982417682437
0.5295421133636238 0.5466977425095882
0.9070065554010636 0.9831745870542932
0.9282440753974586 0.7913266347384644
0.77695580533699 0.7909136176489748
0.5951728638699503 0.3455568003780751
0.6095430241549746 0.7750341472395381
0.20593889906535057 0.2942403704961485
0.8164100511450338 0.13143293043336945
0.2409534978823613 0.6870100556042751
0.5117598484826069 0.8764647217107115
0.9958913344797697 0.7263279439326449
0.876339541104175 0.9284952768408836
0.7082057280809486 0.8306664654810709
0.38831337006879263 0.4028336769949852
0.38166822576250103 0.4911803649376527
0.0248102479656227 0.6713470700862763
0.30970720581791267 0.6216560337936641
0.8991484291878218 0.964065399294254
0.44733020846850113 0.9860240424672162
0.5636661313482172 0.5372229760490395
0.43364078773348647 0.7000631025782533
0.3468915068376561 0.7351786173994255
0.7598969757444851 0.4286675428749145
0.8633134002062519 0.21051496787451973
0.026484513650932406 0.6796161691760978
0.2797238091514782 0.7863681374940326
0.8410730546910277 0.45998110542602033
0.13653553430740661 0.32737120924258467
0.9011194660871227 0.9690499245057789
0.9883868844638268 0.658452430056222
0.16914438089542982 0.8263085855411663
0.7475126515421158 0.8288688775142692
0.8824901449409397 0.7952986700403777
0.10717187672119555 0.3573943514783431
0.927952014762714 0.37759458327439366
0.9663930138558334 0.6724115888918942
0.7666120702859058 0.9584725692869278
0.20919080011851898 0.5153334283399171
0.007382386872432534 0.5252120846581636
0.38341059567818236 0.08991993800961251
0.8985774402643509 0.3978778585217133
0.35481153562860057 0.11604915312905817
0.7610970920768592 0.6059361539072714
0.9167883956091141 0.7095527574946929
0.5630747026443887 0.4194662395071478
0.21726644605426948 0.9155630073957253
0.29879868866362425 0.2809146109625311
0.638537483357565 0.9279582679592473
0.761235203490872 0.811970325505996
0.2348618652333061 0.491526285225768
0.634838881154542 0.7682430825622928
0.6308776166297243 0.7248900173692963
0.14846502918680105 0.6647697018910743
0.208208538839191 0.8415674404818814
0.8087983739793407 0.5686685249151053
0.5262787322051665 0.5834641248889736
0.8509780676901282 0.11948713048826343
0.1524551514883643 0.29310531307108034
0.9192269137208138 0.8675177334209696
0.024712642148272623 0.5043737346167756
0.5961635271380461 0.7257624065159409
0.7097051365996845 0.5508005646538123
0.18797611527018865 0.7797873537933571
0.291323602465247 0.3130723105584383
0.9173813318214921 0.16061721315727961
0.8055960484937552 0.17920947683149557
0.12939984837600949 0.2245736646426788
0.14207066973400972 0.791219287887732
0.9504917164708975 0.1606360081330216
0.8917578652153015 0.3690691584806296
0.4585746578752432 0.8614818720222623
0.8259728268445148 0.48535184892292205
0.2732992193054926 0.46710912653372105
0.5196879242875012 0.9422921572295047
0.26649333032840805 0.34294665736738605
0.5881921373012138 0.11049568816825617
0.30323901767097605 0.36545902519544815
0.4845504187369205 0.7678857143639608
0.9278296311836964 0.48681679989575444
0.25014871240466197 0.08065240011052954
0.8276234125641742 0.9437572745694127
0.5766833086638448 0.6136445142204761
0.8649854800521359 0.38751939749263986
0.06370439899150937 0.5246055239065195
0.8292799314126007 0.6212748221791735
0.20597972519679408 0.15195890402716472
0.9238028294313627 0.7773525174356348
0.9227769508754182 0.8852275448857674
