10 3 100 5
1014 1016 999 995 1019 1010 1016 977 1017 1022
1019 977 987 977 975 977 1022 1017 1015 1006
1012 991 1011 1007 998 1014 1005 973 997 981
1013 999 1000 1017 1009 986 1010 988 973 1002
1015 1015 1012 1015 1006 993 987 989 986 1003
989 1000 1021 1018 1012 988 1017 1008 982 1013
1009 1010 1023 979 993 1013 1007 984 997 979
1019 1003 1003 982 1011 974 973 983 994 1007
1013 1011 997 997 981 993 1007 1016 981 1000
991 980 1006 1015 974 976 1020 1020 993 974
6 8
3 1
9 8
0.41609712668798465 0.3773555033165152 0.4074553816967731 0.48002955858786345 0.24483635661506284
0.9741234180812217 0.6926154935185092 0.8012352586683353 0.9007534050110335 0.3577130309045625
0.027373645024566073 0.2211826705031068
0.45170936397311223 0.8008671267483951
0.3306516815994218 0.7740715290188178
0.10697821392493023 0.4457806339044046
0.6889482997639091 0.8254908972980317
0.10315534086354972 0.5463129440638708
0.49370477061520024 0.5524952711373672
0.004161910190728424 0.11260479803836865
0.053810937562034145 0.479259611840817
0.5707229426507128 0.8678987812794909
0.9230947354729373 0.4530429057109433
0.4881022109604858 0.3683711582319398
0.4787992144442228 0.5771754815456804
0.27686115349688123 0.11840375866306663
0.5621177516395679 0.14263361759544124
0.47480494420680897 0.40372275222205256
0.23033609938504096 0.8313511764271806
0.9561147363661895 0.06284046234488039
0.7951609092973844 0.6801696526652081
0.646098130897566 0.28313027353085785
0.024767245164678542 0.6046978244138863
0.7754117986646731 0.8503753005035681
0.4159003980268996 0.07605640740386521
0.945858835803095 0.7840212052650328
0.15802954485452614 0.42086120746065636
0.7233983092065588 0.5209132288254716
0.3394263572970422 0.12804593059829839
0.6003621234418091 0.7653570545127393
0.21862959599788034 0.6152201786382017
0.6398036430491791 0.14906302944877403
0.19922194201170296 0.2944922152814704
0.09411718517534062 0.9591720521030782
0.3470360225973752 0.9650902139852278
0.1932989972372512 0.07000950019450869
0.9303006185758682 0.5642467569512044
0.8327940084254868 0.9788101787891523
0.37466243402289723 0.6181062707057998
0.25536258367012965 0.36182605421514213
0.8616607280900357 0.46575063627797975
0.8122789744295846 0.06846159432773957
0.63768630114227 0.5845774538149673
0.6383506605310956 0.6216999139871144
0.9453556032374573 0.3536341147637172
0.7619951879534277 0.27778068723191973
0.29787162509889886 0.024834164734413022
0.4072361317417563 0.6535491020485826
0.6541917369627517 0.27504899890707457
0.08905237281747658 0.814525582043244
0.16349947891300665 0.3531016257317232
0.4611658947695867 0.5232553306408414
0.39955226534241817 0.8018147996150107
0.05816631855833099 0.5725126163665428
0.2966840960812067 0.8423914696162658
0.2863272864289248 0.7246757198916334
0.9209684626676649 0.4721059751318457
0.4707849200928653 0.8193958825535328
0.14126100943684317 0.35424413117453435
0.9233016219856147 0.8109047962710965
0.5387530945729893 0.9734823738192371
0.9821948303274646 0.47044467609972695
0.3128976086567776 0.2813100725231248
0.27498519453813874 0.2127577643105376
0.24610847233975597 0.3736144105427184
0.8809179175805903 0.32774103826040735
0.48426476742097524 0.08842262705786363
0.34069135200658796 0.8562130772560765
0.08819309962951705 0.23665814861594803
0.2667807852012445 0.1591231756722049
0.28379102790559707 0.425296965990809
0.7711173363036936 0.733206042546009
0.5034964976304073 0.4407565407537197
0.023545688469856607 0.39354242062409495
0.8975376367226755 0.053111691443158415
0.6522495902501977 0.21507297668689995
0.9415950748561626 0.7080635155860426
0.14063475848180507 0.13385881855600545
0.14354476507587388 0.6640360407084498
0.07725452809301236 0.7002145719625623
0.3172063408072039 0.9599035723784666
0.8563007921515591 0.9573566142887617
0.30035521051906944 0.4502214262227553
0.35885393620172823 0.14951000845343132
0.4135790422726109 0.5480662751074838
0.6096961562753365 0.3526844150064026
0.4760328449577258 0.49129993458060195
0.7513847954355886 0.315608365782293
0.32712721223246244 0.5123327366248527
0.18402734625216088 0.4693563913493626
0.39983712950393513 0.06923879017838686
0.36491346739642494 0.12435882977138157
0.24130294402298125 0.981022684651695
0.422077458376223 0.8297874284482556
0.722759738174535 0.5675808896412955
0.3637051582754507 0.762609212830144
0.8609621876571103 0.5920970643313332
0.25932133006139746 0.3927386046115455
0.19043764285399156 0.30472511453136497
0.9473324077957386 0.7542453399093614
0.7386662733148996 0.9676646511013736
0.9388227849910997 0.6711493403007616
0.034552646621728744 0.411406419798235
0.8451138915542413 0.7223213478325119
0.6256896777140402 0.3234352987974718
0.7665401504990232 0.25677433527090576
0.8088705264549509 0.17689959304229919
0.9669959248466939 0.5871542233487843
0.024253924822416062 0.8921253923218462
0.11208834690522984 0.32335571088973025
0.3379979970294633 0.5048899942983285
0.3716034697683639 0.4874940146723974
0.4412546119642964 0.7141506750515827
0.3756832570688482 0.36165559900924715
0.886888094958181 0.8482640222926912
0.9622912231848446 0.9835211030766593
0.3165917492480066 0.9453425958113437
0.5174425668310676 0.41292694090430304
0.5666642246088331 0.7454546150340038
0.008015587300388649 0.49297872797617304
0.9081092925123844 0.41457528018446
0.23113618684559079 0.5049275046124262
0.9096280881534695 0.38790552809742507
0.16991749798340572 0.615107690556461
0.09272412613080361 0.6337693576664789
0.430707493111963 0.7410338916805657
0.13553607370971643 0.5490790500141838
0.9585313885169526 0.21894663604702935
0.549716139561232 0.9266989879881105
0.9644045927418357 0.5636957020646347
0.7328475648571067 0.18705551244511454
0.07270253603302002 0.7687881846811842
0.02920619438600003 0.9266320672302872
0.3989051358298312 0.6490908624309972
0.2286278048956405 0.4190505435330947
0.3690283168739694 0.16336103059436113
0.11196530457559573 0.48968876619802937
0.25965735139400303 0.9420692694262995
0.09141616188816992 0.39984739657974555
0.9286694004959357 0.4066984977616164
0.9746067713167923 0.3856653165434527
0.2672595110772269 0.7562862846614553
0.8809532311000381 0.9840952556089098
0.19755967348480952 0.1521705705067724
0.14856856010495867 0.49914715676868604
0.9749317761310623 0.43476055832647265
0.5216112536182682 0.38887775906682953
0.35755734101670167 0.163149646554265
0.06615813737804754 0.6476249774811615
0.24058213183622557 0.4007259721408791
0.24949805730999586 0.2907257906843921
0.5901536374758851 0.21022949013985381
0.13478034866533184 0.3738609564822204
0.6908599238333648 0.8649223085540965
0.7636895399876951 0.5085153890581944
0.19310203903336287 0.24728744331520836
0.6466259462936756 0.5630092716134285
0.5138532347626581 0.24597430912369522
0.1028757894746628 0.6943975884630047
0.6703560584997679 0.26100836390850324
0.12775882614142975 0.5732111267942692
0.9054216063550506 0.4849408023665738
0.40490556967894253 0.17707632672262363
0.8958338845453322 0.09568843967227325
0.24155323977857224 0.04828695230473623
0.39507128884159703 0.822690810258
0.8913136617830204 0.8201718861001943
0.47906858168291677 0.8640047789082617
0.42460989928350257 0.5934415664460417
0.010409221023945259 0.9831506523062656
0.009442969203572016 0.3243776144644439
0.5064540072100931 0.2258191005861363
0.08680069995168904 0.03232856449533328
0.45244695431554716 0.4136259453964446
0.3468254834938975 0.9939540091452437
0.44337195088406367 0.996594733080788
0.9343519717126139 0.7957695400269966
0.8403150772341461 0.06409496424872274
0.5318771905730235 0.6625093331937217
0.7438271096565059 0.3682525374736594
0.05363532764622758 0.2118652070932847
0.9556093201343914 0.28272746466257903
0.38149362181083446 0.5759026993426746
0.48309486230712806 0.9837109849018282
0.40755260489652767 0.28216975124528587
0.7913233755780693 0.27176446764638285
0.5615779774279712 0.8326101029256388
0.16694752437280203 0.34893420973118205
0.3824468985914091 0.6887281329152046
0.3653543160210353 0.2851921067616263
0.5811482612047632 0.9599776632505459
0.653275190138165 0.5066168521686167
0.7337026234728363 0.3392335269871356
0.3499537164408797 0.061025229363583566
0.7985680552819896 0.5774332227911148
0.2004542323996521 0.6616074646770504
0.2686592661755087 0.6153905458906312
0.014435467204955588 0.8239295079979083
0.16996777491674275 0.45648735874037283
0.30833090552339915 0.7586809176620009
0.3385703046773665 0.718143744955547
0.3955135637906051 0.33948825690080064
