10 5 100 2
944 1057 816 901 819 851 1124 912 1153 941
1034 1091 835 779 987 1116 953 1151 1134 1100
1039 1095 787 1110 890 1155 793 1115 924 739
940 850 730 1102 727 1062 898 1024 927 1036
903 1075 1057 744 955 712 1036 759 830 1145
1054 820 1060 834 740 895 886 1044 964 926
1019 937 918 1051 1067 872 872 967 2124 1146
1150 1107 1004 970 982 1083 796 1805 2084 1783
1029 1011 1140 774 903 1068 874 989 1749 787
967 1103 753 726 776 848 766 926 1110 884
7 5
0 0
1 3
7 0
9 2
0.3138057864482548 0.7382943944676302 0.7420202566002069 0.4985208466027582 0.2267218555257837
0.8418052869061479 0.6858824538786413 0.7454911011376163 0.6923244690718677 0.2871984229391441
0.5917018783198305 0.41365042735145274 0.5014901392819053 0.9790793467169272 0.2797440634971273
0.8479440118015722 0.5284051946720034 0.39685778997284243 0.884966834346208 0.498817679493773
0.5339766009735507 0.40710798795610725
0.9512601936386955 0.9456030855733322
0.5383855813849212 0.627482011630174
0.8196038101313055 0.23736936433057032
0.9423099760619302 0.10025463442316496
0.09162234335878594 0.8804775498355215
0.6334491447455846 0.7679811721638377
0.825258986397831 0.35897025723443177
0.6319953130887694 0.3201835231789125
0.5112122023948162 0.7671169362248234
0.19085257135659206 0.8163967758197297
0.09687117454263072 0.5871580517780184
0.9219657618778934 0.9451776848418207
0.21920427833952427 0.70136094543704
0.10437158542590996 0.5996910942653528
0.514995471437238 0.7573411661537868
0.5172261978290298 0.7365966688289045
0.2640177252330951 0.0752687125657383
0.29578979270704364 0.03911968121119558
0.8608046282743802 0.7105246071918816
0.08810120887720396 0.8413169475137583
0.5701304676385857 0.4075130547829464
0.992141741852498 0.4013459359399909
0.3163019699805818 0.6398119858260285
0.7366958943363462 0.0620122200895421
0.09850741000393493 0.39778871019338613
0.09610284705712924 0.035798457132884653
0.6554500453868712 0.5687012358633117
0.35167758006242056 0.8219326136614369
0.4444888821093751 0.4440131414099575
0.17492325757138105 0.850623691165675
0.5198729864081035 0.8558139053002605
0.2908713784516377 0.48810090428490827
0.8945496345915054 0.7884463856599713
0.2544052408683837 0.21197997794894885
0.3135665092520157 0.5043518348471077
0.09522313748389344 0.34451890617641845
0.32662455954649006 0.4545291407729435
0.5257799295884875 0.11239608089994757
0.0018470984413605507 0.9004561352684839
0.9885898730182276 0.01119331452080119
0.9927443805455862 0.6875553715172003
0.7816009055509454 0.971748237889225
0.9088967629658051 0.06602051678947851
0.882207442920315 0.16167915596352667
0.7619567249042818 0.7606164124605188
0.9212713678719469 0.47881654799538786
0.896570021985353 0.35440763903385175
0.7094028794591898 0.005343027152942437
0.6625330095239255 0.9628896146605368
0.8892345054106545 0.4357973417588139
0.3911243079885156 0.23387283328275
0.4142294787870373 0.2987659870080077
0.399547658153399 0.4315665245666265
0.09719245297927825 0.5790127331030972
0.04252139396236321 0.7349038938699941
0.11049311139735574 0.5269910256954131
0.8520836680937802 0.9955445325160024
0.3557539267367269 0.19431947987425535
0.28558243299000896 0.3806142004414401
0.5029119231613728 0.660297278633456
0.24607933089228995 0.7318584517350561
0.02205588956739324 0.335293088311446
0.8887577358406691 0.5963007093746822
0.6997866194778486 0.8640517883977519
0.2757170032588627 0.8758593500152168
0.8355494240300219 0.3424029741505452
0.4874924820984885 0.6406068990605964
0.5297530663581786 0.9368852933518239
0.7282768717002586 0.7107428327709466
0.9241503785974243 0.9613822717232465
0.8014384629848028 0.3221104236866883
0.1281559557463594 0.6057539497193345
0.5179664376096789 0.13174925872966647
0.35927817706557263 0.0017050527273374527
0.28619119401153825 0.9070265352671958
0.36166965139605955 0.5903750483181964
0.5517885541471439 0.24728766834960103
0.9024992996650516 0.9180130121763859
0.9537511535648895 0.22061099110797966
0.5101288040315277 0.2606811741441968
0.8650076595302796 0.7099660555092604
0.6864796004218865 0.9931573506199041
0.01550359040935767 0.9146229371420815
0.2887345748567227 0.8237136513436025
0.27527731835564584 0.9534866718267492
0.7721890562369071 0.34763316325831073
0.3812813116927267 0.284145891559062
0.7965040553596523 0.06343676835430756
0.012182972568890227 0.4854164593679424
0.242769625851337 0.6757160780336977
0.07360204773222834 0.840883277758709
0.8918740667350025 0.004848261851026159
0.2758228136926042 0.8863130706170652
0.45749836598059535 0.25525025623559094
0.942625029480086 0.21606380168141293
0.3425590146129991 0.22754198864563935
0.2116646541231264 0.9616898523909427
0.29970993537088186 0.7544441717387389
0.9594773495029669 0.8018018598036718
0.6802531098242881 0.1130393938344254
0.1557027905094206 0.7907033770920382
0.7209055571151586 0.1902565514852499
0.8272296043146379 0.19059766478458373
0.9977103115042654 0.867854460732792
0.2895566394894009 0.9285773574248832
0.28424016757336035 0.9380232971275688
0.25632902661988344 0.13088714259650525
0.17955805076767706 0.402126942344488
0.04958564236649976 0.5959471013670097
0.9253536043812483 0.05285209136858415
0.371156050605451 0.2340067353306552
0.7346529865886113 0.4679876878829077
0.0716673100219487 0.35497278542472754
0.26421706425950076 0.6267721622201896
0.991489617215819 0.1663440779251386
0.3135707025015326 0.846931977234501
0.814375994478078 0.36380740734247263
0.11852670137331112 0.7597245527550831
0.26340881800729776 0.40405044506582555
0.21542310992298908 0.479942036817933
0.5170079896576465 0.0379055726400741
0.30771934125544576 0.17836795745079126
0.9949732659702901 0.5139536942041845
0.5951271932106164 0.31842678987380846
0.3329234888480017 0.05759374369343728
0.2972414531085821 0.2231635298741117
0.7913134633454659 0.4799078544508071
0.44104730067881204 0.4706016042578405
0.5597807507596118 0.31626943464073576
0.5384938951779434 0.12687028742221762
0.040190602911238216 0.44184251637934824
0.47779798799632434 0.21923451369682012
0.1496928812869549 0.6087469206614882
0.3079441074661906 0.7554832845403863
0.8334769133148103 0.01593271953056541
0.8701703854555063 0.32956283651875795
0.7188139940786618 0.20608865196564197
0.11546909589446375 0.31971865380431486
0.041786628305495066 0.3391694441404165
0.27072694405208897 0.6068001399981999
0.16701868138702447 0.7404666736932264
0.3184909124568478 0.1976058482548413
0.9890233472576189 0.004802761607707318
0.4173356620074886 0.21291959034547814
0.9237578569663627 0.8461542034646263
0.7798453536602266 0.7334476100564598
0.7448619422508023 0.14866300657078035
0.10881816226176144 0.6303893656271728
0.7625867996338918 0.17288587910969655
0.888765720947116 0.6158934754506802
0.10393083633740918 0.31761649185830043
0.9740591953925084 0.23337634949813513
0.09505476152890235 0.33226815894164274
0.3333386731983048 0.1762143414101376
0.8634473947590622 0.48510962063582586
0.673141388844491 0.08066127323569838
0.8534059654711561 0.7602859681584238
0.02158192747066945 0.2076167626922889
0.2680549112680548 0.2623698194405275
0.4266016843681326 0.17519733589155218
0.853222075896225 0.564772731009219
0.037846646097703385 0.6873303636271977
0.8818540863409761 0.5532265344680283
0.3580297198183173 0.08532867572930503
0.7790541042419887 0.14118857859012124
0.21379784171535166 0.9092631994424079
0.98802069100421 0.04711212327418646
0.18427635904932993 0.030691752059067934
0.136825036751002 0.9674668438221625
0.9612259174145716 0.07325847196746449
0.7890000653291993 0.4962678989742153
0.1399908079541783 0.752465242526285
0.45169482268045846 0.11029268099567235
0.07485918281668091 0.1872623844759902
0.8127096334853889 0.3509176268096581
0.17664738149755066 0.19591133028862373
0.10937591162372584 0.33162373316476046
0.5846510651981636 0.6427994680289646
0.755662470799179 0.760374108277674
0.3282372516052774 0.1914215042143914
0.3805676688888737 0.19514733061490497
0.6947214390396124 0.38969069710830717
0.15937165018470512 0.9045396504848209
0.8134890281337182 0.41401874591668264
0.6839357283691201 0.16489239861191018
0.826780591870022 0.8907864726390764
0.8117553342913488 0.7579700880733546
0.3812469863940606 0.6745484545269655
0.7053081044132783 0.01967885577957129
0.3699774997159877 0.7537201703117269
0.24965512019950054 0.30232027884509227
0.04286614033431002 0.6238705939171896
0.08744152591316401 0.15439306017263643
0.06622362636972601 0.23206245643932855
0.14907933743834012 0.9837128459476931
0.2437510281390305 0.8524672114920955
0.23759428899922086 0.3919642393224112
0.9745069964779058 0.11382200590346447
0.7211492757800262 0.9103447996320484
0.6644372240859493 0.35951104442248294
0.6667219012243224 0.6547434988158847
0.8775937614149345 0.16495742582215556
0.8270355407358778 0.7004067045029723
0.24600065176178476 0.8131893432894137
0.14055143900517875 0.49787714066350475
0.13471389139286827 0.9252927243992204
0.7672379311282145 0.6029504932902419
0.39349280960278743 0.8588938711531302
0.2501009467634949 0.05341522312307867
0.6242404291001189 0.2813469811538645
0.8648184749300327 0.8418256095128513
0.9248726898968613 0.18524567113569534
0.09489392706613997 0.5265974023175706
0.5988124248416622 0.12414940483936543
0.9927024463769647 0.7618954261633593
0.9569229063116915 0.988401267132121
0.05806201892400886 0.20447274321208675
0.6405943765519231 0.29886206265650905
0.03467456395238622 0.27959816616708544
0.8306867983880863 0.7605816999542723
0.8119406705197287 0.5349284832941641
0.49682920052339785 0.7443071697553132
0.2254995970399254 0.4587488452971349
0.014625213841932272 0.8384984931955612
0.3575831253129589 0.6771154667342796
0.34381251882374464 0.29386600492403714
0.5760179306740236 0.14021116450808635
0.9179774047022435 0.0827921888907619
0.722905290241918 0.028766537485864774
0.7695482381918437 0.7411980294377876
0.2714724380164979 0.2990544218899076
0.9646872247977774 0.4561492517679002
0.5232064749630121 0.46125596151904613
0.8280611772848099 0.16700033232852274
0.6659769445623336 0.17130386369379558
0.6816278527163491 0.09710240657454139
0.0029845251585980392 0.7453348949926797
0.30371734929353367 0.46559115802301765
0.4865887772791797 0.01923992294723864
0.5369476680663399 0.655683620782691
0.9036747870782771 0.521437229074234
0.7049210177502125 0.6317659964937596
0.9466422206001734 0.29121058984909576
0.4978456876471866 0.988690064573629
0.7191356793132662 0.4351062076510521
0.07606170638987053 0.6617057940208837
0.42173488394684067 0.25406919478938894
0.6681346821725866 0.9610790700408858
0.3862571805311614 0.22379977683613994
0.9361085309780888 0.7811765251932963
0.5032958038795776 0.6884852312480183
0.020069208919750947 0.9895832547315053
0.9465770863929208 0.36745476476206207
0.05064887644023974 0.5411855507257426
0.7205353616201811 0.645715960889879
0.861792162578136 0.8203139418965433
0.19515046627988553 0.27483742129471844
0.12100646425268358 0.6908824150354578
0.05047847043282472 0.6099233372017145
0.16172354507883768 0.9411843474655
0.1598135462578023 0.07800054591990513
0.5954254519601099 0.005431704258061609
0.7609411109688899 0.3399362446277503
0.7261429018899799 0.6303455028549214
0.9551570650565533 0.41339683596541166
0.03402927853226756 0.2739152417694277
0.5938074168813512 0.358367926926489
0.08409164315113293 0.9555216084587592
0.08177294563361737 0.2339926509919148
0.6271851639816595 0.677202067489842
0.8309993630929422 0.8520118772558036
0.07039306740147411 0.5349213533908355
0.28699443947113945 0.9909581872853392
0.0634570840534987 0.3271259559483113
0.6170865519412765 0.23429690329415664
0.9587755182356301 0.3095772767037306
0.3094530821011605 0.7631135596760754
0.9821847844343718 0.7987239475226835
0.2725696035178018 0.3321136997155347
0.8512014204745211 0.9861660328292601
0.407069488721713 0.461330680406846
0.9940060702504854 0.22973114305227105
0.6161893936569802 0.6070599874964204
0.6255671883273881 0.790609522491845
0.6787813824213571 0.7691748005012249
0.5161954404187938 0.9873750354150934
0.9099313195101391 0.0163892567114452
0.9880873823452472 0.4492731454845451
0.7728924786135098 0.15832212137269153
0.8820599112838037 0.8475016747985036
0.612781900148692 0.160934271512591
0.4566167342120191 0.23351108638053408
0.04128219761790475 0.14573752042627786
0.20605233343577978 0.5607666058783041
0.3359865702812881 0.9496396618263507
0.35315215637575204 0.12450366601683016
0.6799348126475293 0.7930903181090281
0.1750203829611876 0.22011000824670313
0.5682269239334703 0.7413071476742334
0.20135252383260993 0.17525113861786656
0.9380003337304603 0.05399044835076494
0.2667146824088513 0.028184401457528763
0.7249899819426029 0.035103411258205375
0.5328731588583702 0.3228894816760657
0.4004482215013434 0.7798706048506778
0.9604688783814697 0.4691343283111713
0.4936859445923698 0.1720035459370437
0.39648436456280267 0.20363693611937617
0.14705485266001705 0.6955495353135839
0.10136764512455354 0.17969199025693738
0.5384086616723593 0.448205240794038
0.0697858587425455 0.7600650161773832
0.18340699780008207 0.37333288596376546
0.09999023484818803 0.4059659686518673
0.022749884674151843 0.19131816117398537
0.6150598951156534 0.0876436402084011
0.0593466848160622 0.29682533761938723
0.9270007089730199 0.14941590076512523
0.4324111022981294 0.899092115639017
0.17962087458952047 0.1497712981068049
0.1232681493740928 0.9775775662182913
0.3432152578606591 0.044152520879471524
0.4688416159478026 0.599177951615125
0.5572319218387536 0.8469786504298427
0.026802598609938277 0.028949712280695206
0.19868099789146454 0.14483151713455866
0.8965581674289125 0.0832147782735726
0.7735088171701412 0.09924934197152879
0.9329270556669675 0.3649985498631094
0.11967345640848825 0.4066590999863533
0.9974668112606913 0.9901693043931055
0.39549348268994455 0.09463305911575559
0.4338020017829667 0.0920887675923101
0.059394354295331686 0.7747774750412539
0.3423680796144364 0.9622146482165128
0.4603736767354596 0.9550191508957282
0.7656932670672023 0.4183231360871471
0.12910434997964515 0.029806499989781576
0.42958648932651733 0.6348756752938585
0.5099267455065453 0.8241994019798249
0.40755781184141116 0.5641925901909928
0.6078419376367328 0.9692837679031419
0.4452043433267838 0.5793032606857547
0.7951137542729989 0.8385538582003131
0.8843898179963223 0.7901701250341522
0.20472820550065562 0.6578863478239978
0.2855486249792982 0.9846251239556887
0.8793178351060309 0.9989493437722228
0.7098593511578395 0.31270440333259675
0.9961367527535965 0.8055262546711497
0.5163983888959014 0.17037826439656922
0.30794932127034214 0.5477903552897625
0.22181957580532274 0.8830535610525689
0.9352791849958346 0.4563551324261803
0.5411389434397254 0.9833932044474254
0.042973751776953506 0.7479707663160136
0.11806188116997829 0.22343124913743417
0.8128741782155187 0.9583354445935828
0.9200576507520739 0.9181465023329203
0.4280959697422031 0.5981451933446225
0.2910555736257969 0.02968150737615871
0.3530011554429322 0.4254280323101143
0.06690418106447593 0.5677636410856421
0.788833879817098 0.09919531679338145
0.4625725272110057 0.4678081658083295
0.12237280497955827 0.136398485309136
0.7240591822761906 0.5247333836487937
0.004049855416236037 0.39054557353764974
0.6426040703203622 0.6010691347241024
0.777719864766248 0.5477182809713532
0.31135949256153506 0.8552191429474261
0.2972907164540195 0.9641689629939663
0.6489365914167546 0.9816273279715546
0.8210046736311125 0.11561332158044424
0.8685673929859627 0.4299908277841007
0.12996683273126353 0.03575096652149834
0.7067995675189103 0.9665155447779392
0.5871215300452604 0.8821597762343707
0.8206537044258577 0.08825254275706174
0.18058606572860114 0.41412538801538545
0.9506075412587096 0.7538790144820133
0.891813842951402 0.34954942207546047
0.9987998159456339 0.6859492868696
0.08597654518754183 0.30418808192816504
0.2727631716476524 0.5063604939797188
0.17839972780448532 0.11332374538983259
0.3505374065555953 0.38192134260960064
0.7653490970144943 0.7209440616488492
0.39437112782679185 0.9149238756880376
0.27060934299967365 0.15214790822768642
0.1343449414270912 0.3095106756316932
0.8699181259872948 0.8260881534916329
0.9382301468530829 0.0898362635647878
0.5748159360790912 0.8952489934374501
0.1823364382563215 0.2401357949311338
0.35620880941153965 0.8753907419960543
0.8936191940126128 0.8693380498950198
0.6736235267584947 0.5108913609838324
0.3296493018975788 0.24983007723588346
