10 2 100 3
1237 465 994 518 1222 454 1614 847 450 583
963 1248 756 1609 377 782 1351 719 1082 425
391 1118 1462 852 557 372 786 401 659 910
1455 1725 2030 839 665 1409 1400 1061 1378 598
908 2411 3010 3223 489 1104 762 480 524 730
630 400 1920 393 1438 1690 1137 1361 916 1138
1050 1344 425 656 1208 1067 389 959 1794 649
426 752 922 682 460 1299 399 1430 940 430
797 1059 631 513 1792 877 1824 689 347 1301
909 579 1269 575 1041 1565 990 462 1551 1520
8 8
6 0
0.9494697936695928 0.3660666394751657 0.5312283893587226 0.856038784818087 0.25140253764514153
0.6787319521091841 0.5922957003595561
0.4199936510482132 0.6985579907427952
0.5185069428193585 0.762158571938311
0.1322845905894996 0.9886036933136151
0.3647929908517351 0.19581297503798334
0.8685064415915371 0.9209420379374744
0.6761382701404226 0.4927605276068694
0.4538601688858672 0.7329135830879112
0.08671110623934886 0.8297416289478088
0.8691114583802839 0.35156790907042423
0.459033594275414 0.9168315669980813
0.40378989800734 0.2885285294644333
0.6064507401188017 0.949204411301777
0.8979505662034466 0.3898640299564067
0.43512806955710026 0.46303843346854134
0.22803925884421306 0.711420190357777
0.3052351368247732 0.6545642592638623
0.04900055482540333 0.013920654496017981
0.4666288298371508 0.2652432745224531
0.8364836104000466 0.563783822925187
0.5029820100292179 0.4427655151329568
0.33999742419218126 0.23614907821637932
0.38527071974116245 0.4302342306546951
0.3971215668213357 0.2277212840126812
0.9592772253069863 0.6002581783861236
0.3749607524833882 0.24796053459357914
0.31905725778392524 0.5152195551971634
0.5480727419401605 0.8863299023030371
0.07026965783331285 0.7146161116679692
0.7622582381089655 0.7929012180609321
0.25094721166029577 0.5343744640190122
0.7131321544985616 0.409344365394398
0.7423161219538865 0.4870996868261941
0.011723723476343872 0.08379400842933027
0.5443474697903701 0.0116503828814003
0.9782575353002991 0.6135720806388161
0.29312075487377 0.19098123006024093
0.5690872935683735 0.8439691249582464
0.536589299114719 0.55866649593202
0.6579803726279632 0.3460380027641521
0.16860868071299784 0.08312038286828183
0.23327962128440682 0.978014163848081
0.8815377252686936 0.9982984922304701
0.6189868552051847 0.7907561996453005
0.7708964798864382 0.4991659535839039
0.9330282370361773 0.45141715734828547
0.8341077215942692 0.33465935931820634
0.2231688591333827 0.20171628674018227
0.2637978844087723 0.8642887369725667
0.7076727058448025 0.18737008908938035
0.2701216695152022 0.9868138614717388
0.6837864411747105 0.24605330564376016
0.050828611639370136 0.21978630950471434
0.4022217925603697 0.17604270704433533
0.3111662813149323 0.30886444567022053
0.09170485554223995 0.744732653894111
0.4111037650984515 0.08345082137553361
0.7604828661007434 0.7320810508172197
0.0835773919584768 0.019186449680422157
0.5921516944014089 0.2580411720630651
0.4825627094489986 0.5599755840463849
0.6631547501445352 0.3725060265122304
0.9338553937598304 0.6387357170210273
0.04499622708647877 0.9873976308867365
0.42229013564623763 0.21964035988035824
0.2620636879458891 0.8525679718175838
0.2392848105077432 0.23588690683856472
0.5758533559451651 0.44572430422959375
0.6311005304836643 0.340072409274486
0.9494953318430885 0.015164133368112065
0.8118268424172717 0.23723859363394095
0.9463366478080026 0.12408521497557756
0.40148727442307797 0.14550108466241363
0.41646973937689613 0.9099755895257602
0.6497546842491291 0.6222916051058007
0.4380286619165521 0.20679478036407528
0.9128793578265229 0.26927291096065775
0.64265175746523 0.5873956568575742
0.43650919168057833 0.7306844141518662
0.10220647422921836 0.14791463297928242
0.6637643253826566 0.3544617349338073
0.519396804842083 0.9937491431692109
0.8711838437266148 0.9370642475667876
0.5717845356794282 0.26467378144420883
0.5026474595088344 0.0005022273627117713
0.288635062509069 0.5277627799417481
0.47875608924461854 0.511075215257426
0.6636751750180521 0.5720259564231007
0.8418565209456692 0.4406471589640777
0.2374969508218936 0.18399997715877459
0.3055755979827175 0.5989649040402902
0.9455094940528315 0.26604171467926885
0.03376865120389638 0.22869918307708037
0.8757008136847155 0.2134855818557233
0.026936464571071905 0.8578881440010855
0.11584483140187674 0.41177159844950606
0.3542857460262041 0.3351026165435349
0.40684046398963636 0.5507461352089735
0.7224425291986636 0.17544149714676882
0.4834088802063856 0.3406121189643867
