10 3 100 5
687 1015 900 818 721 1798 1013 1367 1920 1952
540 645 815 615 1318 1606 1561 1264 1745 1890
531 926 979 1231 1329 1330 1617 1964 1237 1580
928 1017 1516 1177 1178 1713 1324 1415 1407 1213
948 527 1042 1212 1609 1426 1305 1275 885 931
685 941 775 573 1588 1617 1591 923 1090 1131
547 547 686 1018 1084 1117 705 699 792 618
548 540 532 1045 884 534 590 566 975 770
527 448 474 610 581 483 653 550 537 956
956 565 698 991 840 883 483 899 642 551
1 1
3 9
8 1
0.4300295747000351 0.6286840078632963 0.9395264108829771 0.6529689127920166 0.43993004434120664
0.47776782710162924 0.4175550417325553 0.46828428681601897 0.9444981353981774 0.41160925017595174
0.03065128871588696 0.1462437407989654
0.7179394617811525 0.2764556868597865
0.20761488554967777 0.43243059074245216
0.7716168458287938 0.3469032428256318
0.3872190446710013 0.23822004287148113
0.7061661257856331 0.6570850893963962
0.4659991180005676 0.060816645105367995
0.712141717163586 0.19046150396866546
0.14764396564720794 0.7721257238202675
0.362515356845976 0.1005420033766724
0.828144825027443 0.7979324653102902
0.7854065944879314 0.5353528916251651
0.42812538590421534 0.47618416812398046
0.026200451364364774 0.9693383976793264
0.6507798195466918 0.752956537208491
0.2204674425773403 0.6276578932710195
0.6751533834354655 0.07892042855210657
0.7541812025395107 0.6903699471736049
0.8055424235466855 0.061487684263429765
0.2738548825195286 0.2799344882622339
0.4434507931786096 0.3333208979320257
0.11012407378008815 0.9426317013970917
0.20986116530972398 0.14680276553106086
0.7667357300559878 0.34144799866039155
0.9149644052532386 0.365431913224763
0.6174800719829057 0.8615515561669882
0.9015489323187944 0.4901887518682495
0.3636377267252313 0.11994268150293363
0.7465478873453979 0.7376922413254312
0.6402701934178914 0.2949092204208974
0.10584507451624203 0.5811955759744489
0.9438236909515358 0.48390868332015846
0.777452081993349 0.08554799491874165
0.11033296227652545 0.7513804912087236
0.7984154793974416 0.8840823488995575
0.7108197270557823 0.06378646129445054
0.20829058805099088 0.5848693244948118
0.7479821457720406 0.14462259681999545
0.742150971540243 0.10933188499183477
0.1377525847058132 0.6879830121383008
0.8343656406029547 0.13365022367781543
0.4968956323742224 0.6408323979381254
0.828331914979872 0.6561850599750922
0.14149933579529073 0.7641928483400289
0.7841593764065928 0.8868045065881347
0.007407138455373108 0.9609520317670222
0.37859583151317233 0.22569848985425667
0.6600767871423296 0.6718642022277148
0.2506270559210457 0.8696177164807577
0.300210427766884 0.32817548976636446
0.7316156726276215 0.5130074729643113
0.4619384014861807 0.9357738198815246
0.720478894034819 0.4165195338017713
0.010359920682346813 0.8049502636289774
0.6161634606261785 0.388375015805565
0.02624513094577474 0.0823908004826217
0.7947575013155992 0.9764162355018111
0.6961329514024504 0.13281999922499121
0.29791820437310323 0.08217424677018603
0.32942167336051753 0.34887639101984114
0.045018409794647773 0.21199459044319924
0.8709501448642245 0.6096568756488967
0.39124334059842836 0.4165426888328059
0.6922800663769133 0.9428607640141333
0.6356649028876635 0.2720042421469888
0.7888467425530297 0.6718582538406637
0.5925698056029443 0.8605450810587165
0.719570328491373 0.7891761912297426
0.9320225361787502 0.9682151852130236
0.7135621312371536 0.6600923264121774
0.2038246285130516 0.34064331997127817
0.10958286950492901 0.1992378080597461
0.4127954656013535 0.6202061359132867
0.2679563975823518 0.26874367587427317
0.3379138304901017 0.05410638058566142
0.46536711590711866 0.044044580649327925
0.07810696428103725 0.9154267267158986
0.9120458028544038 0.6452139904053145
0.9568190225036155 0.694046618333374
0.6327951723966942 0.35281454421341074
0.11993670440520643 0.866030625493527
0.9673738156279694 0.32123437959884504
0.9815551907787228 0.22153569725874478
0.6158174299546786 0.4715110414492769
0.3869746598526578 0.597627491524386
0.5382169691346337 0.7873336135050888
0.6345172273624944 0.37021361439386835
0.7078306785358166 0.3484709853959691
0.7442926322803638 0.816313685954575
0.6213071866013653 0.49598304598386656
0.3046476269048326 0.6987176912847493
0.4823745291427406 0.07295071004364573
0.5436017989687458 0.010907414149339267
0.02716605529392968 0.7367571843229495
0.8084862498723706 0.6758103007074423
0.22158558105157988 0.10749096475506259
0.5353235747256979 0.14250819537716586
0.46824841167669673 0.3681526582151837
0.5370603797934899 0.4527184259642201
0.4497235095326011 0.2183560892101446
0.2505094815343061 0.7043524438101387
0.8315271890250662 0.5066388310910963
0.8354046947729472 0.18448796286024138
0.28918380311242986 0.45289195441084495
0.8412024313236224 0.43735206527730885
0.5728541566962149 0.3147718973686504
0.09475487664840654 0.5737771739554625
0.4597584448138572 0.9768980626862669
0.059876756955178356 0.18989635279682715
0.4652056251242018 0.3933934622841093
0.615994638266872 0.6766514534824264
0.2942966900900552 0.17709543670172767
0.22883433698481115 0.47596189963121827
0.6797076310267622 0.5829118788897458
0.3277985810938375 0.6878514490597067
0.021950509742677538 0.8387346798571624
0.47824810469760926 0.8614661364984568
0.6366199397548715 0.027856664172660972
0.2037771663001553 0.2442601273695808
0.077066911080236 0.2027326891822121
0.4500812076012677 0.5812511205907638
0.20280500345505548 0.14380885171857183
0.6325974444835067 0.33599416532658166
0.49716828253721035 0.7096324007293902
0.3359640150954182 0.5380238127626107
0.6805976617017762 0.9703421639516407
0.8297181123804467 0.6902380554175189
0.14564364844203093 0.4835609950013109
0.6675255203759138 0.4205842722354791
0.08337788665872203 0.4422834098999828
0.5456499541975621 0.44821718520448384
0.9320594540498237 0.31372647025473666
0.10313354625569282 0.3361579811330915
0.5481670009865895 0.3687113063493985
0.6800835864910157 0.9111434601518846
0.597605786070543 0.25151292328335284
0.7686367910672574 0.4713820934682016
0.3417318090448178 0.3688226765252449
0.9049274220398453 0.75663019383419
0.7506030535561596 0.597247752140813
0.4156488703903376 0.46661582247002964
0.8245381676935013 0.7664305421957756
0.2626333325472303 0.4418509395561143
0.5911779589171164 0.8520067494229022
0.5004693146903598 0.9627353182468985
0.22437306988738293 0.6849082121554038
0.41086864341021334 0.48344364811978546
0.49305889244501766 0.06875959006093457
0.3857239841839517 0.7421522993847571
0.48902285659875244 0.933602026125689
0.18887820732682425 0.4312106559137303
0.418433724693658 0.12634315339974278
0.8703334818584012 0.21055416762213475
0.4120984127976757 0.13246688784367233
0.775502832729895 0.5330665725574903
0.2761967929088578 0.7539506339801259
0.9391149979347384 0.6503627730560806
0.07157579281978288 0.3036166493804844
0.5952325349250385 0.5343656098113354
0.6227931109682725 0.817334103563693
0.5255653139395557 0.6341609159454422
0.42172845498260814 0.39270533795010576
0.12861196523853713 0.2475783568974368
0.6065336019731782 0.653882651438223
0.6157950379571386 0.9828559925040026
0.6284561859514604 0.8569101918779307
0.8461542050430553 0.40708137870551875
0.19286269815265356 0.8200366848495828
0.9684395672109394 0.4551066817636984
0.9717782237814074 0.09785909926413905
0.43045001239167546 0.8696501630282345
0.448154391793518 0.5237558622903467
0.5994700291534945 0.6122245566802558
0.901510670959518 0.5744089658333256
0.192744726325768 0.553484924609259
0.9858148521068264 0.41636299971354385
0.6663206550060663 0.6868122498892568
0.7354567041197471 0.04772551792688495
0.6369429083738973 0.5388082105504752
0.7518859038525494 0.8253690768975592
0.7172133521386936 0.43523322621472404
0.49724942847358555 0.2529135852242297
0.0075456356010077386 0.06446971590089756
0.7765180538389815 0.0660989101117071
0.4722254839461548 0.008608078959627452
0.036625121531783655 0.5947038100653408
0.1669294407075801 0.08047456062876868
0.06842355292105395 0.5133899612208672
0.9411211278442992 0.30750354745251296
0.398174745467359 0.18785432513920064
0.8573038237112571 0.3578941874061725
0.4904113457181143 0.8846358525395157
0.020234071772025075 0.5043920376356366
0.561922016169462 0.9403722298242825
0.5463839588492707 0.24619420516943924
0.36378310263901414 0.12042796751951879
0.9520108988899003 0.365267566656692
0.1725293122261462 0.8397235244751804
0.4683494236086927 0.6950407159967396
0.6722762640869713 0.9929194204651977
