10 8 100 4
449 662 453 447 645 847 332 444 720 610
477 717 738 565 942 1063 958 347 457 514
485 533 754 496 637 1198 359 680 562 590
470 872 914 678 567 554 807 418 684 511
543 919 782 966 993 615 903 818 411 625
802 1156 1352 1483 1264 1269 892 844 598 544
1160 1275 1632 1821 1738 1516 998 667 457 608
1458 1899 2251 2283 1917 1577 1175 897 716 596
1235 1886 2293 2465 2436 1727 1553 882 527 802
1256 1831 2171 2078 2113 1631 1366 838 791 543
6 8
0 1
6 7
3 7
4 7
0 0
5 4
8 6
0.8494516305760123 0.4152394967547832 0.3753559529886837 0.30660673360121793 0.19326457032407918
0.798507236063436 0.8028262163179058 0.7094728775747066 0.6184331553641654 0.29928571992695585
0.3307457494480949 0.9391025430369291 0.6813910489874304 0.7628465731043379 0.3916213531711108
0.9486236580715302 0.3051735192680724 0.5339842079625312 0.9269675444876218 0.33221999047796535
0.7203093287708162 0.6462793640963653 0.8977790364779286 0.33903177817978114 0.3629214350334359
0.9323057378166602 0.8392734691789883 0.49806438474003545 0.3990227404049756 0.1367085487462023
0.6316041809112385 0.6797723504779466 0.8078702571815191 0.3647167316943847 0.4909780599264715
0.2121790162405217 0.0062970681712601895
0.5758643075768732 0.40604672079821924
0.1444246062796415 0.7647660883733811
0.8438374664220107 0.9428637153597268
0.6023386812986549 0.5590582391748518
0.2803850219274351 0.857896568714021
0.6261895840631195 0.3416834993707527
0.006546824362687165 0.6717040865685766
0.5189764966557191 0.735284727853309
0.4981094647358191 0.14065959830970498
0.3627900542988911 0.6257932992749355
0.5544531738553373 0.24464443486633414
0.0058327236115400805 0.3689901619078373
0.3546180075288061 0.938627949228211
0.3834266108702753 0.8095067331720542
0.7159790837698075 0.1826484402264048
0.6274414116369955 0.7132008100191658
0.6520799580444268 0.015767594339482827
0.24679592901563274 0.9124390038619916
0.5900035025544266 0.5598468632105809
0.9574418013578918 0.9345598926332976
0.11852602936976875 0.7593845925915126
0.42951600369741993 0.8728699383994161
0.5783585813660885 0.07439721040702674
0.691972804819921 0.23984866164242846
0.8401035057543393 0.37698836310929695
0.3546362692450564 0.29845109898146105
0.3637346914787174 0.26100678000360267
0.21745350805659558 0.7883561623290407
0.16329038752152414 0.8453287832772105
0.07699626954099625 0.39799245597878863
0.9424826856227595 0.6721160281860716
0.49309496708904166 0.26217083746858916
0.028040935437275483 0.16867547070278244
0.17237493512603574 0.5194634385661652
0.9459163063626261 0.33709659615996146
0.8392982182855053 0.9478441440106993
0.09474228053314238 0.4191882355710195
0.93866452170536 0.8483257174356613
0.40818151310630935 0.10012812532718174
0.6043731508934411 0.7644107912723033
0.5500069076795187 0.25335312515090846
0.9598476448743747 0.4965214997842504
0.39129462790061664 0.03822675755861393
0.2118171398907438 0.7398130446468296
0.06675170870956992 0.9773453229452698
0.9295872027467749 0.741276392729149
0.1958495205064148 0.12362059114397228
0.9090486801412212 0.8668440126179306
0.25085325418465043 0.3947111638789864
0.0716084329382165 0.8402681254505668
0.5741372419586728 0.9516481401197134
0.017403281137279736 0.48578708363997136
0.45167528897756326 0.8626227933381576
0.7881772999024821 0.9506258875855027
0.6670783914768925 0.731557141077577
0.3964792573213052 0.511223197761216
0.4969554882128977 0.13328717390189082
0.5408677013793743 0.7963984504163908
0.558804404733716 0.787958120140569
0.39155453338870005 0.31418051337812125
0.8951129614213316 0.4332390233513179
0.9133851507411366 0.024844497300291257
0.3588004260809843 0.5610626176872355
0.40330429111023336 0.5290478095274007
0.5746841629661201 0.6214287195083223
0.09142925740323449 0.2803230650006827
0.6725560784605114 0.2517599713164702
0.10358105523355454 0.4640963853448956
0.38067083618797737 0.24353075885649011
0.06313616780596498 0.2365646514816495
0.7448088709814036 0.46980271977910615
0.25462221696119025 0.6727498661198898
0.7743330690937831 0.7044739445787609
0.6917926151891327 0.553741204435922
0.9949714167931907 0.15241447354301574
0.013830445551801018 0.7206537095947048
0.0754023145999072 0.29131724050700303
0.9882407191793832 0.09114407604211983
0.6348069400426304 0.31208705141661097
0.1823215500373112 0.9786150307519443
0.5178931860060343 0.9341182594956672
0.8477298205886477 0.7836765105597221
0.8124648203243565 0.48146663074775464
0.6866408214219737 0.9564621496227079
0.34820939123791494 0.5773230858922072
0.8985180629440914 0.2980693894365629
0.025116594638995737 0.47433463758466776
0.6974520599158374 0.7997473997922431
0.8821761917174118 0.42237965100418795
0.25922567513743444 0.27847660809598684
0.07186943324838935 0.020563016075054952
0.6274453417521986 0.42631962050488603
0.07459155791869776 0.9428277668880807
0.21464946056848455 0.2614019172207418
0.3125765216419678 0.27221613628533303
0.46959925935870706 0.4594746069125786
0.4065712801302881 0.22048989217320059
0.6854821499400066 0.17620717084831417
0.5616936105899337 0.4166915447519528
0.6843810632217393 0.10002149000695115
0.43709633998096886 0.8600828693053775
0.2768008569207687 0.5733815054512825
0.6424922237554305 0.7370744249305183
0.20506506618774023 0.8301282184320804
0.8409554792731395 0.37128357322923655
0.9628124796690549 0.35402405340261756
0.9093056346957868 0.6313635074166888
0.7467579130122908 0.6612613506499854
0.7455460008732093 0.9442133520620832
0.9424881909257443 0.37528634735312316
0.5359106297339877 0.7483357149149592
0.3730819652202688 0.29533615866900575
0.10059673465130214 0.30257792068300615
0.8096917713531819 0.02486712714900019
0.954158949032536 0.3817253416258959
0.8463818668490486 0.8804613698765946
0.8483260276977809 0.48353418266448345
0.2792735686350878 0.9669636813510374
0.5012404936437915 0.7227196668490956
0.5540247554615245 0.6946773925771059
0.9831983843080663 0.19065993349898758
0.312864653568923 0.7053263821698117
0.7620305213372662 0.8948114183005238
0.060561792671356196 0.2898012373734029
0.7679246144604517 0.5608415747088786
0.1868502116179851 0.8875756215129187
0.460826498751002 0.2801443710899112
0.34589925954236245 0.4686738253624618
0.877757452504077 0.9666481568133234
0.3224407814159329 0.16365179429833665
0.6997755968323216 0.17775670210354422
0.3912803246661143 0.9000133374661063
0.20552047618120395 0.3806999120450192
0.03707629005505342 0.5655965739128483
0.5235473732254752 0.877371029238776
0.21911761450286282 0.1382848592419239
0.2278362172309787 0.1807897097251996
0.15673065882806902 0.5684274955299651
0.8963377526130716 0.4134087922643792
0.6912929956428391 0.8318943110093171
0.6797432088988984 0.09849239002607524
0.7315170786569931 0.4413467459523006
0.510803135793644 0.9374907412168783
0.14461404214529372 0.0596128927803794
0.06086364981531056 0.14513701368463527
0.4613754339416083 0.9249978764411462
0.012541228355434697 0.7183699860880508
0.10647729582756593 0.3766611289724644
0.8293266848268597 0.09938196605081417
0.2135157761740596 0.8074542792277337
0.2967522793894595 0.01518058159488933
0.042082330247906086 0.799073260240478
0.49053971525822937 0.17378538368485286
0.19411238946734444 0.8568919592991686
0.27665118695633084 0.9919453114081034
0.279577023485444 0.24656536778522908
0.48568623054973803 0.9847990315561499
0.7417064486970406 0.8969554075719273
0.11918602959767632 0.38695530865223104
0.11242574241439396 0.21612548203220516
0.5391347067163514 0.8366452734584073
0.8553098791469822 0.6219912363605689
0.8604885174818222 0.2537247567456391
0.5087213646579483 0.2273465704277402
0.19566151891300643 0.8642744242454938
0.9018642085875488 0.1087429735244212
0.9773695812507699 0.3297745781986041
0.8210788866059759 0.6630453592122918
0.8650972412449289 0.07529503619861333
0.6095370871587953 0.805283946207846
0.4642921547258083 0.22472077054157746
0.4629275948703684 0.07481367115617887
0.815615362715379 0.11947069449773506
0.8945308552825519 0.5226665271704818
0.9864199537575011 0.44186141144907864
0.6949127374802153 0.5454736033021708
0.2723138793967106 0.8727297154175477
0.050460849064178914 0.7405614202709214
0.30917701571979594 0.8182311916460927
0.23887692674333882 0.3840160403040085
0.4729511795216297 0.8337374229979748
0.003015769385959821 0.5808993075879512
0.5133424775253017 0.8701207647201756
0.8491685898990764 0.01726703959866982
0.04333714933528032 0.9173352550619864
0.21212332239721476 0.22073897253466224
0.5659573258885391 0.9487956614025514
0.3193535392777962 0.4486027303962741
0.9014973773457218 0.28372759725462915
0.43191874319332335 0.04309172268671935
0.1036862038439672 0.23303458078302453
0.5337205436522756 0.1048745688145194
0.9975334951610622 0.05218518523707294
0.46479966773746195 0.19924099036961063
0.9078794338843972 0.7476291880793895
0.0568344456025367 0.8697051985860842
0.16616844593673963 0.5023469574695505
0.9524295407612529 0.6123124654591598
0.7450621165512226 0.9910128833574601
0.49041918966265174 0.5467707195887239
0.7593727418906497 0.07443085573729524
0.8190012690241126 0.5722163651414232
0.5848341246891937 0.10646236558365918
0.5431409876502336 0.33614531936852954
0.5028049374446855 0.94988594021015
0.8713688732094123 0.23871161281868747
0.13647163480911106 0.7587330607620224
0.7802419320409761 0.19927246569592372
0.327166513893826 0.752779954148536
0.8799193530300595 0.2654696416069844
0.7754326706687764 0.2747879091964569
0.5319053871721116 0.6141032400724462
0.7053675349503461 0.2276060115981775
0.5305800151886422 0.7999783665223945
0.072990313312705 0.5341618392109868
0.199853479289839 0.983388742866049
0.1231103412574488 0.027661280333223015
0.9346909173654054 0.30240141012986865
0.14100712564913787 0.45642281595173007
0.3275166399536207 0.6039713574227512
0.5064329031114261 0.18557326017073006
0.9240471688152598 0.49570138597212954
0.5826990883547569 0.7172104253987135
0.4162457106619821 0.7201570907327557
0.3917811272609302 0.4093133426514546
0.9220504840803434 0.5805452632466883
0.24263362524308607 0.7852181535535327
0.8742531345089879 0.11612558918053639
0.6063730656314132 0.9264537030975097
0.6969744374917959 0.5080472795001494
0.6013759690030052 0.2592468819364955
0.18580152628427804 0.2666093314772138
0.5621081229386742 0.29132643723871365
0.7085758309905195 0.10771482434463908
0.9623112736996982 0.07227467133577137
0.4332574237177875 0.4575463650380811
0.916632453085467 0.7684533620214047
0.1703676960132683 0.8893697778550063
0.3316554854641227 0.672980001165622
0.032456684318211027 0.18558415598090305
0.7607567343419686 0.9133238096787211
0.5424962675782334 0.21962802178814522
0.9613013206103815 0.15602626888607452
0.5105481046854743 0.401862927963452
0.9611410111288814 0.060461527429396256
0.6102093308143026 0.437611485560935
0.6492988699018702 0.3421319328414725
0.18359526821990624 0.022661493634346774
0.1855589150052579 0.4761883794982822
0.44493345671770435 0.7647894179539005
0.7410565668252109 0.7765703775234967
0.8463803617752992 0.9701905468378049
0.8067605226617902 0.7514289277924182
0.2834662008546782 0.11108013507409353
0.6772622247903819 0.5872725133081673
0.30763979924765894 0.110046612053599
0.6251717567867092 0.8369585714564536
0.6275292243804118 0.7679485169600173
0.5093586448840028 0.2997858415619481
0.027292994638272283 0.4937463990168678
0.6608514672117556 0.3469822606996076
0.7860094953078056 0.9577443113621922
0.9719644327981494 0.6636969045850236
0.21106360961588155 0.7573740661909698
0.9881404047368683 0.7186460813888664
0.7454167650810579 0.8844860805150154
0.4390599826689592 0.564072026731455
0.3072175396077139 0.06416709488422345
0.5719400218672923 0.9286292095534479
0.31529991430960336 0.5323670982762871
0.4596707262810755 0.677009591512582
0.9997979278930507 0.7368292629555764
0.3300582561634864 0.816362473680736
0.6240967328592426 0.35295167075748934
0.8922775992855656 0.8295266898495706
0.9786078789567281 0.4565789083368803
0.6085087382311303 0.7800608168467553
0.5785712938907812 0.38273337537765695
0.1335300304508078 0.9095450641449856
0.2615707312034856 0.35547242838915727
0.6271646714627055 0.22127426275746598
0.6280100292956041 0.8883534582280719
0.07953428996721179 0.9686112324980409
0.37311212573324704 0.2818731964999286
0.7246656758725851 0.08659359195567795
0.9743809315002145 0.9828140627365609
0.47077517711206984 0.44709958901570435
0.4626063744278759 0.7169252509140538
0.08977881894333284 0.9419392752988898
0.7506044118443853 0.2589643926960241
0.42651055871399657 0.5420460085171173
0.981053999946208 0.6890988895630219
0.33262519451252737 0.5060515885521464
0.6346888568237072 0.500350409451767
0.8705880930760246 0.13896709249696948
0.8630008112340875 0.8291609892309975
0.6608144195778234 0.4764248641372224
0.898003230635416 0.3339643278627671
0.5895319580070542 0.6117001531801167
0.7550403864498998 0.6396872857212379
0.4483394962275742 0.0581211375063404
0.6954685490910719 0.6665483407222306
0.41698704697353617 0.5652783819946217
0.8760477689538537 0.9204833170809936
0.5519850272980102 0.7809414238569807
0.3502813061676653 0.8608707984911794
0.9797540190246328 0.7846673091352523
0.8059414798617468 0.5919353568378731
0.6455408090877044 0.6918777340729292
0.5429097967460248 0.9640948470994204
0.7870712934575181 0.08587827176222906
0.6974068896848458 0.6599610659393729
0.42261180163004153 0.15610897987985428
0.7019101155383007 0.5143400222792371
0.7731579084411246 0.023855991452785608
0.6327259693104983 0.08338790476903779
0.6318988489115855 0.14430112359614222
0.8445254284394557 0.7084723366095005
0.4475211785136102 0.8982800515689593
0.47444950261538743 0.4347402576588544
0.011426779066585846 0.38923495955710274
0.6826706597834655 0.05597485421445181
0.5006618046532267 0.7448263236509483
0.5108055638331346 0.9723807588406961
0.7868958111127498 0.3053614487629708
0.12811863068142948 0.1394251173163692
0.0021555415851810533 0.2524629526424029
0.9265675776697047 0.8855231847272558
0.0846202316865261 0.4462987388230113
0.42712464591495025 0.34900869248440114
0.4337747365237099 0.4067403258719655
0.5620446778833634 0.9424514250290557
0.5032741768967319 0.4679972703230244
0.8636766231551691 0.2786948216444465
0.907240982909993 0.4685155024328358
0.6981823942438818 0.24325494506943302
0.34624446275434084 0.37597879812612844
0.6798513041477654 0.8836012583003026
0.9858013765418698 0.650955201163558
0.3526933711599449 0.2795840954931106
0.1352153489328558 0.43864244809052755
0.295925603558012 0.14605527426804166
0.6429620128436122 0.2708341212209395
0.6492453830278033 0.6930266705131864
0.29675414010054557 0.9217532393793024
0.5840709938610942 0.47809419252757124
0.05123771372065833 0.22298460603210724
0.20248426780832451 0.45935330646690997
0.5263869195175672 0.1448089508835999
0.4069279915785624 0.9859595035220088
0.5535858862762135 0.039989903881312516
0.5143253972131363 0.030372888120192565
0.6828397248892895 0.4244563394436853
0.7187856097078738 0.3996243998055362
0.804708468673514 0.9036768286584009
0.43189437152207666 0.2811389629079555
0.44178742735102516 0.3812027730891847
0.619974740997115 0.26982526130757223
0.8654839844097271 0.09599674938052227
0.17927801950904643 0.8311563235473123
0.4243138593652507 0.8452152327981997
0.6857128697394606 0.5614923710790782
0.2121674955888695 0.9695034310166644
0.1524642930297495 0.7032954664801716
0.1573606051418781 0.9167023025422449
0.3475576926010411 0.3645013812016973
0.4516474060673725 0.6307906730574329
0.605768979852261 0.4126925784040034
0.21158972894775574 0.3959938842155186
0.21151470917785709 0.6418402669367875
0.4074194823462649 0.9215600448743697
0.8127204951936753 0.932717418185874
0.4078936930626236 0.7814338800494438
0.04258052868621487 0.7668574783313811
0.5790131212456517 0.667575257885773
0.48404276743148356 0.32699830750494585
0.0793569867554551 0.6870593741586242
0.9750028611713464 0.20065987313768563
0.32773061106697843 0.32928510804087274
0.32415090903328436 0.5357210688991234
0.964424964402633 0.9982593132616404
0.28200758606052956 0.10933444171339723
0.5393619889905579 0.4186426343551768
0.2914210644451032 0.5629149221835936
0.5883702440411267 0.028507596642064703
0.005982651124792682 0.1910990885937729
0.2879938647601963 0.7577992520115862
0.026967754855961035 0.038995778006721826
0.7198690149885396 0.19401970033857685
0.5482798716847372 0.11262250823089759
0.6019996374240197 0.09562587484519525
0.4718625694439951 0.6440599320770592
0.9208757576981275 0.010970450142741006
0.4074424318191032 0.023006791768341417
0.4699799491172223 0.371153027005632
0.9322656078332714 0.9691172590579362
0.6056340814804364 0.06748257674536795
0.07316023519052339 0.32925924428210607
0.6072382483894452 0.84612396420231
0.28399325455677094 0.07743757942434315
0.182276991256773 0.5626604305509912
0.6571676846309431 0.004181787398207737
0.8350309938662004 0.921970342788992
0.5730678194292032 0.5877698351780711
0.002128798158931744 0.7059066071976519
0.3866921341853824 0.8224872112379316
0.1733373882722451 0.9470568233626941
0.704775995916354 0.23304174930445787
0.17673489896485584 0.10048075453483984
0.007423496409805219 0.5371554976690383
0.9960107272796159 0.42982394345583175
0.2348952629775336 0.7029623614535139
0.12246529951527996 0.7342055390479183
0.598646764976396 0.2946841888205418
0.024618814927150012 0.9370638461359917
0.7344948582375965 0.18995269924823788
0.8174119554641779 0.04101963783407481
0.34699906713559914 0.38752486083884685
0.8451318427939807 0.0035677196207919426
0.8822608966881997 0.03415078139551109
0.9535421419274408 0.9472697221895412
0.5790769192640148 0.49693053941445986
0.4966068862068338 0.5488416032892516
0.5895273061209347 0.6204376772284124
0.688135191976444 0.1465881676561871
0.8900818009500477 0.14073550746918562
0.6341967297428013 0.972871695187081
0.6451301710233976 0.3262501398215174
0.6447261983155184 0.1985937510052549
0.8537821101068657 0.22860259748751588
0.8106694973118624 0.14187751188073983
0.20058435932937058 0.6063362649454795
0.1299849781986493 0.0705350342258293
0.5558598907320442 0.0039051936901313145
0.6237696806682858 0.28058536503236753
0.8313069550905356 0.7965493850983776
0.5066848785907008 0.1368811363311937
0.7788683695511993 0.5590464619099345
0.1042310247759215 0.21786831780960902
0.2111346089873778 0.040547628057357565
0.23994259334775858 0.6388522947133692
0.22437030981851858 0.8614331627535303
0.7690603968647536 0.38624889109472327
0.7741427375731003 0.5494706870546922
0.9949116494701715 0.25658293715026836
0.627766555571355 0.664516901911711
0.33990088608672164 0.10177559234529165
0.7753778778195632 0.6493239060110803
0.0724891919611661 0.5459628968606718
0.7297312515881109 0.8209498427925841
0.1168799540646821 0.7884066956085729
0.8532654870161305 0.9188399462498218
0.8914184601221229 0.9431088806517574
0.8076288138464933 0.5750241774417264
0.6269381652809909 0.5538541099145895
0.9700830250278665 0.8469728555437259
0.035378844617451666 0.21999840885232613
0.0030530605576510883 0.6181708118706686
0.5206264120990796 0.3361443691883699
0.39273792050901934 0.7714152955605531
0.34692140065410015 0.6408218110698591
0.4906480607049233 0.2872452380563628
0.5596619576856927 0.9114290160476732
0.27732319390344795 0.32498432296485213
0.545031405757693 0.2874720145804799
0.14297073834784313 0.8710476244321099
0.26420211918075753 0.015910078187346244
0.08175717266530613 0.09925441615283614
0.07230194312918803 0.6070249215955847
0.8640574062191679 0.752366814639946
0.42354803512442096 0.2524940596139085
0.795637107694146 0.6455851771037799
0.2536474859729412 0.6952276307697658
0.6552890605382653 0.8423684580600852
0.5935633634739637 0.6230546941450597
0.10688182273007518 0.5395663216875695
0.6585074436185148 0.8531765809651861
0.7475190587693723 0.47845714421313
0.3135509527803033 0.03507307264915793
0.49858086990984773 0.40420696424621916
0.8071613880146971 0.8148992590479036
0.6821242961100331 0.3425234367183845
0.37119356484735433 0.042106932759780724
0.07256360546541285 0.472612149090603
0.06290067136748179 0.38712751941537493
0.9353873852476775 0.15461157779956514
0.4106751875563599 0.0001599413451647269
0.2004675507015763 0.38351438486259726
0.13442505856164932 0.04887064749608605
0.6852973640864857 0.3578826063434808
0.7132230962584365 0.34347528446409425
0.7975398501523747 0.6288764263277609
0.757890651596592 0.36877809628475355
0.4004681265499317 0.9416724065927207
0.4874961004584082 0.6981344165793382
0.5289901881871188 0.4276267972575085
0.2471089190060618 0.9740399336341681
0.6326296740886768 0.49060665744599063
0.23950282467797712 0.12868240842473733
0.6224813012752226 0.11413696809712204
0.6946590354605648 0.6845959629130836
0.0814571147631944 0.7080325327493595
0.8190181441874851 0.7126785711731067
0.5934989819052037 0.19940691050009107
0.031013454490216752 0.21878846497001847
0.400364673553238 0.3103490541056748
0.8685468519209063 0.278321066337051
0.846018601813256 0.05397594692018126
0.5673800108254492 0.00613506777788575
0.1181991264686113 0.37255913575824473
0.23246980766955083 0.48956366286380826
0.392892481538343 0.34306531332520596
0.5348710820404634 0.5962473397672094
0.6251066018315106 0.7404608586736594
0.7749581896382565 0.31169007567564466
0.44331730823239157 0.5023243189506952
0.7476207173380294 0.22980251635972104
0.9916987083114881 0.44453140507171907
0.12675511640292592 0.23141801096565762
0.6904502679534963 0.9377538421980076
0.5559448796257611 0.7538942709130301
0.8847708563995398 0.5985007765533699
0.1736311383291358 0.8541764755935659
0.9433593679531453 0.5749708683390096
0.41487109809666034 0.2621901116699277
0.23946123690925658 0.3968627020008928
0.7210186876220825 0.02326042486550728
0.11779263283955088 0.8067217954147701
0.4956444628395771 0.7567142789406396
0.46535609256456945 0.7989963682627801
0.23872495861749732 0.6187738629780268
0.18016616323795231 0.4468294599733891
0.9725081700938607 0.6622012657233578
0.052375744575746896 0.9994124408459057
0.2654497566332894 0.8182274547327233
0.7266566800980754 0.24763120916321202
0.5467646243704603 0.9420389841533745
0.018610054517354202 0.47347462918257976
0.9791021592816456 0.4805649183470355
0.1183941699716562 0.9578359481110144
0.9646001304846228 0.922286107483727
0.2900994671836139 0.06887342401303798
0.6966041519213779 0.9954249709846175
0.2652476655750897 0.43235065121970573
0.42595853521770155 0.16046708763885675
0.9940759451538967 0.8582357842570325
0.6712984358783844 0.38363761397898655
0.5184823957810056 0.17865044671889585
0.40513349264507426 0.05523815830803769
0.9393521415902895 0.8179506428323908
0.05448527864847286 0.14393187583234335
0.1255122554836552 0.18013898387151683
0.808894031893777 0.42783082208099166
0.9422275075367714 0.014718402934087438
0.07532816875338577 0.26333284327675477
0.7073387400852973 0.4599093119591575
0.2956059861991345 0.6039025548602512
0.9362365604130334 0.082255901046427
0.8300286603431659 0.9763876623436056
0.2994512075149707 0.5771530144891228
0.7861041504665567 0.20860563743667804
0.5089466787112122 0.7150793958370516
0.5594135885741092 0.8172583026514857
0.022160971565192922 0.9105837856896071
0.30057108606179095 0.041120719858327215
0.6483592190552452 0.012098323038389758
0.8132984470588582 0.46155610661487056
0.2545700563965687 0.6802290304463476
0.16721319566576476 0.874082451057685
0.10111652957539197 0.5047854974872787
0.7825826913404275 0.8202404065883127
0.5209564975668368 0.6234619646972845
0.5788624107369298 0.4388030365792408
0.38920576335673496 0.16621509139526203
0.015592027348632298 0.6026116129237278
0.8214746764770273 0.27479382996513024
0.2623350922994063 0.7702759396719421
0.09964138693842628 0.3291541217487195
0.010527349141092879 0.2783394665099497
0.3777496477446709 0.5505809812178857
0.396277007431993 0.5542886998730405
0.8643069609554277 0.1682114650206148
0.2098950910102253 0.8559830381534002
0.6542699409303323 0.089277648329396
0.7057740422449086 0.9677534256069058
0.34504843701639176 0.26016549485080653
0.3182531289163897 0.9209757717157565
0.4674397478905834 0.5481742704130386
0.25558202039285716 0.48446428850386214
0.4968087258758451 0.23565440667257653
0.3378945194470644 0.21857166918086346
0.0732682693202491 0.9857161375950607
0.9610532130937808 0.9204792947902667
0.6895202005188565 0.8038945819589352
0.8619374233183301 0.18434280067567754
0.5010190086773592 0.7434591177316954
0.5185797675435899 0.18359964388952732
0.23605766211859036 0.45319799835428465
0.8268679131978314 0.13845935387143893
0.695125244955624 0.5627488577337012
0.09519851763625375 0.13295448019690914
0.7833665501688176 0.673527428114334
0.35569700570233187 0.26307007868974575
0.17248979660996322 0.7063198089830354
0.5265842074135969 0.8678106681606288
0.3137020394526133 0.36779830618714726
0.4239945550393418 0.3317604858235015
0.7875898819787066 0.9070341186516886
0.893258311651288 0.23852692376321705
0.5353177847455013 0.07107977405116017
0.17377092593033083 0.2157804359282567
0.09412732151701819 0.2874006578823809
0.48536308153983887 0.28626890199120103
0.1808185084283065 0.6989249899606862
0.1084412822769858 0.9033763870305953
0.8029703061894331 0.7541562891894893
0.524086543200162 0.24439953682454352
0.5196361553117161 0.6124155615895304
0.7055850353218269 0.9521912721754671
0.8938656160068383 0.9644604467620388
0.7939796437792106 0.31660695331745203
0.3186337309039198 0.32909716102408715
0.5185454976052184 0.6844036588666185
0.2167440718772613 0.47820392612557394
0.7452363379995566 0.21422753091354108
0.17522233215332683 0.4875499267044878
0.8362463099865112 0.8745322485260032
0.480877857784193 0.7024117918530692
0.26884597319410575 0.7804966541280556
0.80099897550419 0.08132444345498824
0.20408763042530342 0.8824649539351492
0.978795466903327 0.4831241901618528
0.48059663722862767 0.7361295390913989
0.4357312767177546 0.934794102378127
0.2694717131995741 0.8721137998481927
0.18747349476327368 0.631376011569631
0.5474180634637569 0.6047506243327769
0.583182100561997 0.3387597070899562
0.9960707198889918 0.23107361941591198
0.9506955835941302 0.3180195195983857
0.3232296560755228 0.07468819783143954
0.3079184205372856 0.8406281103158113
0.07395126324509338 0.11567286441005398
0.5689462004147934 0.926231181615297
0.5135267115131934 0.832784994960418
0.144760825263613 0.7135838812529154
0.9332305975342865 0.5053685313110077
0.8786551330417811 0.05189797825602893
0.9087374589590023 0.06354672967614516
0.18574544520646818 0.7248716916919917
0.6726713740103494 0.6729812195065417
0.03409883550954973 0.18117280332417196
0.853531743957614 0.2478675357466844
0.06052498275796836 0.6439085177852735
0.6820795445956831 0.5385537104666993
0.38834767069802667 0.05166229642799891
0.03142186864598684 0.2499145905650204
0.3017762593679032 0.9549942600375965
0.655930645741539 0.47165947736443403
0.7741460357772822 0.9536300180506891
0.18278491086874982 0.9246763151442465
0.8352063457618701 0.2978324099978571
0.5311470810757637 0.9496752153033352
0.11767897651504544 0.5023761001236335
0.48266676903671346 0.24948290870046974
0.233696014733765 0.005363837365714552
0.9377491243748837 0.7168643229389509
0.30747085008555497 0.6093642324397632
0.3597758091538319 0.912435579330251
0.1842925935268842 0.5472499571273843
0.5723354839725991 0.5739785094106142
0.23213646739481053 0.6553113410390381
0.6160883877893959 0.8935399697153084
0.2747358625653884 0.9373125769981998
0.14123072820803295 0.3690737188641824
0.4554342076249609 0.06911189168261878
0.1384985376387029 0.997298767328179
0.03311579279454402 0.02702391485410316
0.10632182541088198 0.931116914536871
0.3579464185015513 0.7323643578174202
0.9340093035502812 0.9182799649679279
0.8304366678047836 0.9798119647979007
0.37190180092925673 0.7979042709871158
0.3448848431473195 0.7753471576227142
0.5824246958865298 0.37158183603420314
0.020388681849523804 0.437501770251419
0.16561494870149573 0.6476789818198636
0.5782231698964322 0.6534071084794604
0.06270317364515599 0.11276676011253572
0.23102513163984195 0.7815378542248794
0.15615294122936096 0.686655996608228
0.9534970608079236 0.3322917808355452
0.43577012664395354 0.2480464417044228
0.6319505975212438 0.2459555820163657
0.547608350920354 0.2011634019556232
0.41847388727227774 0.23348655483473535
0.8501644221246512 0.280339525634677
0.6029084874960875 0.8510668547868927
0.23049926326198755 0.4729422990621932
