10 4 100 3
2224 1885 1387 1197 1069 1272 829 823 836 1016
1741 1547 1464 1189 1003 1115 1134 964 1011 720
1552 1663 1475 1170 1067 1081 830 1075 977 1001
1340 1155 1324 1004 1130 1037 1098 811 746 727
1384 1393 1210 966 1031 1035 985 842 875 634
924 1065 893 837 1210 885 800 760 781 698
999 1114 1054 1076 880 1104 735 698 741 942
919 825 938 840 805 824 743 727 650 948
1058 757 956 765 757 998 803 816 901 822
950 1011 918 681 635 878 770 847 618 600
8 7
2 8
8 9
2 6
0.9113948108330265 0.7988521822137158 0.8756976349239702 0.6115888235814955 0.263238587319612
0.48028907339118077 0.623179783350283 0.6971840661739472 0.9391899184266861 0.3027475159621421
0.9426864910256343 0.38962337211175957 0.9087745339301314 0.38902495318776836 0.2093557073190575
0.40055392600997064 0.6363507983740397
0.5406731267456493 0.6408630868035985
0.6584477795386223 0.1362419174251739
0.8790913697487006 0.48141808278572396
0.48937536575284146 0.5781270629499804
0.08640761212245285 0.4092765628800521
0.7400718120272827 0.6706058838336242
0.8958661963140178 0.522019422028942
0.7448893202972697 0.2174642238103186
0.5328837077340627 0.28674196720178724
0.5804484482508054 0.5978628930310508
0.3462409619166289 0.2867453500143635
0.8084184151297247 0.9346563434341277
0.2584888864327617 0.4361912242589694
0.7136466346698991 0.678921819288967
0.5120459900285714 0.5121886851028818
0.1546162424149462 0.5486001985143136
0.26080031595148423 0.8051849081046993
0.871041146785815 0.989911410318032
0.7457456770964692 0.5327428031424317
0.9443288874979214 0.4989102903072773
0.4273111965180669 0.31126628800967704
0.09818573477551151 0.40703527071902035
0.7384105726703971 0.7318530079624519
0.8448250238667789 0.425460060856673
0.9819171712754715 0.6901758127063453
0.8114376733477118 0.17773814644790442
0.13007294414698722 0.5685351532340179
0.39645673867616904 0.5686655873035635
0.1187241734772988 0.48296262540532187
0.9821355872807682 0.6030673837762013
0.7539635196271339 0.9930062254965115
0.25208987387819204 0.39594013123298777
0.9611985428099803 0.8445261846894874
0.15059944086955568 0.45753346002845485
0.8902622874374952 0.08463534818621521
0.9920762343442295 0.4943405198705497
0.2565242760785005 0.7109206476459766
0.12239734234387756 0.04393190675959491
0.6592595088063267 0.5575893939868031
0.785166319041599 0.519375632634399
0.784832018260069 0.7295115489761528
0.8692440777553057 0.3951797554000416
0.8190231080088097 0.48516286576425816
0.18164128216381914 0.6053994204248274
0.8795960505144738 0.42811263731723037
0.7231260608796755 0.3637105337621873
0.8645801584255282 0.2682476589622209
0.4436805234913308 0.5803433723884206
0.4979202202072197 0.3729347558783549
0.6927628033401758 0.14634650922673043
0.17650601660060916 0.8469697523391913
0.11256335224934255 0.9132706532361725
0.6107092323482288 0.1339893444318052
0.13177277668897158 0.36834778638772314
0.7452597848706357 0.7041744490615403
0.048579030964137404 0.03383618999073912
0.5493616878879102 0.2603902927484867
0.18215031789765979 0.6570195691727452
0.9099973048500105 0.29408992929394917
0.566523169194086 0.6028863549994357
0.7840518926670443 0.6657919240135084
0.14278561714552707 0.8034971176591592
0.5760323317767608 0.6514984134573085
0.680386218195979 0.11715234203853298
0.022592196173705004 0.9812912626168049
0.5065217076737518 0.9130698199293039
0.786347603396695 0.28542929349299473
0.7301788900378292 0.28593239290284167
0.693080397368735 0.3915372762945257
0.26308420850303893 0.2552901814126014
0.19593685919860016 0.9934827825827566
0.3161595684671301 0.0797832011859394
0.5957252199399667 0.31912879780569336
0.09119087264712733 0.9042052516522363
0.9308552015945821 0.939989742329276
0.8841545229896541 0.03778470979976678
0.4323914367128361 0.44633866499898356
0.3776479370077601 0.5828783946799643
0.45592643390436094 0.9078166749970358
0.6353913037873584 0.6319138014419201
0.07642494955396306 0.8249846178810465
0.4252070002860693 0.021134733751929646
0.7715237216484614 0.7139823459664509
0.7579199280408604 0.7223568036330907
0.46484090833778424 0.3705980463501348
0.14580409944024764 0.8230577721079013
0.5791216283891059 0.8884050859068287
0.6717211362845241 0.6717763984504395
0.8971334214018356 0.3129919844726696
0.707350233721592 0.7831033525401665
0.07191814872683877 0.1932558094196266
0.3943189139545731 0.4050162531955268
0.64455813112096 0.42790492236557465
0.028743056032754177 0.47384982055581903
0.9332945142227542 0.7183349519595923
0.6124597051557963 0.5818573865544732
0.9886102564385926 0.507083169182051
0.12573318585286897 0.35911099422319226
0.6665047838222076 0.9449923069006181
0.9793514404252053 0.9466402237687868
0.9880665239451247 0.019285877733054457
0.2595502089955115 0.3852679555253147
0.9113142123617433 0.45104788400914675
0.3535157419835748 0.8566088755038193
0.3273830049118722 0.02110510197752502
0.44664124485097334 0.1331087801578683
0.9009778091686513 0.3382223146754084
0.9337354646076654 0.6836327578850023
0.772628906412161 0.7950187614610369
0.6775883234656077 0.01945937937274933
0.7647281208043983 0.6155226309784625
0.9197127930064688 0.011444616501362637
0.022458710806884996 0.12861517615956153
0.5162125472437837 0.8049354922896086
0.45586702711818305 0.9439238715296157
0.05521038270868872 0.06948344343679946
0.9608760791222859 0.7164421235117369
0.6058100319890032 0.07161329262614258
0.013542474256832637 0.8118284497523773
0.46163199050420367 0.9713841691385747
0.27852500897145416 0.2852512160942191
0.09435530510766199 0.9119727496847174
0.22898164214572647 0.7657449085551098
0.16934009897317193 0.2211960932868482
0.5491875220826046 0.8175002149993238
0.6280974067830136 0.17450948501757235
0.9208586311253806 0.0023178729551176502
0.33872554766136664 0.49046017711812007
0.9803191058088181 0.613461531738982
0.9697494824871005 0.004144615293383058
0.6093749890081142 0.10060779040500578
0.7251541078688191 0.42427985004057533
0.3543661844561865 0.13422373695717482
0.33927217373653473 0.38410881823224496
0.47280782258661636 0.36414370602798796
0.5343108633849352 0.7807902253837311
0.008344318752753654 0.4453669972432224
0.12631827230458126 0.5242351314277678
0.9571895645753479 0.04676311862610283
0.7982502972682819 0.4341889851071925
0.9194887488410852 0.4912089226489209
0.6828430119497757 0.41081661836947636
0.11128801498253083 0.3874468108789553
0.6026090446772914 0.4492548991905285
0.6954555266844598 0.42341994094580815
0.16277706606427822 0.38395010252179196
0.6489993062953443 0.5271872076319435
0.7119957091637112 0.04146141013086879
0.5184864942761516 0.5996136450423426
0.9299937271332543 0.22593142472943817
0.32340827304102526 0.1090668240535011
0.1895518119832993 0.7183149043793837
0.9872156877741545 0.762568712194523
0.01861618847717028 0.7395684727425909
0.8743905370321647 0.6181212976625905
0.10556035660075214 0.21492797120410145
0.7072073904417191 0.412380316811658
0.1878527193177646 0.12012368130542939
0.0864192609424752 0.9299514035688914
0.8612522386198498 0.3026216953877656
0.34538988716392005 0.9434984143309117
0.789378907664188 0.25136648453889787
0.7236722454323696 0.5654503435965743
0.19848071981518056 0.29410223093221033
0.08043364186637003 0.29498927023662214
0.3045452337809025 0.020838684033307242
0.9767004884886055 0.05591759301093213
0.8866570766101525 0.2164383317723071
0.49353410295221223 0.6069101013296798
0.5802985373604488 0.09898443806774648
0.6275718172605387 0.7457930490646161
0.12845255069674844 0.5035849379523731
0.6885130082938176 0.6437949816542528
0.37773836204849154 0.5109570396766749
0.5628921685870623 0.3244563562663385
0.3373141765378509 0.624250105629319
0.24407776611255705 0.747348487655153
0.06402014563804759 0.9329565465442351
0.9980108494800708 0.40256321550624463
0.5429007662253817 0.8372370152706823
0.8447026991982545 0.7873173068348862
0.1760493844988924 0.839509119753433
0.3025528951052938 0.5277813559839368
0.30803455589320383 0.9391914990111656
0.6841732861351155 0.033516408964131994
0.8597042645714688 0.06895655910610987
0.862471724214809 0.7536664355420226
0.1822490499623417 0.7675562478185547
0.6748589835916179 0.609459999711756
0.42129507142544065 0.3753423446316966
0.1903843518776187 0.73139848228156
0.4158490052632753 0.7929394035280799
0.2954298926844654 0.7767923064834725
0.3040808747201713 0.6069027450587743
0.4999217063622139 0.266213132442642
0.707251001590794 0.8564636272788033
0.056886770146957755 0.8577769363829055
0.2612815533247357 0.8377797027639198
0.49698099003009655 0.7216771675434104
0.7977289515360895 0.9369984036367622
0.38767181626962155 0.5947878283340755
0.08688584112583264 0.8570763422549521
0.782433931564789 0.7390698448748585
0.10513178226586883 0.1448376186334155
0.38231851407848283 0.9375697599273964
0.17656594419112515 0.2081737053831667
0.15339927649394913 0.8863491334247728
0.6871081145231821 0.005093382276939673
0.025416662549520908 0.12476440570265379
0.24196906329637735 0.950162527808819
0.1048644539716388 0.6773595518997357
0.11807361549032347 0.9060321902560196
0.39233201210990254 0.1448475491783714
0.6816039298655725 0.6851359046484635
0.5076608465495405 0.9874193657382748
0.4604091482061379 0.46221074466891454
0.0038114197067433686 0.4231992644479099
0.10227437957379348 0.8173684390296361
0.7471714565642493 0.1975633720191694
0.7706856120777288 0.9487872622709694
0.5141219269672255 0.08111944733185217
0.2761928702559753 0.26020967087868674
0.23304718924365941 0.6417411936502944
0.2520609842413608 0.9259660173027808
0.4458389737143864 0.13032362154684796
0.12990197301406092 0.873155323394891
0.12802997724649767 0.44525286788795015
0.6003452926473227 0.5392798959809697
0.9115309737456168 0.49822731580184243
0.9015160848221584 0.731972830866602
0.8897848843318861 0.047368248258086165
0.7275286652071522 0.23291514747972664
0.12960304745613582 0.8089136925204132
0.04444663250803993 0.7480751425219283
0.6269716703669335 0.9102336472254653
0.33409460647138434 0.44296911715437104
0.43628595657893965 0.8236013502767432
0.017224628136170095 0.38709645153538097
0.807046205758305 0.9685123383633802
0.8736629950967112 0.8879674178542145
0.5777968771969357 0.8658825705729136
0.12903775671955997 0.15969828883244563
0.14633844632642434 0.19918621435031247
0.3181280088137437 0.6104252175903864
0.6582310925748578 0.3386092419307287
0.09866218151276307 0.8655118548199681
0.07008703408476125 0.17895877939974292
0.7547726990093424 0.6201743641315425
0.9208355733280162 0.05565452781586955
0.5480344873500522 0.9788530925901955
0.576518905558886 0.15133614303435006
0.8479639416404166 0.7822541022417091
0.36109857761560904 0.65852947103534
0.9411715885303014 0.6698344217843408
0.5478290810436675 0.4363307785325956
0.1771449506651872 0.24115551329725293
0.4237118082940827 0.9195268342564988
0.3836896336552704 0.8488412500872655
0.12177327755890444 0.5740484488211606
0.7764861271591388 0.7794822068496121
0.5104739568377281 0.25367736370100546
0.9900645778419874 0.2861770771904617
0.41576182703055586 0.3230044814460036
0.18822781105860442 0.5190954525395584
0.026364761751536347 0.9853018472090251
0.6507850882516817 0.08338887761176972
0.17279602393036209 0.9247991998619347
0.4420066198253707 0.6711625165936215
0.024560482082179202 0.5327810981613414
0.5783246643881661 0.3741079163468901
0.6481994139504215 0.1949827647872724
0.9796280608247478 0.34145731116522615
0.6561602739677961 0.9223814669227468
0.8578487028296493 0.15831879244700398
0.6058618859928231 0.5068964236418811
0.8740030150406679 0.17143437544571838
0.3220872440032858 0.8174262504840437
0.7972539956239142 0.8881018689805822
0.6170763838861462 0.5372362732593194
0.8505001250137005 0.40350874301544826
0.3893129996140825 0.40578926847773045
0.9622559717175128 0.0045627192590227406
0.2866303058397135 0.015649804758116614
0.4182736491461352 0.8688300815013865
0.7619147360065157 0.37539050720567135
0.9525361848114744 0.08094256546919065
0.7515512420346433 0.38646261299821427
0.9436470021723702 0.8461206017309537
0.15045144456418402 0.9759778845120366
0.30215741844454813 0.5669690779921743
0.674391688153889 0.8142721211453194
0.9902152920697851 0.07525760404438597
0.9066816930528581 0.6037957982722315
0.3410453175707975 0.5400076105217804
0.6162700344398466 0.03294332322177951
0.1480417435350716 0.8701999895842008
0.27459760746247897 0.8849302094258251
0.1253982821381181 0.38695461425858246
0.23629376425288307 0.3590274186243838
