10 6 100 2
642 692 500 403 374 448 732 865 570 919
430 842 308 368 514 638 704 723 776 1088
726 365 622 623 702 1017 658 687 719 1054
589 504 420 559 736 709 1041 922 871 1149
752 552 645 655 971 1200 994 1155 1285 1364
1111 1217 626 975 960 1560 1150 1214 1431 1415
853 984 1073 1037 940 1297 1542 1336 1510 1717
1289 1202 1223 1113 1112 1385 1700 1504 1556 1645
1241 794 769 1330 1025 1473 1392 1842 1615 1716
462 745 775 879 1236 1300 1803 1489 1863 1792
0 2
1 6
0 3
8 9
5 8
4 5
0.44617427188656256 0.718820333019361 0.9250196176690932 0.5183048515777888 0.4144856828426512
0.300014032051357 0.6678554457618374 0.4128599331779835 0.7045163644126018 0.11100583005445319
0.5399249317046155 0.8103661779642675 0.5267563011472236 0.7033424098637908 0.24051324641501717
0.7693605536378301 0.506110099738076 0.4733503021526883 0.5474081948382775 0.21313792843223994
0.3703790303228902 0.6690205701444816 0.5676017891417785 0.8633061713733197 0.1337796851154172
0.8526731236005687 0.7042578764928562
0.561691694530086 0.28045419120579407
0.2906537954356847 0.5721316030951646
0.9324986942180362 0.8636339009117928
0.8582774650546992 0.8079242497257972
0.8850852517521863 0.8937653577664337
0.570516135541727 0.6424895780944744
0.07478372298427538 0.8232265998232466
0.6019715032522657 0.584348616912888
0.8122971284784404 0.6781324422128554
0.6159583908582456 0.7149284801820244
0.7171025300849492 0.02700866548447345
0.9365354521003577 0.2888306887279619
0.06370648342130925 0.6886419071102801
0.5129424812156267 0.7325081897188086
0.8794950057080302 0.08584334779689806
0.8816467530013061 0.8922311212539862
0.1824884623191534 0.705773527829386
0.5425104200565911 0.14000116049599964
0.36083675987820385 0.7641734983315203
0.4080836457502528 0.7229881635312427
0.27367451996614633 0.28993835748873553
0.3806577630838295 0.542969599060906
0.4679686572810895 0.4155280239855226
0.17346643424357389 0.5518754586625401
0.007036131851057226 0.4768268015127446
0.6794318563795303 0.3922674212022679
0.48873242641271286 0.8353536280542342
0.625270393792714 0.7906106529590418
0.9040922018606146 0.9527959566046822
0.12446712711769714 0.4173544300619678
0.09219562195687536 0.37920284506097146
0.5890525134439455 0.9891226379032594
0.2302395239079209 0.7777016047032224
0.8261868774908228 0.753692775578531
0.5418198698662808 0.8534805503571734
0.7691872032989509 0.22929110874058223
0.22072424921034628 0.420867810723478
0.8376185770071807 0.9058583696293627
0.2770583798050288 0.6022816450296027
0.5413919361943071 0.9670187267890855
0.42368367743257584 0.12012073358342978
0.06609230900314378 0.34138415005161105
0.5122743869523909 0.762002487983978
0.7288146817780408 0.036547726904003985
0.8690714596294977 0.9703905826786763
0.41537740768054454 0.0721972425876376
0.038009544491991676 0.8634473567153167
0.32117416053075454 0.7475765333566342
0.5011065273618889 0.8871419243470635
0.9438308618189779 0.6585648244461026
0.5366443688555402 0.4793648264686736
0.38296578764603884 0.2449556138663811
0.49116781917046826 0.6634705050292262
0.6621227046587193 0.16360196749803468
0.1322887687357499 0.9011789880981012
0.0836149527627641 0.3650617755726251
0.9664303362201363 0.792347171914149
0.046911300406402345 0.8608334977215952
0.6850965322859031 0.5104814164956153
0.07198281570537501 0.014783230732031916
0.5291987869771295 0.5840274185953631
0.7365821669195864 0.0802711427155709
0.8829605379520673 0.21530281154383646
0.24592252367430945 0.9857144045780157
0.5020946212422168 0.0025951068215268602
0.4101608373579686 0.0420050231968212
0.11811588470185708 0.823408674716612
0.6998479806532978 0.8198162254713826
0.14069591794500158 0.6534310582003915
0.860205285769039 0.22449825601152518
0.1692056153098629 0.8079132851377677
0.24396290607004278 0.696098223266167
0.7338053737018884 0.15638739668307133
0.09078413753601677 0.24838136506728303
0.32542099278263503 0.12769739165576022
0.4357937338623106 0.8774348351356329
0.3363450055909929 0.9479172648731564
0.30357737960583364 0.7369555635269447
0.7114181689041568 0.1324556926725291
0.5495197172347457 0.9109632897062707
0.22283859965329755 0.849435985255957
0.2641163232754713 0.7545398468021907
0.23735399211854835 0.28047396620256104
0.9839440127503958 0.21825322160184646
0.3771355322326997 0.2439903895113804
0.030060177049601844 0.8020767549245416
0.31383916440829296 0.3568374928914195
0.26947140442407336 0.55733307107633
0.9966239942821444 0.2474278911700134
0.647253538319188 0.2915757070821683
0.16058719838319702 0.9952537116008708
0.6483351423671626 0.43371372206455305
0.11291488607336797 0.18792191457656227
0.8719565966067733 0.10367402388194691
0.5581887874447515 0.3310919066259177
0.532437992608997 0.6258243588290389
0.41450360992024526 0.9645604062559019
0.2611722560031069 0.5551812509754062
0.774117512314483 0.4919111099068063
0.9716718882681621 0.14658074636470309
0.44752347421805583 0.5548558361263893
0.6321104832095019 0.08081408154173109
0.6567695593458285 0.7178709394964666
0.045747923455657036 0.9761054981898754
0.19435858699702435 0.05271475953583038
0.6899036375109089 0.24943213918236729
0.2484669760096867 0.2419493083747304
0.08351106358306226 0.9839857883265086
0.6767470682657579 0.32166020050620703
0.036296588082075365 0.42363218023961835
0.11911985480186171 0.4436109721414705
0.9620042952935903 0.3005902445545907
0.3437176387397183 0.8904788941106132
0.23800426657785523 0.1565035002306423
0.6651488576990559 0.12270265569525551
0.09518988550491092 0.31752391615757425
0.1254403957648036 0.8728013564679558
0.07923522467025301 0.09867088680610325
0.3678407548703282 0.5310813011462754
0.21935656371819445 0.3578384156934751
0.888569077537104 0.4370513467510564
0.9578257403239909 0.4966911903869695
0.41913418665510704 0.09173867156999171
0.24052475570407128 0.5683982294290089
0.7796153874129872 0.3101578266986451
0.8799580352244938 0.8307017142395927
0.2817439583776382 0.6484123214253121
0.011309672201910814 0.2334671538603288
0.9619818178369639 0.9705800198887489
0.012730532630252256 0.10834662097702452
0.5577827040685175 0.4265283175177954
0.20873926272633758 0.14136252354694645
0.12140060753572857 0.5923406249687635
0.35749390925562596 0.18289583420131028
0.5230576442798638 0.3079046785538109
0.9461666057595395 0.6072422217811746
0.3829426628268464 0.22770039568630707
0.8030560838232452 0.7498170913274727
0.3485491364593074 0.4032216571940528
0.9309458630868823 0.2707029890639274
0.19012271363379463 0.01378596125417797
0.5283926194620683 0.2926814997700733
0.9457163474864054 0.4380849693890776
0.8129349253697049 0.8892561317181158
0.17041984559486778 0.2515182473924047
0.4907374745706561 0.5995982338267629
0.7344120686746896 0.4142842100834725
0.31888649611814235 0.9462794862067754
0.1010028625511783 0.02581813538522182
0.11933990211368739 0.19042701495145864
0.015592190296745523 0.2974579419702237
0.5301607333618952 0.09100026321262722
0.33484683007823635 0.015242346654178451
0.6059743538066842 0.44555651549653685
0.2683783736357672 0.4381901435019915
0.04349091988890241 0.08253908834664969
0.6300668666227123 0.2026656151545536
0.5023373480615536 0.7005928559401702
0.08515158606900264 0.3254189745163547
0.026982184806812803 0.848398496762079
0.48985529625914626 0.11258763777584213
0.8512094621119339 0.9856221194393966
0.5832827295687377 0.2857895547714895
0.33396270669683825 0.8517930221868601
0.5051026613695884 0.523383668548655
0.9682325357475483 0.45532436907313456
0.7079541931556441 0.604251016372723
0.8617081753425979 0.8127367790372189
0.6393817149683974 0.1513281126561552
0.11348126120725355 0.19968430497020173
0.5116239771047735 0.45771906528349127
0.8062431872736895 0.7912745257727101
0.7446522434779206 0.776235488050115
0.1220396969910369 0.022967710429845356
0.34426029653513357 0.8410019987856161
0.9550937536545125 0.26106026693458406
0.6722104863241611 0.1807267175568883
0.6272711119700369 0.44452037704902536
0.7086650087673243 0.3466255870294914
0.961416372462238 0.45076793790186476
0.07917459230136803 0.9878089880939762
0.9247939770201072 0.9430722798528344
0.593215890811899 0.6646374553560801
0.6384141236319842 0.691155073094897
0.0955296374903658 0.9399585343990693
0.3696506673475144 0.2286948139077969
0.30499067869526986 0.286394019673893
0.2922509763896415 0.6770254539290987
0.9285665078175191 0.6131398832580051
0.28592141965969375 0.7937879372765488
0.53943622238749 0.2631609706835001
0.2606308648291542 0.5545249378768611
0.852263676226173 0.05534693328320284
0.690330305317832 0.5064980013805103
0.5076374881283725 0.14064918779923619
0.46547312615622505 0.16503047293503914
0.09621498261994943 0.9700145413594143
0.40423400323978265 0.2744903434067436
0.4143173719292903 0.9812651730938553
0.7711152653201949 0.21050821854781154
0.12080021892153359 0.5468770139796435
0.769800196356847 0.21884042085393718
0.6215693402856179 0.6546416225141862
0.4468789383417804 0.470105483391277
0.9427574889926444 0.24374170119206617
0.6117347966368627 0.5711815181249937
0.4870174267146099 0.5365033498854859
0.7239019962583173 0.6924269260787528
0.6440221177767742 0.5573040181987561
0.7130159160219101 0.8816464623758249
0.7476669855656377 0.7316906833620915
0.8352707538377537 0.4165583231603507
0.9429705202707652 0.1125376142576362
0.8059035324358905 0.2213617406524342
0.46764388886681973 0.9125470183838968
0.3539860439198095 0.041373395479408215
0.15636231736716288 0.7491930168565206
0.3317827288773376 0.5164181708435318
0.3803481442350207 0.06366496274700961
0.3623828807431262 0.13645222155057235
0.9269055421468901 0.9414555383285184
0.8385546151021721 0.3518641821985369
0.4120130700501057 0.06372325448945104
0.03477535889402361 0.1660385130000066
0.12613391527575435 0.40891319882915367
0.9226274410017123 0.7083093891514094
0.27355375347110145 0.3024911399783614
0.06806600746780589 0.7894185807353142
0.6174870756858739 0.09116862859494446
0.38554572583675806 0.9437301451578162
0.45085168202401005 0.3508426987116271
0.16003643337075268 0.0795651462509257
0.4597867933825328 0.07525271517360332
0.03387622007955082 0.745725090334969
0.4058662360378493 0.8344428595882347
0.8485305350269212 0.20814986333530583
0.8251705850336979 0.3278698286213435
0.39313700393261564 0.015128744240651804
0.8934664511302897 0.03859374331426002
0.27913495386271503 0.17082457999085587
0.21903480720504853 0.21846418319475958
0.4567943246413517 0.7323692896816552
0.4432637619407347 0.3517962427529584
0.48543227056013527 0.7761511616917542
0.039690645175672445 0.637318064691323
0.8207854841989679 0.015679378224523255
0.6277672231673848 0.6601514571711176
0.31412475059258593 0.34453578689739084
0.6780660706855273 0.3329929988725271
0.41162912383577455 0.32588101508445466
0.5117730052771772 0.7427976802513054
0.6416935412907212 0.11040521912165069
0.03322184497615144 0.2437472496100419
0.32917093477428505 0.060152429851483724
0.8905560040200469 0.0022821711604843475
0.08050394441710806 0.463777651462568
0.889838462929676 0.27221652425370646
0.40935492167513154 0.6399320964782653
0.5861111635508673 0.5369474491951745
0.8856713927300663 0.803659672422735
0.9982288824958225 0.9611113666033684
0.6673434189992316 0.8515258837085811
0.826663613546446 0.21369494638508169
0.38945008597249453 0.5467312047241217
0.569646516321934 0.08544834098432186
0.25032856314922314 0.18925239771426572
0.8088258812040892 0.47960419205612403
0.45995872206524124 0.04527706690504929
0.9574871182052243 0.7486577184926719
0.9186781384076237 0.8058073566951107
0.29565534223355305 0.3398734639295886
0.6216076599717149 0.3807414492013177
0.3152503647602243 0.488897678915293
0.8392988862314374 0.7243294272542791
0.2998421852282134 0.5505012688302875
0.8745877970865112 0.30341904414860066
0.768099470879275 0.42255846511083917
0.07256737984147255 0.38601726228201194
0.43073200897015296 0.7168785815678489
0.09096725164485808 0.7377397830405439
0.0018695745507617545 0.34294052078857873
0.5399310218575599 0.6047102792450605
0.39294643791056183 0.5781294583981562
0.885640176113786 0.7439032967547838
0.12070712854876264 0.45519702816887175
0.2013109163485729 0.8801003397307656
0.5405438567528791 0.5572589491687334
0.43077938381323433 0.33239994299003306
0.7483588059414576 0.020826169565367758
0.39147852616025447 0.036012131399333125
0.8474439010870716 0.8595925109282403
0.878862792468937 0.009117590819554433
0.03553444566499464 0.358788093134756
0.7998427141176472 0.04794703261263944
0.9226890281247231 0.4448011940600962
0.09550456132764396 0.5364291362058633
0.7442687399693484 0.6863713673018312
0.777791899687845 0.7906061149050023
0.41005086814520797 0.7000888329019455
0.4948650385084976 0.6850752427080347
0.8505114813761185 0.6911775816504988
0.12115444576428258 0.961430316773435
0.848762626460617 0.27978417478063866
0.527652213980536 0.6917365374270039
0.2864378144534623 0.1165781753144004
0.562374617446042 0.728231786467076
0.7384741536075632 0.5207861226746251
0.12015213788593804 0.03964976576069512
0.824403672508909 0.3307585550242451
0.1146205107439413 0.6954376214234805
0.6092381547955363 0.6945506249800295
0.4418969061907396 0.9732768555282381
0.5011611658655915 0.7228100737602094
0.5654182072619598 0.2154938190880007
0.13641691813386037 0.3530152185277866
0.7061826955273578 0.9108236913042227
0.08763821940264704 0.8144687542507592
0.7479543975894696 0.9804397646405165
0.8790363756471502 0.462188266999054
0.025114976547926382 0.9226314800709496
0.17518008918771955 0.1933305226985258
0.36170063558645027 0.30243082555706957
0.532590951612518 0.15636155782780037
0.22025829525234353 0.04198290689461981
0.08079626412188223 0.20709171551994698
0.27022012071434154 0.670102091032412
0.70866874223053 0.45067005027702756
0.6062327526555904 0.5462022444090411
0.2490250703189727 0.12181514130233251
0.5568264420852149 0.5274790739248272
0.6113833243152405 0.8164410697390818
0.9463066985518322 0.050399381403035015
0.0553417338370763 0.08416654032466209
0.9485314385724453 0.0012644571384736736
0.8355223749711129 0.43650056908929624
0.5399870185801814 0.75391686916135
0.4961821436236642 0.9223450076046766
0.1510875415205466 0.05093086530866375
0.9566151583041995 0.5320849318214904
0.12053656004170255 0.8347905886860363
0.9658905227518693 0.560591115204562
0.9163253750603364 0.714983060267347
0.6308205619493024 0.49156742424888633
0.9374082803080026 0.17624348691589753
0.9903616888462745 0.9726775740521527
0.2840263886201546 0.45178759253739686
0.4196853553810227 0.9561079322863371
0.9250672788364578 0.1769257766102701
0.8018825017320772 0.09353213809477157
0.8405835218241842 0.4584791646905513
0.8942235151065883 0.2725329146768718
0.9977536855325098 0.22615912268481453
0.9653187589941592 0.49323549048368664
0.765053508137687 0.20181022238874324
0.5449292444217675 0.3057968384734129
0.5465686469748265 0.0708373255281658
0.235943340641515 0.726966877506702
0.33804763260853266 0.2850049855050203
0.7262945592394627 0.2517010485704523
0.14682344460695873 0.09504769404946978
0.7942215934521524 0.4462599477583191
0.5825987939045347 0.26912610068263576
0.5966416096014198 0.9818758489532655
0.26916511224338824 0.21503860000314146
0.5321423970514865 0.49418481599974307
0.883174749717939 0.9550658222915158
0.9595218494964481 0.1708597556638336
0.17481777743106885 0.8209489854855063
0.4043373562821433 0.00052214865960587
0.8752106197873937 0.08824137253937114
0.31326144987062676 0.6795101777535777
0.45243678007321053 0.7990436216037728
0.5413437154135949 0.3860339199096574
0.05075402897057257 0.588344780426362
0.09629071543138457 0.22888526607457682
0.3715077725565039 0.8494639385716778
0.07315904892052227 0.7349321305130927
0.16463059629932153 0.25870950913780844
0.08826149499963987 0.424538807932906
0.512755795375686 0.07794741815639261
0.21667199060116227 0.6550438470260105
0.3072523249140262 0.3570274119075272
0.026997225458729845 0.4051593064138286
0.7312531815448344 0.15876945073185023
0.28456218169062164 0.797646296061505
0.8719615347197163 0.43604390582691477
0.1653047157608516 0.16260659761866036
0.6457432303861605 0.41077836661880585
0.49496359507218 0.957734320620623
0.8285913240416929 0.523094296093386
0.4748627000504546 0.8953550700208484
0.1396585922402378 0.030670083655196523
0.9098412673966914 0.029036174607905973
0.7909801622802486 0.582566432394618
0.38258277674620733 0.4306182858251568
0.32519694793685083 0.9760679460439003
0.5699778682746104 0.9626206284739043
0.9230416694793946 0.5702142047997303
0.7265794442212341 0.7564937148648438
0.4460472721224933 0.7301238411440534
0.6626313602454459 0.7899602014428162
0.3740605261423615 0.8339959726419075
0.2363206600958665 0.7333368817869907
0.3915506989260671 0.9088194339912179
0.7029288996156979 0.7193590882188934
0.5815199022086313 0.7978849350955921
0.7583959862165364 0.24451212842869152
0.4682700388531844 0.8353603117830881
0.5937459310657733 0.32897221458163095
0.48283800695063794 0.0721310437413829
0.976708572567361 0.9064927724824567
0.5573822660743808 0.6042841445931286
0.08440035470053919 0.6621737747640519
0.3569620602710235 0.4921828315488068
0.7072001236353858 0.8027203339025997
0.0003658166026243581 0.44717974556677254
0.11939132239121819 0.9416508458284916
0.18001115409462165 0.8774574884777011
0.5858700979696887 0.37391816697576985
0.17681826319027283 0.5305883052968958
0.7100369519922054 0.8312997322691775
0.0032452048015600976 0.04457443454635501
0.9695612083393226 0.5405962003408902
0.6748626833113385 0.18543460026362002
0.6409828072335713 0.37005157512543807
0.0012780654460522456 0.14068410467400438
0.9221643931838506 0.2657324391107312
0.7572778836401444 0.07071617037798172
0.5352419363904395 0.9443634623897328
0.005204312492159691 0.6330559083335883
0.38982147674331546 0.32684177756623845
0.38405153739315545 0.26519936939521216
0.8075909636962684 0.4609508648404521
0.12357003181193615 0.08742902953573783
0.4361007131368937 0.41540455894218176
0.49595807389431146 0.6602971565242126
0.6135616739282319 0.7547679117371462
0.838519587239607 0.5462118799212394
0.06255104342391982 0.5245312635792498
0.4611673535611587 0.1798850439136519
0.2041201205313714 0.19938598268598806
0.40112290558287045 0.8517203122703791
0.7021657788982745 0.24789269214572163
0.9762873451366936 0.8114607717376343
0.1013382592072476 0.2744649073163141
0.06406312485559362 0.11631618516040709
0.7573184214319277 0.8620305400445061
0.8634459190004944 0.7541586903269244
0.1066767991425035 0.16467707256776754
0.36384506739799116 0.6617830854166202
0.23834382309283697 0.41650812323365805
0.04242935271278525 0.017947309357662755
0.4827593148332021 0.0521204819189105
0.7969663097377837 0.28373174265335077
0.19328263496902442 0.27784205172429677
0.5904517908367368 0.7147249294437159
0.09926796835659468 0.537427722801205
0.1518554691021654 0.5729670980732338
0.31673409883296477 0.9077552809362421
0.225084917240979 0.08061022837474541
0.9884960441248443 0.14450727326579593
0.567074179512818 0.7521473722572736
0.6795486843763656 0.4334891846625615
0.3445123840339923 0.5839484584990831
0.49208260021795347 0.5978096829133166
0.2939987114266325 0.08954123085990262
0.6858257157401533 0.2780912968248561
0.21234219816258815 0.3685424894386582
0.27732663693882853 0.4342789349197884
0.472198191030895 0.3137398491210335
0.9722273030433404 0.2715517737399611
0.5315199451333341 0.7201860905654911
0.2771201558057408 0.5010070454624855
0.0216377914460244 0.12091924071321514
0.8472669685908365 0.43872629304367283
0.7945679654282007 0.780786906271477
0.9358750142673824 0.5848357667542672
0.6269713279315219 0.7247725361124382
0.847958525860691 0.1305127638535124
0.6452535719688328 0.3391204065146205
0.37864959584561375 0.9781017991029692
0.3748052664753674 0.2212253101750159
0.28267555491566365 0.0752739508136755
0.64437809508911 0.144981120840866
0.3690936656196968 0.9696990338583342
0.1808656026400779 0.21096175338555523
0.38921861392014345 0.8781134056818225
0.4144464425171783 0.10651043137234506
0.7419249545412157 0.42900018642992954
0.1767632530162042 0.9734049504640832
0.1853939455595328 0.107787370461077
0.7077406989711772 0.17833186245175647
0.8413770566065115 0.4221671612346778
0.5238631872384136 0.059164372848787616
0.9670247676548158 0.5643884199188631
0.39145144539212695 0.5318756024118065
0.8971519435965816 0.615409047730529
0.4232414034702172 0.8426361833293758
0.09029127789249802 0.25883167923655503
