10 4 100 4
984 988 1006 1041 1012 969 1009 1036 1000 1023
1002 1004 969 1037 994 949 993 1029 979 957
1035 977 1004 1025 972 967 1029 962 956 1016
987 1026 1032 961 974 982 949 1018 1013 1038
1035 1042 1016 1018 1005 982 1039 971 1038 1035
1002 1041 1001 1004 998 1028 948 981 1030 1035
958 982 987 1042 952 992 977 1035 1010 1013
1017 1024 1003 1008 1010 998 1001 1008 989 977
1040 965 959 1012 947 994 1028 980 1037 1031
947 981 1028 1013 968 1000 993 1020 952 969
7 4
4 7
5 4
6 6
0.6291794252195877 0.9313503632383484 0.8624290789950289 0.35561308326298763 0.30153925643892254
0.9181558369085161 0.8729660729771658 0.6995950194909277 0.6906282569641821 0.1892852136177112
0.45459313678413066 0.8451293913840459 0.6993445889763028 0.9397077734187969 0.3149850686027692
0.3464815567321422 0.6942401059183692
0.4739314653865454 0.1608701344887169
0.8606075879164106 0.4122177630362962
0.39344912426886536 0.5015744755146907
0.6461580724659788 0.9364051142646357
0.8192229565346034 0.47051894209876877
0.21116713502969287 0.23876527247562862
0.1821154072823945 0.17397706368188315
0.8675065094027274 0.2703387617523556
0.08912842477778238 0.05540563540375287
0.9710367145972096 0.6649107293117189
0.8616346119515756 0.2449915088207777
0.2644272152132141 0.7097735559582425
0.44431137533477716 0.5212833028632284
0.9086304583907776 0.8409257693038104
0.1673582379387768 0.5948283883104168
0.6014342854790695 0.21832760872808965
0.4974986434948385 0.2421767166785993
0.23460501297822178 0.6722993127083259
0.841946678491515 0.9327863629639868
0.884189955683301 0.6451314105312926
0.19347716657182445 0.13727280613259252
0.2939762553200955 0.6388897049300306
0.5827158067960905 0.08313274299754525
0.26433286281126067 0.5003642584614352
0.6330425665112656 0.8785700355665391
0.9708392204938583 0.5740443199030758
0.2405978243089577 0.6765576318344066
0.41641961608895994 0.5612290273366647
0.49102270462836484 0.44649368314223015
0.38450322382444413 0.5047110569281692
0.6186641883229871 0.004014972192132316
0.8048351537011056 0.9486870232674445
0.5028392160308264 0.929229843928667
0.8099794252021932 0.08489825806314966
0.19781156460260152 0.8649612450493647
0.22024611281197792 0.7342984909114147
0.9669643044232306 0.10747695576458938
0.8076071337210295 0.40696768605892886
0.0036065809338354793 0.8820183781892068
0.5576038199487061 0.3844251503077474
0.697520868379462 0.05796124746864795
0.14498612831209812 0.6080579969764861
0.5133381794566871 0.25935193620535535
0.714645419212548 0.37685747954905247
0.21948277054518495 0.5322356959709358
0.873398728515324 0.6086333496442775
0.9730628920827518 0.5409913974471248
0.6346951926258857 0.09401555133310846
0.5601038622841321 0.7707914786834802
0.39467584650151233 0.05338035415473885
0.3796839296507952 0.9419236884131266
0.298572020328449 0.47115820876152603
0.6419669577300973 0.25106446494479107
0.23805668799362567 0.6578911416841537
0.18703646896152892 0.5253493674340473
0.4544063375897176 0.21052087499506889
0.5735263506544714 0.7423572548629329
0.39968488048788386 0.04515080373522773
0.28942739788327065 0.7572546195365286
0.7328615067270441 0.06867465878085866
0.051839039078560356 0.7289319948677835
0.29428057595027135 0.9057751280506285
0.22240154141620438 0.15082193133615718
0.44488372293687495 0.33722435800241213
0.500726850101257 0.2505281335100551
0.5500993755336909 0.33341875793631415
0.5513380935218479 0.5020173575781917
0.47959879599562383 0.9499094461053195
0.4289132365986692 0.4467988122080462
0.1704913507143917 0.6050707119880747
0.5494759847440274 0.7306252967347313
0.6225693037223743 0.8000594124676483
0.9368356229658421 0.5188755152323705
0.18975712205840178 0.6420252068089607
0.5526230248610724 0.4992838125023793
0.7062877347801153 0.931312862480858
0.3769416520021407 0.33222565062110454
0.3514000228857619 0.7226647684622718
0.40321980154204984 0.22581912102621282
0.3649439122927205 0.9041548865113043
0.5074170647460181 0.6872670041884068
0.6162205846361357 0.622759816007086
0.24335697990277572 0.18671690687631814
0.7233751972988935 0.5631629217299343
0.7569152201332696 0.009589743903260617
0.33124748005407234 0.0876371492546344
0.9362476439723832 0.4169722395828581
0.42749670029355946 0.10910345368798335
0.9618016807024132 0.4990394398973774
0.7972861015282715 0.7345670407009381
0.4611264606765606 0.036590904022813175
0.7031671431628177 0.1241206461874198
0.9281444428721688 0.24462771216425572
0.5567751083387602 0.7517832329622154
0.6835103203031616 0.8201978264962244
0.6582412480187714 0.30815204231151805
0.9901444312719239 0.49328844762058077
0.2523921945607439 0.6321459593698069
0.9406739031312352 0.7148517596424566
0.08342105621590612 0.18585819254521652
0.15095669665447442 0.10715433479323178
0.9329979528107337 0.17252013800649424
0.8544106273707135 0.1820493895846056
0.4542213777356705 0.016824451778456817
0.8523479125657922 0.7356499187710803
0.4015884036599433 0.6774919349818305
0.10410913190874083 0.02006793051246003
0.836450556838201 0.3900249904588853
0.8313043582763573 0.818274563683677
0.21997193414809812 0.7263559422199255
0.5502449458872365 0.4226940852397649
0.34877808407516486 0.7977291125494266
0.0045700227902698565 0.23697444269338774
0.24503190191079316 0.3599937911087798
0.224196750111902 0.8291138793171953
0.2994392059399944 0.39033111296939627
0.06892424833726807 0.2571112039786936
0.26204239340165647 0.9472270777616965
0.2845064748061843 0.17547404846539605
0.39467891747261064 0.8466789559150389
0.7014630550430252 0.991277242188904
0.08703194557539451 0.19101301345006405
0.6801460672742186 0.8079767971125658
0.168728474425486 0.45537263397119654
0.008109020205739892 0.8885830418284586
0.0315749569469308 0.4977011180082842
0.07093779494372399 0.9969369328904534
0.03380876086931406 0.504501279810246
0.3419050309745302 0.6119245039621453
0.9367675873843841 0.20416576213129445
0.11588289534431118 0.6940363872713524
0.5664034101001383 0.7331058687871106
0.00660901967426919 0.3161199615789332
0.6381608560668981 0.6157044293962657
0.4937083020029056 0.5019213417511066
0.29678257021978616 0.8560333196034937
0.6689285665761693 0.010083268865151096
0.8481833636305427 0.01615845944142147
0.35418754028967303 0.5906456036815038
0.17038633740373088 0.0931526006813419
0.7153232207008198 0.968418402896996
0.13645129656253707 0.5367323464982321
0.8746750790733602 0.25401577473080184
0.31137384939943735 0.7899634872704786
0.7763278966988614 0.6086228940091969
0.897352403709506 0.28898666300045184
0.01382363992801694 0.11235508450470988
0.09313063178530712 0.6384941899663197
0.5277617241915529 0.2653762661183321
0.23448809739962573 0.7336536257037669
0.8606844343311646 0.06018041366788762
0.9004879063536817 0.20347922327169887
0.011907835091856445 0.2540845027836276
0.7949584919545456 0.13054347947266565
0.5772260481762734 0.6145466557047041
0.42194186757579466 0.9821116630707978
0.2515367859466371 0.6347220116231453
0.20782881919929297 0.46492856260986404
0.6806779054782635 0.5811722711522564
0.0960269947565604 0.9564892656859041
0.9979061847328468 0.19459574088323417
0.4255171981580519 0.27081077305733303
0.2735606199687832 0.24778269082031845
0.6074744000713177 0.9861393035040948
0.3963301596184139 0.7024527914690724
0.7346180645440128 0.49372379765771535
0.31491890216591467 0.15359170361333763
0.26349796926608837 0.12121316677710192
0.5942234189215347 0.26214784804008273
0.5321587663405554 0.7744556947679913
0.13148069397176476 0.8828049126940858
0.27062858117864996 0.8936476251580134
0.5046518327781135 0.6806870486772165
0.04577309056661294 0.8481826463590487
0.5034051802481583 0.5264384809490321
0.025110597669128154 0.7473185943647598
0.8212703581210716 0.9124967427351294
0.5109528292904926 0.8182321555674039
0.7308896439034818 0.439333483344595
0.06905590328215006 0.17930256430487979
0.8566779141186449 0.934265062296006
0.9849907411904364 0.9330447728469629
0.62911235041534 0.1081298904127439
0.5342844106117177 0.760308916543156
0.778867294339463 0.04458617323159153
0.7558407188107581 0.538030008602179
0.5850158679448898 0.15030527593160237
0.1388650282788786 0.04838762376339245
0.49422323162947124 0.23660072091811646
0.7960620421944142 0.8346185795990049
0.20664283530446914 0.0007323895668873703
0.19420800991810339 0.8805253047539567
0.4439613056126481 0.9819158037219919
0.031074585448104708 0.9308349713249013
0.8598075380446162 0.8899647055594151
0.6094291384965274 0.00011140593139158383
0.4027349975341614 0.6151253804674048
0.8096509454107319 0.5583500247236417
0.6176983730334769 0.9285284510110257
0.5918162306906403 0.2024404073266166
0.059171775524937686 0.32774110278229784
0.5232642200039652 0.42735768307566047
0.13158737469398796 0.16338925085366363
0.311412387331516 0.6092291051383782
0.7016247732003884 0.6534489441449463
0.6272351817423281 0.9402316779151529
0.17775825553722857 0.8257861373507909
0.595122838749162 0.07614713332527923
0.4141330306316646 0.5197005828440102
0.7108543122833206 0.9198381639028355
0.3225043776172847 0.7958917497934881
0.5482059033829776 0.1437943247237352
0.031039091349668535 0.7221171431895304
0.9642295350330186 0.8675573882001146
0.24086122590637182 0.1409395398261335
0.7806494386313971 0.8928043503002991
0.1767559685466158 0.42249564928380456
0.08798486813699835 0.1842876055244438
0.6105371798089627 0.08454725958978404
0.31804261496002617 0.21030166683397855
0.2578957788724032 0.6003669386067909
0.9939105710727951 0.26417493635792133
0.8431899934763689 0.8697365358888542
0.08060141479040017 0.19016480222536036
0.1287269754044944 0.4716416408649611
0.603332498867222 0.48601132655300794
0.2905900498980616 0.6951492844852982
0.16974184705434725 0.7551323782866748
0.736363325880451 0.1549320295889407
0.013823936622854083 0.8568177359676545
0.6136533526992882 0.7896659488584219
0.22956559271245602 0.6641303092546595
0.3952826304360193 0.31137365871712874
0.21442464549556717 0.27179787802011623
0.4644758772648081 0.9043592511092726
0.5603636011059967 0.2955027784016975
0.06256773477811373 0.6261736878640514
0.28632282760962924 0.46855171065758006
0.6934845888250187 0.01094696544578988
0.302900402401971 0.6498975066190911
0.16207438251960404 0.8865991985091533
0.12253634281382575 0.04773461357934483
0.2435049856523599 0.24479825368532837
0.790802321570673 0.3232795859968123
0.08159856751294958 0.7870063176135802
0.8195860728313711 0.8903589227276585
0.7773222301370353 0.5952160907898254
0.17850452685858942 0.5972213529722628
0.6328948688422622 0.37353538165784284
0.5208885960001788 0.2804844617807203
0.4301681030768294 0.9782577965150965
0.3492676243923609 0.6144832894379577
0.9396879134952651 0.23941360439195036
0.920025836237728 0.8148481663789688
0.7062360207886502 0.7491043258741108
0.6957564734545445 0.3338969309863966
0.25249477037630874 0.5316891542073761
0.20359345083634728 0.9518659727296086
0.1751088674794492 0.7628568492198096
0.7554879707546023 0.34952857801898096
0.22577989171058954 0.3937592634592819
0.9628174825985747 0.37841019245623864
0.14974423983553353 0.5330242133580234
0.6231239984516985 0.9326325857533204
0.6746977172428457 0.011604565848506887
0.6763419468217624 0.9504681043602228
0.8489255704485348 0.16224842534685835
0.20888137239072258 0.05268193187327985
0.7003177171450605 0.1458659506122264
0.11000680553504605 0.8753837605037058
0.574203242224671 0.8575216091635065
0.9670960225628618 0.12615760259401476
0.4932118655382747 0.4788411151675407
0.15532887650311644 0.3052535272189283
0.595113663212423 0.8798828248072852
0.1376162279968407 0.2599530154010956
0.14223962705394677 0.20366962039978032
0.2926876191909844 0.6996001261617262
0.3480749410605364 0.7956975065979695
0.0739546370674653 0.023925287873916457
0.5794342328495565 0.7003618237205842
0.20652981135067683 0.7957894319654846
0.7883374683687776 0.6706963641880717
0.758295861254735 0.18668584315190584
0.37273441424005394 0.3308400582328608
0.2503892688313307 0.6625272596537879
0.7739986886860144 0.7303076328763121
0.36811262854229043 0.23836383934458438
0.2749773495930028 0.971715254776417
0.6982918373362523 0.6204847905914472
0.04026251547801141 0.3726592732726808
0.8812618694497236 0.5652586043726155
0.794149167415646 0.8765271246816264
0.5663079458766667 0.07890532601143518
0.7187556020458814 0.5277205246038017
0.027901839608633017 0.8087936078558444
0.42294789838740066 0.48928128904654145
0.09823465614581006 0.9514381796968534
0.8478200166686791 0.8060382784101463
