10 6 100 1
1169 1129 764 981 849 905 1028 953 773 589
1170 1238 1219 1260 819 669 907 833 617 952
1574 1420 1405 1144 750 869 913 710 633 778
1790 1813 1347 1486 1285 559 1000 789 651 1106
2195 1967 1433 1488 1158 724 1087 849 583 836
1686 1639 1155 1163 971 642 956 630 641 974
1625 1785 1502 822 1249 695 830 815 886 1108
1042 1133 1094 1217 771 1032 569 904 552 879
943 769 623 1106 733 525 646 812 528 538
1077 781 975 732 1107 967 918 718 685 684
0 3
5 0
4 8
5 6
3 7
0 7
0.7991684899028431 0.5013660316648318 0.3655299406707449 0.5936051763681502 0.3877480564451915
0.9972545296444195 0.36466333547929414 0.9350527512792468 0.7316466733522541 0.20691841273729664
0.6863174638292059 0.5713734137623492 0.7507685538067798 0.9565822688888277 0.16877709742063632
0.8216179903387979 0.4223895104057532 0.7174793873524996 0.9795023410050971 0.15501229132551908
0.7095557081537479 0.3259101650460606 0.3482790642052181 0.9113154900456917 0.23570326058258423
0.5336904218018987 0.27885574230649124
0.8336470329837733 0.3145775466659688
0.19987647131799213 0.7391173679152439
0.4792037689205981 0.548134990967442
0.6044561016375318 0.6132305939777769
0.46298777554696025 0.4271618771782393
0.1391848125070152 0.4399710466262947
0.6495920901749992 0.16582729628739346
0.6259622804986138 0.8874340138826116
0.9921476537469689 0.5778007339786948
0.4621589172194531 0.6638846394397961
0.634690571428989 0.619188385853058
0.9561822006886065 0.5664049654907435
0.3797620323404316 0.8030584077035683
0.819957653257404 0.6179790705757262
0.8233629662145086 0.2225956020505786
0.8504793158016024 0.6324271792964211
0.926210527886896 0.4067806667804861
0.3193279913116607 0.3276931213702152
0.43005843038046443 0.2795841426689689
0.4255731331991772 0.9161376023470089
0.6621743588338802 0.3353558048103604
0.808555658000985 0.7972281565012227
0.10513455886048906 0.11841159164943704
0.9822052639961476 0.03225869659258529
0.14573892376932562 0.057305559693133334
0.12494747053588773 0.8324090953064611
0.34531782537694 0.09977961697333115
0.44360457169788714 0.0032447643942299376
0.12323630765952576 0.05311936133100814
0.809758188728438 0.9755595921429967
0.9896190922556645 0.7535492124722003
0.24032726266452054 0.773433214944999
0.7772024763639569 0.40285754168641774
0.4033225084975256 0.31128694581027627
0.20126664316482712 0.18011896939725447
0.1655064751042623 0.6753364700120836
0.7983868234730738 0.8888710265730071
0.12586877205524205 0.21240772849042844
0.26878750809948393 0.5088876019449526
0.6824209788074389 0.8172368789139703
0.11144320313234668 0.7078925707638226
0.6512271129345519 0.3111067950726627
0.47850633815989463 0.7966477463083546
0.8356741050551593 0.9175811886264795
0.7384475196577307 0.6774017866032158
0.27581168256845756 0.08130279623012204
0.48241441397706875 0.12968345576002815
0.9514774944376241 0.7850733461369188
0.8410495179233315 0.6471039899046371
0.6734098021106509 0.2842100766731428
0.9488736292649831 0.254573896544386
0.9243013368381829 0.7251255449477259
0.9745985204973002 0.0055082810162021545
0.29863148263225137 0.2731073388274514
0.5548546195131732 0.551324665672217
0.749023571241134 0.30947678410271173
0.6789872528827174 0.028343566240907503
0.8187244928824524 0.505353860647491
0.6258338887655304 0.5583143754435518
0.01228222591939887 0.712300674334051
0.15392068066451148 0.6721229224572403
0.101101367883903 0.20213611520825947
0.2773352050928344 0.6830277993257965
0.029430625801026622 0.3337689385965419
0.055070700789322524 0.46847733473777997
0.45318954682414536 0.7601827894640296
0.9611426985218758 0.4000506070254586
0.7411997803647861 0.8879988121123388
0.45402891375335774 0.9326537107966839
0.25299508579606234 0.8264721954479413
0.18549914072948304 0.0018848388069014899
0.13971357548176888 0.6764903573336973
0.07981963637377132 0.40951472084908436
0.7999392918588275 0.25953378231393853
0.7953426708595335 0.16498561518424015
0.9126712492334272 0.21113982627339056
0.6641716812268463 0.7233780900186468
0.516335660153836 0.8583872293366499
0.9110856810637549 0.5149035199706458
0.7564669361887211 0.07930217206211188
0.3783573877993964 0.7382411782812923
0.23516767598990507 0.5503022556449229
0.013536020570974694 0.7066600669566176
0.2606422097198422 0.893509488503851
0.5646199895851258 0.40418939734961734
0.3442630607566117 0.9929156071266896
0.9471086836960569 0.41501969038754294
0.2124978238438462 0.5713209981064298
0.9584037217388683 0.44220695272687105
0.5094318826741846 0.6024363020242816
0.9278556782508447 0.2560308789116337
0.30069058226499656 0.5915182225017226
0.08079763370806292 0.47722896551873717
0.632398367089924 0.22218408660805156
0.9618047766207691 0.73268141343714
0.02497359567911195 0.6979183549472947
0.3487495160310279 0.5931110373569755
0.5175557405818072 0.27489628159008306
0.8314080822920393 0.3302710526839079
0.8899279184766986 0.23049197290369405
0.14826194669983583 0.41289329935356256
0.47222930058328827 0.12855617385639784
0.23197748539826346 0.734401533580266
0.8635141163245821 0.9001731140097913
0.9704298768547801 0.7634154579255943
0.4894632954995235 0.12105686033267693
0.10784252433457153 0.10575199130382473
0.016486382107596675 0.37662616266498805
0.777934909663623 0.5077099600037878
0.8140825106189433 0.24419896944314812
0.861550593642237 0.1748655330747435
0.8456222420955215 0.4281762066384103
0.2227270516926918 0.3788149034064765
0.5764138319936958 0.2152092891018198
0.7400396023666249 0.019699670261970725
0.37611256779271396 0.5744592819164374
0.2585462137390411 0.6838093985637899
0.9436480145394162 0.33987880912678325
0.29720746377872276 0.06500472292985093
0.6969659001913131 0.599343789037593
0.574101838250298 0.7555237657559608
0.3152123998356866 0.389835057935497
0.42333989033390806 0.3086887695621756
0.4183691033547332 0.9178212463360809
0.8904737994852714 0.22913239863746848
0.10272933438330223 0.7465166276174062
0.9350571066191837 0.3464003625899481
0.1650462352443085 0.11864456703104675
0.9933145278829068 0.7796477636270105
0.6604902356407365 0.636183282103747
0.9998332359756981 0.7685615606830121
0.7212901209842879 0.38161721349723043
0.3734551952183882 0.05947132453668158
0.16144998577788594 0.9242450314515185
0.4504934055436318 0.8448285765768719
0.7327378585368729 0.49151753602552994
0.6924286429241919 0.24828237865142166
0.6971557477790806 0.40785888326125996
0.6156280576597386 0.16962208218302366
0.3700030841893662 0.9711348900017336
0.3923191575715326 0.4587709693672668
0.8448038482530462 0.17281912326766702
0.4021899200109036 0.709822059086153
0.8348805215759825 0.5402604888384348
0.5185909011645184 0.0069313161011104185
0.09914788806313801 0.5457630887597424
0.20435759427122901 0.9565275084980178
0.12921334712790467 0.6209031938686902
0.6539035289133033 0.2179436115052853
0.43978634422620644 0.7357684330122634
0.7822073849715292 0.19065817606390612
0.6858178561500563 0.18561071708514998
0.8130228596036289 0.4205613391193257
0.011637301516656429 0.5828445220010492
0.2950857722412561 0.5193386522136336
0.1891587135744397 0.9789559236472825
0.6139500164302651 0.9492512541543521
0.784532031460369 0.3953930111321218
0.08774609493031393 0.5848707354375393
0.665700924757795 0.8175019007297457
0.27929926148466655 0.9857438853032943
0.9203574976794722 0.20414699532147207
0.9232748004620603 0.8056478907625735
0.6212016099026139 0.928813956881448
0.6934769067044733 0.3243359906658665
0.9475730824529893 0.7511096634580512
0.6357874127560281 0.843125170623594
0.6417502448807144 0.5505140024387742
0.5491258339960188 0.8363832372796101
0.956405334889108 0.36837525275809924
0.0029731533041903457 0.18945343599064168
0.7837376295343519 0.47886809134274744
0.6706554367465181 0.3582097826421655
0.7523346396191266 0.9492307516331628
0.18265656106022976 0.577583555367233
0.675023003226507 0.26938948230476867
0.23379807741020286 0.20949701883344507
0.7708423322894256 0.3718929177694894
0.41423090603146306 0.4739479988029023
0.09696771127982151 0.8611463346134147
0.3490860440377419 0.21740945820259294
0.5294390699491311 0.6585076301641544
0.9602042685096319 0.5380270452852358
0.07638751116284204 0.6503088332657088
0.0602434467648747 0.17096985209006887
0.9392124279316973 0.6451254969070628
0.30367642950546014 0.540095403723498
0.6225033147406582 0.8340690945091327
0.32837602814962463 0.020241598397054528
0.7722162062125633 0.5309608396224035
0.7061482025113639 0.8465550207474022
0.8397718435815571 0.6894947633198159
0.09721700274147915 0.7411353308574227
0.668383046414047 0.40935917066081173
0.06595970059401912 0.5432424036353025
0.8281363694891302 0.9022267011031415
0.013045634833944941 0.6229838554667444
0.5273116483404017 0.19098626841326705
0.00909924697015474 0.42204862782357466
0.515474524880126 0.4765854437757706
0.6340862359098216 0.7212564987366461
0.7433494100928035 0.3217932210185952
0.2819442924831148 0.9534458190294737
0.8242420223886171 0.4759063810507582
0.22145534366186959 0.9639000937358428
0.2736152816682804 0.26757268078624774
0.6585668424715541 0.9838758567144257
0.34986104688344066 0.6077027349278901
0.02725860731311136 0.002235784595510326
0.2294720731743669 0.7200605633892583
0.892979692430514 0.5822007589639628
0.27588436881588874 0.17159848748890982
0.01595371219913111 0.681250010304554
0.40851826234940947 0.1325275724790682
0.2973294106865081 0.9417943881017175
0.5568761409229477 0.20617827613816675
0.5652651110279086 0.35698407775650143
0.5396741929247557 0.08470469912596879
0.6043519486345996 0.8994955390879598
0.5622672928053389 0.8031691093090441
0.491615559740445 0.44365666974495266
0.6903686931432675 0.4290355047004233
0.6263209188772416 0.8314550629422928
0.756860707542991 0.5178672137511493
0.216440615692157 0.9213318278433611
0.6023535011712102 0.654132644435359
0.6134949901285816 0.8809650268687408
0.27131570355154033 0.45935963567074745
0.14273004335230088 0.9890754866025431
0.982616327114098 0.5668991841590256
0.032720884099713965 0.20494954640441243
0.7402644371787759 0.40694628648333997
0.27384674348237414 0.5843492338019127
0.5656781122671104 0.9323194745475654
0.9367130161861255 0.7370037717489681
0.4085732902403787 0.4096470635331768
0.6934475209720683 0.7024507204573329
0.08492593486632516 0.42015334359985945
0.45628559296972804 0.1602254780490464
0.39754036728144104 0.5788522836333072
0.9917035459467278 0.8424329267370971
0.9599435449309077 0.4303168167736324
0.17671860262330275 0.9828890486668498
0.5142390479306469 0.5607488369680269
0.2890469805056557 0.9423392354110447
0.8146952444898372 0.8033639955774099
0.7084997907595649 0.14180885673606514
0.5966785926209652 0.4109922679273037
0.12014226763081881 0.17946037453112984
0.38327993375745084 0.0721403730709056
0.6653747358933064 0.5481853177214902
0.9318694139332837 0.5572089837675447
0.7133091090016082 0.21917786426497754
0.5750515999257715 0.6880037971212314
0.06220095072692233 0.47481272398198393
0.26471994970729584 0.8347434855645273
0.009582092302101719 0.4634485249554712
0.517713329414154 0.8332881841295654
0.48596517831402064 0.9594367005403714
0.21359076787788345 0.11209504176454899
0.6087979643173509 0.09526618300598155
0.9062215535562834 0.10841977364363853
0.7410663445121504 0.11027943452292588
0.7057470564864219 0.8039161625249711
0.0020937743954223542 0.8559076808521913
0.46908129346921035 0.7714120363908232
0.581343682376376 0.2097972953843119
0.06589060525341672 0.020259257929683194
0.9331396318052274 0.7010284804583664
0.8747980206408634 0.35536696497390996
0.9541641076426337 0.9768590361500278
0.9286776450488883 0.11259931366117115
0.03697079287861249 0.04770134964418182
0.36096046322604636 0.5074027334219531
0.6973016392855698 0.6772140629133168
0.0005929242123281497 0.6067487461436121
0.7420038878797033 0.7270827870870762
0.5677670085602256 0.20609668472662213
0.7407323641240426 0.48368400255908606
0.4778046756968868 0.11194682385071553
0.8825208596805783 0.2601454025197376
0.6890240241622361 0.6031887495859747
0.2655050728162378 0.09997204538684845
0.9267940980503582 0.22829922069630193
0.0007864626742786207 0.2402776120347323
0.851588597077366 0.7190447320635438
0.873654372707058 0.46135696911381485
0.5785328861810477 0.3634564700809302
0.12062782811488293 0.30251962525970866
0.6963463959621985 0.8069415120577523
0.5342642290960378 0.2337656244106312
0.9608917090522426 0.4127662806329029
0.9945924539266819 0.9816698181753685
0.04861458055651058 0.5449190519381577
0.14233294339566904 0.8326791614179228
0.12089657305040058 0.4580602199278736
0.4094387516906892 0.2712300323003223
0.735124622238341 0.20563906273676857
0.259480096807136 0.05684506694957281
0.3582126564671291 0.5525850080166841
0.25241845317680167 0.6113436293527683
0.11113251336489105 0.26032317651888603
0.7630285490073214 0.2133022038946697
0.8236798846505053 0.7207430705802764
0.3453710559306409 0.6239579398548407
0.35022975196288675 0.4062625146565393
0.2555175702947221 0.017912833499492464
0.21353788071227098 0.2034503756405055
0.6386719920550918 0.4966528306696305
0.9709056081783272 0.11572157112202364
0.9131095685461537 0.5541431162098445
0.4255863585421009 0.386259355881994
0.6685577514920462 0.022061527871335862
0.041651649609829144 0.7729626625165715
0.7848972701732657 0.10059712107322394
0.7033068355677998 0.05301828016434196
0.940028276685136 0.1277224560048109
0.341583804021921 0.745576661310271
0.40873345130933636 0.44418372831519815
0.0642861705222344 0.2607470157750993
0.12898375752660152 0.9384781711195092
0.9640717997694153 0.16232453130273394
0.02211527258215229 0.5975088827641806
0.5673537726543281 0.013125434688836313
0.07695112045545427 0.40396583752426585
0.8414986835393046 0.8457047841091063
0.5093388648795556 0.6255484062253698
0.9430530424572001 0.16580413091816504
0.11425596354711853 0.45497746815832296
0.46762023287002097 0.8568431729193633
0.4842404139946055 0.6244558264307691
0.7675294105836143 0.8672687768243506
0.8533008146239434 0.01607915955740724
0.7172093300445528 0.49786574233570535
0.8148089333042725 0.9798917904244528
0.905566012955189 0.02795341620598646
0.5727887092037385 0.7487165224513153
0.9025762877628121 0.7034415938431695
0.3186146423536951 0.5734537694258168
0.7340083649352476 0.3807024716823426
0.8254870961453571 0.09237522084675098
0.6730779901042019 0.7350715055621249
0.2312177252739025 0.1752162636893959
0.6605801788151775 0.5149512856064351
0.21357379660432407 0.3785581203034978
0.7113925519339468 0.9745268914125018
0.981940290690172 0.49836446096940423
0.9853141782348134 0.5629883600641392
0.18015979732380072 0.26532873635131105
0.7934153508718071 0.522338083342498
0.6189162193364555 0.6542497340437767
0.2698134334190059 0.8515492223108494
0.7435181421298123 0.43941515246568486
0.16356908746735588 0.23947091863414505
0.21932292629361183 0.8547048740290881
0.09311778019644024 0.6308634737242551
0.02192629420746317 0.08688361781084586
0.625521383226677 0.4752611196876111
0.7266815903567383 0.8725250281530987
0.26609112868843776 0.09814269850043944
0.8774200289144563 0.5880941887224684
0.6940793444334648 0.05090161483076505
0.986537905216345 0.5120637640688375
0.6142183831638011 0.5559723988512311
0.16646503402097435 0.31758072593062314
0.5581538866239859 0.3927256431314792
0.3291310470029336 0.8945195040984961
0.7753029477559983 0.049063722979540536
0.27519758531529637 0.27383906280285353
0.6477884041024726 0.8238623499201558
0.6738200450264245 0.7974285701349753
0.8224823046121095 0.05518201111111587
0.8026240125752835 0.17269432403985596
0.8347987239836536 0.5093811984680716
0.7926789381851465 0.5424056753120805
0.377130320475932 0.7572354710834241
0.9260984975383659 0.5297731287406202
0.10287014906576686 0.8557290092720502
0.4416814637757047 0.5516735508753303
0.8069531666687666 0.805393615064997
0.9540959622240095 0.7524852627327905
0.8909290679736299 0.32100184282046307
0.7075139126165966 0.6066721180408836
0.8032333734095272 0.5862576536540522
0.37056605838380285 0.24784906981537658
0.47270428498097905 0.44302922027195946
0.4386687156606057 0.1737578578854615
0.22091208433880083 0.0804831575169449
0.1791423008298374 0.6331175074352335
0.4598350054216145 0.5620406123535964
0.8517578494407905 0.8623843763946324
0.4567478152951643 0.7493350263431828
0.36176691533911276 0.5317846416840806
0.06469019802049414 0.20626222107261394
0.19162714663128844 0.6016768451088756
0.16492112941434378 0.441533952176832
0.7996005757186868 0.6274417703529778
0.4696324365470168 0.36948659809196105
0.16735658794480912 0.25075756051877796
0.4171738681806554 0.37746585552578926
0.34375177211618335 0.4159280818699096
0.4836307770723467 0.06690614161408304
0.4933456499321558 0.11081832483623133
0.8975906995599103 0.8978035605307815
0.2855549640371995 0.2412636421691814
0.37414215349425173 0.7755820790325973
0.6095374283252895 0.4481740773272793
0.3755300690592991 0.4422665645145505
0.30762587331074576 0.23525502210129634
0.49023574766711 0.34293441894923404
0.6584521772342586 0.08417951750529529
0.8365554027967297 0.7969188783414178
0.5718474605031054 0.3129592613914072
0.27151730215428604 0.8539112823739283
0.25420891841243276 0.8733031151111965
0.4432563564076313 0.8025928302618757
0.15408369534076227 0.5000179890525671
0.19338924935633384 0.8873723227866224
0.7930733356589821 0.8896137754864455
0.15750410925185676 0.7581841875639093
0.4771889795256219 0.8320931893413239
0.9920869180915544 0.07636332426702808
0.9463295641365808 0.23068957163557324
0.7986251601265204 0.12309788348925443
0.934067554133621 0.9976957602786654
0.9142552070363201 0.7856549598093026
0.2594501827076763 0.014043959366633496
0.3736565399205105 0.206849680849033
0.578873354752995 0.5573582451944914
0.9463179581119952 0.8617332965180569
0.5970346340551955 0.20227807256965202
0.36308023795260036 0.08684413175488981
0.4289882138199892 0.32871877235430347
0.33155011854841887 0.024846290009944427
0.7259435403258596 0.7742762572105695
0.33030977312402277 0.4966747262801139
0.8630595042713716 0.47194036023918184
0.13000098868109156 0.44467267834088586
0.010748603167662463 0.8098908901008439
0.4795242897274412 0.29390611900691543
0.4003692618827712 0.718386253165396
0.050610320509595796 0.9849725495308497
0.0659977988495708 0.15891572203248017
0.176524666095893 0.2794864656526903
0.7141472436803709 0.6725662301223703
0.8934295186892554 0.705964899263581
0.09361066241052618 0.17081593005034756
0.04836990484773529 0.38553596008781144
0.50036205947616 0.24879690511930486
0.3742507326709501 0.29774851565249016
0.5789099970251739 0.5506712668526705
0.0851234892029542 0.9216780864155389
0.7008607236108471 0.8692498185848356
0.8994156038025687 0.5242944435120662
0.9239006299024279 0.020732597750014792
0.6098996413310005 0.21001256507836819
0.17108472598453606 0.8099096335411862
0.008001479085694596 0.3897382924156667
0.205408334690794 0.9443233942454097
0.7820903645185819 0.5321217444634279
0.19868730196929252 0.5661459845085663
0.004549596325471139 0.42045185834954757
0.7990868971334437 0.9337115152973294
0.8564837064566744 0.6567580306961258
0.23099170838974747 0.28833136170974694
0.3831556030752563 0.27556018072883237
0.4431858786010121 0.31204069330052575
0.9455224942090981 0.3051535027453389
0.4412312706798456 0.1961564699432834
0.9590037326751952 0.17984806623956873
0.3372744550001572 0.23468118629196022
0.7735216260472926 0.8017920090542221
0.824497805951705 0.8598269792566902
0.20918900955754438 0.964184479810922
0.14564606488055376 0.9021780907476702
0.5326611824415344 0.730267656600337
0.33957037269323265 0.7636160401104852
0.3054551126748706 0.8156343794350938
0.5229757955033425 0.44180003130222234
0.6867079430284257 0.9419511831488856
0.9465152197432218 0.4176839619451025
0.5180243696891123 0.3770160281561463
0.2627623947019784 0.5028637353392775
0.22838055941672541 0.8201468665852627
0.964567980147476 0.8936409673824581
0.32679552986695537 0.18438276495213235
0.6238128418841835 0.5401280007921871
0.1330495097192077 0.4231000796751876
0.34205165740055854 0.7724965908835226
0.390557355751902 0.4949802857428698
0.1063815291562975 0.1980347082126912
0.8593338274528783 0.797303680740834
0.03617556301438629 0.5333114010448534
0.34436368002018636 0.8942991979500015
0.09956533486215857 0.2296073570305368
0.7646745191591195 0.6248207027777166
0.3318946144138559 0.11871944695488845
0.006670024517679618 0.573023563500537
0.638836501396769 0.04562314636388787
