10 7 100 1
1540 1522 1630 1336 1313 1311 1142 1173 1127 1279
1543 1594 1416 1461 1317 1195 1274 1235 1371 1483
1416 1403 1309 1389 1313 1238 1135 1148 1247 1150
1273 1279 1452 1246 1184 1053 1222 1090 1097 990
1184 1283 1097 1172 1200 932 984 1030 803 862
1037 1098 981 962 1119 941 836 925 847 656
1034 985 824 953 784 890 804 804 682 683
814 834 715 717 847 772 651 708 531 535
791 779 590 828 778 617 548 515 583 491
604 726 610 515 543 647 652 642 508 621
9 1
0 5
3 6
6 6
6 2
7 6
9 9
0.6381204048018319 0.5393414489207945 0.6681892259283118 0.8427914489704056 0.28842854523632544
0.36836263051888424 0.6745954490209713 0.5857338122480464 0.8868145255900892 0.18351664128341405
0.647518546255639 0.39743857693431833 0.4862515146811562 0.657192891139343 0.49122756224509645
0.9097956639229328 0.6312315290129615 0.4357162152552764 0.519698939430256 0.47665584207387945
0.3236234405391816 0.4022733907005931 0.5367545732568779 0.32910969954243274 0.11050585612168984
0.8029256489663363 0.5103729997554216 0.7621436888875974 0.9424992247170316 0.12326673500614121
0.16742419219406157 0.12318029457040236
0.5497766133575201 0.7404856802395046
0.753583323593676 0.9867749712908755
0.21289038771006674 0.2015780760036736
0.9541295225791087 0.872978674794681
0.73719589914 0.6172517721743229
0.3018573897167911 0.9769141929807841
0.6557495651730405 0.9839523937873564
0.3043211621445243 0.4815583748945176
0.6926674774123771 0.7688547167248863
0.999818054295947 0.41052291363550175
0.9238950056329673 0.3781219893450607
0.010892920014936358 0.53676288455155
0.7962178336532677 0.8022952735941544
0.5718956440789773 0.6047484765252045
0.4536617924180366 0.7748398320913452
0.33976651923745727 0.9596605840334369
0.5396340512859996 0.4817907425565058
0.2776492095733487 0.8524840059553156
0.7426704793438534 0.7490225762284457
0.6009673958984103 0.3683184781654445
0.46046778998874505 0.2653839244658549
0.31289470617780224 0.7187357960649992
0.5085498819911058 0.7402906705276366
0.8290764526091043 0.5508344944733388
0.806709449039094 0.7916081077340991
0.18414525140355953 0.3483141068460993
0.18990668312852654 0.0922211716437924
0.5345013648588945 0.5092252520139755
0.2970427121451309 0.948318016683493
0.4911566534711571 0.10269301161290478
0.39209820283686914 0.3348214522637081
0.31588100952437825 0.8363333070386283
0.40814824067793753 0.19050029718843065
0.3008629451178091 0.7176419379551071
0.5471219253334965 0.6056205464026883
0.741900000516333 0.6784619360966748
0.2738398275031457 0.8947137112649042
0.8699891863107776 0.053094073756018156
0.2726156878431738 0.4251722476462598
0.9855421954290178 0.3417423168512548
0.3668147302484497 0.012301225797218374
0.5793483299675621 0.026853811380137538
0.9103396034016538 0.9542393516251813
0.599914071400935 0.3983407943685455
0.3083417236840671 0.5864179123361564
0.13254169853196673 0.13836353083456499
0.6617950279926146 0.6851898127039575
0.39018135435367696 0.20314225682877685
0.15587149016718893 0.19456910598387256
0.21796881837609794 0.9061956702364122
0.6805392843759992 0.32969454508672924
0.2525254436230209 0.012551931111936643
0.06346637214876227 0.7149447254492749
0.13105869964560668 0.7629257283317852
0.19940748701538746 0.5465560002870613
0.44928214016524715 0.8824224688387863
0.7975319832296104 0.11165134123705434
0.1413641525745637 0.6442724551734369
0.9801745115543685 0.4132412322489032
0.1628876956988472 0.6935090192782245
0.35568884681948165 0.027270707474776223
0.27333350397970957 0.6100813491686246
0.6013767506550947 0.8621664628183254
0.5931268809845762 0.669559234398772
0.9169068104518823 0.3527512532166204
0.3398118540570265 0.23926337698115252
0.8520945166446525 0.23875476491637193
0.27714648558050015 0.7513830280346758
0.5198779680755217 0.04005394122795325
0.4206598438050646 0.36724276750843066
0.3871118175873296 0.17162710787715607
0.4225001016712697 0.48671489091402886
0.20816664452490174 0.07310657294269207
0.4974762511511688 0.8410266600009331
0.9052085599541897 0.1422078267322524
0.8255392771912773 0.34677211280359277
0.2662894862848437 0.19986111981174504
0.8525406683666308 0.49979371895454205
0.03825464154945979 0.3625957960817152
0.8794415974576151 0.13352793956624898
0.9453569180206816 0.8229272885473855
0.2852019686254035 0.9556967960215006
0.8541865472154302 0.6071074947445398
0.4400091381170459 0.5935461946492078
0.5103520415831029 0.28629646152584187
0.8156676144091974 0.2679591895574551
0.5708601957089658 0.40011777302911145
0.5890667760875674 0.710274050870098
0.9133356423383412 0.5948006649828081
0.9009225263116081 0.13888634244262277
0.7529961626130326 0.6968038965871144
0.3236804065378478 0.5723098497094059
0.25210981255517173 0.9091437684895249
0.611863364765586 0.036656837905926
0.011984391334282973 0.7656650068977453
0.17080488454619025 0.8446683231909053
0.674417149598757 0.4511523323984923
0.22912607322048073 0.8501742354709341
0.5004866163419017 0.5173554666187823
0.14965863162664594 0.5452954655186715
0.22896195685484377 0.8997385462697518
0.32295685065802493 0.8584654652757846
0.835930778614707 0.14508036112165046
0.14369284986199915 0.19221351423446587
0.6724296253908513 0.675498438039478
0.7694610041216785 0.932823211789894
0.9281889826014169 0.47383257511812027
0.8169607738186297 0.6736264209880312
0.942904796315897 0.4052485077070005
0.25640031341256875 0.92061876339119
0.4707965536506713 0.7822945817293478
0.494047188922776 0.9403502405289887
0.23402608424044202 0.4421098585740595
0.06964962721649237 0.15905871887370915
0.06892817678860008 0.5516934552031896
0.14448035020056915 0.4433242609210055
0.7950095355148821 0.844146941692419
0.6946768228846736 0.16873490978436734
0.7225778514322161 0.41788981776118206
0.479858168065582 0.556891187529853
0.6111549380205099 0.48206537023067786
0.15525596133447528 0.7363090200517666
0.5054934448182724 0.6483733882062332
0.07595924508366125 0.9066110106025211
0.04330550811734857 0.9634545793340152
0.14139079434398583 0.31140392711172216
0.46647720734480225 0.9373436712864927
0.8479864732770059 0.5772535564255756
0.7221517824535599 0.3420358724403483
0.9308173154841002 0.25196285136123286
0.44890827600204264 0.988684721024675
0.7259537070737014 0.7861905599240544
0.7417213642767495 0.8376268758044649
0.7903729115503861 0.2488938786206587
0.2905862561666035 0.8148422998667195
0.8908841847001854 0.6077556922500891
0.5086557681747446 0.42984972264764587
0.04139357727102699 0.7454480490365967
0.2263963381266747 0.1684503061119389
0.9183143077957845 0.22925920542323097
0.47264886566942454 0.5296788929494813
0.8556948215991689 0.10791730487683293
0.4751439802933062 0.6460053084316952
0.9535568246782318 0.13246847860642474
0.6581980417689823 0.8970143177835006
0.24169533029501822 0.8803181918394967
0.15565250055804358 0.03907239450760458
0.10025738266931783 0.20597277587643692
0.13509650822976083 0.5731606297501743
0.978309270730759 0.20713369750866129
0.9666839279330144 0.9396101344952283
0.9525405048362474 0.7281758630335364
0.4552606157916146 0.08341818258950662
0.4484284746733802 0.6096732990521365
0.7051081191634465 0.1051783368890189
0.27253956618500763 0.07700584906080188
0.13912516925582175 0.3021367907817232
0.6218170792550703 0.9168374504469703
0.9061956021997939 0.5422494362621888
0.8818405028218439 0.5435123874076435
0.39490020530003767 0.11995125255175876
0.893387601217912 0.5478060581856112
0.7461125768237373 0.08754617804567966
0.566092926909533 0.5173092484417565
0.04622583449331352 0.00005686916321367974
0.2007724553663477 0.7930384344468524
0.8722274265855343 0.17776584260914685
0.5069207131919131 0.7761322511869106
0.7728413920917712 0.6135610397815678
0.25101602820480795 0.7469896409691825
0.6223241791280452 0.638626659119695
0.27270433701286456 0.040710246443447895
0.2255695016957897 0.8083231209339117
0.04265346146766125 0.6571723087770234
0.5050619710210447 0.7285869488214332
0.5917648391071009 0.6299283380260403
0.7891629115322367 0.08821931160513796
0.6456171638108974 0.3841768205007554
0.8306914454213059 0.16767576399312878
0.3343745488781711 0.6897835441830169
0.2998208448997086 0.9915766085545057
0.28039539588337337 0.9348710097926278
0.37371474370710045 0.9066605162785133
0.2241273094296925 0.426735078089608
0.4091695956262331 0.30217036296618716
0.4336262592773146 0.07362749978387106
0.13065350279610932 0.6221127784375298
0.7104458950865666 0.36582736114427994
0.9818650575121424 0.7131576830150297
0.4279814934795365 0.3842209732749433
0.3386314557701502 0.1961079745074017
0.8250697028395717 0.19449974282134352
0.44777631779817884 0.29460300905306314
0.6229694236063665 0.8432257238146907
0.3905451931250876 0.39016782650368276
0.5870571250555303 0.5726027196252672
0.5444435473447704 0.21437230103959637
0.8005759007348072 0.21183867492906594
0.4529914699076101 0.8454280018394518
0.9160615972332895 0.5022263863081768
0.1408061511434615 0.14343958264004608
0.41197831300450316 0.1360302667615676
0.9371690525191103 0.7520759592101391
0.3272544385738738 0.6310929622056001
0.610178973617544 0.21465231839118792
0.5688284399805374 0.9598140282742145
0.5861924452404201 0.12545464740615397
0.25954017512683136 0.2596698223182914
0.6461126188781112 0.2273299340217605
0.5845116491815896 0.1155557258419011
0.6702983264506777 0.4737970902938655
0.9856952909829357 0.6686477099026256
0.7583882292555766 0.42014155698116773
0.47110975726779714 0.7079514229517547
0.29897259475462157 0.36626882334199595
0.3214333435256145 0.2118086124647205
0.5963827771490535 0.03229728310271929
0.0787496005565409 0.43242919770661126
0.6107351123917282 0.9727694786472283
0.8773319063940279 0.27066242904869187
0.18450298742572158 0.36018656463542587
0.980840872953562 0.4753309103368679
0.4918426737837074 0.39567000692927023
0.4959984923017242 0.6064830356245252
0.40940890951514186 0.7508438972894662
0.7330377465866458 0.8350597322168589
0.8506555223304124 0.03882632382259832
0.8435986402800126 0.7056071784399476
0.9143186772759704 0.6975966268834033
0.7990171834448121 0.025420961613192627
0.6161875309726679 0.4814003610099793
0.2296938105595221 0.5581765934325214
0.316966307200961 0.12833693439626037
0.6869768215242957 0.6907618845759298
0.6705283736410987 0.394408031201652
0.2977602398493797 0.7765230486869457
0.8104595751652588 0.6224351541880466
0.6791409749433208 0.9915553380368707
0.45678758161035926 0.13841626548397357
0.7055010270757405 0.4296391529764425
0.4370643857288319 0.8849352053613622
0.4841191155695743 0.20909358936083944
0.6567777235614176 0.6085396660167692
0.2515402045982893 0.91261140225728
0.10937872430077245 0.010572415164278537
0.4117145102719999 0.6795784418473574
0.12673245271474842 0.7977761033049937
0.8924766346274811 0.7175555944762044
0.06772009730214079 0.276883220222534
0.9230727194473163 0.19407580096453514
0.3639490326634345 0.37089025716742285
0.47801663006727035 0.3606659877172218
0.9563365277348166 0.5217052888967904
0.46792594022537415 0.9848070203429249
0.47493969135879577 0.7505096673744744
0.22524511508585876 0.5229985702223043
0.17999382824347165 0.36968624537123485
0.5516063345601785 0.3791497776618036
0.3446056958704704 0.06433433864000015
0.5380934888666427 0.6216888904528779
0.3647555292606868 0.8999634665391394
0.5417785996229478 0.5864095205424917
0.23138865600317615 0.9687402929010971
0.48688968858932813 0.28058333742784725
0.2629065047813597 0.0962726317474294
0.07878695128540403 0.8998317181224231
0.789452824599074 0.23522242511447833
0.7247005410209248 0.19936755413848917
0.19233418401698743 0.7537119267864751
0.43181741690168796 0.8907841968898915
0.6258305229957961 0.09708205232992206
0.936879928704448 0.47594199658981107
0.07940910863364703 0.4201010557549616
0.6102403211785059 0.32501192759374464
0.6127689895046697 0.06087449668169098
0.4345890249295492 0.9321427763219561
0.2049839008825276 0.35654158178439177
0.8406728058002464 0.2426682902051589
0.34153636741145244 0.22006899886755837
0.14779345352223383 0.5828560450250373
0.7617390869872138 0.5379555560112173
0.6369698736885105 0.23165341153066232
0.9358475730298568 0.2290022311152149
0.8463637145461 0.6488671646164752
0.6547340539682809 0.44556382743606515
0.2334581661696884 0.02568437527382139
0.42976383813218355 0.3529366807789609
0.6537100323405485 0.00940386969979734
0.377828144329424 0.7410433310586639
0.2552679370302966 0.2386911152726412
0.2417627774253257 0.7045428806597529
0.17160771254678342 0.5079218350384109
0.732375156797519 0.8525148535834597
0.9180991527225388 0.22031968418331282
0.2845566732388276 0.6573946638736243
0.18697068177676646 0.07173891130062704
0.19890886090714743 0.5020599625996696
0.18285865849970806 0.47481637251460285
0.7884245706253667 0.20320461924344824
0.47899712721198817 0.5187362863889389
0.11116406316943728 0.33161434086954844
0.4604864595179483 0.9033012505390576
0.3472246947543718 0.5232156073072693
0.854279161317256 0.8805702442718748
0.8312631621021664 0.4416308873039807
0.21035352394113893 0.24244113628806185
0.5577916768392794 0.5235484989752519
0.3563096823159648 0.21140160878114278
0.05722843551730894 0.3949264532249406
0.27457498496197696 0.6542745273391934
0.77708182490356 0.8191798123335199
0.9935512750303295 0.5291107125507035
0.48356765108335686 0.4316662035685759
0.7068959901686398 0.5611940762263838
0.054317115846474584 0.5280484541928714
0.7149104401745336 0.44448549792934333
0.8663636495187106 0.3813004857777027
0.2614419713806051 0.4405002207922064
0.5679664783780758 0.5737411927337817
0.053437438783542346 0.2148270222917925
0.6687620766711337 0.943400532739233
0.23339423013820126 0.5094912913895242
0.9895635228510462 0.7760431368191276
0.8917063454603904 0.22282388608928416
0.9778513743252821 0.3222445740281019
0.3679383930623845 0.4051616722695659
0.13848143321803308 0.3868375378691802
0.5654117195327435 0.7481192995260648
0.5848159887672593 0.895381045885449
0.049791667815774376 0.8522420530690178
0.3524693667910168 0.2996824374314113
0.33277069962249306 0.23069650777965434
0.3289147399747554 0.40863108646192936
0.2429138854999895 0.10099663742545717
0.8917000445550758 0.04973255761761797
0.686395723441916 0.2791098093849871
0.7553694566350098 0.8687589781564076
0.7795032911485797 0.5667412298877039
0.013913287532858476 0.6851963662188507
0.2743749849446444 0.18801243046381733
0.15707200089627338 0.8049100703889476
0.4273448411504377 0.3591546716558254
0.8943386332408734 0.4032830442292814
0.8748917031759413 0.5222240342893112
0.3593567608030739 0.3198110157611733
0.26562071869079307 0.23345369803829996
0.8743795720739134 0.32153565673122886
0.3193214878332633 0.30252200431690923
0.45114634104950824 0.6160720464793281
0.398501899923724 0.4582527339303133
0.5265980066833715 0.23466514409209127
0.576825183828046 0.7330398419646806
0.24870929410817433 0.38796871272912736
0.4296654373196349 0.3527237861133621
0.3517730011893385 0.8125562316566433
0.0646084065046415 0.7951178220802455
0.9029684044709445 0.21260298638312847
0.0708872194129806 0.21152058152133413
0.4901033958863896 0.29695365382874805
0.2642174605772474 0.5110093789098888
0.3048085027519385 0.1369025325007327
0.3283120563372537 0.016779169007170136
0.3427909049550062 0.9511483101713838
0.6349428885007067 0.804433520339664
0.232908389126657 0.8364433503947926
0.592968485260152 0.9083442453269623
0.39866873295281446 0.3100840842117085
0.7501478473163741 0.5010529943141979
0.44615202776667506 0.6127726340575501
0.889370116058531 0.7569550782461019
0.37175678321625005 0.06400565335106823
0.017857418692183602 0.8324567166627457
0.5143653572841598 0.25232799494935687
0.487086533548436 0.7251585322205789
0.6066878777903095 0.6024267869069218
0.3618820826848739 0.2365448805152499
0.0235065971493138 0.12069331977183362
0.8510350257891965 0.5239241812943172
0.7841792406579353 0.20661037299567742
0.23981097615933966 0.8704998908737571
0.03490841936965983 0.1408857619307644
0.46181853246821136 0.8810475160871247
0.9524989896923228 0.8875163750742385
0.20428372471257128 0.5508460557175474
0.1029784600576984 0.15953601679736895
0.1743174946936863 0.7717430170408506
0.02824436328544122 0.23408442428985987
0.20779562818545672 0.10783765345937812
0.9240008092947918 0.43257143430572054
0.0751573635533982 0.5587246356433346
0.4776658720669318 0.024539255627474166
0.4022677383484967 0.17441928339977686
0.7221341519845172 0.11548414577874411
0.6275933899384056 0.12240695081972919
0.5542727099345 0.5761120467738847
0.9868782347816047 0.01200530114037024
0.27633387858523406 0.719022541902947
0.7176256448723248 0.18360607432217413
0.3035906618976649 0.637338910011491
0.6985209806029236 0.09224299317201701
0.11581276937251839 0.9589038093999571
0.03162924861294347 0.00512737839831412
0.8932619717584762 0.8204610186949568
0.9379267712832327 0.6298440019082552
0.27187589608478446 0.5538915771018138
0.14840026673984896 0.17977466710782708
0.752029551183903 0.7787817579912033
0.25406741418788026 0.18651016313979918
0.13202084880291043 0.2639670649104977
0.8397431743284667 0.613752796251791
0.16946928022112928 0.4069066463057647
0.18870311341839474 0.9891210725007311
0.35869435946419825 0.5094063209731727
0.8627442235706009 0.9124395221859258
0.5170430641064518 0.48439396204191865
0.8924871203311509 0.9168104684356275
0.538069229227035 0.7942437515036704
0.8237787446940841 0.2779143731828082
0.1331536918789522 0.14622347157324955
0.2316347424623575 0.961746112176181
0.2739195665855383 0.893643475945973
0.6004018430872984 0.2275770734550624
0.13992180433559764 0.9642186260381524
0.3222947084798682 0.04474732349165844
0.3916121368018497 0.779499064425327
0.3823259628607818 0.16472441147871608
0.8264337351686286 0.5533470382776773
0.09123125905967555 0.3888369253726507
0.7456865058364281 0.3644290966139163
0.6751086344264612 0.2965800817804791
0.3194872957148147 0.5936665182911289
0.3421244126638181 0.5426778688755964
0.2551479839718347 0.6925074035360328
0.9954048590814981 0.5859517293251539
0.5155887833917081 0.32418285133974356
0.9810802737934698 0.9533282932498903
0.15961406336664008 0.36130077592370324
0.5576942075327682 0.03541076019759215
0.7388167991438184 0.8999960421216966
0.3119050915802064 0.5080058861164358
0.4680144830313424 0.962334430525924
0.1574808102866343 0.2879394968248423
0.5541367341773669 0.15501548164309198
0.7325069915021087 0.6403573089000643
0.9855207583900403 0.2979756658314705
0.6442186203070466 0.43468674247448735
0.11099187486053297 0.9882370951495174
0.37953544010449614 0.47406227842952764
0.667595993770373 0.030117566649310312
0.9199820927139168 0.9579481041143936
0.7951831579568509 0.8394072388055811
0.7639721213966721 0.18655015083861892
0.7269984309977937 0.41989370686341587
0.5390058899046715 0.3031739277858718
0.9283467819510398 0.22463766027631693
0.8958467083380319 0.7057799515152896
0.7265065817341927 0.3013236716015535
0.33542201624286627 0.610114072388541
0.7542233417096857 0.4588027909979435
0.7458156741463011 0.055378508316757946
0.5291667721510289 0.9822177359849218
0.4538776936482709 0.46644550729177436
0.2326619222915749 0.7807574288352042
0.7971568643503304 0.837481646782549
0.6523126321155663 0.129594568663997
0.8585012190553611 0.8064684333594487
0.7023263677704075 0.2632181727742966
0.8567384433876393 0.2919388202550548
0.2709669992401711 0.09532600659623403
0.06542472129491927 0.9875451761994305
0.6965430185718582 0.8096940650931015
0.4986256425763318 0.43814697601673225
0.14348523634250476 0.8988218726050266
0.5540098963390656 0.610553642857361
0.9409982909637573 0.05284767123552503
0.7770858225574038 0.014634881221110563
0.6366118025941847 0.8234301349223252
0.8695978460046951 0.7521277389406573
0.5164327046403066 0.2848809413005997
0.803560000407938 0.14133763938863253
0.7679265656829621 0.35223668241018924
0.4651431345952126 0.9410713862373026
0.21451701701118653 0.9227456896043875
0.027099966689113186 0.2996061741552678
0.9294818498757111 0.14849946073663722
0.10650061724681814 0.343017212268383
0.2565488555094517 0.48386295649942745
0.2062059016346025 0.04847652400399416
0.44469116955950794 0.6359266275629876
0.40302013206243825 0.037488761862828346
0.9436386225438562 0.8120556745089438
0.13703901469680013 0.8705917678492066
0.33090170436739275 0.4154713525467024
0.29024367002323603 0.9791188688310755
0.04628101924536665 0.3123646363686574
0.9530629007083615 0.26899070619463394
0.5477896128382371 0.8658528287376486
0.7365953270838359 0.14363768185711678
0.6228595178568008 0.18530824958025272
0.11143938558551336 0.3467125133612141
0.8401619591426102 0.04030775471698256
0.0023705040802690647 0.5950438242494938
0.8178818549197322 0.017357192892813122
0.5508643233683899 0.8897388691684411
0.037943379181452075 0.026602708025071253
0.8572496674036632 0.9434360456184316
0.3478857422415085 0.37002038203589516
0.2863647834143117 0.2451115331833078
0.9280100226291532 0.6729895554426151
0.10563674023409497 0.8029623063584741
0.1662706024970122 0.48733099711363725
0.2925137919184455 0.028954843408430353
0.6725061877005849 0.01276183753390936
0.551920558136558 0.3218274462650603
0.17437399073085214 0.08469470411178515
0.31021821331950794 0.254203211682859
0.9673492622016859 0.39486471554133784
0.14229422692809157 0.7133211791030369
0.844953741431232 0.3916053645598432
0.4104452381560668 0.3482685873058249
0.18890825873590056 0.2832224502677847
0.03427582656364958 0.3628839876265091
0.14898362365605866 0.13370183770860167
0.3632782581815097 0.3996426374950639
0.10585602912395564 0.50467001534619
0.5097303357304921 0.5409755765932265
0.5118652744956751 0.9017059430644967
0.0935618444049573 0.7478423495612878
0.20955912454479098 0.7829120177160516
0.822069514829427 0.29651822094413594
0.17333598194083222 0.876878561460569
0.4119480933512931 0.5082464776316813
0.7316278838589341 0.9378584390839049
0.5439038361667108 0.6568484935696066
0.29628167563364793 0.4497639068569028
0.1888537137670001 0.1345709903296426
0.3239607552912054 0.4351307899070769
0.3650690315145342 0.2848075788361748
0.6600713138027616 0.7608790804951944
0.7131585506121183 0.6846171071190985
0.16098589262968077 0.9839719656107575
0.7407484495791694 0.5716732229360708
0.23309017140715094 0.32745908911252597
0.6856450134522891 0.686620098351979
0.8174006080240495 0.9182042648556468
0.3653379647488113 0.48740624039526925
0.5925799761721025 0.7887550658214215
0.5162431047164511 0.932816386504612
0.23969486023585773 0.9866921349319182
0.3093244233477137 0.760949842614582
0.9947811007790452 0.5728838864096109
0.7680356400578268 0.11436561033789472
0.0462458124920877 0.20035237616210333
0.17798085198778524 0.2823273004680009
0.8117161671128732 0.4495401446752463
0.15284494939656112 0.5551051466392667
0.9928275822006842 0.004056515895839441
0.055539349337186295 0.23729574704798284
0.4951290166328357 0.8059549729274982
0.9346012687515277 0.1390882081305722
0.8864443686291246 0.2752697366865864
0.2452323285118907 0.7455742426638086
0.7540157832984138 0.9556371247975279
0.6030368008292735 0.005368429192515567
0.4842504299344996 0.7926386004732775
0.9970138618902844 0.06723902045590968
0.3522795603316484 0.7031837520995188
0.07014284789949987 0.27688052932257157
0.05324813401511275 0.7187871869750659
0.14568667229302434 0.301625553155237
0.6295176635135795 0.9190843965830735
0.3363913081661045 0.48077760792992374
0.39882253327658757 0.9654028730200439
0.17017633303214152 0.25191551928454436
0.6365326709533918 0.6513005796050386
0.8668523875573348 0.3679907599417822
0.97960015117509 0.6963219191649432
0.6304339675224326 0.9597986978643431
0.1090022951516385 0.11596292673852293
0.651791155542288 0.19999971016801799
0.13593651105512472 0.19865325111016152
0.09561216013343343 0.10180013783708652
0.5976882087839916 0.07710703102959737
0.5052261804532514 0.2769607269176142
0.06255065822792893 0.12772939553894447
0.25678447298334883 0.11340940541113254
0.06199141464418423 0.25734158897998505
0.3173218071893602 0.7546372909061809
0.9661285379919378 0.7747752425412651
0.39024450772714814 0.00251556027455635
0.12428533514630424 0.9987383358953827
0.4470434575018971 0.03683747077023369
0.6315166238046617 0.4349377250804376
0.23482301994295707 0.04079904508152432
0.30795662730680107 0.7343814831972102
0.7765484022534139 0.8538940128733776
0.3684233737663576 0.7822572135543242
0.17318329135890287 0.2945714087999849
0.29679029375387467 0.9789200943757899
