10 3 100 4
1028 1061 614 1061 1410 1364 559 761 1200 811
892 672 1171 1431 1044 733 1382 1022 1191 920
792 1211 1363 1278 725 1133 1247 1383 1367 1404
1121 1099 1096 743 1006 1142 723 1120 654 918
1173 1251 723 1244 1112 1309 841 774 1021 906
644 1340 1425 858 1052 1309 949 939 791 624
1116 1101 613 616 1037 1150 1282 927 720 693
594 962 668 716 871 1033 803 814 1204 1393
1231 1369 816 1388 654 1195 1132 754 965 671
926 579 711 879 1101 820 1407 752 1044 1156
5 0
7 2
8 4
0.3844140000758609 0.36884716373053594 0.8594677301181206 0.6032769245077707 0.14822274942762936
0.5275153173436358 0.7697502985646018 0.6009795601653447 0.4696672461656582 0.4515363431323599
0.37377341313419143 0.7619160700667555
0.09834407068844442 0.3158790107208538
0.46809751791776333 0.14083654735263829
0.9493850939406929 0.3811987677787487
0.6907218203251924 0.583301001172714
0.5869792365342323 0.361080554563179
0.052138115490573345 0.8830923790447636
0.9520257307503388 0.5342808334791354
0.04567073525026255 0.986906409435494
0.7078786941231126 0.4206291630717931
0.7245746563521178 0.5242971282549147
0.5562185993996605 0.9864981925134924
0.4844025307243227 0.929342544444475
0.8716590049087312 0.9387136572517454
0.9747278078955521 0.18507349329897882
0.3285286007796331 0.591791949713554
0.534501766417288 0.6555424342931389
0.4057238939903687 0.4828919898205364
0.7145839249444532 0.4000686277294603
0.5728566553567249 0.747791122720469
0.5648769790819526 0.6519570466053048
0.700050306983615 0.4714625313146035
0.18816246608435083 0.1604544765024256
0.975773681949426 0.5952567625938325
0.6087833949844195 0.9464253668435538
0.8954953721008014 0.1574238670544612
0.17757717971129305 0.7003664774682983
0.6741099413973395 0.8830599878438383
0.07795124723174185 0.6001267752339339
0.9011268257633298 0.5324392608724025
0.13467029480924908 0.04152066187574177
0.32214799798698057 0.8540653958434739
0.7944249490770576 0.45410150106498604
0.9346631814908344 0.49390638308725765
0.24368953770969237 0.4570344079284976
0.42218689319297287 0.21992321466111786
0.09523275095252925 0.6065203611218901
0.14752814948214543 0.061657501533645576
0.9462637073588258 0.7689258183225205
0.5703016814964668 0.5211318095461788
0.17364655982692145 0.07393169254827003
0.6676422661061447 0.03289743444474458
0.4091502876431603 0.6012599781864281
0.1705795668056891 0.7893455065685901
0.8406048903979604 0.2888365487877058
0.20855376247691115 0.21123838443884746
0.9839468896592027 0.07116482894573117
0.23614877937534495 0.765492559444104
0.455901546217627 0.7406261670382286
0.21184818610093892 0.014696116824354233
0.9081679400114833 0.5271128689755318
0.1572879409818404 0.6879155029801614
0.10755624257616825 0.7908075811841071
0.20234657225571628 0.6147326117898013
0.6328348355280593 0.4057101771574281
0.45495547428142413 0.6375340813582084
0.16381684140112385 0.3246580911387569
0.2333449836475947 0.11440353548224946
0.7288452883916867 0.6200805341865465
0.10755410383526254 0.29814033007378615
0.6040452281093052 0.940498715609106
0.33937540061038085 0.585802886399972
0.15514363356197403 0.39196332338379936
0.6222961584260842 0.5405551655347371
0.8529880541286512 0.3917010646990964
0.17061552029877403 0.7448679310878974
0.5191540280807179 0.8686255560603839
0.933568817481782 0.8297446301292992
0.8920308710319054 0.19627686951026213
0.2562566140957414 0.0069757911478898205
0.4578443921754045 0.9416688918063687
0.8043337250164371 0.32472194117440756
0.8204542391359437 0.26068616706366865
0.8985253437825627 0.817769993435393
0.8931422115099197 0.0449867751121491
0.231321114451438 0.3269821469474741
0.9665209217830006 0.5131326030318681
0.43332180729079095 0.9206676616513823
0.29242580485219594 0.45504628732182884
0.692253839030041 0.2262723394258923
0.008564277856472069 0.8703452468670132
0.9927331224460825 0.4801837707937582
0.6674598329155099 0.03403578530720308
0.7040351067818025 0.8781413945469154
0.48593964451398386 0.6979206644996923
0.9207719086791519 0.8175645730134429
0.18609612975651846 0.32168392206174534
0.501238112111732 0.9707746515420248
0.7749796597606609 0.48928882414867303
0.7914452872573716 0.3322951210611327
0.6934309762345818 0.9121607652503463
0.9419874365858831 0.6451676091824887
0.2480262220686349 0.4839317272820831
0.4728966903324239 0.4159366717278219
0.6061743022132655 0.8411515104092271
0.14804908396820982 0.19089143522621477
0.39122554123582876 0.5467378792259845
0.6501100708977217 0.09251256040871292
0.035149878000505286 0.21794324671060505
0.1362452888112311 0.1243765694961727
0.6952659408406636 0.8803055052524693
0.8803517760163606 0.9523385892497216
0.35386628153236743 0.3136925853183885
0.9235422508188802 0.35611479884404607
0.1319749601204565 0.170963631043749
0.6996041396689003 0.2802906858124763
0.05111985431505639 0.25029219014629644
0.7653925745704842 0.09759458053582915
0.618863984972867 0.13970391569194018
0.26055188109235883 0.7228789258735797
0.4599643224191037 0.9880592147618772
0.25238078925517415 0.0372066626770704
0.6394891234234874 0.7738248659954594
0.11151032019700491 0.5281500102175107
0.7379188990465535 0.2462227872538698
0.5133390014440786 0.07679227389820986
0.5082900065352354 0.7234071531375621
0.6664704884362644 0.11201061013812841
0.027033245981387122 0.5465895604389421
0.5832498998693565 0.8420756725591827
0.8089398751904266 0.5712058779521803
0.9739512208537466 0.45304421624487845
0.8630349340491583 0.15728150699412047
0.9213695602139091 0.11869935408288357
0.09940952346417209 0.32932402315685283
0.5086784175199224 0.8091532971689255
0.6783357266771044 0.3191865723593903
0.3180957630729908 0.9366110061949988
0.02964006383921136 0.0435144797333471
0.043820744441586124 0.8899603047765692
0.868724089471621 0.37658351569097315
0.213385129184404 0.14457635178748163
0.9877540063884322 0.12491971066292962
0.49546687803534173 0.2253285106277303
0.8276771060289885 0.330235629890427
0.3520994244634863 0.5051061650825315
0.6328701331315854 0.47141242113121584
0.4571952567372082 0.1637635314230086
0.05276356046900821 0.9501382314105375
0.8255469819320307 0.07817128466740297
0.45687659072658837 0.30812375050957863
0.45704410747236834 0.39138183002618665
0.5055168432389407 0.19080744953711903
0.5446350518761522 0.3058373884979926
0.5586938656949496 0.1471902177902693
0.2308203284685808 0.28015005765834844
0.4718601645904219 0.9008818527428197
0.019317454685913393 0.16476698747560325
0.14620208974155013 0.12236966008642658
0.4682272848136393 0.816471003929111
0.23141735216133474 0.3973129164034288
0.36666762474710923 0.8122279479626251
0.1556919758068691 0.6306077864611386
0.839945768132373 0.22918279296385036
0.6444710631736019 0.3769375264626258
0.478212045824874 0.7070705215127691
0.593696561102337 0.28140257001645486
0.7978466470446881 0.11066546824378554
0.6364985260436549 0.7483428981167839
0.8954320314273012 0.1485056075804425
0.5298347586182861 0.23168493376675636
0.0814894994209776 0.9957351266218195
0.5858472564381603 0.25730137832934274
0.7570210489908511 0.30005840516006743
0.18388641765384062 0.49424955229141987
0.08932943898029522 0.7329622621225924
0.579965967560627 0.8176928442692959
0.5158296679622247 0.011948703088832557
0.8506946999598985 0.6280692915812918
0.9046334861277223 0.04074484502764353
0.3821474901651616 0.3169894706637135
0.6488628542684634 0.8956574645133477
0.8394107968891931 0.9726380009723492
0.15462916635126311 0.92002145006078
0.8322554655939189 0.9600245178987714
0.8886781070608647 0.5550922333902706
0.9698433897514627 0.2456808015267795
0.7082784800962458 0.7726112486340433
0.2623587102728251 0.47770314016224114
0.8251706437815991 0.4255702228075511
0.6195062279735475 0.6768710478824445
0.6650564745546181 0.5205687433966091
0.7751002362561934 0.45121017070499936
0.3405236405727381 0.012389197552058473
0.7547051190656064 0.7264877956323454
0.19033421838357922 0.9761061747824487
0.34114899198013826 0.358576584818286
0.9451771073046005 0.6245848438569659
0.6104373516769246 0.39221063428741143
0.06828918136062545 0.4041466282846855
0.8655004450467461 0.5049618409866556
0.9440248379831933 0.1248061371198308
0.06262941914981268 0.06566018917393901
0.10752911052153191 0.5075834819069605
0.9358447086207458 0.5075282922913731
0.8175834155655735 0.659856702975576
0.8197853989883441 0.218446686328587
0.6033905999939753 0.035779274792526294
0.5037699196699623 0.2772579508621702
0.38684493497132477 0.6935283266243968
