10 8 100 4
797 796 811 866 835 801 786 795 771 711
826 895 884 888 915 866 847 828 803 742
920 952 917 975 935 949 917 874 824 751
950 977 1326 1297 1304 992 905 912 827 806
986 1067 1403 1437 1400 1082 963 911 847 822
1046 1143 1533 1591 1530 1114 1056 960 850 862
1067 1154 1332 1509 1321 1182 1071 967 898 832
1019 1109 1221 1275 1245 1107 1022 915 901 840
972 1064 1116 1155 1112 1046 1005 923 834 845
948 1018 1027 1034 1037 1012 944 898 870 777
5 8
2 2
6 3
6 2
3 3
9 8
7 3
8 6
0.7304554423602458 0.5569682039194541 0.46049279040300517 0.5854374374846019 0.45102852750542743
0.4444244160548521 0.4885779763277264 0.6195173561508049 0.6364742187928583 0.39138914614889375
0.9359707515228937 0.8983164125089915 0.4312856961027086 0.3175057818136301 0.10737446946975604
0.38121777983095895 0.5244511961592364 0.30361617401789565 0.49645903270151837 0.22932419934710851
0.6160604717212568 0.9652969777583498 0.9017098758628921 0.7547307941680044 0.39218683055203707
0.4075407845625737 0.9539727901662178 0.785361749781557 0.7640696833230715 0.277933649712759
0.3319249623851684 0.6261867191195092 0.8855146966131282 0.934295162118373 0.34688130821672647
0.24938072485094764 0.7737525530334983
0.3027570584381427 0.7217460205726238
0.7848944052667715 0.23000451859276705
0.4027232273957959 0.05361110567226013
0.715942380740781 0.2634999519654291
0.5398122370633789 0.7936115327198703
0.8936679634521898 0.5581581370623145
0.801548671782933 0.9646692579412064
0.2349319034943358 0.08939789926422925
0.9986014443079085 0.20746685727870928
0.6553727157600604 0.09094242987698653
0.43051159963589747 0.43791501057487103
0.30637941966925886 0.37013501269412896
0.48443242512537843 0.9337482530363952
0.9725114944245818 0.04336515755034909
0.4933365694202365 0.07568264768899935
0.18121631947407857 0.2677685430320733
0.5493368942683523 0.7593783472043871
0.9940899631908859 0.9804033416909195
0.29037333088333495 0.6488203873512428
0.7685900565349466 0.7109260911766613
0.5104981220496823 0.1940085870189987
0.30790896168660464 0.1313271949024417
0.4126309605144882 0.24297172678154633
0.08762380689236693 0.9030669911343614
0.028356622778021645 0.1961117427697383
0.47733099022665826 0.882553992324085
0.01813992763637895 0.2011478089152583
0.30691952828390145 0.9765088114340996
0.027868796560543085 0.13623903708334062
0.2501413516424562 0.7559349453728808
0.3127548205900619 0.7286934874637174
0.21377578327523472 0.18139012337163685
0.18211927342532497 0.7508939886294117
0.7044178191629602 0.8538362620459203
0.2508723847986425 0.06624955544410649
0.02198746243029981 0.35253664455931255
0.732573001044883 0.03306129944130176
0.7715200057063356 0.17767447424597682
0.41720256673478295 0.7702607758935669
0.7198802937136053 0.17614251485122678
0.8981415331238565 0.287492675295866
0.9795078386572338 0.4895860962695726
0.11759466116879769 0.9435145361680053
0.3751289491731806 0.36378935714506166
0.42221863293270334 0.4416236566879561
0.3042670385189239 0.705618045877199
0.04188692588838738 0.7949197252013851
0.38670466914592083 0.8956119487857179
0.48081384680172734 0.3441829524026112
0.9545990347629776 0.37447807263041955
0.4448225537966579 0.8170397699389711
0.14652167841086627 0.03771006445036673
0.45186123374750076 0.5055621820291567
0.9344564089320824 0.3937629696646465
0.207167206120773 0.0384921271394576
0.9582804452282663 0.6769614389766736
0.0988156583297386 0.7981480921636157
0.7182470363035696 0.18915590261924975
0.7079541546623478 0.5511819600330781
0.6670916054562772 0.5645936040380444
0.24785422137691704 0.7157384351090175
0.7280745568527547 0.596359795163238
0.3032131661561839 0.27364726148033935
0.9751078783333582 0.10386085390603861
0.12490717985793265 0.8450361390620531
0.49235371132115446 0.8547324627607265
0.9244580114783447 0.35385177629989095
0.7732071123769206 0.5200458705785425
0.8542575174118734 0.49267448613281095
0.18030044601127337 0.05220254381178657
0.41088493743738375 0.7449413293538516
0.05498150549170577 0.17272947315409715
0.11669135244909268 0.15477507004058388
0.7825501081277846 0.6896972819798801
0.6798601591239011 0.002394564160319801
0.12919567116727015 0.4901314588970118
0.44195256304228536 0.8337827137220186
0.3091278497688319 0.927536380879445
0.21369875279459793 0.14452417448722477
0.9631563562640737 0.9469164670095696
0.7377939803237996 0.41976011470896823
0.5338600177596982 0.70061927674066
0.9896801847507568 0.4777552819679758
0.7062468158969568 0.6075589998538349
0.588499697856349 0.8735393807017522
0.18709091999720484 0.4839413677743485
0.007510513731057378 0.3210845749079825
0.1757904091581155 0.210178546826991
0.12705757986475996 0.17842011100398647
0.220299099592419 0.4489169961780193
0.27877862952943944 0.067274918378887
0.19744862602776903 0.9186251240691701
0.0084039742293609 0.19284671903324013
0.928504239692236 0.8217162360680288
0.9681186456996211 0.27649720655238164
0.8771307168187603 0.12115088589191858
0.1123681535914316 0.18053167001958337
0.2334689480936636 0.38707375833472546
0.7125257357126442 0.7572508258041308
0.47576460038648216 0.5870770967761334
0.4313299703604756 0.9811969925274449
0.3158371134887332 0.2220904149632139
0.4533511959641421 0.1385268780823965
0.5340111210171792 0.2560431205799212
0.9132204319846009 0.33354608906721306
0.826183862827248 0.704536687920118
0.2901752272771063 0.17601083046265664
0.6059178047407849 0.18197883276262838
0.4070281504466404 0.14323537060595237
0.5180198202959694 0.7439560922109372
0.4415802099817603 0.6385565170823995
0.0656646652835231 0.6739978262629145
0.04152761639780245 0.3695030614784349
0.7958432884555118 0.2707285761855507
0.24801932755395617 0.9525734576701335
0.15206563208128365 0.8673392976286853
0.17477752539492641 0.6175139191158348
0.8605300544034218 0.1001125024595717
0.6861438060115843 0.9770378053917161
0.9405669118625544 0.08659598905225341
0.9826490036213269 0.9397185290254879
0.13899221408418683 0.410388440470842
0.7637545047380412 0.18708547121940455
0.9186563650854702 0.40469120775725953
0.08886586191235102 0.4577830584618925
0.36331340803293277 0.664150095338039
0.39436398073799594 0.14517095152749948
0.28231461755272447 0.2015455462762472
0.8015692902514426 0.8246692361989831
0.3348508468964053 0.6954831508552097
0.17520363953713014 0.17110554489186258
0.30600405628425587 0.32748695372969494
0.26369169639414247 0.6250493873433418
0.9066079551733923 0.9659318302933753
0.45095509207334117 0.6048263016867601
0.014766357523262386 0.393272711544125
0.3317362742866605 0.6295743472540518
0.28013787122689937 0.41931575700414747
0.7646870888426189 0.5427246507467858
0.727469438409837 0.5165988794109193
0.6035794402163688 0.05080064584252009
0.43399938076158606 0.22024471572360182
0.5605807314861551 0.06719290394843158
0.2865371548050737 0.6330348920783251
0.2519193167757108 0.5489605405585418
0.37251894661051743 0.47303162592085934
0.9266005852484038 0.9709692444103126
0.3788801092430314 0.9652497227054571
0.7558147182634447 0.49535587411560855
0.8944965130453761 0.9048512345728588
0.03323556516391002 0.05420799414105071
0.3477044513970864 0.28230251847671384
0.06387982734372044 0.3829372602018508
0.728158155649899 0.004144463639072171
0.9122992030590702 0.28428485969657435
0.37532366191444133 0.4161922327390801
0.39693791515329147 0.3301593075079159
0.20238856703580477 0.2885440995478361
0.48656437216033654 0.9656457029544656
0.21817036644871113 0.3239655710951115
0.9160865997104186 0.043898953993646295
0.9145483852096505 0.5236375142079919
0.3565104486923061 0.40682400251892425
0.06263489830837421 0.6775386459448582
0.021520264942400225 0.6711743114512627
0.24460415499954236 0.39420369962183543
0.41670644113822597 0.5723048370494543
0.755982843262266 0.14682539088474322
0.4720551927316887 0.3799984244442516
0.7938741323124872 0.061632507306554896
0.6911059386676848 0.737121487765839
0.936615557916618 0.7624481952701081
0.9352698683957565 0.3992311825876975
0.6023624782125339 0.5978511244095426
0.1391084627915462 0.38266611937432127
0.5401273187878102 0.005541486358958236
0.9429092731491922 0.4492452311045054
0.29968177780572813 0.26043325558910446
0.4356957511677273 0.8310118963115074
0.009773963859509127 0.8550527344189403
0.2693728653890657 0.8125676940252298
0.1510572444165985 0.5514174527742395
0.045121927511595494 0.2427323133125896
0.3051724783080181 0.038011971226765695
0.07388911749311466 0.5186396944734519
0.18393134095828545 0.3026871253413348
0.3647867511948717 0.41052787412193004
0.875908370545815 0.6320942234143268
0.0316116277722307 0.3556083034794697
0.03140179686356559 0.1452965913139126
0.04321175097403129 0.22712758680739498
0.25670230017487494 0.8968317606895633
0.1115157702570837 0.7010193359679493
0.7093949550184127 0.42623439487277315
0.31918351269826073 0.8146026670617452
0.7902705003624264 0.5414874800264662
0.047878572351904625 0.3845461585624854
0.2975146165225653 0.5490384846357976
0.050249210944845135 0.6814707495561205
0.62270980058921 0.567047031628094
0.7561590156534483 0.6953236393992466
0.1470442961015097 0.9231459255575596
0.3310678438226089 0.7225675900417696
0.8383068103170606 0.03472058118963961
0.2946266237213844 0.8548984159245139
0.7438785174029303 0.7532299471355506
0.6683202478792218 0.8086760379315481
0.12249624799831316 0.9623763358113839
0.7123287482153791 0.8754197910645087
0.12422872944358065 0.08057987677499501
0.4254865340883771 0.8578452900720945
0.01807542675580076 0.8319748491217671
0.7749375941536085 0.39377242455552963
0.20849680031746542 0.9899897706901826
0.32235699040961063 0.0757361623822117
0.8388345513452908 0.6621631936054382
0.49127373811606145 0.8015502725733121
0.4247128942080707 0.39152532903765835
0.03310367268169179 0.4368622904130728
0.2892749835569077 0.7443722493013445
0.6579757422649792 0.7258206701529937
0.6003431019393426 0.27186757108911186
0.49871762037975276 0.1311308732378429
0.45460564914584456 0.17454433564645577
0.09257026493922527 0.7838176060968487
0.3238127852878785 0.09980314529031786
0.4122563644954944 0.8797437924752767
0.27280452343852213 0.35949029695712853
0.7651112198012657 0.568729972877678
0.20305843812933344 0.844829284089385
0.37263936194384906 0.1350543144538534
0.5213808076358422 0.9190423736054627
0.893672747495273 0.5166256531287539
0.8333051440619859 0.08107090906936198
0.2288736374481164 0.35541641545528213
0.38986807956555936 0.8591687738507134
0.31537888436423933 0.36915393797357954
0.8398113720831493 0.8506471809624285
0.6534434114748422 0.19653872861429544
0.732830946682395 0.42133770005165694
0.4134709941579595 0.18868617416939282
0.7025132383369856 0.1716014337371754
0.41845331894948434 0.5653915957462385
0.40637961783668497 0.5855163926770002
0.27641170531697146 0.8371900901852161
0.6438847486826289 0.6974575636973597
0.39655274178880884 0.6159161318441992
0.6685598865643474 0.07012562751323226
0.6517066092283477 0.08614774231564737
0.15941931799056586 0.7120193383201003
0.38170538484563044 0.4981720453928413
0.9183335052323305 0.9085396000556081
0.19639535295143506 0.14368219615849087
0.7566302872807369 0.3027495416875703
0.2929792520391228 0.4165956848069565
0.15473185378422216 0.9869266907708598
0.023584150901969414 0.9946387328575481
0.5220211872681286 0.7946436423293972
0.1646580123839323 0.5941496006625082
0.7413585764168089 0.6773940407915886
0.7536074089402234 0.34741923637799
0.5252377119397433 0.44027375180772554
0.6671599160750821 0.5778555525300262
0.9331931139318861 0.8623132771046216
0.9416253229061902 0.31559819133464706
0.5298342428952219 0.4656402900633634
0.3319128445752497 0.2880915143331131
0.4257819989901488 0.09711937393530845
0.1350874910511315 0.5574675947035814
0.253684311476819 0.7097981809263274
0.8016428262161603 0.050709678520363566
0.991113690412686 0.2513402651635974
0.9965261490987984 0.20168117921478568
0.7417890256338198 0.9573733813124428
0.506036695000353 0.45738364119804054
0.7782786055388919 0.03389739106104206
0.6320931141052291 0.0830348235740106
0.7167258051502152 0.2142648920848842
0.6886446349536028 0.8690162997887776
0.3981293005304207 0.789228004655758
0.22097153969881278 0.9940589247075693
0.5008784539816071 0.12422285674580524
0.29168696857298126 0.4895243833493288
0.2505185061520778 0.8949359070885199
0.3641785260776753 0.7016981135702001
0.3032763010048636 0.4245494026546066
0.21821108434977687 0.6130720923999717
0.2569998490089065 0.16568247596724262
0.6810246159397806 0.3291800952831838
0.7911333811638912 0.8174515590351379
0.11446877314050563 0.8798293757994529
0.4608860958628247 0.09504834942459373
0.2980912856580127 0.3929541835578736
0.024980984547639196 0.18748186872226613
0.6249681349632463 0.7294163357687939
0.8165915679539244 0.32315527632164653
0.08201319930780215 0.3237134491648117
0.45545609045662117 0.6903148585165269
0.9447277803523049 0.40711524695408685
0.8117411363292544 0.6423179366305034
0.13273645709355653 0.6015875534524207
0.7995788138060371 0.513414995046843
0.056156690391330644 0.9686551615708692
0.6905667970052833 0.09035049368071646
0.9564693097611527 0.29009967423897787
0.7328030826765981 0.6218452198270565
0.7287077940309343 0.30713897834274184
0.5470472608657277 0.5012348940089812
0.12881928282051036 0.811425363499215
0.27487199277600594 0.9815913734869226
0.37365301582929944 0.4440692522416747
0.9476270831853106 0.8952500554168903
0.3652079584960992 0.8797713723042144
0.43891692677924143 0.6401536375589238
0.20410819463086027 0.888164475114243
0.6494467729343876 0.6044053845010433
0.2056209694287645 0.6034647062602172
0.6686888660704651 0.25678944674284243
0.870679451424859 0.9170169593079782
0.773443169808379 0.49992488178167616
0.3614350120855787 0.3057414001363725
0.8158494201241135 0.5788896382604718
0.5028593669281374 0.6466167490157972
0.360107135653591 0.25144653770228564
0.2700050497402118 0.9627544767698513
0.7723690836340256 0.050454011786994046
0.21791394608820958 0.6878821069644236
0.0815320242771771 0.4420228764023886
0.6265551640801301 0.28095572686232684
0.2343124971113817 0.7544063662315701
0.3773867715999557 0.41133430271352434
0.26607926961507733 0.4407942396883433
0.45468118118293277 0.18181840353653
0.7191111489623072 0.3863277757264414
0.3976077333007155 0.9273935034213996
0.013040056436615544 0.5133561360729371
0.7961727825126621 0.25371199134791556
0.4145227623345118 0.7466322092573419
0.5044703097819034 0.06363441590230834
0.16275957642078986 0.007214620898087443
0.7668972066688129 0.8546448372655404
0.8077029860390079 0.2540629873907869
0.3820202305830116 0.7108034712120741
0.1540051250960024 0.8962868447537427
0.205465442264823 0.9238711250314926
0.6976485241892856 0.3428855576327148
0.2803322233304075 0.11051203260981834
0.5795532387684847 0.4138071846392777
0.7450617007681306 0.3988204602937804
0.7215714238701672 0.7668809436677408
0.853640563327156 0.5358547182258959
0.3192721487698107 0.3842618864444771
0.12669482977124757 0.21320534693203097
0.2745940860928666 0.683995112285877
0.9082521872152738 0.3102637251685123
0.5980106695467857 0.31891739071886716
0.13924512400191924 0.7165642710863895
0.45354013933253445 0.9665497833681078
0.7349584142042211 0.8765318556910675
0.5335119258580217 0.4076365215426654
0.5274700529114384 0.4598688321521336
0.8495628530488781 0.8974657340985943
0.2518925078492522 0.8282557354129461
0.7685367297629964 0.3059876081772792
0.9098287199661683 0.6590906511518857
0.9547747213661912 0.1953166313775727
0.6560635299856608 0.8928185426029414
0.03368741091298255 0.5400348153784256
0.42406261410893564 0.38497409925336323
0.6377102293643007 0.28107776250510974
0.8480698071129558 0.1974960089591815
0.5008159243065204 0.46296412852315605
0.10225888686068219 0.254629431681193
0.14347075901312967 0.4393257935099941
0.27141184125153606 0.945812202189555
0.5950844493481875 0.26742362067160563
0.4518412491012471 0.7345940187148452
0.9058464122300958 0.9364900856737846
0.2554274844279212 0.41936205669634385
0.11038695515903796 0.5669780875069914
0.1969188178365502 0.3290310932439564
0.4148063124319963 0.2652588225053687
0.640972682201451 0.1598890157154882
0.057380027706391834 0.3849178392260495
0.3472100430937064 0.8854829041967751
0.6420137126877905 0.22828854218211192
0.603887996387191 0.34483393631589254
0.32710034670231347 0.8774913999558862
0.38400459866555625 0.547508121298323
0.48012983390964137 0.27741117248321334
0.5231003763283797 0.658667496646183
0.1855733711680827 0.7738553989349846
0.3972400989209033 0.6674439960873209
0.06680044271643704 0.08515943083021638
0.13801400810292197 0.5077586359189468
0.028203761608062594 0.4557969681665355
0.22124739795591908 0.7132377550605815
0.21974582237543694 0.5242857062199264
0.793282621841884 0.6831764411060472
0.574580127065502 0.46755807511105685
0.44357153537371974 0.2430504738137229
0.30987899070105285 0.7561320935654501
0.8498227876470588 0.5411020191177951
0.03132067499008828 0.33916810417135657
0.508609718648543 0.26083350723475296
0.16397255524875498 0.6206357838249164
0.25228710166112966 0.8293248181747246
0.2719813466501928 0.36038267075882513
0.6635916913689366 0.8114119283005965
0.05562002907594388 0.21008147636342933
0.8353607587326293 0.7229434817058933
0.025386741648239397 0.4415802273058014
0.3333531004098955 0.5237051377246802
0.8883817142359658 0.4341398216372552
0.012630685073961478 0.16954651652074682
0.6236652631300272 0.785198511869744
0.3574959410572336 0.8205005631733271
0.22266483675905135 0.42505695779568287
0.9630709125577728 0.505058056222482
0.22606651088896257 0.5881733111815528
0.8402606014633784 0.3817633939193885
0.6097898793650884 0.403250843037841
0.6999568580656192 0.20493034172915903
0.6448812374875403 0.06928101036799794
0.13945992573280885 0.4438821854788082
0.14307639759134272 0.8909306806140551
0.36872406554151227 0.16398836847591824
0.02339635955873276 0.43856927521167255
0.13117652269321978 0.8316894972494504
0.3514591875201796 0.822155023281959
0.44065537540741895 0.7925803372349038
0.3581435447604957 0.9876448638714035
0.027017340111204824 0.6971184612104699
0.5690242761523743 0.08628062879898613
0.211021542847738 0.03281981147774382
0.25531497684857873 0.8916356052952066
0.9943060414276943 0.6448504482927446
0.44456747228833104 0.032204644833403906
0.25646686628548654 0.8979808321289866
0.3028090123766862 0.7358091114524161
0.5607703189450786 0.28686305566138937
0.7611706790438422 0.939584753606227
0.5409001483505711 0.557403362273504
0.0676307228839581 0.9868645573864476
0.7390222945481872 0.4348177349817339
0.9472296251421046 0.07108710086096215
0.8249018473301049 0.8085992017425534
0.16659054871246748 0.9924842268947018
0.9821756523010763 0.4123180150532211
0.7781740198051481 0.4624570560684753
0.1297643241052422 0.27191252822936995
0.5393605387012614 0.3373900079938674
0.9815876859429353 0.27964136617573376
0.6895381956847233 0.21438462653702328
0.2396820693848234 0.7022490127804297
0.014391654222712047 0.37808293817194705
0.8106356539131792 0.6204498333798494
0.9575182683228376 0.0743545126432037
0.8247739143727426 0.12243442695434181
0.2569099806058186 0.2802144681406853
0.9877377429332916 0.8559308231710596
0.951712533968587 0.26038688772448504
0.08209141189070479 0.9583241867454364
0.6861602679655261 0.7807117358658318
0.7572145162416946 0.22153965880419801
0.4221978560223336 0.28553303921056683
0.6592201413564689 0.464063683890928
0.6303157479555661 0.5277105737274295
0.8134372700896948 0.26085020290321603
0.7670302583255315 0.39611617562014456
0.07739602933293543 0.38986168025177736
0.878575759345896 0.46426739787687965
0.9068909928184368 0.7366502308175338
0.07397541364414528 0.36864830774399504
0.27908725905979903 0.37944002579292313
0.8092786780119066 0.8336362245235911
0.24838231672551725 0.5719692125888134
0.7298788012473152 0.05042689115125554
0.1805348279281287 0.04195321126119489
0.042225563603516036 0.07800869565841073
0.5224360079346217 0.1660005039860668
0.8641480556498609 0.7073357549914487
0.45088371917110037 0.271051869892158
0.7878589681929014 0.7179347111085559
0.6564620499562244 0.03896150087045469
0.28044447209120893 0.1253122692868549
0.3833401966093375 0.11963402015046287
0.015965491590206327 0.4654411405940668
0.686834651124536 0.5073387769062438
0.354603995603048 0.8967751805407356
0.6206443196156812 0.9776558823440002
0.49437214562684484 0.3605443737267393
0.9616937208096417 0.06160809901517683
0.6012396740113246 0.09447973857684233
0.19215879905615108 0.48480444640562403
0.452906818790757 0.3490734932453827
0.9301435776212639 0.8310392845002288
0.9960888333603086 0.6688858664216439
0.8696711767447753 0.16618323938287416
0.8541100872705922 0.33289016279534445
0.708573841563072 0.14140342584563315
0.48799744660654953 0.6649106842893879
0.3877420084685499 0.19339311238320067
0.4012998432639372 0.6155362954031893
0.36850965365463484 0.15829749575956042
0.6088334005666309 0.553648286592169
0.23510041571389428 0.3031320671861766
0.021034318206375913 0.16517143057627437
0.44821058471665576 0.13616389992697386
0.6808510475825369 0.9171174378152773
0.6581903142228096 0.433374086603004
0.45968177568814483 0.1427654084903689
0.014669254836939594 0.06525076132900853
0.9527532329711987 0.2226392773277639
0.04029392538630017 0.8496950879692027
0.013634323166463291 0.08376878559420242
0.23615551938791324 0.29541911047302616
0.36464705609188597 0.8109262220979547
0.1450898302545922 0.5755194442023479
0.4005266185038596 0.5614899028246068
0.8286235765597436 0.10383854644695512
0.7010601847373303 0.464045461033294
0.16872416625701314 0.6038019689761529
0.21602818017587633 0.26954485547357554
0.778445966002371 0.7400211196372886
0.21349481343841603 0.4770658521656803
0.9249978876979263 0.3807742965286227
0.86124830244467 0.8618035845201879
0.7097792129898608 0.9980006607376326
0.3634249824620792 0.9948815257251875
0.9286031255773055 0.8691627797666519
0.7080135612372496 0.4276148184386346
0.5965225484647398 0.1879445517070546
0.1406777924410838 0.3516320380685225
0.06539456370388419 0.957719926403003
0.9432804546502385 0.08664439800304291
0.34232197746607196 0.001366478048778541
0.9435203477896816 0.5915809027219618
0.5032528651504529 0.6213639910295659
0.9931333555504851 0.6816529501563859
0.7840166155121431 0.8961943271549122
0.7257606454149403 0.9530412315108472
0.563255310962308 0.9415709787675755
0.38896769718635005 0.8808912238502118
0.12339544888445508 0.30557216076401983
0.805002954156828 0.15188750653783
0.3330194837285936 0.2883297754597265
0.9918135574411413 0.09926256180850457
0.8992226601490696 0.3846622818897092
0.764706176733488 0.9199113196387123
0.8270723870200811 0.6004580621489772
0.18466466095408585 0.5629186416459926
0.8381570358522907 0.7263938587293037
0.36048353990974324 0.20810459402314385
0.8465581282270191 0.894807773806342
0.16780420074521984 0.45292883723146393
0.5471240678850589 0.6431195477245897
0.088411211860975 0.8848914257265781
0.32708325003423244 0.6035706210319962
0.838047836706848 0.11562983839197938
0.948691988574945 0.6419017425921965
0.8345217991836635 0.5841492718564634
0.41431599328839863 0.18665748340445099
0.9532856197572694 0.05323220703046516
0.0041836159016581664 0.6949034602492432
0.8357624212419978 0.829047603637074
0.905616439431761 0.2265009917590659
0.7913369549405982 0.46722987637608737
0.81025351751483 0.051141754932492844
0.43761629769701393 0.46820169725404637
0.705036470427244 0.9374572444163112
0.8489172630921362 0.797646069258531
0.47501539470427545 0.7128127600455447
0.6536259832728222 0.36455439668553447
0.03032206570693563 0.14827718066741147
0.011808766961201922 0.3075197523143087
0.35762664369794206 0.33346920897823606
0.6519450972122547 0.8611332165665719
0.9415082091824327 0.8093237408761946
0.7829134863778291 0.779013469642873
0.3047959222017518 0.3126843667061281
0.7130508999975376 0.6333228226515231
0.14187750066090188 0.011921169920354968
0.3901316946566169 0.9334574771190796
0.9139758626020362 0.9021888721733864
0.3314073914152349 0.9759250031214051
0.4837437455303668 0.7374525352786494
0.8836211209041487 0.33968489260971
0.5657621494127121 0.6506721617058786
0.6677578504826138 0.5494219566850311
0.7167170938552987 0.07995913142626287
0.6022730327773804 0.6182754546556515
0.19291381013441256 0.31631169496509504
0.3013498989108141 0.6177423741163128
0.3864775638080522 0.42475138426821757
0.004699625494229531 0.6029498178070638
0.6884032638047524 0.058818679945692676
0.6400976792553887 0.8703676480216309
0.47141902788311296 0.9719021697676489
0.6470097232756897 0.8854962301611813
0.8776515977662895 0.14951593190687906
0.17205736249118808 0.5456529476534451
0.7274000214536946 0.09175524589584949
0.08390821215873356 0.7446062153352837
0.32010674907257086 0.9699071542899058
0.9653471301837324 0.038269176149558826
0.9955209852191742 0.43488029132743944
0.6681024871771761 0.27575847338473114
0.4553493444616341 0.81224222684916
0.6878855396147805 0.92284435474447
0.3540206136170869 0.3573492116638206
0.30261817537520264 0.9373713824523322
0.3832919317643404 0.4514842470742262
0.7247723904496111 0.252237539811208
0.10987280173040048 0.7663817619190205
0.4516378775980394 0.5497252259815708
0.7015665764097423 0.20193921759168876
0.7409343573190963 0.1828483853968188
0.5589330478609555 0.26222118260057203
0.43818650930751146 0.3877226117628565
0.5907938647243063 0.2646273051731576
0.13727860177966544 0.820502414740397
0.9800427389422817 0.19216806911316864
0.49984380530922246 0.7876466075148751
0.3264084376593199 0.22932022765133997
0.6792953780368396 0.7040568335200059
0.7574124536651203 0.5835480911480573
0.7691678505451318 0.14063065521956886
0.8161592832380211 0.237428016773221
0.7258857720268959 0.57646827206339
0.6197856981307739 0.6665325252057381
0.29491180982718546 0.8303123334491114
0.9860642832546438 0.5249864494516137
0.7470983522082646 0.044165254513880425
0.5643721996747408 0.9469873434527101
0.6701643909064039 0.37180699285042174
0.8100368085131515 0.7811260392926123
0.9296537970797354 0.1998001258409947
0.8588644028410808 0.3553860406502767
0.3503980509295683 0.9659538761839481
0.1535714207265333 0.4350644253107885
0.1723997710740155 0.9608017442550325
0.6744970637554735 0.7582957051682062
0.7883442362140616 0.2288839757501584
0.666257762859932 0.25263003650849125
0.2565874006130493 0.6447752457152367
0.3769521051161733 0.6573919173374152
0.7906684128535457 0.20886560660965836
0.043475992530594754 0.5244429622536362
0.4526658548162199 0.2297301164645762
0.8540342849663471 0.08707998349656987
0.6265034732280805 0.28418608078694896
0.9578056472994008 0.8995244920173422
0.4215532486521256 0.10499340904540078
0.3527433814560825 0.8839669177383955
0.40248435065807064 0.21519906607533756
0.39113483205084854 0.7337036416784646
0.9970741083449561 0.5350535605814974
0.05672227335256386 0.7988862896155102
0.593104157995592 0.4736251744615787
0.9851614254318011 0.10839572671155873
0.4127058766580136 0.4176171561062776
0.5147159423605852 0.3434245998480969
0.49620623107529416 0.8736287198897092
0.2126379842232764 0.5677013286485149
0.1062578434114223 0.02678708980902167
0.475979899289227 0.9609966355184953
0.10154844098992633 0.41146635117464614
0.0684138947592412 0.7182616277876039
0.5779736109941613 0.9260695451835028
0.569823331158956 0.867664825240579
0.27564299251010804 0.5154393882772876
0.003966869933485162 0.2984752936371162
0.9247913051542127 0.3697250702038426
0.3637100072727666 0.530444018239778
0.919325247138109 0.2609687004292891
0.13859529484388622 0.02339817670364086
0.019059173521806416 0.9515747961187113
0.35044710041904037 0.8602568379550628
0.9077398729721893 0.3236279492578973
0.867468382960981 0.18377249448845046
0.9350823690335661 0.2855726385688335
0.2457852880256577 0.3470479409337137
0.7962498541837482 0.5313197808274088
0.3756058641237754 0.25971752231914347
0.7491675689878723 0.016208244082219325
0.27798201914458986 0.35001239308172294
0.4104727477463357 0.6508689531766212
0.1727848308026858 0.6379695651436263
0.21900796725401284 0.2878561657304475
0.384435372934528 0.08743398967686633
0.91872513436257 0.9805622201095865
0.9691366093558198 0.7733038746809542
0.04769589214542269 0.7153456228563926
0.19977239226198806 0.06797167153833561
0.9647969019776657 0.5924255457346725
0.6105853089435003 0.6202228933523886
0.9840732898714946 0.11033583307211092
0.6497334858826738 0.8550785041974514
