10 8 100 5
732 693 1127 870 463 1369 1917 1925 547 1124
285 433 496 459 1448 1924 1330 2016 1633 252
434 357 923 1246 1864 1180 1873 1366 1789 2032
600 1079 572 1617 1777 1424 1251 1484 1880 1389
353 359 480 1217 2026 1353 1401 1765 1939 1275
706 633 585 318 1629 1555 1204 1828 1779 567
821 522 508 771 583 1533 1388 1389 269 249
821 477 579 459 866 536 1017 946 674 937
514 1123 1035 396 923 337 421 556 878 1076
873 379 543 1152 922 485 514 930 462 984
0 9
5 9
2 5
8 8
2 2
1 8
0 4
5 4
0.5451389752465848 0.8950336893828268 0.7114300523914523 0.3492512524171538 0.3087546956061907
0.8222981627394186 0.7860127447732785 0.7752000189809838 0.4695667363103556 0.2628525536635977
0.822543477763241 0.9245723835938071 0.6035235607458362 0.822203998657937 0.41807395152490134
0.8871815072727647 0.46921056919900506 0.3702551013657739 0.424878960753005 0.34107326798838233
0.9754955604101083 0.4940731400878179 0.3962412777326343 0.5486861392292127 0.16110891962112897
0.7082832418609616 0.43108009624344934 0.5614765670040227 0.4272040755589131 0.4844700668219013
0.5974650610411782 0.5998433045189399 0.3600359155711659 0.5039213831618825 0.2983217291133329
0.4793952904510932 0.9530655417960254
0.06939401698769099 0.5363726518863956
0.12100413900483153 0.6170713654414666
0.4471253770147099 0.17632618753528528
0.4848638377580894 0.09258508962580825
0.4769003840164765 0.9594226752708388
0.886659911691547 0.014701284890943578
0.6588708661047347 0.040482290531076215
0.6266928326678591 0.7193950848776851
0.7245386972013372 0.8216449997240269
0.825484134224435 0.15876905192805602
0.08406698898633125 0.21319852241233095
0.1675995500902998 0.89000436891232
0.326077631375588 0.11712546366276122
0.34851111615463415 0.7935607720501832
0.2560539563194557 0.8161296473540702
0.7950739700674991 0.5354113284897366
0.7978978061576483 0.37381057926851113
0.6281589999934492 0.7150329921525127
0.4335352961091037 0.7039781709413508
0.40657630207544315 0.6032014774039245
0.889105431140939 0.5345858207043916
0.2143710821104372 0.02864665781323117
0.14607602735512848 0.11014990080915354
0.7513232213110139 0.47922712533935097
0.25935558545992987 0.7123070748453593
0.5866529317228173 0.25663836830503395
0.963109746660632 0.16055267748663526
0.5117382878173278 0.11592241612712373
0.5810741062150169 0.5555939469283944
0.266676712536869 0.24502352383317327
0.038099340185039576 0.11854443443118878
0.19076480585829603 0.8135330435232921
0.6316215643982279 0.021255354438593832
0.0487194661917274 0.8697562137449097
0.2590312069261491 0.12907887433052823
0.24355023824748212 0.09272368752712579
0.9571052194099139 0.9850123233920625
0.44295154654214697 0.08035834806791575
0.5767317817404649 0.47827433065860125
0.6598653812781887 0.1616667378913974
0.7087358469116471 0.8792307712812926
0.16048211909049126 0.21226451497032683
0.44611951337758815 0.8284612347162339
0.12713215943294598 0.7949932181965282
0.8501108685103658 0.2529579678115732
0.0847917396236848 0.004664565783649932
0.8454546334341397 0.8756662602101966
0.5993893265813075 0.2931812976092325
0.06640065490841085 0.9265265810754288
0.43552840971133944 0.31623672281688897
0.5151685080389998 0.15344582834134024
0.7138748357740456 0.48981468256358274
0.23234507533270277 0.9058561915145511
0.7718806914591005 0.48664569746373343
0.00662123258872338 0.9498212652153579
0.8045736801515608 0.5181259482652962
0.7922894214375822 0.38532000246199605
0.25344444732503413 0.7897847283944468
0.4996431425156085 0.5986613940757555
0.47438056679404395 0.49103318263881546
0.37990499784408405 0.608741045557962
0.46627095831599497 0.6884680479716125
0.7217731024291738 0.10006566889084412
0.5639209445747249 0.16970038107764673
0.38822917702157556 0.7497933135206021
0.3938391501626628 0.698687223394939
0.0012629457420776369 0.6528692946019963
0.6149615562818385 0.8315569821605733
0.9840324427000924 0.8709066760634316
0.8978430375825939 0.7914038431734871
0.056905586292917976 0.38846950638041
0.5584589662913306 0.38676385431169313
0.617804338179186 0.4059966771916148
0.5487500128007112 0.3194731786704301
0.1387520442727268 0.23710806293643127
0.7028899539597171 0.5600619427105193
0.1979809111824138 0.7110744246172063
0.33619830861253 0.8954984175696581
0.486799886159313 0.07119217879175044
0.8719563263480292 0.16760563090797453
0.22811007324069466 0.12866834221863788
0.4649998082592688 0.9371224359095749
0.08453527517598802 0.011876873562008727
0.5702130072670202 0.08196940484666349
0.8371692954968253 0.9586907710450341
0.4699604897910594 0.06135388021809596
0.7244497665147613 0.6610532246907146
0.2888322872629667 0.518202920936425
0.8536253399294955 0.28297274323781907
0.006658924287838763 0.1467597332998336
0.8631768616558915 0.24733878361487727
0.3215934912463674 0.2727192322293033
0.3981659047582795 0.5811186743871566
0.24521405958689013 0.028539226740450285
0.9990520732309174 0.5841144230605795
0.10122091862375004 0.9197566033631348
0.2512662265408412 0.04450927698736917
0.8957206485804876 0.06660287905726325
0.5186089472256321 0.4764815296953533
0.9060568140132079 0.5437450042392469
0.5923993850418399 0.552945356169722
0.5716011666367036 0.28514160751765005
0.3890997680572732 0.16168729943737503
0.07841120348366348 0.533157631195456
0.4371500665105641 0.8041398554630192
0.9822696920055618 0.9723361544147202
0.09949380900524529 0.8071505135917709
0.36960555183329236 0.0890642187489541
0.3656419627698979 0.4062003647341217
0.20261178034506444 0.049600629324340284
0.1462947275801647 0.3218242929967605
0.3665078611360528 0.09272088373235943
0.7209569005824128 0.9332087078890847
0.7867245328425276 0.08198477156285433
0.8873151098541805 0.5941838557640566
0.5619960880392907 0.7816285313075582
0.6820496535905691 0.9576545260864726
0.4892671135982616 0.41711180237321455
0.10699775497832542 0.5824784355575723
0.3017506075676484 0.234274775725275
0.21221831242722766 0.762507669665212
0.7334005661640925 0.38567580253650724
0.5960582589863392 0.4195126662495614
0.5501850041189573 0.7381424194969404
0.7671639271525625 0.2998795577906952
0.015369290900441701 0.5714355518774679
0.15311679752663232 0.6229013074059271
0.91666043753722 0.4514847426098494
0.7303520614166228 0.6253572131366287
0.37796736220740534 0.2791574107481465
0.7071291260871138 0.8974319697845035
0.44570351263505925 0.14221755783760415
0.5268116098064992 0.04062347618135731
0.9261782789035686 0.8693366507582017
0.8425584098818 0.08533403646099069
0.15908453441057424 0.9598861460724553
0.9046555493294834 0.5887420198371303
0.8569970088038312 0.8769510068959954
0.5243445795927961 0.669478856786416
0.7375268819406622 0.39081851991214345
0.33116891166570595 0.974515312633556
0.9171115273044643 0.7333478770072055
0.23450270532305617 0.9190431705195203
0.5023366339240973 0.9930098361236634
0.4550143470039467 0.6430564000630152
0.0680638427114566 0.8959106326311363
0.6543598631973544 0.1940443830134857
0.9052044452489296 0.6275511607061659
0.13116495961064722 0.767749592743243
0.6344522542611899 0.28239227653365084
0.22029154472610069 0.30519961298535425
0.7442132968908921 0.15041749723728892
0.8204681251100627 0.6688381949554771
0.8502444929334929 0.6386392117347135
0.6672592281607981 0.14718757771099011
0.4456474426581656 0.0779130201642102
0.016730467954707562 0.46205964936208144
0.8988426147630058 0.09332281775177775
0.07313373602515272 0.614329406315252
0.9863805952774627 0.46673267938059504
0.05441291191909836 0.28705409812783356
0.37254779661194126 0.2971838487526437
0.11803812603233466 0.9001404133588782
0.2986020874071511 0.2665333126977263
0.6120540105760761 0.6414973966320165
0.08556115508784012 0.28638987716726616
0.9395371891122455 0.4958291992212678
0.7965767369858594 0.04409421132223912
0.36119213652368387 0.2162175772921926
0.290557129990322 0.7997625127974446
0.9152355545124509 0.5801362140171897
0.3683634661644022 0.16491967919437833
0.45959377308973837 0.8056790018177113
0.7588700612818771 0.09606552859079764
0.04521905489985545 0.5128845498206054
0.8489774433881634 0.4646752885769798
0.24573411979191895 0.6914529584454949
0.6823754235952477 0.6498694388418307
0.2927508066946627 0.3431901580006824
0.35925391912923343 0.35869836135469013
0.7867382498155355 0.4189196468209635
0.6542648887333378 0.386772076480133
0.1797028981864719 0.5732491002008426
0.061371508198017066 0.25302566244107183
0.978871755934485 0.9415981259121569
0.01136529749466364 0.2615455102543669
0.790314966390145 0.7713731388748963
0.08398454305634107 0.5265464142991012
0.2143171471885359 0.18253420566481493
0.3223875011432171 0.9604323377733002
0.5822129015841704 0.548800438563626
0.9203531349104133 0.23967398227549785
0.7360791407199196 0.7604924306982446
0.2540509286187991 0.2557959907881264
0.4112074455480992 0.7820076853523608
0.37608822863335867 0.3308998467253861
0.27383582563857334 0.0908018879478596
0.17908489706662167 0.37206950833731844
0.9102921871682517 0.4166420871348253
0.0511482711404494 0.45275859239125227
0.8241357652460664 0.3366241220896946
0.6355967895612842 0.6329843916543234
0.7571578528037601 0.5421309673803414
0.2816037097047619 0.7087701031241187
0.06925675429150879 0.9842289657103336
0.4320590817565748 0.9290465914602326
0.5175895358612552 0.7815229695663686
0.679346010290667 0.10272742592580109
0.20523968457364306 0.4360948064867072
0.13489076061211325 0.6759472184577031
0.8263674782166155 0.42393199987949637
0.534888377073913 0.35953628522924297
0.08508061961462432 0.7007819417241583
0.2690249284824757 0.3394099762311418
0.4549588414278154 0.6812689912825016
0.9700584300919382 0.7332534861322466
0.1040717853820925 0.35261018054662974
0.3379130636253278 0.5675621490897549
0.936913397363774 0.3543157363181084
0.9624360753239056 0.07774944471296608
0.6662388304478473 0.17374389881539098
0.9684757210906925 0.37998484523028164
0.24878349462026117 0.529844930844404
0.34547746772556787 0.5361611921790184
0.37806296285629926 0.389905658295588
0.4446399003702668 0.22614061219388604
0.21771580532991885 0.717853123847179
0.8567552021666032 0.9287673121620439
0.4452193313265036 0.9953969789614892
0.2527741089883695 0.9827801368771565
0.7406241635000097 0.6354821230432748
0.2336685637036917 0.23610315380036417
0.04167436382191392 0.03540693964173647
0.4733046721599967 0.06276514156103263
0.1559189653041 0.5915344170981456
0.6010609076660356 0.3217804127543722
0.8069290029853751 0.36621449234782966
0.881365423834835 0.729622387407836
0.7196779944280773 0.13576664235633973
0.6685868307193701 0.5705803460154553
0.18062340120141807 0.5842522383476463
0.7518986878820295 0.5068897532153267
0.30497485933998303 0.4599501019423924
0.5821968066585215 0.6455478808584258
0.7312155709109283 0.3730502630266943
0.45501648097499015 0.13328981984342914
0.8203370260790166 0.7463283325876613
0.36579191961049595 0.5452037311591185
0.8904734304888331 0.7345433047661631
0.7240969059279116 0.8552845364043491
0.338879477594606 0.1037956842443375
0.3624603504825541 0.721187373692683
0.7252506935956058 0.9075140025233353
0.04829278094815903 0.080194978367222
0.13814774363034799 0.7342388673679474
0.40582061488098065 0.6703300657937343
0.8572711989683306 0.6958253796467408
0.4450871401795373 0.15213376379410803
0.7881087617392302 0.5232416834559843
0.7745949963288694 0.10079213534665565
0.5564631641609201 0.5102765506954381
0.010126142643321012 0.9656839728727755
0.4218432181294596 0.30815676746629084
0.8293798882972314 0.2508485227297452
0.2849153408469314 0.6299151730890078
0.63247668009523 0.7358620589432092
0.8138289019025529 0.4266014551066908
0.5468869704358017 0.6561854293077702
0.7876508720462405 0.8964953831788227
0.9915977089294616 0.3334659467900205
0.6680326835972856 0.9024797557891813
0.10282421234474648 0.4309139223296692
0.6051379811569941 0.4075985025886242
0.6496535562351864 0.7823871275906034
0.3424740901961889 0.13225552756293313
0.539619475294135 0.4996801075897357
0.508689815567734 0.5119287002875457
0.27075991111850417 0.8153782151640863
0.1926885982776141 0.8845159563408276
0.0030738350825147975 0.34818450463724515
0.9850615551686892 0.7393718312998476
0.6964073707674596 0.9494480034801487
0.782750515542314 0.8383646711163648
0.7494037016960999 0.55047141720538
0.89869383272284 0.5370965903902354
0.024099901454301076 0.9717699707559813
0.15428002791811046 0.7899052100281725
0.12104424833610761 0.6076121917349133
0.1446915038197778 0.1523033564588585
0.2068421009053365 0.5033725366060136
0.005883004749630327 0.9032544760674659
0.1424171379620527 0.8378945674489666
0.4535224329301206 0.017378489043039735
0.3061577340707178 0.701890022854714
0.9853285219117895 0.5345295164056789
0.45592980966872565 0.7963492845898847
0.8467396189746441 0.25235838612244677
0.621967275834652 0.9306293788519844
0.26334461644875584 0.10444717403769488
0.042605334475172896 0.3737686753759324
0.33121517410572077 0.23420066707838783
0.04159488957638713 0.5965601222684995
0.07190069078420991 0.6294991504916818
0.25927499138812427 0.6635315054960842
0.16676220809418796 0.15518011986048963
0.9854179418767608 0.3815079777089534
0.18294913751801678 0.35755275867392333
0.09388187195320574 0.7242871285687817
0.34187498380367964 0.8612695760504234
0.035655429439667596 0.8519071720764289
0.8671895526777949 0.2830750618273834
0.05984088564035672 0.17988352409708086
0.3098094154606619 0.9275266369146467
0.31138045897060707 0.6902023794492647
0.7635581683194876 0.6207319249045249
0.42571986156925123 0.8247010065730531
0.04705709678495307 0.785427072945216
0.6840826976353502 0.7227659416591437
0.8211745103801289 0.40727800809302983
0.9565691032538788 0.9133347832808931
0.28382133478604676 0.9150469487964799
0.49087907873354775 0.7737224477349922
0.5791283831111476 0.511562016515555
0.07460665628893115 0.9824401481459055
0.37553170955556325 0.660717982391626
0.26127653723257915 0.5784422760657411
0.029203141662224485 0.24084642116345667
0.33772659141928374 0.3729207101029086
0.09806959858780684 0.6726550230079704
0.7300587598715023 0.29713233666836647
0.7403074119744808 0.24085713143185217
0.9536118991918237 0.24669643799820462
0.09408933157086885 0.6344098378392002
0.49071760554812904 0.0502199456529151
0.11197558058133494 0.47361813377240103
0.040348662409452674 0.7200609591677516
0.23545980508262265 0.9426900032115522
0.18119347709842648 0.4128342699677974
0.5866754922691229 0.45785787982862436
0.7166565329329522 0.02592602498675678
0.9076231683383074 0.19882611707281117
0.46503565541353464 0.35340598262835954
0.895842228681502 0.4556800098536449
0.5383649571537841 0.13772322290647998
0.19899316992934502 0.5081028226177151
0.10599133182955645 0.5161137840275689
0.486320970538896 0.02790703346129031
0.07491166251921899 0.015617926488525224
0.09564716120989769 0.9629042102714418
0.4210964951547671 0.08331453133423494
0.2590586733740845 0.8493133453132236
0.8587495147224757 0.43244687629783063
0.7144341804337455 0.4719597971202305
0.4657494985703352 0.6187606816110696
0.27518565119120897 0.751669167131521
0.05557499311806202 0.25593267544910114
0.4647706268515859 0.8260776757405652
0.2215828148257546 0.12388030278149009
0.9925609146694228 0.3734538214307286
0.6820663356170253 0.11800181144945543
0.7535227897615615 0.4166508659196029
0.31389637476120114 0.7232407859181116
0.290020777698041 0.830011658358939
0.48517940311350927 0.0009301625988453743
0.4474861960724852 0.000949903226812765
0.6739814891800897 0.5410407518603841
0.6651933030843702 0.716660656772385
0.06475969658204672 0.37513974728441646
0.905017337175904 0.19590081187385655
0.680574788303911 0.5013877868924377
0.23990021828581054 0.12461517321127058
0.23701295767730834 0.6579897352994213
0.7113730162621221 0.944786202211177
0.6445265743759203 0.041851794401822406
0.7015323134324181 0.21402472649791782
0.2098059513296866 0.4434805332280829
0.11375235360058178 0.44737501902571974
0.2488454875841739 0.4032366316193243
0.7959282043038178 0.35081534242439116
0.3068653640276364 0.6530776963023572
0.5000020316100566 0.3641965979331705
0.16700289293028137 0.5801288619998848
0.8999352482530776 0.5265326051226205
0.6186029623129006 0.3103784333687487
0.5502768870470005 0.06803610889460443
0.8131567840445111 0.8303841437110893
0.3796765802840112 0.9128644404843713
0.729802596900182 0.8471908202496308
0.45139016388603426 0.8836385956842054
0.42039486588414743 0.5259723175619688
0.8393316046972727 0.8946503208874867
0.2760769812915129 0.9931619394962108
0.8983889558629283 0.7053176840629305
0.25555753448167584 0.27499601973980137
0.8758766298428551 0.5122000406138967
0.7134619680605914 0.27889502412454803
0.26668998367461083 0.11361589464806188
0.2469431382972278 0.24807261703335381
0.7324778761713429 0.671303052445188
0.7741537257898876 0.8848292888670055
0.39285941074823016 0.32720029567016096
0.08934425442000915 0.8722420548069914
0.7405475680165232 0.5725603328571325
0.3481616570036743 0.13968507790400864
0.859804271880096 0.026835043717350127
0.6635709757319777 0.8146840278091403
0.5032893549988764 0.6371047122411542
0.8219140036129744 0.4812876953944909
0.7361537951930186 0.3806356773018258
0.41254980634929495 0.6940329006820949
0.6114157574136765 0.2178545801433449
0.8573847654398521 0.0680206525813265
0.03685187775527532 0.43144567224331043
0.7868835914605476 0.9524266831707986
0.44996446699204706 0.7765659141379493
0.13790224862345424 0.8671483392878558
0.5631154844939197 0.06607573357770358
0.05147527922752082 0.9703224384322489
0.5002201331929661 0.9413479912324829
0.5643754603631979 0.565244964148492
0.706117414698177 0.010012333005650298
0.25323217940151266 0.7893137209156798
0.80688014185193 0.5230690866623617
0.2545941138286705 0.27821252498520543
0.09484258922213584 0.5918039349190536
0.4691745644373493 0.016031163767401768
0.19105403566540446 0.8511936851543844
0.5940244804362407 0.21723713342804318
0.8096786810474541 0.9539286205833359
0.5420964235728851 0.8867360904856221
0.6853996413775962 0.9323972166928496
0.636070963641977 0.5450084004794447
0.7266632050874615 0.18444299501202965
0.5382810135240272 0.8952942390734606
0.9666372586986116 0.8885127736385057
0.8964360489882783 0.784519895192842
0.616244039036485 0.8174047272940959
0.5674627373527852 0.5178927413757664
0.19964525685627943 0.7994886299253261
0.1090796710163322 0.7946231405312325
0.643962664026108 0.12975230429453544
0.18840806264948773 0.5911964644087442
0.09488319554654212 0.6954937624926212
0.8941132804626366 0.9937404919312938
0.1910156511514447 0.07921640868371638
0.04543062661230124 0.6318458788108225
0.493254914690902 0.5153537496058398
0.776040370449957 0.9960752571171498
0.3575145831058131 0.010349779156078043
0.4822089995070815 0.7687591065385766
0.49072693461820016 0.25190216475329774
0.09788387620009265 0.2218118829818616
0.29783504804425553 0.008572466113775823
0.49877084239836167 0.550566107754044
0.2640345530925061 0.5336945292042783
0.9027646415054933 0.14541367417274853
0.13420998086641545 0.28744673745772276
0.8412603035166537 0.5919628464546365
0.4972431006072897 0.23225254736929113
0.8627041186305264 0.5907856608018884
0.8282436222509191 0.0026259786768574322
0.7340506621146377 0.39211747702506594
0.5190277204268992 0.5249675259020397
0.11657746754293918 0.5032259510153141
0.3224232023472944 0.9390668259995798
0.25302263939177005 0.4508434086909274
0.23781460948648236 0.32142150306179085
0.17319398091149485 0.17207258715677054
0.3037765131889498 0.7541397487215338
0.5282000112048708 0.7656758519164328
0.6720243075133965 0.19136465548830306
0.7039594968822389 0.5027848357267126
0.5322856595600363 0.8092529801152519
0.8145274169478451 0.837151999955611
0.8742557124977579 0.9836941055769113
0.4390740099945214 0.6525443582314971
0.6589219041071019 0.9282986740425658
0.9660852521029535 0.39569617383455147
0.0808219293547019 0.816415077434695
0.026811121334423538 0.3088333855190497
0.2669377480918784 0.9642004733247114
0.5311650835204311 0.7580251942556366
0.20892426449956925 0.46934031705461665
0.11814916166878997 0.11075598370873396
0.788967097476222 0.06289888917854958
0.9249790483026312 0.07429530256935135
0.9707603206707924 0.49862557540969377
0.9304539670815346 0.6897534965121683
0.089371796420457 0.6495982059756333
0.6202716071537693 0.9489937481485871
0.16586647716240943 0.167663653428763
0.9607053321951802 0.6092182355423064
0.3600367753659739 0.3342393288392802
0.39900867386319905 0.5791162804548975
0.4668020454700268 0.3674226509669176
0.20017187734741304 0.5577254770582569
0.07013536991844793 0.5125264114439718
0.4383188653361112 0.03708088220370365
0.6825140528393114 0.9019658213062289
0.8196626174220336 0.40661854994719837
0.753936430862955 0.6902454188457834
0.3228929626393404 0.8653631015445231
0.15674440205728324 0.5982452806975824
0.6057166626874251 0.3759680131837482
0.20800307734968304 0.9860764330082834
0.07176254446159835 0.8071815470319386
0.43233713310576816 0.6309565288491765
0.948787209335793 0.8253736796083293
0.07217878075563333 0.04088173422858543
0.2713740724498066 0.11949031666910392
0.9548586793241851 0.32910834532259403
0.716100716673316 0.0891009841264494
0.023188355024865714 0.22342590981648858
0.29752938838149534 0.7280564027556677
0.7813653425719613 0.674606202545128
0.8046877446422611 0.375602864845753
0.5090134365343633 0.5709488372951284
0.7215156998568399 0.9866218111241924
0.6518268820669848 0.418907016713189
0.5763284131814721 0.25940833213466785
0.9412978280928244 0.7884479217225373
0.7240606810794417 0.4865973485279875
0.9273633706511377 0.04672360690096666
0.9870324649150302 0.8494545290643756
0.6464330233173172 0.2909198708556191
0.6700941301128809 0.8784129149729507
0.15160669382341707 0.5513919645667955
0.2519334932029913 0.6921698299928198
0.3259464136269019 0.43055524459460415
0.6433831038997164 0.24093797217842083
0.0878449031885582 0.606744614327696
0.6913616576535802 0.9479766632910409
0.48013373552769467 0.10599895770675882
0.7122864992732032 0.6992276458408535
0.256150892452236 0.21978466757251702
0.5939135860398153 0.48941720582704273
0.2311518662373071 0.8335496506696902
0.5822309708882714 0.9923479510557887
0.8473249408828691 0.38679052318171747
0.6099138825781631 0.6341364102525062
0.7963627716724231 0.03395312669557127
0.5551018087958088 0.9325624045671452
0.866813749936703 0.2571694914323279
0.7028925280292684 0.11059460752234673
0.970664729569217 0.8279756526930218
0.4024631830811243 0.2286776598592415
0.7931816723946559 0.7713772580681109
0.8115760944361363 0.865241410849731
0.6048367092170746 0.6854062559327974
0.8216848847654954 0.019801395361121576
0.18635988049937735 0.4840457916916112
0.49328466493671175 0.8807609007953545
0.7374342443546458 0.3371565165579158
0.38195103862805646 0.2903827462767301
0.3734880753267813 0.24074825902391628
0.27350413524339134 0.3657487281246563
0.5472816659647142 0.605410999781071
0.8836241295430995 0.25880609785555286
0.21338966471799692 0.33463233879326215
0.5771781596886973 0.8091703415945424
0.6228187992563037 0.38978080154902806
0.4970998644746272 0.5227625303144621
0.7497818286377949 0.36563232388525413
0.030978072084659303 0.18467783070036314
0.1605145398667478 0.569501280110464
0.06819640747841427 0.7816293323737096
0.3359848576934288 0.15662567761863277
0.557943556879813 0.09576332924067898
0.3519164833938462 0.07822927423300952
0.98206370690192 0.6975743067003113
0.7261566951167695 0.31913862396006354
0.050985326743550496 0.2303164147190202
0.08979631926571252 0.34008731786644475
0.16979631690568797 0.741023023488016
0.2692547451921945 0.20064748992453518
0.49610788945039297 0.6651709510320798
0.7669824061296759 0.61805807641822
0.8158585368920266 0.9008636364559193
0.9907745000501491 0.6331733653803198
0.5248097676182222 0.07299829411015835
0.6288478927382339 0.01063519106947175
0.8958041504026353 0.9372796872585993
0.445711927796139 0.1046500277167135
0.09663325212431961 0.6536875522338756
0.9600688423637029 0.1346216135303946
0.5611540103657928 0.6654192710670763
0.7419955046308939 0.936500982162048
0.4012228880657027 0.028623199841048663
0.5131638225385118 0.833738705948778
0.017995309033267626 0.6188437951557637
0.8917549430747782 0.2721690410444606
0.9392978331454598 0.29678374828641685
0.959741012139806 0.4412250047658577
0.888064135631883 0.10113634627790802
0.887298270628418 0.509993025073102
0.4595936042382678 0.24396222498724396
0.054951857060857145 0.8534153993976283
0.06672825351759193 0.9023079851176143
0.9658317679260144 0.40035484007590894
0.2219205689762116 0.9853576712378977
0.5368647683536432 0.3710757928250732
0.20487677371279323 0.28553169745804907
0.2589067282977313 0.6628802933512936
0.751194364003767 0.17533704168007413
0.9297931496861271 0.6400548418156746
0.17743043157230076 0.22323091310734022
0.8711613167799146 0.5108874810722521
0.09797327989947457 0.43009371464882173
0.23035083009492907 0.41227502190153675
0.12038914291974945 0.5278054293519165
0.5937628503231869 0.5635909781090545
0.6507260872198986 0.29362414930810554
0.06495280142972137 0.2677366820072822
0.4223374991474629 0.026652645322754687
0.4237172555713271 0.3032005565351015
0.125722495549496 0.8823775725029654
0.10490298812052967 0.06750724973261324
0.12996024107540127 0.41698754622564826
0.43191091375792845 0.8879917472730865
0.4656823960305416 0.23869761148884594
0.33269149155588895 0.6664038862573811
0.5946780418098256 0.4840659328475603
0.9952286569496314 0.9400446273969247
0.18345660928179397 0.31957597214889155
0.31968944310163394 0.6969982710672102
0.7984250358995453 0.28381182046915376
0.9293553717415077 0.39987981485376456
0.6924405891044632 0.1209101738096019
0.4076887622649641 0.3101909765091371
0.0066084644476314125 0.23954182908994293
0.37537548628959194 0.7920662452363127
0.07322809806535746 0.5628859579618917
0.3128424022945062 0.8170473399962537
0.8881737576934177 0.10371211504964561
0.8973050630807178 0.9340618978245825
0.39793040084845743 0.5204558526639258
0.9195140234121146 0.7301383863377819
0.551211878199318 0.26282459877231434
0.8711647364379091 0.6347364030669922
0.45209809909258714 0.7811142553792398
0.15797553712324786 0.5211427881845854
0.6843445648280051 0.2388178333843498
0.3837632489804015 0.7365737691960152
0.3666957062319356 0.10796663344865509
0.9239848924536203 0.14013319920082368
0.21416144918462865 0.9636355519755233
0.9666310481320426 0.0845212812822198
0.29103457741008976 0.8436311743183602
0.6346202315603771 0.11171449846933856
0.06636975263849809 0.6993537525052598
0.08573532417980445 0.9231155965686764
0.9512529844759219 0.9007556523545994
0.8630096914812537 0.5440340347909243
0.3741477914814759 0.027142509686051364
0.2154810297454135 0.6948081943449114
0.8612844452323147 0.6192367428152701
0.6694817079976958 0.36777956392192523
0.6256341152381619 0.10874775696490735
0.7743986830701393 0.12651010979281407
0.06935320149202995 0.36127187928263504
0.6143721130873148 0.8863337380582348
0.10375525620179604 0.8292123963196765
0.6232894245468898 0.26723242549297055
0.6102914214384314 0.45459004462418595
0.9381634616153938 0.8269301942362788
0.23184524287305486 0.3238520303086021
0.5086642703421416 0.5117177960124706
0.985046017448524 0.36679783995035065
0.055841182251603616 0.6007330252732053
0.6548682611454382 0.8164041744776211
0.9976041500731188 0.7904203079680576
0.6480203667242275 0.649666320236088
0.42108756416708837 0.7199976256564844
0.772285933900182 0.3102000532846081
0.39641807988428135 0.7308023321327313
0.9937422962329854 0.5129429999055322
0.27834025732388024 0.08854689844566566
0.44144415015612704 0.18560342343818248
0.4118248633311661 0.5253377780051005
0.7000126034385943 0.4728706836265
0.4101361454014487 0.18985414927368338
0.6784264118270964 0.8399167766789537
0.017889322927850504 0.9025522614834314
0.868516839494273 0.6866346731821373
0.6064643205165006 0.9764458938697371
0.6883183943421833 0.2730680316379335
0.5017519597072964 0.09596774032409416
0.10880351969647806 0.32617736041460965
0.8565209101513416 0.017839480717443346
0.2546941935168978 0.8328052227106015
0.42900606927189044 0.9582225978636276
0.23745439408239766 0.7613171132573657
0.3439895731450362 0.8740399808397143
0.5175773661422538 0.33472940288109987
0.9892722163906316 0.5247013367820399
0.5304886869720473 0.0889211471780127
0.7706322683496056 0.12961347164745463
0.3233673411557829 0.6539197926218394
0.775223980601399 0.03923412785875291
