10 3 100 3
463 1132 785 1437 1119 761 1086 1341 1145 485
1285 1501 1335 789 666 1302 1394 1279 588 694
963 763 1321 1049 824 1399 574 1136 739 520
1206 1309 1003 784 539 788 1015 707 1303 582
1057 1287 741 758 757 500 1331 1040 1508 571
1135 1338 1218 1135 1204 1353 752 1266 511 1305
1480 1325 1354 599 937 827 750 1270 978 1492
591 842 1213 563 972 1029 498 864 1328 1045
1242 1218 1232 725 1250 1443 778 655 809 1208
1272 534 1399 762 1006 1500 1127 856 631 518
8 9
0 3
9 9
0.7739462353138631 0.6844420393168957 0.569757072424705 0.9029970256741922 0.1783710477320753
0.337343565850464 0.7185741675918347 0.7092575532373557 0.5844085095970213 0.49990230706590844
0.08148683388551015 0.8625958189334226
0.814637962201034 0.19528504095423416
0.14198644431030072 0.7128840073701423
0.17398643936255276 0.8072499026628739
0.43477241605093475 0.6079319889421724
0.4692916600720962 0.9853071530626785
0.8771451960924059 0.34085347331392635
0.4427832549501429 0.835418881089383
0.2811996406894861 0.4396794529533872
0.7506481105335283 0.2762630057611417
0.5750098237801189 0.8211192566122141
0.5228664436817356 0.7283992385133533
0.14790527466046255 0.5199582650782297
0.32992228564063186 0.19664545333992178
0.14828260453006936 0.3663229426122119
0.9714488205736609 0.8364571590939842
0.239885689274836 0.08577233309580534
0.47154486502670134 0.6943494158844841
0.9276704337862474 0.7331223317934927
0.8217931312085631 0.3375954402558603
0.1470499827135665 0.04004234126316897
0.21744524809455168 0.31396861776682083
0.7374606096865033 0.32643113982233607
0.7053023394489639 0.06711219090494747
0.24604388021152612 0.36364467830181946
0.29927622760471495 0.2978167770923934
0.6553752410044211 0.8950333340528343
0.8914783662114281 0.3826833044222788
0.507326912363389 0.8227381022431703
0.1279885023299545 0.8409201383686289
0.518565773752854 0.13012709448707005
0.035997110773108965 0.7396268741485772
0.36904164415909846 0.43006390835570674
0.4026150735156344 0.9727532180792007
0.23005964859594807 0.34714912104076445
0.06422147111654875 0.06468310416030931
0.6818455011149085 0.8455785624863743
0.4346824604815358 0.9911186049335756
0.9421774733564103 0.00507409043980811
0.4827530994425584 0.3156495657278411
0.02929860944253604 0.8235533942289839
0.3753320454381177 0.000419230153210437
0.587718105911613 0.3890501078498849
0.8101959919920323 0.9987146683745343
0.9010819631929707 0.4041685943395148
0.5019535421532182 0.038734060904389134
0.10730759527334244 0.9595260202487339
0.030874719582319354 0.022880271267483376
0.09651173250743494 0.7398469169543584
0.29608720691563817 0.5453821091563855
0.5219037914661417 0.24401458118155306
0.8423618406759801 0.6839977163797775
0.3902994283337269 0.12304689370599098
0.7155832685426411 0.1551028274500128
0.800136990899315 0.13796934641879766
0.3066452497272114 0.37311170012687067
0.3352709641231799 0.714567711698467
0.19857131547839746 0.5438706212588569
0.9658794278744554 0.5637240815539928
0.5425336652729462 0.439861779563107
0.5349234284911806 0.5792877036171664
0.9089753630411457 0.3237256938384754
0.7240533394619972 0.6433237316674971
0.27643729110511894 0.9428820890491907
0.93451855220208 0.6548584646848019
0.3827518728461865 0.6698215679009731
0.21368411918452912 0.6408754021452236
0.9329612182722007 0.8454899226292423
0.5746678404414336 0.20573213071166596
0.5252080558623615 0.24389948997942268
0.11355172621584164 0.3420542465030143
0.9789024700380065 0.7416831279003797
0.6489776232201823 0.19039373390053882
0.3366501963788562 0.5182853188032206
0.8796329572630082 0.9946826175607177
0.41976011147613757 0.5836789745932329
0.5817504055364822 0.8165513251919512
0.5455323169558073 0.9839382634385587
0.4302215943707539 0.16151747242835968
0.6028609485463761 0.607038836340861
0.7074149359662936 0.6404206208998826
0.032220393774164746 0.11087470058897986
0.2524821483201558 0.3547054364341109
0.45181739114886255 0.5856770241517988
0.18580117726303325 0.14888577727854302
0.42777643632710927 0.8767740250635774
0.3560397493487304 0.23156361634110745
0.3594399848900156 0.7876275106712414
0.291169035977914 0.015347529338534116
0.9100043207207409 0.8209308938610345
0.9744909139000446 0.4160000706713214
0.653172069003495 0.22511888712634187
0.7803116380191835 0.25412866143518253
0.13854657556282657 0.0037812829566787887
0.6693585620422613 0.42595594258031944
0.9922043983099391 0.05440554602938663
0.03151887364272632 0.6481682394925148
0.5043309174816899 0.11414956135504051
0.055997232225802884 0.017676869201175727
0.19202768773592616 0.9531725647907392
0.6059987589531877 0.8818293140353082
0.3115048937001865 0.5230493066411097
0.3041856809284056 0.28278108928361645
0.25876149251964997 0.7422271406961731
0.6929959106018666 0.4027181551798691
0.6384066366655625 0.42935033681971957
0.9266396759518636 0.4295611082588515
0.7898363326589566 0.96879407705735
0.5268959163403368 0.9296714061950844
0.6715117750834085 0.6023183907196439
0.8802214708952452 0.8830278821540058
0.6307795662128297 0.23890311559924227
0.28740712973872506 0.8701566621926369
0.6204771429602209 0.8204521305537023
0.5709737083751218 0.40708881962007926
0.6615077558446505 0.6194346940580735
0.655680948029254 0.31086026578456183
0.6660641069941795 0.5426003937766963
0.3563399313123743 0.009441598597787149
0.48502620566247967 0.20116690828366712
0.9774580883014712 0.2274250465204739
0.26491275579597695 0.9232718387161172
0.9400069682459906 0.07605579042030253
0.40781386268626507 0.1562749913392092
0.6161573797346294 0.7068789715284414
0.9084694561011146 0.36755424635590583
0.2146691823317901 0.13559216145021646
0.45746416638791576 0.2927436241991832
0.5112715213201497 0.6184782947746215
0.7111923192715495 0.625743604287357
0.08286834798877285 0.3593486319560879
0.22728978042383097 0.7246276896220067
0.6718384121512697 0.9049144138684377
0.3034980892716632 0.7640155756273708
0.044707959336106384 0.36746863474358316
0.6324134032354551 0.11435551623034734
0.39086611568146323 0.4602176804596536
0.8593568088967889 0.019315291191908335
0.43931018525304344 0.9229457853611436
0.49505065509621127 0.03958388950402414
0.0280732424818404 0.10197488131119203
0.2938229663552192 0.6789894513621266
0.8739602062747609 0.8344235614151148
0.20968972990673374 0.8409835661015201
0.10595668021887095 0.48099332666578754
0.5809399516270759 0.32868807423979884
0.5622484958105365 0.521181414570226
0.3291631824479495 0.9921333862426525
0.6458288852949927 0.7887146217698879
0.6225641698073838 0.7796141482394545
0.30930853252040635 0.8567512549272114
0.06735139973947968 0.3665337362948671
0.39700019466595404 0.2652062307814942
0.22051032155475503 0.5916984421880491
0.26612677539411833 0.6583848755180326
0.9230206981621787 0.6914860003334284
0.2699017469200391 0.8822742280615834
0.19617080084891914 0.9080658442364486
0.3594945580527391 0.06455184238615064
0.906889297669859 0.42349143913828113
0.411950723310196 0.4476931030042919
0.9321464861175106 0.9276747450476792
0.7301681304521004 0.37999852624269703
0.28026121048053376 0.13257889213540142
0.8612824055867851 0.5908031064023396
0.20898716195407974 0.5536837434233559
0.5985626062668781 0.6069785411041648
0.6390302190299268 0.9847127786410328
0.10544362590332135 0.38565666166023194
0.656215771460469 0.3042252776487224
0.15452621642498632 0.724881546855362
0.4271939705604644 0.8798503636031467
0.25407354005896154 0.32359748857770554
0.03929256062957576 0.7792243928191478
0.2528833529433303 0.83849247844034
0.6446643788175612 0.0945615485358382
0.027812380871737874 0.21938037428836932
0.4871702530165458 0.3258382210630131
0.423200558633662 0.834089503242498
0.8556611909400516 0.8659233073769017
0.5056725736381216 0.028303085452474397
0.31485708231949827 0.3276620263317953
0.567170379965142 0.819924332314403
0.954795551003595 0.24452285887578307
0.6836626998323632 0.6159831672890044
0.6253007305527092 0.81453497806635
0.8624655092496536 0.2139055708555193
0.9274741829614415 0.5622117759212337
0.6469402205017427 0.27442890968444544
0.004465656685102015 0.37615794712488326
0.7781847513949609 0.007079622403572072
0.7269342182170546 0.368916772647113
0.8969135583991794 0.6888172274803661
0.11034916258727923 0.5031367424982778
0.8179270767804114 0.31597935954163336
0.09472626801928508 0.7424137361298428
0.8120578149355511 0.6310458531100878
0.27998351256778475 0.11521261819904494
0.32395835009215235 0.6841488564494893
0.35410852139979476 0.20410054367994412
