10 8 100 3
669 694 1006 1183 1471 660 1464 1477 1458 881
659 859 659 1349 1092 597 1368 1193 940 1225
1049 731 1436 632 1376 725 1012 1044 1468 863
773 856 945 616 560 1496 1113 1491 1183 1080
1351 992 1194 720 1189 620 611 1492 1376 562
907 862 1201 1004 736 682 551 622 1250 1437
1329 897 558 1217 553 641 1321 934 603 832
856 1314 1294 1438 1426 1481 563 578 795 1044
874 1395 1500 708 823 913 1373 758 1509 877
779 855 1139 692 731 1044 954 789 901 1000
2 1
6 1
5 3
7 4
2 5
3 4
0 6
2 0
0.7690352820774482 0.4723548510510407 0.5584132993336808 0.6755999000249342 0.4197549009673569
0.6093090384302005 0.5463522245412672 0.41841612533330313 0.9732235562382292 0.4986702898040438
0.8138790456299569 0.7283873017356602 0.5327792874826375 0.8900384473647993 0.44061945596336016
0.9046162989446289 0.996288112985962 0.3935924526890921 0.9001511428462285 0.2870302068057409
0.5621867649258296 0.8167239924367085 0.4862319576896023 0.7865477545812165 0.21813813719333633
0.5656812425263109 0.7930304040629983 0.9394943844324479 0.5724917984508842 0.16541585087006833
0.4331230400668155 0.8599470238495195 0.7678862617617478 0.48401256309414303 0.16778997143249913
0.0833012427193065 0.7010422990309255
0.15649101221080897 0.34040197995229104
0.0655001927796075 0.966605828068406
0.7144264254767767 0.10372831365528978
0.591976314916075 0.8105174261594945
0.6321823619110891 0.5101966639850768
0.6035586837787177 0.8884127528673089
0.1931746048096823 0.9608331264855368
0.0785778934342396 0.22666538975584638
0.6302880245504436 0.4241133149975449
0.18903962013984787 0.49682587950212276
0.26620458606756636 0.10944831872613392
0.5070857472882946 0.08432092113273915
0.6955268622436406 0.2590279154589479
0.28282875986668765 0.15295665793108015
0.18340768767074822 0.4977374409131845
0.05011722556376741 0.37225444104498284
0.3572348759217845 0.5636978795006744
0.9059070182415703 0.9163114567983757
0.4424758764280574 0.7751048530475622
0.9098828056998365 0.9190580240266075
0.8568341652515279 0.9834801124611297
0.5444683718830226 0.05641660918374103
0.3129424448427953 0.19012827294811885
0.18375490437915443 0.7658784449055533
0.927879422847 0.08943232633923559
0.19456549736851536 0.08631791118373955
0.059363321597883045 0.7132122600584125
0.4259522444371109 0.3150040002002008
0.46997370844394726 0.9367362812685445
0.9981447492117239 0.5574835128382178
0.38307582482395786 0.21257164746990354
0.06365066930520924 0.37861203123096887
0.5201660316885444 0.5505655579784747
0.323564612649756 0.5060047811912753
0.9293960566409252 0.2449890028934696
0.9491924240722975 0.9043304032517749
0.5169323383759339 0.4331890888472969
0.799542264527449 0.54365806146466
0.9077201424031291 0.7915713219057454
0.1685492120870249 0.17983864053102905
0.2917318396800326 0.10423677638298567
0.723421288742776 0.08245974422916547
0.23348522213834255 0.08412306951259851
0.8371110782679518 0.3959245528622346
0.775081405156304 0.23017201063102077
0.14076765866362284 0.894571656248311
0.47857227756141607 0.14649394565269436
0.2828403041103873 0.6810125536535785
0.13407145736021553 0.21680524787948774
0.3614692609565524 0.7436723287507798
0.8440115963735426 0.7082845471687598
0.354216681328418 0.3581605725869179
0.070717741173006 0.47802072137473606
0.5045603225296651 0.43009071798122744
0.1912222932425547 0.4518037267003765
0.46637207760757105 0.48836896859231227
0.591179775471895 0.6630425998600498
0.7806709120846 0.9689380742226956
0.40525662974931453 0.11320926840279966
0.8153344724909206 0.26514328666082876
0.557260552293332 0.40618160552068217
0.007735396141778095 0.8594400202426096
0.26418613151093195 0.25586900493939213
0.5074630811798184 0.719876827546281
0.3206309607170432 0.26187914035218895
0.07040088409340539 0.016778996976539284
0.7064631445995768 0.7721418124554689
0.7958002308852545 0.5190166099048132
0.9638505062045144 0.7029954737807387
0.6862136020049467 0.1587972109232485
0.180280940445529 0.7861463724382114
0.0439620631826414 0.17448034119236522
0.605093673871171 0.6915103187303882
0.3708537791660158 0.8505512915838953
0.609672603120418 0.8749556652088519
0.6994316778020202 0.8488932458984466
0.7354872959571401 0.8411178829304524
0.43473736933921137 0.7349523029194072
0.31798492286867996 0.9056381027192542
0.8602982584057608 0.16484733536440999
0.9615105931560537 0.33179574687817937
0.41018651185586075 0.2313324339975551
0.9528932932551173 0.9107284245399623
0.4854965407178553 0.21279998340700934
0.6701675328975754 0.9263391124287086
0.4701909990366355 0.3998717116802166
0.8185099103886562 0.6546555779711625
0.4294510794676092 0.7696767025222171
0.06038488169037315 0.9260742163137592
0.19501623584809136 0.1224786298161411
0.6641609680852634 0.4944135097092146
0.9067246724199682 0.8317503400062525
0.5400924844209796 0.024568521123997877
0.7469822406737157 0.2398824361025229
0.04682847146398195 0.5474713031988065
0.4015713160671517 0.2903583228416524
0.7024238303763033 0.3001754347984371
0.7566421400185706 0.174841304630166
0.8494901495883427 0.9980477057458923
0.15148183106419055 0.06487786320886912
0.08766704256222191 0.6334483802902142
0.5932939452911072 0.2702610816429878
0.2898939186862559 0.5119821197101617
0.5577986736661107 0.37184127723553484
0.8672677771156236 0.5026850480657077
0.35103209466187657 0.6646562713918995
0.9380672896237212 0.6935566469054617
0.14672494373760303 0.546590669764901
0.6493749019042778 0.7137646203531696
0.2882847799121011 0.18525294108824197
0.9654733097694506 0.8916921363043988
0.17204435620042835 0.4664467122205542
0.5118125179846165 0.9309797819701118
0.7653177962135305 0.5924894043497537
0.4474094616304214 0.2682145797133997
0.9844064647886381 0.43043630210728145
0.6436545877074153 0.34403641608483637
0.7453610758953317 0.599409479856023
0.2595729142998342 0.4944411043933743
0.7559501079621145 0.6051891467654886
0.48924033228174735 0.04885177854181744
0.8247821977671967 0.7373043533229515
0.8383603447712251 0.9851057551869298
0.5552117174431646 0.07050048706640322
0.25597161117500344 0.08386355300215742
0.9065365664244149 0.30901293466280855
0.8669780262313971 0.11670191973513422
0.14561375782010155 0.41832919351629094
0.8641574124668523 0.43164715313992796
0.6194827434724928 0.26570481169524984
0.5893526341848869 0.5892795980318528
0.21248926371893084 0.3570322145718572
0.5461899238941417 0.16461630416909467
0.6838483545393963 0.2821904014065384
0.4447851251321677 0.9566553928380592
0.49785422111820377 0.005349011514222957
0.5043664716975864 0.5885503084201982
0.9227274473606326 0.6408082148957706
0.1851070894987128 0.15668659416133268
0.8237361025253889 0.7384159434015196
0.7848902951373986 0.8585090840759644
0.2463134527946087 0.7428523097023034
0.2382807624699106 0.48336801967761334
0.06696035384851151 0.6926571907292984
0.5364644508720429 0.8798122416806511
0.1740575186062585 0.7392013580302859
0.8584402901072414 0.8256670161957678
0.2534578872012829 0.0046489652485608435
0.7109150461222995 0.626972379493064
0.2004998847476096 0.08975086935453791
0.7169391419241078 0.1147653672394271
0.8201830469970044 0.1144045236731146
0.5535168367379373 0.272627335540232
0.2575651973112367 0.8793685942603027
0.9736266362087211 0.03497840745120673
0.3080318882004278 0.035893114223654043
0.08095609409705906 0.4649370922923721
0.16951557195544664 0.9968153253800529
0.1010835641604182 0.48712527655025384
0.48959077703108544 0.7147263246577633
0.7517437858157154 0.12464531114245858
0.6956025654717775 0.6621156883798043
0.8037356805008589 0.34132141529358107
0.5267675233918507 0.7223570380369748
0.7373241336221064 0.7704387675817779
0.8138732885872633 0.36524584705565233
0.41824509988086933 0.053590683410762674
0.9926659411468 0.8590108555594496
0.1445296976355397 0.004899942656483525
0.07286080708236642 0.7279919960072727
0.44884495679723013 0.9397187684506583
0.4357142933765099 0.19408028229141827
0.8880561462430312 0.0425868562507874
0.6744475761424218 0.15029132239690535
0.6434314282068785 0.9610464548503583
0.1823126218442137 0.8963174010749315
0.7012270674351595 0.27464369923319887
0.6842631846353384 0.9075777625884556
0.18351022143248996 0.2106776661699934
0.5636827815203573 0.8086654116872765
0.33485713619451474 0.6688217720407046
0.8303606937465065 0.9676256705812492
0.19542769193517184 0.5198126715728615
0.699750155655577 0.8199145628902864
0.9785625591297311 0.3759447871989954
0.29229743046741596 0.7504386553866804
0.14099865479091722 0.29189805435067573
0.47977009398998116 0.26992886780546677
0.21167390616461468 0.9547892317776512
0.6160983537399467 0.14135831579559954
0.7661445447746247 0.9693420471207368
0.5827213030539078 0.577920669999328
0.3739575501434984 0.21090780033602874
0.6820976218033272 0.3263066203090237
0.4458933952008206 0.4243852007515654
0.29668898167635693 0.6868442872472844
0.15548976178543494 0.23591159734205158
0.7861101757880675 0.14137633613989453
0.8631307099290539 0.9220584073666342
0.396761235685789 0.8898804010849914
0.8597304517884685 0.7892820883037075
0.8259875717378027 0.003170780075677282
0.5265298852750495 0.2327614002023617
0.5149697367506296 0.5401609174989888
0.3615919044402369 0.3295079449396354
0.3087798724287052 0.991547840445431
0.9761063826640928 0.9504566571837008
0.14452652564289603 0.9684125207516374
0.04315879015561763 0.015197226335780023
0.930724594297943 0.9972872874412664
0.3199464663360019 0.7660285409289656
0.9133395300868015 0.12846018962494887
0.6378574485315307 0.11121827259733275
0.3545095741590596 0.2368489602840309
0.28108653338738576 0.6055663783788681
0.06802642800551228 0.09942764688397565
0.967183432489831 0.3309148678506786
0.9769800033535061 0.6403873111539287
0.48134494627639746 0.7812846580886639
0.41129551028905365 0.2795171738181397
0.5664890260339894 0.6482437501726459
0.5470052947765531 0.8388901268007276
0.8060902420554483 0.6081755117127308
0.17996820600075836 0.6850965347185531
0.9542961407268964 0.39748163736580233
0.3802783825280758 0.11083064786142516
0.967302864667454 0.2639695207663917
0.46213346412161393 0.3153126873088343
0.05034154791317769 0.90504590563577
0.5329787578026326 0.5339781994849968
0.521983763164743 0.041663415818548266
0.6357384500464709 0.04434264766185292
0.1121172403927031 0.9956189044621129
0.5187721530742906 0.2507457985157937
0.10150732420196595 0.38040994629736846
0.11383520821244386 0.6759326147581102
0.17984664161376074 0.6915778098084289
0.10343563870986627 0.24343369376679802
0.7261272258661933 0.14348237112854734
0.23015198386653246 0.004279686762412638
0.07337904543182883 0.3366640866403998
0.5557587864207285 0.5574489553283082
0.665707200763813 0.457796327349246
0.9947399905713254 0.784286362880023
0.5810932083725959 0.38063381732646784
0.9269294802574151 0.11811053699845897
0.8660875471041258 0.24590830390516816
0.7491481934007573 0.7920227123206116
0.25422935828330684 0.658714309752626
0.13938211968498782 0.8101747835992816
0.4489583845582612 0.32755301117854607
0.4389355817626459 0.4573362857318952
0.2053361615842373 0.9738428738649658
0.7874202620467634 0.557605914565414
0.49732386687773866 0.8162900687836996
0.4300044926783213 0.053140338250665
0.8842586019217298 0.7585697453290168
0.6838704253153307 0.6770501644307747
0.5419993394593114 0.8055064010305384
0.16488475802102243 0.12290679281144512
0.04953558400145863 0.8719601850219008
0.572273713795755 0.09485708821499395
0.7665582629159655 0.25191154681044203
0.1270295479060659 0.3899043644655382
0.8638134109773417 0.8017317260122374
0.5994558123421616 0.22267502066907463
0.1863642593595094 0.2522048211574861
0.8408746451490627 0.5350238404414069
0.25107356249887247 0.5928673820312043
0.8390943796425021 0.6625231447699276
0.37307703252741287 0.682490985736607
0.7811022233378655 0.5085561137932899
0.796841954971329 0.48524457813078015
0.034552456887890326 0.5057190568045504
0.5291315702147257 0.9238926502679989
0.5432548766312326 0.736526265756656
0.331120631950651 0.06664410622226247
0.7381878171814822 0.7165178195865034
0.21649054115249178 0.27346494528657495
0.39846336348817535 0.9301296957082965
0.618927692901466 0.08369959954190498
0.5221025595471869 0.9134543157581387
0.3486420470694571 0.8948161449206056
0.12083096033957186 0.7238771683456922
0.11434897317522763 0.3825265829405602
0.9309932472386513 0.40667179286676625
0.9987175238915906 0.028918002846039847
0.06353706524399239 0.31368853628626336
0.29423179847625613 0.6199215412410517
0.33829795508190386 0.03518867501268552
0.5665436234735555 0.023902557625253396
0.484867307733996 0.8168018939152328
0.1853504202122036 0.40455592927080675
0.07073992922112171 0.056777453922814525
0.4079997879938868 0.2377337820424512
0.8995180082952186 0.1925070904336681
0.11797409385223734 0.38638027321968793
0.9804236453433359 0.7846448277716485
0.16249732224843383 0.9674328857060117
0.8700378401600244 0.6227223720236934
0.7090852413218618 0.5259150611450671
0.5983392341384486 0.5534747713536972
0.7192659498098788 0.42314079590535236
0.9276318112421071 0.17575116901520382
0.7229948146371132 0.3933852884058997
0.14309408693799952 0.5497502269232204
0.6235254480138099 0.11098696866309954
0.235185298604196 0.7269490200477229
0.5510662404591655 0.6831067899640628
0.23980704202525116 0.1397095323247437
0.0464856411288499 0.9560519893628416
0.8889026731572423 0.028627394895215597
0.5671915167522847 0.835895828324897
0.8174181279060471 0.3005917908339255
0.6948234365697414 0.8176024275096192
0.24641744374116148 0.663837395071649
0.9689005076092276 0.6653157795884956
0.08377721354653822 0.08895539197218194
0.1279189140355521 0.5050773072716435
0.0682128434955982 0.43963050352419186
0.7001262782228821 0.732628902953699
0.08855131786768888 0.03287088844387598
0.16212620438672665 0.3370135895616331
0.5622559458190506 0.6046044868311737
0.3372582868626972 0.40319804333592546
0.8691782069992711 0.6000950966997372
0.48707954214502736 0.6971542747696196
0.1929272427432609 0.003444870927350019
0.5950333913592571 0.7823682474485003
0.687020887193637 0.5307765795908508
0.9325744556792088 0.18396089849613606
0.8502994603651319 0.8350586547951981
0.3694706495413542 0.022690843381272252
0.02725198363652681 0.3898444747374956
0.5268730310933605 0.5368369585743173
0.11618787462769342 0.6523373341369414
0.013137717242933222 0.47305495656559593
0.8157410895458785 0.4895359729686348
0.5320187896343913 0.4150386479383499
0.32431334846856896 0.047878407862705696
0.16018277771375367 0.41699409663016485
0.054394152704968945 0.9738232500776622
0.9913435838532936 0.599076181822642
0.18003907425088705 0.21288889963678193
0.8340805591688596 0.9512706810345888
0.134826614850992 0.06701741615653067
0.276911632780807 0.9405250750400016
0.2218229408351986 0.8703378045825969
0.7016537261783209 0.24503610126827025
0.9290806893607153 0.23859507224661525
0.6907555706569832 0.7613344706114442
0.04739942126472685 0.6859390502208023
0.20771136758050335 0.019717077329335142
0.9804761478452642 0.06675713461449595
0.852659963009152 0.5030651443329353
0.859453734418308 0.7106970238596388
0.6869194654732453 0.17411596991186906
0.8200228206928462 0.0550979700086518
0.48163037519487917 0.6542659887881344
0.829953554941018 0.0703226387987892
0.03583999765267465 0.9088245219326574
0.5233841632124387 0.36063124050951134
0.6868805177353483 0.3330671770604485
0.5299890723608889 0.6937950655722569
0.8829642887568663 0.860359514008697
0.31798798426059394 0.12734774979849894
0.7566238845114133 0.7383338810644622
0.8904718985491835 0.7048199818660843
0.6651385946693553 0.9060930526987623
0.25392093470614485 0.15585028096143638
0.1618435867685286 0.3603737562609439
0.7282467123578584 0.5171230320934932
0.5403190604294363 0.49209185691547863
0.048161207273611284 0.20299040810385782
0.7060821603618461 0.339117559051352
0.14216038560818856 0.3952476731381831
0.28681443513565985 0.001847987839537657
0.10074322222289367 0.16314684961225412
0.6655531727351578 0.4587683432560983
0.7297910801315564 0.6510017413565194
0.40361147711822287 0.4865944515089542
0.5043391534356909 0.6926812321981137
0.24117494884152846 0.5822057774743439
0.3586797303109772 0.14985058969357157
0.11183931538566183 0.5959435331908876
0.7419561316227334 0.5594357481095302
0.008906586088751167 0.6202329174115533
0.43633311303815514 0.6241815936742348
0.37079796202474813 0.3289466411718205
0.7623740609024563 0.3467898347694991
0.8389616912666111 0.4720586832221556
0.8963358556333243 0.8613150930748801
0.4412117068545167 0.3405693764856277
0.8289536565466498 0.6578939361157778
0.49486041281486237 0.09082655092879754
0.5368532757585531 0.9447303425397591
0.9367451282793648 0.2022432177160971
0.9932106593265229 0.19423816594615828
0.43964694390014447 0.15652123055753808
0.43217248086651994 0.140116704478209
0.46300373957303265 0.48599250528046944
0.33911891545231954 0.22606598476854445
0.5676260661634083 0.36872627589759066
0.15608903555105247 0.1331381301877803
0.9429573034582879 0.43047954714674974
0.8833853781565273 0.6874977897839429
0.8355392534389303 0.5766631107189433
0.24783904595154627 0.09556353973715637
0.5094635310382172 0.942259026556818
0.31800555174731504 0.3083125479756337
0.3537905099769887 0.2751712028545059
0.593682145980067 0.37734991754419966
0.645814802208065 0.20150172550252377
0.6108732882300574 0.08003723472714652
0.7509218390361396 0.2886120450310339
0.8135093475806434 0.04525982494121372
0.44888885644516097 0.021939300735351885
0.5666979386899205 0.1414772875059329
0.7104264478442 0.4056467857773727
0.09986210114150929 0.15937811864803253
0.17178521559065496 0.4601420106872236
0.31074018127084146 0.2465719576240908
0.4922764125173733 0.9095895280504105
0.6551515457696173 0.6696060158922592
0.13524177649063196 0.5964355358647879
0.22489108748686837 0.20543153235662226
0.2801928599434125 0.3924048394153272
0.12511767705851584 0.81627379771952
0.37489390135406686 0.7255987234445649
0.2859013674002524 0.48386467560390023
0.28028146619692484 0.005992890647053883
0.08556850651733883 0.22811276206616005
0.37455185201554175 0.3084990934193843
0.15147246142256332 0.12616809847688892
0.7167058343076185 0.8096758083481483
0.7714555204204321 0.7640085040479054
0.1861763179140037 0.9257833066218746
0.23782183591165462 0.23345924864954348
0.5708334701383646 0.053766696727333585
0.7203087721856083 0.35342777885228016
0.6990565059475486 0.37748277438778977
0.17852995110245296 0.7899121988014115
0.7386224292723547 0.9009470981081606
0.9482846380636338 0.12381577879070971
0.8787451370375676 0.9133803346813205
0.023211743953162722 0.2981560341337983
0.145943674382212 0.00514409611868194
0.7442324974092076 0.4372272713133123
0.9460556508252405 0.5955248121495818
0.8984726243870218 0.47703703579211054
0.8972934694438961 0.5136776374915544
0.9275626613506827 0.8049819948711388
0.8312873426211835 0.9638169916424486
0.8836543821244378 0.6369800250200068
0.3266823750710084 0.9855493627062346
0.027810717854708455 0.9512678200505948
0.9507803552069396 0.09384554034808912
0.0029463517555663454 0.33109604456061814
0.9887592346394896 0.5707936235781279
0.7520332551434123 0.8380884304955196
0.9095236415177157 0.5951588463697253
0.9840402471337668 0.187607716122274
0.3378551845455706 0.912600909324353
0.3005750804597045 0.15449502679803873
0.03655390042161999 0.8771065860772422
0.4361260752436582 0.22744147220436828
0.675582574522565 0.016594269164920572
0.48386521158870366 0.6033017708657131
0.8506712505228797 0.9691994536929982
0.06553131147904634 0.7715890347274641
0.44110642297292446 0.9768718450743024
0.20312265784006955 0.0972783593273876
0.5608698750434922 0.3597459263205842
0.9262339951136396 0.9920674596818959
0.7004986159348776 0.7465701828351918
0.6416700177209527 0.5606923070081007
0.7782008258106154 0.8781238380428384
0.5201130840680814 0.9250406448663688
0.3451679114157833 0.6970439348959439
0.7681235956138779 0.5338632776535281
0.47133897172136274 0.8377601061998143
0.41541662491521825 0.4724287897338202
0.07511586962296102 0.6611942783029296
0.4959577065576779 0.12835369340633518
0.18629341180763404 0.40111521540163975
0.04727178701376511 0.34272811149577187
0.4830544924166966 0.9328445309501665
0.18937797977909776 0.49180018122715397
0.7250514124365159 0.272686503766697
0.03884671017736596 0.7487829527282641
0.41339216051416616 0.5745068217481457
0.6084203751048642 0.0743178888277547
0.07647264748597804 0.9437558203964618
0.10395132883808422 0.2415611221647176
0.8096537402274422 0.020987790765863323
0.6670828660026191 0.507072446652064
0.8270687220657138 0.2866851858696857
0.6317257240499923 0.8296186073283127
0.6243264287375703 0.44886706848814706
0.4599980022769754 0.2704905957626649
0.21969980088812813 0.08131326274961292
0.9372476165397248 0.001914711652122092
0.5673655887051203 0.8364377906168519
0.7166812477268487 0.3167627547949894
0.6654256433720627 0.9099871951699197
0.5712295141845054 0.2599159891163867
0.13375602989375102 0.09352422587088993
0.497923710953887 0.41147015478358284
0.51112371077079 0.10183740181396139
0.17560622856322605 0.0428687927178093
0.7784888216721482 0.6653047616639913
0.5986324685845879 0.19760654667941457
0.20280084258596776 0.11366822340510252
0.43902588577101764 0.7928889568549893
0.6278922585521587 0.5943842982079219
0.7134148632114901 0.6671852888242389
0.1956811841172621 0.9749148673104815
0.003069414533767967 0.6733999754418087
0.439404465112436 0.201341776301732
0.12241878511540683 0.5003725013605598
0.9174693538247751 0.8581285258432365
0.004026727753398296 0.4573098792020365
0.47548270957289707 0.015148456444708858
0.9787073804775257 0.16672413384162588
0.5670720537425178 0.3710943201966903
0.5019777505387555 0.6551196173963711
0.48140552145211646 0.640275598560611
0.793206965208197 0.7386917695887067
0.4077026051249111 0.2419390889345785
0.005611521728932312 0.2611965434232191
0.5433623888047499 0.9867745720652652
0.27563220306418024 0.720416285757733
0.144587384041319 0.005560440018737012
0.5183381173788841 0.1084680651118266
0.6264391934860774 0.4916440456590929
0.8225209652712009 0.932394859638358
0.5534348644688167 0.22768902523174583
0.9039240280100289 0.5490299621571972
0.9471598548391513 0.28246830970509795
0.8342895489099964 0.8350251089006695
0.5873974255099059 0.47165250489239696
0.6837174539976003 0.757993434229097
0.5729034645505944 0.12724168031351657
0.9281363849436008 0.8353309698200742
0.7538478852485853 0.36364865730876805
0.9714741855919176 0.20217674678523134
0.6214011564625759 0.021218385886668578
0.962873613078908 0.46874055746006227
0.7772452313670164 0.8293437754129087
0.104900964294387 0.2478567446750808
0.3129300940851498 0.36585892175649715
0.08778122108320452 0.07062014520716753
0.966690675361648 0.4692649671875253
0.7210156238241425 0.5761743847430283
0.26383700107926455 0.5167840147603764
0.6888170727931802 0.6622240332569398
0.3585106518783925 0.5716855315887184
0.7754551657511037 0.7805860607164197
0.9360274801966695 0.844400547234949
0.12159585552458418 0.1874170798626804
0.32108625876672536 0.6494986314472984
0.5518115772097685 0.016027411365568733
0.10726474535783326 0.2486762309764159
0.9242215242491523 0.42553623668844387
0.5500782433614892 0.08304903338275382
0.5215265976901853 0.3286642731300462
0.8994265386937841 0.0262340529131182
0.6677375104284742 0.3623405172201599
0.6102258609043985 0.8955941136751315
0.38825921122252294 0.2519513343677042
0.3710380378071061 0.33033268238880753
0.3440336274539819 0.2234232474943305
0.2893807212180206 0.6915544870975916
0.8422839715542676 0.5334658551807268
0.6007701164135053 0.049095794630746425
0.3463681982624782 0.22966258933086037
0.8382606465974387 0.4671230282189516
0.2394282332892188 0.9507059139738627
0.3514553449742175 0.9793367732009877
0.07972343474786192 0.12894326306750292
0.02901254095176098 0.07165816483483023
0.8600807020774399 0.19054493701718545
0.5206899490452432 0.5757432702468519
0.3571279831285672 0.9161781701043352
0.46092262662219796 0.3280887746560268
0.7009612563994758 0.9757990453860272
0.14204487492709617 0.29180895727494205
0.011795331166785994 0.9106562700831715
0.5005913263188939 0.44764163306093874
0.5896775872953985 0.8853548388459433
0.2443591058489658 0.8627471094066801
0.9814779053086968 0.7916769668938062
0.1811087477933777 0.5391408576853893
0.701915338009981 0.6645488979250902
0.8418051273750953 0.3005362416608688
0.8987677803670135 0.5987318556477896
0.4582948751617013 0.9876102540372684
0.6979453855795501 0.10222512232388947
0.14203111980246597 0.2916655975729543
0.32733299034388064 0.9870690811396077
0.013632129154234285 0.34054526761117665
0.846333802837155 0.3216053751408805
0.41858836093449137 0.44071579863076127
0.9434796877316016 0.2033291084194644
0.3063807155543916 0.5202010488534323
0.38918773251571115 0.06316025911693912
0.517655347971586 0.3809209696859801
0.26481403685457017 0.9447971287436716
0.201790916369468 0.23666419241718217
0.475083848419283 0.2628040196765453
0.5871220807696771 0.6151039019447195
0.701478024085959 0.5339340460993574
0.22742488786787396 0.001170182378200435
0.42063169645284404 0.19850365569749573
0.6426016477342684 0.3411467807462776
0.45619661880111884 0.8075316993456756
0.9780976470351497 0.3199838925890661
0.5906534982187939 0.8380997218657527
0.949204101397946 0.9156491490619463
0.20624221610011495 0.6979166327592055
0.016071696222755838 0.0024733279080992876
0.21239241283377175 0.8154208604687945
0.24944608947243196 0.6279796295582791
0.10122241973081891 0.9431286213486347
0.7683898093194395 0.8445756892076939
0.6362385252812801 0.935591783912896
0.16848366156666783 0.2915616941454502
0.11408172746321088 0.43791140265531636
0.29375770460242556 0.13566836585841302
0.8914369001362246 0.8288818155917672
0.3374933629490029 0.6367900701052975
0.8320195145594671 0.846013828455997
0.5301982780621941 0.0954365929822667
0.4046989984249947 0.13356638035312418
0.10442330982243853 0.4738090348969146
0.05140538351445123 0.9649948502176868
0.5636261848032427 0.3699070689667707
0.9231452919996768 0.6324052476633168
0.48596805532387255 0.2262230289399807
0.5725293246096956 0.7020387928866825
0.5201817255591528 0.18279680902225648
0.31410088942764736 0.376352217544198
0.06278724803283042 0.44365108205567205
0.28434202666291464 0.47596648434699285
0.6203561354367402 0.42073255176618063
0.8691020419085862 0.8956790496084033
0.9925147150371609 0.33547579821021967
0.943430977603821 0.768275466886511
0.21440407853417254 0.7924242447686296
0.3339484206296357 0.5062332430037819
0.8427712873137543 0.41063128391528925
0.13253317770028628 0.8843425121789628
0.26163122972611585 0.0270807648997069
0.8957892471714071 0.34565655041313437
0.67823597157296 0.11390848031483447
0.9314288938042143 0.8530184059427801
0.15149918493783443 0.1970251510090737
0.2303970182653845 0.3661758145833063
0.3516422730762463 0.6413932913515052
0.5609885904194025 0.4806787475366405
0.0668808542416428 0.6659407399385471
0.8412713999631032 0.2968847337972018
0.29990182020506806 0.5745872215156402
0.1405883322214121 0.7937488643642816
0.09162960325974301 0.36988972721349467
0.396318014347393 0.5358608253589825
0.23037648866319427 0.6478470419182216
0.42156660187189243 0.051216803605987016
0.9172432741824688 0.5710046310937236
0.8741461057033355 0.718293048649135
0.6937810658505708 0.21438360184312932
0.1792335391693134 0.7205325766984343
0.997820511299909 0.7880014139950842
0.5931962651975282 0.996129289827898
0.9902957928689406 0.03480381718313863
0.4231537045545277 0.07694523499371919
0.22600220231959045 0.05959582387486373
0.31429656212266077 0.12871070829834808
0.13578392505680603 0.34315738961994735
0.9571072377758494 0.09529627972388988
0.17012232365553448 0.08059169167132474
0.7436052093826298 0.21985575254064593
0.8747174799380373 0.7108419025874948
0.48816960695894407 0.2490921627433309
0.04829487396772758 0.04098238545167665
0.8779349715958193 0.6019370432072426
0.7771000997742974 0.22553944829931516
0.37862334515552476 0.7764699313952723
0.3249429976630538 0.9863348439436685
0.9984401528688267 0.581713851036078
0.7283267861097531 0.8012343203637537
0.6700957022165157 0.8466230082251427
0.3973684419970258 0.20630455988892904
0.7427714910468577 0.33363194341942215
0.13407797733852034 0.911130180054923
0.7558847916877158 0.4990921519302418
0.5105278756743703 0.6339357650822175
0.5658604031557564 0.8727714072088402
0.32892589740093814 0.05822053581170161
