10 3 100 2
1027 1242 837 1021 875 1251 1148 1094 1160 774
1171 1236 849 1009 1211 1151 982 1227 1079 806
814 926 1029 1006 1066 843 864 788 1153 846
1088 1232 815 1041 865 998 1155 1064 1049 887
1095 1071 1104 773 944 874 1022 787 780 820
941 1248 1002 946 904 1120 1084 1040 987 857
962 1005 893 1079 950 987 940 1228 830 779
877 870 933 1108 1104 1106 1243 908 879 1121
947 976 1035 1099 1044 950 864 882 1166 783
886 982 983 1245 850 1115 1196 1034 833 1250
2 7
8 9
8 3
0.997627049084578 0.767207170684503 0.31385588794025177 0.8030848826012422 0.3267294897809856
0.9452366696422236 0.8919263996839186 0.9389512893540051 0.49203878317710303 0.28588823014281406
0.0002024575487509228 0.5931382800362441
0.6289964558266616 0.5661204438187324
0.7324085382502945 0.5396925600642954
0.07849054465486738 0.8981905801403032
0.42180968386416806 0.09655030517569174
0.6230808377781751 0.44494411394333655
0.5163364772432115 0.09056986940716238
0.9371904005708673 0.06986613597504454
0.266166742245898 0.9564798344789418
0.08259982180040626 0.8780357656684366
0.09541263216609774 0.7662795627579233
0.17066668270142182 0.22740581910326796
0.8256279853190569 0.9509590142802742
0.4197487904273196 0.18269983751938823
0.4806796123010222 0.8837955917612033
0.07268594451573018 0.17202079952328186
0.171514393195763 0.4758173488831363
0.773744528269996 0.03280516681106582
0.0028198748797210182 0.8185029956026191
0.1474001367113955 0.0925709584506571
0.6273215439054085 0.028222346374148444
0.5740687786570526 0.3100776893332331
0.9718178786700875 0.3996234101276601
0.2161489778816026 0.4358964913818455
0.4853887969189339 0.9743158254836215
0.6516805476971606 0.12245627806078851
0.6321547785873765 0.14693609931250085
0.5128608579713858 0.6570118685913844
0.5374111107262796 0.5596404966283615
0.3539155142769992 0.7929241891804177
0.20473354331600735 0.6013652952370656
0.5960129829966563 0.8735586022073105
0.8958352890013972 0.47109267759323137
0.5698990351189299 0.860428805476815
0.8654591623147825 0.31812167069818953
0.16934325630090008 0.9651084398041028
0.8091689685313916 0.11467076299925671
0.3099794651082417 0.8017414512291783
0.44848329540926835 0.726637798152656
0.0037166908715511315 0.4587662166098374
0.0434305994702846 0.6176294852683695
0.5666106132657525 0.003675407575816081
0.4191466297406998 0.19632773640390577
0.21110106081339164 0.9488098200031625
0.3543462157947532 0.18890554993809472
0.08825658582854223 0.2791949204507056
0.19348535914933107 0.26017570443305127
0.045558868259338636 0.9433232424102092
0.38702778529902226 0.4217695462566995
0.4744866072922471 0.9832504316180513
0.5606292748462691 0.12010944278350943
0.9344058517366518 0.38810007555012027
0.3356270630180236 0.8780632930243584
0.33572702453355285 0.41458922899400186
0.9815772202719719 0.7856764407289882
0.3251890175042713 0.8966067121367818
0.9740550402432218 0.503527143537474
0.04822056853999057 0.5171105854068554
0.9610966147507685 0.3460589614584577
0.34058692736588503 0.32272894828116283
0.6371390688334653 0.008283513572481471
0.5739760390779205 0.1642465140373699
0.6925525013267162 0.11324930881225992
0.6641267734458525 0.8471490097455256
0.023508104742872238 0.8268845302671446
0.24117288048392305 0.46050012537148444
0.2768072071415246 0.23076615122981492
0.45997851462706696 0.5693224348264412
0.855141895671147 0.9736992842298355
0.3682404496026723 0.27297642694687707
0.6409523541294595 0.8215903038801857
0.6305125436692927 0.03322653532567155
0.22024528426988366 0.6886635833998613
0.7450396275609215 0.13763661342735745
0.7179041245102016 0.20233743287484152
0.280932561664164 0.8434648839979897
0.713676162066438 0.2560917670469103
0.2587917479768487 0.42756830002342094
0.8847364241827311 0.4501629958678113
0.7795650972503323 0.6668022876810376
0.21533370976111965 0.6891989343011924
0.38526427942898844 0.5871957031772985
0.12227214062973135 0.7254820383875997
0.7266088165428193 0.5027040648902141
0.5094031540321657 0.7010357091206805
0.08153359704846741 0.5848753789147787
0.8237248501389496 0.3999021255402204
0.470122222653248 0.07217979241045014
0.6726325254101311 0.6091491799290387
0.9469429474126494 0.5353872557626893
0.21045709959256098 0.4796813170289431
0.2769473591618654 0.8937994042611668
0.9897818312902213 0.9333399879787017
0.18691522684157502 0.3913420427599754
0.5475759273654675 0.7115845430907051
0.5894138638899868 0.3572307348342225
0.7642295222860498 0.5915506282300287
0.3839951120715446 0.42179823466913513
0.8416337680311266 0.27364721132491376
0.2346804104080158 0.7542940950436794
0.3851451606234033 0.9403809898163709
0.8219476408800008 0.8337803629549305
0.6418515391576156 0.030275072555827398
0.16865455402644258 0.6741069802068911
0.2189088113936417 0.5525902811943697
0.9178018014435148 0.5591822651916059
0.08501485271229647 0.3430748445484493
0.4738364312003831 0.27392423575856606
0.39152836762318244 0.2562621767614466
0.15836308532752863 0.0019208323019748175
0.37107595820647 0.5258495383096398
0.07712817701433328 0.814744593261125
0.6160673702079282 0.3097199556340866
0.3480570489552013 0.9592870624477852
0.8500689833135593 0.21938082948760118
0.7544242252339921 0.1077225047182524
0.35643743468221323 0.22519235561947748
0.2082502323567046 0.9867732870024026
0.9629084884141197 0.8287666376333569
0.1785097262427695 0.5570923820690719
0.3015757948147588 0.4614100106381174
0.9866056282029132 0.9921218488557311
0.8189194750559419 0.39233857299155495
0.9858828861249058 0.17804321430130687
0.8355847745967095 0.6429903607179737
0.046611104340319454 0.3262092448127336
0.8602391887331484 0.128759898750479
0.9399025730762689 0.7110852252643682
0.9430585897403065 0.17255667806437636
0.9736537836882615 0.11576592912031192
0.24455459353431275 0.5774373864372966
0.5945639086751311 0.20076006658954082
0.8934016735841801 0.8445077136683503
0.41907625137050086 0.3325530272820101
0.030534494604677054 0.034089565643043995
0.48616780731064857 0.5360682523810998
0.022270340482015705 0.7974368207324509
0.9251937222671722 0.8614388275181117
0.24083756015025748 0.5678649946586012
0.14702612506157298 0.3818060861419441
0.8592652679455193 0.4996817112142933
0.8561745319910312 0.7707162298855272
0.6066093120801332 0.26995354118690296
0.9664431354017695 0.22391855393076376
0.8878379234707177 0.26275599724166554
0.12311377388519618 0.48366233225897615
0.2488541967552078 0.7117587869526916
0.1679474022771108 0.8046959304704386
0.7274147642000544 0.6926686276412262
0.05232214356342779 0.3540364693781397
0.0031906673398836016 0.70067101477045
0.39584773731395484 0.059680058761424126
0.7084689062425966 0.8194434469489131
0.06506913980183349 0.18119579745314018
0.8208857647925483 0.491344198559732
0.5168501098167824 0.4092866985875876
0.47498761207886875 0.17464717029504362
0.3176417204270583 0.030623047981009455
0.5415334104690479 0.38816575375846973
0.08516009714871675 0.1575948219955925
0.2727559464102063 0.03571751575735327
0.5064278690032469 0.7706988516228013
0.06446258241844638 0.8117971493314444
0.7764248212568656 0.915128526078187
0.8835771098731675 0.8471947874575003
0.33454210350493385 0.848237292518969
0.9380879941355933 0.486378819717433
0.2844922200298525 0.7413078242489477
0.4083416401527489 0.7665278168713321
0.20056507276827396 0.8639293884443593
0.29476963604571726 0.4183239192255943
0.6887018893144525 0.37657696011596364
0.25967033170659315 0.8879311713321218
0.9151759500700631 0.67218354017971
0.4380285668978916 0.22438436997915878
0.11901840712733502 0.7151300014369795
0.9971722856537835 0.4171475070023616
0.20553508945354126 0.21754437539069627
0.6175091884530608 0.973307329708839
0.09148183888341421 0.3871932603029826
0.4520250589033068 0.42468918252009513
0.22983524737398153 0.6877839753456811
0.9127008264767258 0.1889198459309558
0.5543362326579571 0.10041702370708161
0.22488913068445404 0.10518875151382856
0.3089890927457233 0.01868939445080775
0.11913034250398424 0.49367130901259193
0.9400884936738685 0.8152680659753782
0.6843873743296998 0.8020313462614841
0.06033007122137546 0.9159186673149156
0.21855100324531906 0.4144252979394536
0.0869783845927774 0.3044902815379218
0.6680870240596761 0.7300890279321
0.9883600796975167 0.26196495324143787
0.9473688115769201 0.23351329506831298
0.17973840054832446 0.9122308835562609
0.22604875350942133 0.43917193076236827
0.8231503326969634 0.21394473770957023
0.43933415519118313 0.1843914590819966
0.4733981282560522 0.3233334340826557
