10 4 100 3
480 820 646 870 839 882 693 880 852 598
649 734 655 648 701 901 703 1023 574 629
774 579 994 767 872 1144 1017 693 995 646
637 663 867 953 945 1082 1162 790 831 954
713 759 806 934 1107 1162 1324 922 985 961
984 1105 1126 1086 1164 1441 1301 931 1075 1077
772 782 938 1342 1248 1155 1334 1196 1005 802
877 936 1017 1438 1546 1591 1191 1322 1092 942
1135 1122 1200 1520 2265 1694 1244 1039 972 996
824 828 1309 1182 1736 1220 1122 1128 813 1020
2 5
7 4
4 3
0 8
0.8649950159935218 0.7613766927470393 0.9158018198541473 0.6624105608718389 0.4324108727837751
0.8941641642702582 0.9463407296754947 0.8712258128223445 0.3811391121006573 0.4072989928838717
0.4936907723473983 0.7787093121094628 0.7363059950579869 0.4635810478101713 0.31340247970856216
0.1614667489335977 0.43637522528921746
0.3131296634083378 0.3938041298805084
0.046907746949349294 0.10385069739173591
0.22485897098543273 0.190869553045653
0.22253843088468717 0.04258723944505416
0.003176080550568061 0.6006683441670286
0.11806680864986951 0.04766281999938782
0.29074672493836573 0.9572579738278681
0.5927093306828095 0.6885417468292918
0.17910286288976862 0.34914804077723915
0.036427513001702216 0.3843050946770461
0.4857132764501755 0.44150624900279256
0.43983966652611795 0.23592084116115863
0.5799454597430915 0.1691080641847036
0.6935342976029832 0.9179227128427638
0.6037498513556698 0.5922870730763126
0.5944841937145502 0.7707228750574191
0.2772276588433449 0.9166964670704485
0.5476379909710527 0.811129193001108
0.7480848298454847 0.07040856401724516
0.6976422751972755 0.986236892644665
0.680639822391905 0.9177813805352564
0.37808427899492414 0.5581655617473824
0.8297203927124213 0.06475710112247968
0.6937137343479964 0.46233740439126403
0.5572944097304682 0.468125123111103
0.054936421554103276 0.18402616639848546
0.12412909134727057 0.6864156003925805
0.300709890960285 0.39524981975045725
0.7584621246329712 0.1898900617508017
0.7350736388626786 0.3668638813576255
0.7500650011345074 0.5040657982604952
0.6869498669180427 0.4819890005060701
0.3663805828400084 0.6519228806003783
0.916143140811017 0.8024733789029306
0.5411735768413812 0.9655689139926222
0.500321444856292 0.12709047924905215
0.35324773401536036 0.7524096385205739
0.3255107824901322 0.23591507757644914
0.5435547789028261 0.10358420230252463
0.5495330658714144 0.742037195055439
0.0393719328630624 0.24793402181991064
0.3779545774835944 0.6825291439607573
0.32040357635808325 0.9715466789771365
0.5950653423924235 0.7329451934838727
0.3714664577470297 0.14229745394127624
0.29399234268950125 0.146931237828128
0.3434590157130868 0.4944645848209217
0.8886650873547424 0.8124396227118924
0.21192926038658055 0.6831934789883949
0.00008688328395467515 0.26246757659711073
0.12534712689136351 0.3718818519116027
0.18799231666326488 0.5924293635138311
0.9197227366138299 0.266325930402155
0.5723671269924091 0.2877961814696075
0.3536637184153355 0.5289495006963016
0.3249929367237514 0.7415846347114956
0.8227253740065199 0.4373272330503901
0.8228785918518675 0.1055270709520626
0.5504630732636429 0.6220399802529084
0.2115349115435623 0.29356639544733043
0.20090569076049425 0.9154919838503919
0.10755965250248889 0.18327151291548804
0.2294415537044565 0.9211224040280901
0.2827067238111429 0.9981464744804873
0.4297414153907029 0.15930417344994585
0.3314575380802265 0.7049281967067893
0.6432039146047113 0.8462241501654004
0.35832030789426095 0.30481720017709946
0.535001343564873 0.7011831320313533
0.20942629004041313 0.9612882805110421
0.3054873344011899 0.4736901167874856
0.14427947531242724 0.009463876259362403
0.5734315201696487 0.2455520257378454
0.6138478082186989 0.4620446209619473
0.8781956659465073 0.2086256431313407
0.3858472441361336 0.5283096769347881
0.17261049871816492 0.4867738396199264
0.449673756630536 0.4775263270489263
0.024734341710082042 0.6322991489651733
0.2174211487409814 0.2524216808218398
0.8981046603751583 0.6765257333586576
0.5975473153250621 0.07777169193940003
0.011865293890807482 0.13758728792747776
0.9620192743590235 0.8427305421334816
0.3757873835287604 0.8690266239232143
0.23982716673904703 0.12436642997120284
0.6618956854473843 0.6271509671468891
0.9507973265753531 0.5993897174436815
0.8545774599903686 0.7941961616147961
0.6935378288443395 0.08161390696137971
0.44534940194333084 0.4327566223865005
0.47423238811649626 0.03946683288060826
0.4358231479756549 0.6261635993895684
0.20791105909040786 0.3051915036105295
0.4721012695848723 0.059278167092400746
0.8708446007723742 0.18961935970009258
0.5835979968762839 0.2939554545434604
0.7556860019750999 0.0989020000237224
0.9298145622376535 0.34953365640122014
0.28100623081740705 0.676362203703117
0.43193715727439996 0.315122725265343
0.907946116502832 0.9632060241893023
0.42841840011823784 0.8513515306793733
0.6616909408240335 0.5888276118484037
0.8447247227672587 0.6687409827172901
0.6392635544418592 0.1643374454390807
0.5954942436671666 0.2530908122847395
0.8762215331025653 0.41665454008586433
0.20124912580862087 0.25732469606166286
0.6534658337120527 0.4809591347946842
0.3791047288884435 0.7576079425657762
0.18997826698348552 0.23886511514248832
0.5164306134156178 0.40402315545110645
0.6459822107605517 0.49808958067000075
0.024785840961226935 0.10522901802622364
0.0011526265831425242 0.6783894590628707
0.5918449471912737 0.4616234382823896
0.567045156349272 0.4796347053507106
0.5802305616285606 0.6498464229467402
0.7378534218196893 0.3673196150759539
0.05328227917856454 0.206625543206731
0.7660522239051395 0.5542016582550067
0.11783083937573169 0.7189650866679349
0.6436006829367695 0.43157025257831605
0.7913163806856471 0.9687195650665033
0.690365450733015 0.022088005778230446
0.22878796096486398 0.7537489101352619
0.7243198087367637 0.5456951504652294
0.6181562577755788 0.21051409197726945
0.45954707439348863 0.7229396140229523
0.28157271895769065 0.5342219132060984
0.8690104468031039 0.884270738593381
0.9893911885127087 0.8623348409253142
0.27884930228291127 0.6915541894622743
0.5437188201349936 0.587600621766307
0.19513253487140925 0.88026986161273
0.47296403690655064 0.14026004885120247
0.02722090520922249 0.855893385210202
0.4805032383378358 0.777623468102651
0.43049319053431323 0.976706376706983
0.2447333489251604 0.07506949896198933
0.06480491427434609 0.3477018992961636
0.20730744515895028 0.22659397138207527
0.755676156957527 0.8813490894197611
0.5251801401472707 0.5437223074570801
0.8182661297130887 0.26181110672345054
0.3721388106072361 0.3855397759945933
0.03332865718797362 0.8543141776645113
0.6982708968533522 0.30924681780079033
0.6759677726944353 0.4386317216767701
0.47672953371645055 0.30544616663335344
0.4500396076513786 0.6941466374097591
0.9706222374569997 0.5900835344333448
0.2932305656311929 0.1419037216609511
0.009569366652973033 0.7374569295643276
0.01545140557697211 0.446439598263874
0.6125013823945986 0.6562650673774391
0.9417386512021577 0.1410752511940796
0.48535300734624975 0.3018837031702599
0.6507040519227647 0.7678462183416632
0.3952216852629937 0.5108161291635718
0.7952720759272223 0.10798720640515391
0.9355522891501826 0.9084818662966145
0.8402051435755706 0.8217023491572031
0.05391543197583526 0.928636247998873
0.5619198003087227 0.6421216712395643
0.7735779537791523 0.09440056888356163
0.3882506175303877 0.15574820169963188
0.7746274758797296 0.5200926170385511
0.30810747673059247 0.4575650006636538
0.11163219675108338 0.26409207600872997
0.47047448169782635 0.8342635768200988
0.9442282759008109 0.6031672171352296
0.5231901116893003 0.586656956877345
0.8622494164466445 0.8531647840196692
0.3061501262785882 0.08421569583040744
0.8889284284810346 0.1633724466802191
0.964474795493987 0.27412955408600337
0.2524854587614602 0.8858136502563694
0.2486764131196748 0.3605317845844924
0.8148950578660998 0.567446668826252
0.35144110977080123 0.5659491153620329
0.7280912952384209 0.6903304074710528
0.05200646947693577 0.47199628235582214
0.595278346645213 0.833388880529351
0.8443751509523243 0.9465493429390208
0.0955763882498677 0.11865873883881628
0.5116196712151253 0.07066962896890927
0.6907523686223183 0.8863607083581075
0.1643629328313605 0.7787561055607497
0.6511165294621748 0.13641579032412432
0.35107863171404974 0.9236228932993158
0.3665995962173554 0.7579138023433589
0.3697768890048285 0.9446433046621516
0.714870935119803 0.342821219311058
0.9292377637800477 0.703550206156655
0.7219400937301399 0.44776743221550896
0.7516195942007653 0.5288930931704319
0.5502647689158744 0.7763359740256557
0.20455729833364122 0.8682764821857336
0.6852892820386947 0.8554726210653132
0.03418366628179936 0.5935378705145231
0.6047192368568239 0.18729591324472294
0.33249869340322413 0.5788722624228302
0.27404068579889107 0.10321387419140837
0.7095314511336579 0.5758866134251692
0.5418287273683524 0.6057832286415465
0.6561139462889589 0.05796195547973704
0.7659890462641559 0.3831970332217065
0.9930724931139407 0.49579357607654373
0.31310437614035935 0.9186425177261983
0.6228461308748976 0.42982704100437963
0.10806002375885138 0.43797890141278684
0.2970374624075185 0.9490556559043524
0.8425600385698955 0.2769979346194227
0.40227378433387795 0.45907931025539805
0.8246050708289017 0.9041590964940713
0.1088419037922379 0.5309766723512115
0.5520751027907811 0.08829255353245946
0.5491154636757203 0.06344623548420314
0.5730696311888213 0.11939229185429201
0.9478991684157307 0.4949873242456273
0.1896328959761986 0.1297179932707373
0.015351181774467593 0.016714392534935785
0.6556495113350636 0.6618430142397387
0.37693739067503995 0.6129882320079574
0.4036562345913077 0.5075728344571311
0.6283926615954794 0.2562830432491543
0.30302569733768614 0.682460466153644
0.947733637160731 0.539232331313257
0.5643964879200578 0.005125240659959562
0.8382342047051137 0.3469796649649155
0.7891504511422165 0.46428850608184824
0.5105077900954882 0.8413344973388344
0.28492266579361436 0.4395017432785133
0.8266468913184373 0.93462251613518
0.2993487409709865 0.15286447462412034
0.49405531317113605 0.8547223488486486
0.31210329356311783 0.1086664492850169
0.3514167781249724 0.9501466917197683
0.7497624549687432 0.4994399685032427
0.9437331400086542 0.8690517570254157
0.8205760467490446 0.10472347041777219
0.5294662987380334 0.48015739034854854
0.6510087883107498 0.10892534500221007
0.3152563788883931 0.6139574112896404
0.3846532326001304 0.882981188266641
0.2282475649507083 0.9653113597661813
0.5263645692546 0.5193559473510014
0.398202706697419 0.7257405701749502
0.5289204053010503 0.9148307857771505
0.2925913078613567 0.36827520901183286
0.7534848905740299 0.35559923185188835
0.04990595272012821 0.46929257554926096
0.492633609611143 0.4895122240870715
0.40939826882413954 0.07843419221379766
0.4186747202142884 0.5990102480554313
0.7578784932263913 0.9853982563724362
0.9170153728812818 0.3432713804033807
0.711089478955161 0.5627067343074363
0.5682650472915096 0.11835671399658643
0.22311486782734535 0.7716465792504197
0.4856336636712353 0.7392831511501627
0.08878732619209817 0.6701370328686265
0.17968168981684207 0.8203513782807679
0.48959864673331577 0.5009846352428153
0.14335257035244364 0.42498335578518764
0.4832023242461845 0.6927767567793257
0.7163809453473855 0.4330941170945297
0.8028126342753381 0.5068737597151411
0.6763398635195768 0.4095829884723139
0.8239377277874969 0.2424534042516091
0.11552335565509497 0.3644036852808523
0.03406595611386232 0.23915541248798977
0.24728351928380876 0.01935359147692961
0.39910090929334463 0.079705522421196
0.6913949942178177 0.5657379215871541
0.20014549587641128 0.34164296945096395
0.7662968014508369 0.3692916441203067
0.16952996138147403 0.9088592532235011
0.8264426691824824 0.6634010412106475
0.6633873203093636 0.59363143017626
0.30846871733440184 0.7076138310059603
0.49141752642049163 0.9042231634800801
0.27795204618203684 0.03613775960083743
0.8255980675406458 0.6612365467609749
0.8858311542615016 0.7520877619535131
0.5055265373948015 0.9207215817199725
0.7980537346360481 0.3245234724657864
0.5345209761251986 0.7930354947793614
0.9580459286245888 0.655386760797797
0.5549061199800123 0.8347750256028326
0.5940557713156362 0.4701495117040282
0.4168938163674283 0.45560498289919127
0.11651369373063192 0.9094542385159208
0.24399463141813693 0.22763506534378553
0.5451295100837239 0.13768766582621472
0.4474382472059941 0.05569288446604759
0.03153254681539375 0.6577778755813926
