10 3 100 3
1132 1324 1255 1361 1171 1035 1074 1020 934 593
1170 1175 1352 1401 1042 939 823 785 834 784
1218 1230 1331 1076 1093 1190 1009 843 883 889
864 898 1233 1113 940 959 896 944 846 755
778 843 851 828 848 1007 915 924 981 931
900 915 1016 825 1014 1003 945 905 1043 1164
888 778 663 850 901 954 1208 1256 1605 1232
674 875 735 803 918 1041 1346 1341 2106 1321
677 635 825 811 909 996 1088 1208 1570 1101
671 816 653 711 799 720 1076 946 1245 998
5 8
2 4
3 9
0.49166348031292645 0.8230805325114954 0.42895131225046734 0.7494332673433874 0.4547065180465334
0.9139947555321224 0.6489516283480159 0.5829405702076627 0.8685734265711798 0.1453541252838546
0.5664062180688221 0.891987112194339
0.829122947735117 0.03689933999461936
0.9608700217711652 0.5310137933453609
0.4121605358108187 0.27584153828446434
0.606015888405417 0.7304355407850409
0.7245760258565346 0.9264602961795645
0.757716018613132 0.3573013024539038
0.7870675048439824 0.2803652978975577
0.17310107034032796 0.14218125175748697
0.719584618067117 0.4800575426293867
0.7931975848546657 0.7606711633852217
0.4208443342808461 0.5401706604228882
0.37533591190030147 0.7721925695044174
0.6133766245954235 0.4281678367824542
0.932897100210279 0.7417220596729994
0.5289075628296451 0.8734126709663943
0.2930182098492957 0.2926065983561139
0.5113602102442742 0.061020794202552464
0.3610007110750051 0.17423181374476093
0.5452702191955696 0.9813372859215024
0.11207957794216505 0.8917427647417477
0.5269887878020918 0.0235869168245475
0.07631436202074116 0.385558193729854
0.025933140004656074 0.5562251419028241
0.6572820251396558 0.01474966568740288
0.6433955439034074 0.4815459883661044
0.7064477874321229 0.2658217464139141
0.5712789324124097 0.15221973744114048
0.330839623092108 0.42969634759044006
0.31682625770022654 0.45203293256908217
0.4657333021151593 0.08811947406599385
0.635105428955286 0.8890246492070759
0.1024325282848868 0.667911326099897
0.12182085079586713 0.7832457106446584
0.07311159088910002 0.18273490030265216
0.08198591208417882 0.31506724510555806
0.6238238995454795 0.27267955184531245
0.1992414749170277 0.09653094489669511
0.5867641026087 0.19281666586273372
0.9206684992080363 0.7115037350313134
0.7781418094587991 0.0034806207488295993
0.13578712501793788 0.36335955265923126
0.2730822993101505 0.011473231013735541
0.4069532046833697 0.1434715709050205
0.44661136048461225 0.20227940297173785
0.10663856108698333 0.029560853510129048
0.4069414625570169 0.4554871855251068
0.5965576259652696 0.8287679828669696
0.2539433294691933 0.4943264157758902
0.4885896949003399 0.427976106244494
0.1043671474007164 0.14204622398263278
0.9226974362934317 0.9468429580089404
0.639936396675439 0.8454716833292084
0.709953921770285 0.08731468961180577
0.5795163629712898 0.9342954140633295
0.29910103981191294 0.7258133241407476
0.3781984488722814 0.6816837414152699
0.22382067218540103 0.3933071909461452
0.0335018693642839 0.12933913543297249
0.6873433217582714 0.03978758728313436
0.20585080372559994 0.6448049503263957
0.2964704530824931 0.27320623354868045
0.832462466906319 0.7938185167578402
0.11496305200468693 0.19146064397811968
0.8116300973501784 0.052008884402179545
0.7124461630789112 0.860175142449247
0.6573984725181548 0.13234235906361547
0.024227901534225715 0.618965564775732
0.1946860123459635 0.8989029148657321
0.055333017683826924 0.7724073713386057
0.23932318034184386 0.2146988028749801
0.8939024772236248 0.9007450606381611
0.17687927123084424 0.45248467321313557
0.2581998415973028 0.5769762074880405
0.3064431874406759 0.8447537592166143
0.9286167985066058 0.7768647204120565
0.6836813768541856 0.44074883003419774
0.5424452038080472 0.6051413723970489
0.5783556597092847 0.44281327297990414
0.029256120487175963 0.33424928339695525
0.14614607228388588 0.35279809764715253
0.32360983990387737 0.4962846179562521
0.7373408416327301 0.01254492212235725
0.7761967932084441 0.10802256939089516
0.7368040997028042 0.5841725013109456
0.8121127646199369 0.488356732788473
0.530648229371748 0.8859642996112056
0.9724056525419604 0.20549616346013755
0.2755235129692668 0.36665222674187636
0.17419740455301902 0.5691320449169099
0.1550051990065353 0.2669392054200781
0.2833485912966218 0.2140421830875625
0.8268717365138172 0.09618955660889594
0.4285163183384324 0.44104536353787394
0.9855652018826069 0.40664884027638926
0.8523732349963069 0.3503953202301715
0.22857903774634858 0.9341603880938141
0.5204190130193298 0.9127604655634081
0.3888142663124601 0.9747879428612019
0.697875615717171 0.46688640995576614
0.8067906748453 0.3662834906329986
0.15341302288065117 0.8263290297580477
0.3763527425772224 0.21756284443403184
0.11298040309181667 0.7526856450077135
0.6681854530984477 0.4510042010222479
0.08265131153663896 0.4262632966560562
0.4200565618168901 0.1399273007251458
0.42221027953537105 0.5633896652068693
0.2080063875192284 0.7927805803850547
0.14200475394809642 0.017023327043074632
0.25877355759319154 0.13926563610265807
0.5213350579602722 0.1415021724016663
0.17467955135840052 0.00782348106301689
0.8882120896105072 0.7913313269431608
0.029558924711327705 0.027738172861750954
0.462801180576375 0.711329888156442
0.6322369381180808 0.43003933665585725
0.3925204450061821 0.8061402652539211
0.11857709157009255 0.8397388657525331
0.8608559390125456 0.08381441246225041
0.9758581652139691 0.7280912120152472
0.7341883669605116 0.6737901503246841
0.5728738309949983 0.7968092921599843
0.3962339526367724 0.724552288305512
0.27449719575074294 0.8988535640581936
0.518358944166988 0.1503685462287243
0.9740076964765607 0.8294373251815654
0.9605438866750331 0.26060899548672123
0.6147184955702512 0.7141448340330614
0.9913439082784785 0.17291253431228748
0.23687436352480495 0.8472372342291128
0.34192171949863903 0.8825717962127972
0.5858034050501439 0.8504153716327221
0.5014512707575174 0.558324925258354
0.3048988896524536 0.45624916937525506
0.5026694554522386 0.17983910120651414
0.6118239338905749 0.041430774957339045
0.7757116463907612 0.3498685925220304
0.35281022266347706 0.791320422193893
0.9458582203123536 0.3342330969473213
0.9768388694414338 0.8907002244372428
0.3217111571990472 0.5084947398013557
0.8655868288178483 0.21155674153643322
0.03817447688703579 0.14711411223817872
0.2172598923351523 0.2894038517373665
0.9888086561608249 0.8253445801867016
0.9558952948277826 0.5860823922006084
0.1880991469203881 0.21563879280644205
0.5132375127360662 0.5017228181347091
0.4241799739413663 0.7023806097966221
0.8898332520698786 0.5498928298243964
0.549278147075718 0.3463440330746441
0.7393510452701777 0.8008024575120245
0.9008124950708589 0.3232698302256003
0.37288925981683674 0.5306613798423656
0.6447809375377431 0.1207109311329071
0.5058267136621428 0.8475066201097357
0.9578739409000636 0.9786842973105576
0.9280040627586172 0.1077364124898359
0.6901573818255677 0.48459240688099103
0.040333094964630334 0.5054238385097978
0.21885939885896533 0.06233652715770277
0.5845559982674513 0.853498959803823
0.7299057373952869 0.49096664559832925
0.06359814079251835 0.9247365386297977
0.7801667564779526 0.17446010488051567
0.4297033857463741 0.1299388113282618
0.22280117500112606 0.8481073876448995
0.6540782279593869 0.3069265861903909
0.635072397323464 0.16047682251825535
0.23088613566066774 0.6449478329991156
0.9130830799729435 0.23296104828469977
0.12407304638886885 0.8813773612153291
0.33092405227426047 0.8393707145522669
0.8340792035239748 0.964565679325853
0.2862953748937258 0.05681418306101316
0.8760994009717753 0.5475534403363229
0.18758239719451897 0.21437759979080195
0.847299922930929 0.36065319673917706
0.25600828005457066 0.7726250122240126
0.523325093166153 0.12411076227169837
0.054449003594817746 0.5025339039316554
0.4931044809074896 0.9345567321397761
0.33933602631865245 0.37265728429571654
0.48196006877160547 0.06124376515487895
0.5700942335735271 0.574643437822868
0.07219320704477483 0.401071285241845
0.3417811824564214 0.8433069393980335
0.49497468811104905 0.39460706950502145
0.09558972097539642 0.756756668566072
0.1781487904287471 0.04187504263731823
0.8802276750194888 0.4115790798296377
0.5477884178826165 0.5388074883701213
0.1496603171243076 0.726670484822536
0.8274226365869328 0.5631222186995677
0.7322847243166715 0.2503602036668482
0.5524827503189083 0.4702163381501614
0.18869585462105132 0.6518678450082449
0.9414586641244951 0.241201621560432
0.18703372767811133 0.6365944184034116
