10 3 100 4
972 634 682 1085 1052 1018 781 946 997 905
938 773 916 830 1066 1108 957 756 688 980
674 985 797 933 951 1060 963 905 967 847
1061 957 769 1055 964 1137 1124 1185 1186 911
1000 1192 835 1201 1121 1501 1414 1250 897 1118
1172 1107 1041 1157 1541 1484 1419 1380 1176 1190
847 1005 987 937 1281 1191 1201 1013 930 972
1022 769 796 1220 942 1311 1309 1186 934 980
834 783 952 978 855 1091 902 860 890 799
717 877 823 780 822 1113 1174 845 678 683
5 5
1 8
4 2
0.448961096504366 0.4636297757149163 0.9508507570263449 0.8557877473775608 0.4262984112243654
0.710849095539164 0.6921774795670588 0.8101926669923432 0.3940491419087249 0.1586763002947209
0.10627047768957221 0.8401373736034243
0.32394226152963146 0.9308754383020237
0.5539614736014336 0.4233379428285824
0.7011295099671744 0.7142904656465807
0.19425794461547663 0.8633045176810215
0.5773096474142325 0.12255137249765613
0.5955970828750066 0.6581287630985531
0.10302467855204722 0.38355722786075463
0.4956403984544695 0.09699279392682247
0.15611730590030248 0.6293482652804514
0.1549144213202649 0.3724680632960118
0.3173488300782734 0.9932783996826202
0.16584069286220715 0.1618440317006853
0.443187524964324 0.6624753195498394
0.3345067401086421 0.6018834470122025
0.04243132390022608 0.039722028821966404
0.5230725008252173 0.7083746061242671
0.3485377470412969 0.06485552666538608
0.21576176770014266 0.9922612089811127
0.1934319800775719 0.5928420949490336
0.7557773986435374 0.46850741474704627
0.24567407964033583 0.7052277951160437
0.2771243137694541 0.055911147707203845
0.29177616806647455 0.5683629457616401
0.5714567968018309 0.69033953022738
0.35453816165264507 0.12938430121947597
0.07587996508164085 0.23826298652504008
0.9986974855747752 0.34799895789081403
0.2498101388018863 0.0976657234302396
0.10833001538900255 0.9209422608372777
0.17880344070313736 0.8701880245638265
0.18530937830381378 0.8615067790377107
0.39360039231673083 0.23766491554160663
0.9082815927187302 0.7969483113089697
0.21805780827824717 0.5260235134101843
0.43127246916662476 0.1849499866188975
0.8875308282139782 0.8454710932930436
0.5454144797852125 0.06596190688377424
0.7410452166940282 0.13901817773492087
0.10554375373112146 0.7705831831436389
0.3253769398281121 0.7402920033230895
0.02829105688179312 0.5529643273945419
0.47162743584618916 0.6485760433331722
0.9777788555694518 0.36299342137534296
0.29435589713366994 0.542759296416693
0.7341183270851959 0.09761752186089745
0.894855522788707 0.4426114497897209
0.9713962552061575 0.20820141968235695
0.7149005094648291 0.6908665969807564
0.8345787923236403 0.7378287572302733
0.03309494673521196 0.3924617131605803
0.9373893284509991 0.6403100481096611
0.10890780654440557 0.31653591032086914
0.2169576544997074 0.8145689660013884
0.625076848621033 0.48323176850868443
0.47258254111377984 0.8213647130001598
0.8288015909503097 0.2485887997362457
0.5506327118637662 0.20102238555676055
0.46867411513584245 0.46483585891193036
0.24784256658468062 0.011893966712371196
0.15113133969698533 0.2791427530604973
0.12403290625991858 0.3232275627720642
0.6561322369544869 0.007248076837691242
0.9928289643469259 0.7462918659087598
0.33472229952073285 0.3598583003612903
0.20630117820608063 0.42326805792773947
0.32321624756236056 0.2075642027602833
0.9460955617851692 0.9649832908641476
0.9414657544631173 0.9387278440356353
0.7317931595583524 0.7563956907062106
0.8974615743956391 0.36207151551699224
0.28994745750817064 0.7902424934116659
0.07607750191251417 0.553520773463843
0.269695693096506 0.2190496729594622
0.6795431892609711 0.804845735698732
0.1759036712251989 0.1416999640570209
0.5138642954696466 0.47618080327288737
0.31179025787451753 0.7837347550696487
0.6988972723399194 0.5056142359948554
0.0802628575351545 0.9645297297905107
0.7216485113659201 0.6775520324784348
0.9172791031302869 0.7416666474674072
0.34741540999532083 0.5209310009208066
0.949679104272394 0.20396935388247495
0.7230239675009502 0.5324590377695595
0.30066386765815456 0.1976926190684094
0.38676158750212575 0.08673648341120521
0.8222795802535172 0.43281430228480966
0.008175585012629938 0.7866349766715077
0.48254559006638553 0.11012365016792325
0.5652050165833133 0.40438265554490394
0.19941632437211854 0.9296130968302976
0.7168984143040256 0.14547451203726602
0.24817111773131018 0.25945028478002374
0.6154499508061717 0.28174736353026386
0.06377584138063885 0.4478644663956155
0.6394348642675765 0.44989348189229084
0.9670624955474696 0.2753551353208512
0.6435451630616629 0.5209905241586978
0.5992169673772503 0.8086418671078179
0.6448017154600432 0.0782957633850041
0.7260988639865555 0.8481184442462335
0.3527694018977643 0.9187467240159171
0.5043824118200795 0.13104304998493488
0.8239518634820382 0.2010050416169824
0.9461504231676248 0.7359873588505066
0.8302304560622646 0.8526020149587186
0.4587241694043549 0.6540319006786477
0.14578924570822172 0.09331394962441975
0.08019923318450828 0.6727196987421376
0.4178297573168994 0.09184036023822606
0.9643053297583051 0.49419676638458854
0.5594927125452462 0.10563977415081638
0.6793678117090025 0.5318681021821359
0.06923844957619063 0.29654930282105463
0.6877144052277508 0.670162638914404
0.019346172374543613 0.22458090860191904
0.8881628641593087 0.06877250576464489
0.7747238273441379 0.9188102968768599
0.27499296513542726 0.5447562308419336
0.2097668767772436 0.1600857938701521
0.5440757639013152 0.47765044515784916
0.27333915290313926 0.1396139409460735
0.6255651725059912 0.5344818001728331
0.6012568891345647 0.48294300802666235
0.9414980276160889 0.7644344107013297
0.9898977879964093 0.875525048079494
0.1591797252188587 0.0437001283409828
0.5093796113381805 0.06296474725101153
0.33249668004252175 0.6240185158349791
0.6161978610389576 0.33263739881342236
0.9892940837444115 0.5175572638647625
0.9350117774259354 0.5729228825362387
0.9857562451912196 0.13379181443408505
0.4103505667213969 0.7002487819566363
0.5642993666953375 0.7983516827527759
0.08468153419402902 0.39745646893637954
0.637843413990987 0.5927073498505617
0.7966341218630237 0.8758330772447962
0.9953145410502784 0.9084134889704341
0.7231956572549598 0.3914823667985421
0.7706972360680002 0.3420473532049022
0.19959757306522907 0.896197515315883
0.2667613718441253 0.5200272780949544
0.7968441340364747 0.09926875709971994
0.2755800783229443 0.9797837122727173
0.5430775600795474 0.7742229025008993
0.4649534365322556 0.6008390873287277
0.0029056932610400654 0.40475510068048304
0.22591072894653186 0.4542515914604657
0.060015387388567154 0.4003672060977559
0.03516164369375985 0.25454690958830084
0.13224890060819416 0.10917607198950319
0.8098817531046543 0.7459491936521405
0.539465202101685 0.7205517993961543
0.08814596594287294 0.45453792190000986
0.11093459703555197 0.667963431151541
0.2703209304926082 0.6860600002835977
0.11581381159662407 0.8126269066763177
0.1995423721992624 0.8560392680908349
0.2369880109761382 0.5668787044998573
0.856389344645812 0.0553556534335895
0.39923388197154375 0.4392203897963576
0.8064309508453527 0.4903752171962015
0.8021047083785189 0.6559023585311166
0.5804777015002776 0.817840402353184
0.8431943115095502 0.47315736390505503
0.254124061259529 0.0287638814910971
0.641500361953856 0.43331738024293665
0.6131399789493068 0.6724271381925413
0.5825082947963518 0.825658088328852
0.5563410946583414 0.3436008781653934
0.5715241189359739 0.3616477690708033
0.8692220854677535 0.5315084898051805
0.3976745505414909 0.5196738723207976
0.3127179665011093 0.0819160180064249
0.6870069530594516 0.5450545854859106
0.7509733278665625 0.4107402070074557
0.7770633477999769 0.8889063839911728
0.6917197744543879 0.12244725851754268
0.006534277897298546 0.09416620591040714
0.4195865165366037 0.7708027849121732
0.03652144605939722 0.4537405491277251
0.1881899904228399 0.23379615470277493
0.9980866898736072 0.3371435096722444
0.792607056456673 0.36098632886677495
0.7716722495882644 0.4750930320325091
0.3985131910808575 0.030780153014155154
0.24570189729347547 0.13491456679304115
0.751718507860542 0.163469395834537
0.9076409943987138 0.011349045382770484
0.40614580972472347 0.8430320996130809
0.5888734497342278 0.8852449219743093
0.3199254521594346 0.4330437599597885
0.8409102920786691 0.8275985334980445
0.5739152516798631 0.35618262893467123
0.8143048794578382 0.5242002081613502
0.12689346917732802 0.38199947594890915
0.49447410756407284 0.6580525861112696
0.6613141395114419 0.9393813506771216
