10 3 100 2
837 939 1043 931 1003 1059 1067 1046 1010 912
895 997 1112 1215 1092 1131 1139 1134 1065 1010
900 1033 1145 1266 1328 1203 1200 1177 1121 1046
928 1040 1168 1286 1379 1197 1237 1222 1137 1047
927 1033 1159 1258 1350 1198 1218 1190 1143 1040
897 1008 1115 1214 1280 1135 1168 1120 1084 1002
852 936 1057 1130 1201 1029 1068 1033 1006 926
794 897 950 1033 905 942 957 938 900 811
747 804 880 743 792 830 836 824 784 742
474 537 586 648 691 716 724 706 687 648
1 9
3 0
6 0
0.5076350322425776 0.547206893485197 0.6516972970143768 0.9325885482930638 0.34985057589969126
0.5766137007960551 0.6550695012598882 0.8229348058599708 0.7586807761904915 0.38336626236873517
0.9610712678453692 0.5286861157045166
0.2483514870953616 0.14635692636743203
0.16418690760394328 0.7527613966407747
0.21116307319699557 0.13754976174817535
0.7396926263942802 0.37329154448911694
0.2250547112551302 0.945768387834871
0.262735738197331 0.10264233122082889
0.4401845157515305 0.2673889172916146
0.48563477464930793 0.01288621564103165
0.5032405438080969 0.6149024464092376
0.6481842462845175 0.3505670353478809
0.806663685866134 0.9270164792606681
0.9477000178585342 0.9203238522839676
0.9030730815572063 0.5239878040936465
0.494090578899377 0.4883509751180204
0.8603483432191252 0.6067339814710213
0.870823909209848 0.7210235014523845
0.0721139167894167 0.6887159727463288
0.819313921648843 0.06339512993435648
0.2861547153112822 0.5311368228309772
0.010570481319140956 0.7460891918439236
0.8255460604331275 0.972046862531246
0.0022483987863370913 0.39594126524606943
0.128768803714151 0.22477861791667553
0.6320706353374492 0.052600155876539656
0.7815686169738087 0.11549315403803817
0.27815512169304246 0.1087768328483516
0.5004565461032724 0.8100770883542505
0.21517869401224443 0.7204137511096744
0.24581899719961897 0.8828095790085029
0.4743812561421781 0.09320543452219399
0.04307459027270366 0.027047005041856975
0.7508319844143521 0.8564347306103952
0.9544669465053015 0.5396898766793916
0.9839593796543735 0.07468299933200617
0.4481520868264326 0.5293216358987034
0.6993836873827692 0.06334954787024727
0.33436934113822225 0.2748013098325446
0.9324736070822286 0.7511646299818637
0.9187744195976406 0.6081267380270914
0.3823197894906274 0.44467137550292324
0.13011366570940286 0.3540900257365145
0.314523376770387 0.059606769901145995
0.5978783959814136 0.6847474462510004
0.8223426590430065 0.9584327249271931
0.24578375645290262 0.3926227320281592
0.883681758391162 0.8858711347161803
0.2019298003010357 0.5840718290655538
0.8197393809120515 0.7117587383482529
0.657150284740591 0.00898045290466798
0.4605422022056167 0.5855960244793461
0.15889743730129724 0.9504175338741259
0.8081278273863861 0.1061559137475454
0.44736731139294283 0.7688276194892494
0.5771432752838181 0.5937509356132187
0.16622704594391235 0.031279581388877986
0.5580000061340471 0.9023659538681701
0.26019670952921214 0.31336769404539666
0.33146079768294334 0.29225943317557346
0.5358901802986473 0.0016276069283134298
0.016517241421424744 0.6741555023667163
0.6614188232635767 0.8553920613918959
0.8248051283095263 0.08840549853690227
0.25975225299315263 0.4835859375792062
0.4994958087999033 0.49107144095495103
0.8208704829498101 0.5297913084243571
0.45731529885889244 0.8261316980560214
0.2722442128044631 0.04292782449791677
0.43033176607702295 0.5979697639120665
0.6332102746275798 0.1308072489285632
0.11956377673004237 0.8182600540238523
0.1703212124390434 0.3281318535620379
0.9088672842955807 0.3345438474276794
0.19072845228973923 0.35773131419755555
0.9058067132478933 0.7643401476397915
0.8707649881838702 0.5876226173865762
0.612480462866904 0.47243920328406896
0.604912419859702 0.36569546081899773
0.5743276850282846 0.8069445444346752
0.05710264781509777 0.9299904173357789
0.7506233698955043 0.6757167457644038
0.7072375818149694 0.031995214564387586
0.7170210169710434 0.4419816462067896
0.7479203607813076 0.07996474265001052
0.5026883055397076 0.6500947219395996
0.9512860803616496 0.6713123285427831
0.8285202525139106 0.4279593033858451
0.7226155995765862 0.19561640324787177
0.019735052000152242 0.9749482194701418
0.36687924256344195 0.9470392574255806
0.704220904775257 0.2316016246533814
0.19095680179947672 0.6586824603907901
0.5191151251293664 0.7144773258144157
0.8545668084617182 0.010751757571730858
0.9122004985325742 0.09175974701743472
0.8152041681452729 0.9367096499752712
0.16595633748155336 0.19529210954313903
0.6393643027510882 0.9864586633534134
0.4221684551568261 0.5552521652358056
0.5404430652972285 0.7896755055058104
0.7005212963965126 0.6880132572096409
0.815950217021219 0.9685851062092838
0.9384421579789932 0.08476113065447333
0.09550312064757849 0.8401358985235365
0.06235949233708182 0.9596789291164682
0.9390980520203522 0.7859036075243893
0.8176151114203374 0.8345232583952349
0.9263372635605491 0.14569802603386406
0.2756635303138337 0.923533011139025
0.4101595056510545 0.3509775161625859
0.010356907915117786 0.6004319375014882
0.7761764643349554 0.023522319375572698
0.6807685378401314 0.39338027036785084
0.43697224805531887 0.4183865414841006
0.12041825495732117 0.3485077603279587
0.8536788354920386 0.5216251832024512
0.13547034816065895 0.9457528070594856
0.7733388705154614 0.13865189500478659
0.03188597464080867 0.6448998432035857
0.8938058553008659 0.4747572938003424
0.4372604518660712 0.9338659122799315
0.9474067115073659 0.623134741909718
0.812477622906258 0.8967503733979996
0.23820546032394896 0.6757520011249407
0.7341929813205297 0.377344703752986
0.6904072502558805 0.05567705435273984
0.7724321090975663 0.6132123261250981
0.3349768594019553 0.5080449208307616
0.3988262599039003 0.8836297501988439
0.8394670670821895 0.18865980026377493
0.03256155303100905 0.8074500072230353
0.45328584380078896 0.7104994824959401
0.32951110170617026 0.22629112365263504
0.05412181067019706 0.7979749408484451
0.20190624336868934 0.10392911570549845
0.5930459661944052 0.5022615835045663
0.06729951979367477 0.32000334556707766
0.4757246176234131 0.6118719290255927
0.1554914298881238 0.9425765932047199
0.4715581373210671 0.555133103495236
0.5318344758668658 0.5762196842688239
0.5475171168866819 0.4996643442231463
0.9219208759801161 0.721712460626406
0.7729023178134378 0.2549085935388613
0.5732013995330341 0.35544175154137836
0.5075263037875952 0.7092771724371134
0.6014034831296797 0.42800765512333117
0.1422377439468676 0.7650096674370896
0.40582842447505607 0.11273771560234591
0.5511216114813446 0.653500300252359
0.368863769962007 0.06627112882247777
0.02916095913386929 0.7009651007044368
0.3212863458687043 0.8501974572466939
0.0387110759192173 0.8771335899800106
0.46418597728314337 0.36337770112604884
0.8553674830091178 0.6806931793247633
0.09944325478856264 0.7794060219465295
0.6716583375787901 0.9128896340339128
0.46923670739682266 0.030947078628033475
0.9596408109583576 0.9484041432855923
0.022241869413175186 0.3722390994002469
0.9718460459840621 0.7383574458556104
0.051410195888732746 0.727974579092165
0.33077221814682334 0.42518776024403127
0.8975187066432944 0.8512469680865182
0.9744404452220377 0.6253008502662847
0.954998842933761 0.21829821871143973
0.3274044884845597 0.8454228373125714
0.9511628734495565 0.9165636924231237
0.19573098944750456 0.4397994366584239
0.3746605512837913 0.9962225804555818
0.009451110061045931 0.44840755049834824
0.3798791669813619 0.19352169272040243
0.20311605257071874 0.0306590365545949
0.23408671774558032 0.1319205727269095
0.8516020334919654 0.6739771970867456
0.635895549205931 0.0731087121851659
0.7038760715459729 0.7887473633803275
0.7650679879829503 0.27189365309752
0.6539643057010938 0.3167579090915438
0.40850561899352344 0.014019337382523478
0.6347865484377133 0.415120398824826
0.2332611328038665 0.7252048399092417
0.9094410134327411 0.02803851718697481
0.12402309987551208 0.5099484033671509
0.9855058133782353 0.4706466345212992
0.7761549386825934 0.05118041735408485
0.5579132571953103 0.7320505989514472
0.3658713585710749 0.4807159269838346
0.6003935170052221 0.38886467518672885
0.1914473934584402 0.130653456347944
0.905636326930991 0.2738491442152877
0.5317435041436547 0.8459556214265123
0.12088983013359877 0.7040810471593624
0.6257182303413826 0.729427326284122
0.8310056209427725 0.1959357781211648
0.5346194870579883 0.050114827002667006
0.9229896453334159 0.36381640285840744
0.19530683754223088 0.2744177090849267
0.884231682400439 0.8349722945631859
