10 8 100 1
943 969 1018 964 989 936 1072 1074 1078 1066
1067 934 967 1066 1034 905 1045 961 1040 945
1061 1015 1051 1049 992 1055 1029 1041 966 1032
1027 1022 944 1031 1010 1029 1067 995 959 1001
947 958 954 919 1076 965 1055 988 1067 922
928 1016 1066 964 1064 957 995 1051 1041 932
971 916 1012 914 989 1014 1018 945 1018 956
1011 911 1062 908 1053 1058 1029 904 940 993
1034 975 1075 1022 1028 1046 987 1027 1076 948
1061 910 1069 1027 920 925 950 1058 977 949
7 1
6 3
3 5
4 1
4 9
3 2
4 8
1 1
0.30808257855043425 0.7602092864595495 0.4934334400007811 0.40035550885298254 0.4641742154880276
0.4733090870670168 0.7458961883506905 0.9165025898345838 0.9612803233735279 0.3386287001662822
0.530345194751122 0.47462818545308627 0.8859298467398573 0.5922089856672378 0.29711917167103574
0.6071856235528409 0.35130606354235 0.5423677076117771 0.42066554840303866 0.4672562142776565
0.41393923592652027 0.3309164753391045 0.44925403254261514 0.8494997132475708 0.2606372394329659
0.6311550060475006 0.4709462538759031 0.7029392424697997 0.7368258476280334 0.4702028682694068
0.8981128250770298 0.7608932420933019 0.35048202432073594 0.8475706304167148 0.31455385592680596
0.7946686708873827 0.22523866223539257
0.153907949755951 0.3540596163113947
0.063562624366994 0.34248006993836055
0.106868966175929 0.3097505832423797
0.8241208297852043 0.33571903828193506
0.9259522692155064 0.6850743866498836
0.3112528581681895 0.7907184150640658
0.8965040540353724 0.14777620986096895
0.06924849519056786 0.657739639748774
0.7663514746242219 0.1701634890454713
0.7441484611060509 0.24529775096688322
0.9751199131500512 0.6544740973231025
0.6308003057770633 0.8674762359835215
0.004383798857166887 0.5885899533979024
0.5501359301992554 0.3763795318552774
0.9387382370277602 0.4512743741781957
0.8412009974268713 0.1790322522078196
0.020905246653212473 0.8390395903044479
0.7821808302550823 0.15821326996973406
0.6408032641603925 0.20906607303848346
0.9830178946270149 0.8928110891544083
0.5352708740667413 0.41608302222581206
0.8504965442783754 0.21763157353188656
0.497074004749227 0.3525956167841593
0.36586432408519554 0.055523806117352636
0.8295041968497439 0.2700495432894203
0.8988422420628319 0.06118533497052403
0.1589751126760699 0.09285615491632893
0.18418973238126113 0.37929138770114323
0.03925069430531214 0.4551568787849276
0.676548623817637 0.9334881881260471
0.45197861526610694 0.5017427052148933
0.6627291869754419 0.8836089561724363
0.6496264081065646 0.2603645899525753
0.7480380375011695 0.04480749209099555
0.006040012861053379 0.012224396013644778
0.7480009598435446 0.8770313242661465
0.07221354316088058 0.673286483434467
0.31666084519102666 0.6720579343287656
0.5893832528077103 0.29975487859153427
0.6658543182139414 0.849565481736253
0.322787098256029 0.5064023024260174
0.16418981477988104 0.8804134375205819
0.5823962381869812 0.19510810141398927
0.8076724792015801 0.5269409857279517
0.5351576554909199 0.4700933940118215
0.5481145359266089 0.027624291966616754
0.9846228429926791 0.8937392814271352
0.6973497038988314 0.38142627852746225
0.0004940693320081291 0.3092381881940285
0.45947445292554634 0.8768996590147657
0.7550184831209523 0.9219491209721147
0.4890010003557723 0.7762323366264843
0.32158181947803954 0.9234553872439601
0.898581850442906 0.34175190462823046
0.5981755145572007 0.05250044140186838
0.41686937724028117 0.27710254904360077
0.11674270766557693 0.5271077775422779
0.7005057721742032 0.677168921174532
0.6806564429312232 0.18794974012971477
0.9782867213697195 0.6966258831890444
0.29760711480560453 0.19295418388281438
0.10497341693442142 0.8442839870197845
0.7517380533946469 0.1729299447394066
0.38797671404913014 0.42468014563043144
0.5274141933474596 0.29318953884582677
0.952136903288489 0.3487125064413139
0.43763856535156287 0.2017025734807727
0.48444774480398767 0.5188463206563465
0.40519288953255894 0.7918142805585859
0.7939760624777932 0.7604291844066138
0.718088652398416 0.23363828564842004
0.1584465528305632 0.8525005607594971
0.3283180090705593 0.7468292407984058
0.7310866845233077 0.2711174927836779
0.3344087135711198 0.22197461906609983
0.6216368918660427 0.9437530396508358
0.5662298321644332 0.1302198894331812
0.004944350080618332 0.5539311266190758
0.2436709855935153 0.5895583487923928
0.07207485178501938 0.5355653107382117
0.23870258931692678 0.7752449412681393
0.009494573547461638 0.888555587469581
0.8806892206878862 0.9910758495611434
0.7301316455331754 0.9821375533320129
0.9589329411108785 0.6727427272043476
0.7096809907695683 0.0496089279115719
0.04711066069308534 0.8265399698259814
0.9924729868484268 0.15315000226304165
0.4980259627981314 0.20284728100499305
0.741776999152302 0.1929159803899474
0.6550268916806108 0.38743971674066535
0.5812113538059183 0.21793514463993868
0.3058724274241238 0.7253110476659372
0.8569660827187378 0.09269191468208882
0.05657670183383812 0.0013343397271663449
0.6944633985261615 0.22071173383725773
0.5441187970906098 0.3307501935740649
0.29765108463885004 0.914890665919482
0.616291769665712 0.8939830509419375
0.4583298476588329 0.8883938407887901
0.9482423977443262 0.9696496240909362
0.9645859930736718 0.5975539199975946
0.47941569672605455 0.4732573302210863
0.7712322912459846 0.8398783533048548
0.3430673000398772 0.37673495485780983
0.8512343495148116 0.21658646705514295
0.718493357038563 0.09363910557243704
0.5044434977569392 0.24808386946569416
0.3995485853533902 0.738206564020379
0.5231411270281521 0.006880074313864615
0.05126524688967282 0.49721102125173666
0.7257078163359145 0.32391438864121236
0.3007537740280626 0.5128320728666509
0.8131856039401546 0.016712711950018333
0.9037915883949703 0.34740399398888155
0.7528158909272882 0.9091602954126481
0.797273870669752 0.9087041391431294
0.45674662064242555 0.3708488761738393
0.6031070584753893 0.45179122760840573
0.007686120570134181 0.8954616989925865
0.26518373286739094 0.016769713111615125
0.2551077027562054 0.964617076395176
0.28506155096378616 0.47437341044362746
0.3488654106138327 0.4288592957585451
0.955343935632248 0.7997190105044243
0.35450065421844235 0.47996514676600377
0.323080384243434 0.6040335271604893
0.1660396430046116 0.0021379148355948896
0.4378271861227274 0.658135898933556
0.1713223840008793 0.9503808310943809
0.685296398883934 0.16613795470447545
0.5709349241193227 0.0982865670893096
0.29608073139488544 0.04713977611890585
0.5660531806791336 0.3935064653650848
0.024623251137331215 0.8440519367667356
0.5284667224416422 0.5725885710544594
0.2191904476722324 0.28236822859185406
0.7417463584941932 0.5226118489929465
0.2494650808807941 0.9980098948467524
0.13154660059032497 0.9758415062600025
0.2194099894890389 0.9959317924822015
0.47220349391153005 0.7616036116994256
0.5828869836453703 0.500088500280544
0.49313056648993925 0.5833104591856841
0.6113438908108679 0.34423613888807547
0.8503726443915183 0.0658238976597394
0.7102051383725887 0.8122976017167993
0.024240550954201634 0.5010163556998632
0.12576233134540526 0.9022585886256791
0.735828460980849 0.3297138256495522
0.17377623274129883 0.19759317048953107
0.06053375498469493 0.8140169732669351
0.07862299773884507 0.9672707245397458
0.1736734527627506 0.1573673788296619
0.8065837875043791 0.3678067169272994
0.002619124175496923 0.6418704901694683
0.4931458017740751 0.087949449973999
0.14641089785884254 0.2258425738874812
0.8506367977043678 0.629787616615137
0.6549504601453098 0.1529333323083688
0.686439163139781 0.6634127763946249
0.032525036983297895 0.7041154310327569
0.1724124270159384 0.3121047317985086
0.8065572295841179 0.09229041648569036
0.8104360048330148 0.9517860433685119
0.5246732807240455 0.48637352874904716
0.3545000114663972 0.6630693734056938
0.2068653631390427 0.0006999588837064419
0.7558409271138755 0.06839924541383313
0.3436504600589425 0.6263020581033263
0.38300667432454305 0.775291907634017
0.2258430128740052 0.6266081845781419
0.999878021571986 0.9571532235187199
0.3298907508487434 0.5421791283092616
0.8676459713172573 0.9751249534995996
0.23320773676969475 0.15042856022189421
0.9831380827012304 0.8118926448246722
0.013754552714527524 0.018627587991259853
0.4773107288941394 0.034462683933604854
0.7887401104711229 0.4236671769404432
0.8950434409126578 0.8194876419192525
0.6460524380963488 0.5521650306937791
0.1584134259407295 0.6802317717146429
0.005434448819742865 0.42713494927996876
0.7395099627960122 0.9091426614488736
0.9688602065694158 0.05638638914682126
0.8077717350038804 0.19335147207433634
0.375799000177808 0.7795303189964515
0.742325500338856 0.9870280743483353
0.8984585696657374 0.9097803164144707
0.12569143418756146 0.13318023855082295
0.3618052411686494 0.4165212915827654
0.5384532157689539 0.3396668896495241
0.29254971361799265 0.6053536521034526
0.3825833457381551 0.9644080937608717
0.22053142316793872 0.8181214162905983
0.18395180429483027 0.4936443158385895
0.2597415992499512 0.26427334985444517
0.07369011618810983 0.15565981613956725
0.8122609718295521 0.5212348733901391
0.8502290198740838 0.3628027692184126
0.9702759331388366 0.28388480502983215
0.20531476779081648 0.5575924003946557
0.757866618048366 0.7400927501191092
0.5589914642687372 0.39086485481372235
0.4928817352241137 0.4602443608412372
0.5538546679155454 0.751836962905694
0.9478625427158109 0.05510089520757688
0.20612932086876823 0.41360309794823236
0.07366563747954413 0.8863142341497285
0.14213422207058724 0.02043536778855959
0.4851970181886449 0.17535341112656289
0.9575269718641879 0.8714455680978557
0.5737389074607613 0.29053800389031426
0.9611554456506863 0.4400633663625084
0.7882788488825709 0.14224859300227966
0.9703855731737445 0.3078619546042649
0.41391552057794145 0.5994167493936993
0.48902254099717046 0.21586421825431668
0.8550953320096262 0.5791270392152188
0.40924633975892477 0.008120754178502887
0.16818886524569665 0.4583205377193522
0.21436017543317654 0.9776144707187882
0.7549168376251134 0.7960095118086963
0.6488857210312986 0.9834464869953314
0.5205826740095245 0.04354381221127945
0.20960642967833532 0.770972570141796
0.8714809446704985 0.49264155166459034
0.9910580821666048 0.012584299513818786
0.8783669366791629 0.4506829383145021
0.1661242023806595 0.9739759922012585
0.17585521817308947 0.2389409306567134
0.14681268961851313 0.9660278659544406
0.624443141220574 0.1720131093159618
0.6828164326136115 0.45319236363413173
0.3837599291806275 0.1782709673893914
0.6393637102041763 0.08749981448653776
0.5587719693204072 0.72707768666472
0.5869418751749118 0.2915357168502253
0.023705818916797128 0.08653247473984371
0.6411233856095655 0.808913426685774
0.36639180450979403 0.30269950529574396
0.7352421580895157 0.07594325152849635
0.4437786084943265 0.30018823676845474
0.5502685790440902 0.6032243300051714
0.8044374347253669 0.20149489375309138
0.4292553816052844 0.9585763397396267
0.7874822356029709 0.053235055930998865
0.918100515882442 0.15740043616074928
0.27226093125722883 0.19137929450262914
0.22942010338829188 0.6509155416596699
0.6704587906748962 0.752418050326342
0.024584678740654953 0.27329697329791625
0.8193677531438546 0.01390987758736606
0.6976900108643092 0.2871298685570749
0.21661755705366925 0.09162015871045304
0.6527367038670915 0.6331351057231493
0.640503400290654 0.16251532670142632
0.1824265305236068 0.3529485192320134
0.658804530084885 0.7032659129631043
0.5063990839043795 0.4853637180165171
0.7783698601484395 0.9008734443359192
0.2441539680973066 0.532695761150699
0.9762490736823244 0.5767117564122524
0.635179463721401 0.4571657436980989
0.5049027914644857 0.6854802520168104
0.38555053067726464 0.9711755387664296
0.6537532897835661 0.8409550676365809
0.3741860900623504 0.7947406560494572
0.9306738287415555 0.012654016541761015
0.7459327415406007 0.042766678916777545
0.48280229545397857 0.4136686609034268
0.11313051127962037 0.18935623514973488
0.8053182864796715 0.43772242365609415
0.7714979228655059 0.8627536220771836
0.8931740644324067 0.3297530037490639
0.7275550607891108 0.5812965533256904
0.6547317813889562 0.4961565276423767
0.7578915952184759 0.785563750759533
0.3326150281451561 0.4764851707748903
0.0414321575611305 0.09877779823883781
0.34112150207858916 0.6129302481186865
0.5431430238920947 0.927397242582231
0.4300455149438833 0.3723044412784964
0.6066820387088341 0.5085919192777701
0.9609334652279473 0.2794999018889157
0.23988038042189586 0.10406477769889455
0.8770161116370558 0.7691205526917355
0.22895553635925148 0.4344563817070728
0.4032466618396806 0.726690571003884
0.5459463433812213 0.8124849417736966
0.6459911051858347 0.05414984328449268
0.9660904103397217 0.9785920060307014
0.6850093936463004 0.6626105077226498
0.2549621348867701 0.1430019193752825
0.9576786715392969 0.03913478720185859
0.69254671637319 0.5538255976286752
0.7357675387133709 0.17619122786504726
0.5886633245853159 0.9217759576543307
0.38660352348937876 0.9679750366709283
0.30901910742681116 0.4194094051658206
0.7679374063111732 0.728812357230056
0.5366112764971058 0.7483140116324878
0.06561169066033479 0.3917650425810508
0.048918198516900935 0.0626928554967543
0.34238148430879844 0.15937403127869554
0.31084718021773283 0.5788523884619863
0.8408596349357089 0.6450067664570298
0.8921530355050837 0.13075988600502342
0.3173367842229087 0.30045665845883285
0.4030527631150973 0.4515164313038531
0.7922361645173319 0.8211840018468177
0.9840085455271272 0.46979361166746925
0.13049172021372235 0.947567614348233
0.8454635275197986 0.295128190856103
0.2987634884581758 0.33543683836235827
0.36157177202028135 0.16365017485280675
0.7565532882373636 0.11292422319316087
0.6601253683596127 0.7150792433273572
0.8028671218541092 0.9467434212118166
0.42132466220122633 0.015124705591238907
0.17164023274776974 0.6973066820169853
0.617853946634846 0.041235194051026935
0.8711921644566931 0.9172544891127496
0.27107147654267694 0.5276874326138608
0.014563530459968499 0.06462350555914598
0.13367269116223457 0.1899136583846921
0.29804791913861384 0.40571472155194543
0.5800677972595536 0.13596149782278966
0.8708056913220237 0.5693948989590718
0.558897869948284 0.4414767323276547
0.1914751593384192 0.5704123482000265
0.3777008282163654 0.21968526965799606
0.020103710018469778 0.3957917190619522
0.692773707091648 0.7897804258051888
0.5730109710410927 0.09124710293399851
0.6601011758606365 0.2276456141569907
0.013364933331591722 0.3369539688137344
0.11948074476005188 0.7246753226846507
0.8537436916508547 0.8271424764655093
0.5725176079042631 0.8439995952150692
0.49702217378025226 0.046943626397602856
0.5951470722486429 0.8668826095600801
0.516571966068911 0.9663258177364746
0.08430001164498524 0.2513920246182988
0.7856223086332763 0.4052228606109629
0.6901493636876588 0.7459854887289441
0.06993161022569083 0.9371724431709125
0.6585943829710308 0.14508063450868214
0.32998906656628413 0.38220617544152025
0.6871077764716658 0.19059744494444297
0.7590836548689137 0.4578351872030648
0.8387352141554916 0.6239945370059607
0.9774353486884972 0.6775948018137257
0.6910252813812108 0.27715665243947063
0.46147503522820177 0.19985481263331795
0.12532203665656128 0.06513119491342123
0.8869213246921197 0.4685473729046705
0.7167076607827103 0.9276266957076744
0.6042491670547845 0.45139766069435794
0.012416015361147226 0.05289816553743165
0.9548117796189861 0.8525805097518935
0.3888423864666055 0.12263030000740271
0.3434974326221276 0.3440394094814341
0.7266174640678524 0.5595833523897003
0.2581893139846252 0.9259698693176823
0.6615911829297803 0.5372227092205424
0.518514739446859 0.6591437082919722
0.845714023080339 0.22883703417568113
0.14634100081055879 0.7830699981816227
0.9027116800875064 0.11379270857629131
0.45906260348784356 0.1649387943516385
0.887068428489519 0.5261770516174078
0.31572112863429513 0.7686522321615485
0.3393283504239315 0.4415527517377791
0.6763501353450265 0.7605311876802132
0.433439905045667 0.11261873445757553
0.9241132619941559 0.3446062722490344
0.12284064549661156 0.6171765044112143
0.4711437781301122 0.599636487183806
0.45255017555346333 0.7654243196204698
0.8819442401548194 0.9676075678551461
0.7686415279027823 0.8087994693317433
0.11674060037036726 0.5583858760375471
0.7227201724110455 0.3758969779461785
0.43753436937358736 0.2543012183541207
0.012930358041354229 0.05894484269793443
0.24125518971833726 0.9430142811084454
0.45048941038386636 0.4709914663926864
0.3134373124845826 0.8867271644393833
0.5590772253597125 0.5520302712531135
0.10254309454190014 0.11617402617986805
0.26862875804659403 0.13422623449865823
0.07224319991700212 0.09165674465469631
0.0833678860200453 0.3316729377029142
0.9681208028919641 0.08270375839239685
0.6475474444962226 0.31840417414045286
0.73331990493452 0.41717544432374476
0.7149987601793637 0.25859194928849627
0.18517208855594758 0.5895074455250349
0.338745740596186 0.4043311916972183
0.5222188897881677 0.6000383785280303
0.2766575147068939 0.9301157026174407
0.19397595589638272 0.1694551338229433
0.147151777822633 0.06391793452477779
0.2686599722580323 0.08551122758163698
0.27230149889447475 0.4054854758430939
0.6286096086234796 0.45625672267935635
0.7327528376088288 0.7321465575357302
0.9438183989444939 0.01742263918518505
0.07897599824563706 0.8702035825635053
0.42126882999219606 0.8607154548639491
0.8993756565892419 0.7066185228857003
0.43011185660212914 0.8520669328769825
0.17533082606826622 0.11433312782313054
0.7070037725342733 0.40704004540640937
0.8488229661668787 0.9011664939006567
0.25168110811975875 0.1263617419505012
0.9928996139464761 0.9116252116994592
0.5353399065659317 0.7400543345772419
0.45107164631263963 0.162594029306663
0.1412682465281372 0.05772899955336874
0.6922304867978701 0.9323008514050402
0.6538083490590962 0.2705695022426624
0.6211696892993293 0.47131097401200117
0.275038038811817 0.28496799752093893
0.7502282697197471 0.6620053041266953
0.7088837210995957 0.15796441603167066
0.4557529451564657 0.25187709551206283
0.9622025280929905 0.3312822572531635
0.711186815191861 0.49304956784835663
0.6569645037933354 0.297963624829086
0.8745166188139848 0.8202814268076684
0.3947517321046985 0.46671277875892936
0.31694331225627126 0.14112303435194473
0.5054749250081956 0.16305105448786583
0.31077538642030644 0.4044252473634582
0.42668015834656803 0.1978328518181609
0.34697042447662185 0.085794986066833
0.6838473011003994 0.5723175699680383
0.4800681077312867 0.5189620161386514
0.9916399607093462 0.1795489559765724
0.5340628496311113 0.8997293101950983
0.9451782765207408 0.6512027636963167
0.5705629181823051 0.7441466501093239
0.40374368731495447 0.31568668075832207
0.14531923382012613 0.29553461379291557
0.055837453400103154 0.6052784216421851
0.8541938204023236 0.041641350128339916
0.6464787384066017 0.6936646200637089
0.5861246253771608 0.2093765965137444
0.036964803836937676 0.1269452686125816
0.02808272206085638 0.47694167074800164
0.4571476325799537 0.3761089851231394
0.18530215069724276 0.4151060149668573
0.5264444781153201 0.6915242530081154
0.853322079628545 0.9346833641739629
0.17046605135762416 0.6011085103705769
0.8975198206617994 0.31123802542920975
0.5752078004161536 0.31019319546370094
0.40147342218870863 0.7134552046273543
0.005661597166311871 0.12483330168980444
0.6468816487982538 0.8815478947195048
0.0005237725615090394 0.9949287270268437
0.026925709772585904 0.7588286269619844
0.018453852484637823 0.5856421907536187
0.47282798131190207 0.3044977724941431
0.9029458277926266 0.8530547251741771
0.012554674707195845 0.9078862471266407
0.2703131641701413 0.5461107603910242
0.3956525937587574 0.27778057920288757
0.7110838201993437 0.9892557477285302
0.7035175733671022 0.3295789314230855
0.9128637984302008 0.7510926208299049
0.40984222326078235 0.8319939170991524
0.6969216919113286 0.8012319055385919
0.9467300565000139 0.6851087668279032
0.6297473036748158 0.5477171141504327
0.34224671447200206 0.025734884945751046
0.21833535106924717 0.03590314533496075
0.36599188377201664 0.4022923156836331
0.6060692217202823 0.6048070308580624
0.9236329237166299 0.3058151849553483
0.528544406411436 0.34067642324609126
0.7464888458787862 0.0632969346708605
0.48480142258247083 0.7140309337872572
0.6744945740706365 0.5106610970858898
0.790745597254068 0.03958031711665533
0.4892087859758778 0.6788095957543723
0.04891058681772131 0.7833585218481038
0.49685657037042263 0.12326778748039469
0.40657216352137504 0.5835016004680411
0.6067124033871936 0.8136312080414068
0.8253329105863794 0.605904112366835
0.00396238152252848 0.9044837981310658
0.4520148734130025 0.09433768562290434
0.4286274114038493 0.46749619772834894
0.6232608423671502 0.8192172031095499
0.44457999326250075 0.844346934631504
0.28449534532137033 0.39241128478828524
0.40120707048812476 0.15669069957723725
0.31769185290894875 0.22066490070724143
0.20841560061016984 0.13003594819238296
0.19317536271106994 0.08402681248592847
0.6784050415267731 0.016403297044917275
0.06840128373402043 0.349483258174766
0.19237360307950846 0.8053878534541281
0.5265309481814004 0.3884495649455657
0.32222583851683795 0.025482258551110082
0.7744241119793667 0.7455862786873426
0.6050489968545194 0.5493784748832968
0.8934996347229041 0.8302412446143987
0.5204010926070419 0.8186652175412781
0.9262648907873328 0.7198549023700718
0.8891135931959602 0.25175169038838785
0.40058361700096934 0.7492538765854357
0.014098097135526677 0.8504130074224794
0.9264974812328417 0.234360999766821
0.22116485820326637 0.8030380585614432
0.8503510445320748 0.030950653833596853
0.8187421597572382 0.967800428980228
0.7515582782284742 0.9209249836976343
0.49970549112568796 0.3665885944742784
0.5294099369044911 0.933012196817689
0.3459880235686481 0.9940083435163132
0.12810019956280594 0.2576686572765092
0.4712938965882749 0.7715795887435106
0.13078653318943378 0.15034983237505717
0.32486697414286714 0.9970726571173154
0.24829929747327872 0.5569770577200364
0.24997323178636943 0.987770825407305
0.9785204318071052 0.39613708821741667
0.20390856618666597 0.4631522771477561
0.20824016091676834 0.13368721848817167
0.7470883917867706 0.5208412578162367
0.4970657298073431 0.4045161283180101
0.8711554582617886 0.671966953140809
0.4642791405281319 0.9795590487603874
0.05618485537145346 0.7017677423122466
0.9397164965831344 0.723403606257403
0.765062245998753 0.34579490388014755
0.6242509224334885 0.2454729729863454
0.014978101982491054 0.539348668752722
0.7192854590018605 0.23559764235151825
0.05352501490053463 0.41106185641905135
0.576982459883038 0.2760443215226349
0.36731398173701035 0.7145809568458585
0.8077413266408748 0.4353423874810256
0.9580913909234665 0.6983760278800237
0.5873903632916322 0.055311955208789065
0.12756703543725711 0.07672074674840013
0.6075104923796595 0.8727589750812756
0.3067264513382131 0.5068016207587251
0.1745074541113234 0.575035371068787
0.3194810185448289 0.9950844439585178
0.3848033907416244 0.17409083290237826
0.06515167837678604 0.7360173435992667
0.6879077354332841 0.6512338647669573
0.3654653031095729 0.40758546482612523
0.7598173473014203 0.5256622725582885
0.5610189913417796 0.47233152154002567
0.33319900551671955 0.12075821910571904
0.5654128651250223 0.20054520574297907
0.31857543841553615 0.5927069967522025
0.041413444455645765 0.5424427444771551
0.8610449445426278 0.37715081416196994
0.3051720987884492 0.7665680863209805
0.25946062389062696 0.43329298913629066
0.17763179383675332 0.5585268871251834
0.5070535065998569 0.8099728132244206
0.5030808700668561 0.3143221021274958
0.6901375933944103 0.011201153376701356
0.2199350518438583 0.2884838314670921
0.9606099509245893 0.6076522193244689
0.025531450189200555 0.4216111768565878
0.09616490671523059 0.5541616004267196
0.22563342052208357 0.2364498638473198
0.2655327278978219 0.6583298326098765
0.4263692472035945 0.9540015383602876
0.07347576732265182 0.9795549334811611
0.487582880391775 0.030463407593135816
0.4357873174489757 0.8002243572844419
0.40078827365825953 0.40530323356815257
0.3905766662820631 0.9988931449975604
0.7271393799110251 0.5476782753381302
0.7480421541340396 0.5525333651912308
0.8754524885143762 0.8211613538008276
0.3379683800519817 0.5599527273457556
0.5506271035336019 0.9987081827638471
0.581027811095274 0.2861989281136812
0.21453945076892555 0.8096118203456368
0.12856470971793166 0.9724908208986434
0.8677428294733276 0.3907606486661568
0.833318667535573 0.06988700177275264
0.7798619677367631 0.6536872874623945
0.027928251975438245 0.8281245838552365
0.4138537538012024 0.4422045651301685
0.3409280975713951 0.8475243735678897
0.3939373258882921 0.8910811506447947
0.9549815506246933 0.1869731702598041
0.19821743638979994 0.1506198640564469
0.9073625400321574 0.07355179678146317
0.382087799403773 0.18573998122968094
0.3499647926756193 0.8597469588022177
0.3507652925242619 0.2390737976855999
0.30014521108972314 0.02278148936626012
0.6880434113681875 0.7904653564256976
0.008048037259271279 0.995533539658356
0.5264498862536715 0.15337345279186732
0.6169786665362786 0.945677773777982
0.7057889917143896 0.3868354776815417
0.9143624034363305 0.8776329705079173
0.10418782410547545 0.12108449980557223
0.3477357337021494 0.5934082279012005
0.2612586857339154 0.004008991992707989
0.03398757097637373 0.09857282473290052
0.46302666076276533 0.4060084094844849
0.11848317462132907 0.8797188435301304
0.040824811708275455 0.795227799527235
0.6243127359110283 0.3924932447490601
0.547675992845482 0.20919344614795543
0.14279505833187756 0.7080969572833935
0.48737349286542564 0.959786501293697
0.08052542966767495 0.7594655252472371
0.6060387139430334 0.680606373690523
0.28688214234097575 0.50211556915848
0.829839792123565 0.9514728725540114
0.550286414938602 0.7545419034298233
0.395769133998787 0.771600400421911
0.7422102499858882 0.721157395736401
0.7407780759167655 0.4948814908041752
0.3978811604382442 0.12996859312228404
0.40967201216666305 0.9695938213948736
0.25684436290436796 0.6076014577897599
0.002412185539511169 0.7745849938550411
0.23561928273992572 0.8953309123728475
0.5149469068056087 0.8030457025596995
0.18221786369225912 0.2584379307613105
0.496891032812832 0.09656932042667199
0.8488455247388962 0.5875892101778482
0.8778884460742564 0.21353946095949206
0.17855235683036308 0.2018195105012699
0.23383689226852744 0.6287792576913824
0.6606898888178103 0.8610151852228025
0.23189411100263935 0.33654554478624554
0.13573165984759328 0.4642931561451016
0.4980664415245366 0.06189287112889086
0.9188021270335793 0.8530684162119531
0.5900894391637144 0.4583507891100427
0.6021639478202796 0.6563738219228687
0.8140580096983143 0.9215634528215093
0.5994800787512478 0.20292436761966726
0.30662292021051596 0.7830550587790419
0.15529710697748045 0.6274824440787203
0.5400607582633743 0.568992969088902
0.24980716298819128 0.8269586612464206
0.784706810881141 0.32036332332568396
0.5718349000689509 0.31740951925114325
0.3032587540746745 0.8183150325497424
0.9889726376421977 0.5851901086284874
0.31468160953993896 0.07230709017173309
0.8521682805624624 0.7601494209584734
0.5321488488151147 0.4173519391861804
0.6746023477583285 0.28088101707843194
0.45887725085004116 0.8627018128165682
0.9092097436246718 0.45688213425968005
0.45801454951619247 0.2575209670314751
0.4033785694384635 0.15299933507285557
0.8886401900944212 0.8484296945403877
0.10711322175361881 0.6944423217738132
0.46933155324128406 0.5838436794255926
0.07533504737178243 0.12995682907774486
0.08142260944020507 0.1743213936627639
0.565920940471301 0.1102842243152129
0.7085313497241619 0.12635690266273425
0.20008904161298635 0.215946197276627
0.2969215339594786 0.6793018428768234
0.9541904795907015 0.5940531352647129
0.6581967590402402 0.7175688712799966
0.407391577324981 0.14147413860024605
0.7969490027368369 0.07880465119993962
0.7280237108805929 0.3008687690187868
0.21980321124164193 0.4674623267516509
0.39478196383902975 0.41075233880876305
0.4556470125144225 0.28496882912872024
0.3791226283534057 0.20517692932261822
0.11340866718908171 0.08822208049744229
0.6965947221938265 0.2877041298798646
0.8050177543092205 0.6315591939907261
0.6811915327725335 0.4281203534209137
0.8115287503683817 0.9947474267061351
0.7681441201248569 0.25604277117583907
0.27754873064786056 0.7435570523105715
0.7878858667497151 0.10703430490501376
0.9516023333962762 0.882205131660144
0.6415095050683486 0.02199847814029776
0.3900251967640944 0.315028530838928
0.9389112781697737 0.5013988494884276
0.9032096053459397 0.05532112727085159
