10 5 100 4
1159 961 750 1142 724 1046 1093 1155 1123 808
834 963 830 1291 1121 1102 1051 1069 1267 1139
855 875 1280 1167 1125 1195 960 1124 972 973
798 987 732 916 1246 1145 774 875 755 826
1263 1025 1112 1277 920 1094 919 976 809 779
1211 1110 1134 1012 753 1057 747 1174 953 926
829 745 1233 1071 1178 770 876 750 1067 1137
760 737 1101 1014 742 837 1301 748 993 723
1298 1134 893 790 1061 782 1290 994 894 877
1268 975 945 735 1246 1158 1114 1056 1126 1293
0 5
2 6
5 9
1 8
7 0
0.7691808900294467 0.7683355753475858 0.8585906396923657 0.7633649892448693 0.16569283327858841
0.572574740137771 0.4004250136811334 0.8457923840996602 0.5143353248179625 0.19261679147839159
0.8243237353312216 0.5834605364710537 0.5459089253900571 0.5251554437405612 0.23481216958623963
0.43199035734325136 0.30496484632848314 0.7639479303461527 0.8285603803300561 0.14096692213498577
0.9095137647690004 0.21215080559503763
0.30298773782505517 0.42370623237303606
0.7273114322177903 0.7275303821043921
0.7396376752103888 0.5355051838657661
0.8439843259134805 0.5771428749044258
0.29772232748076033 0.8947880280389626
0.7595402201135175 0.2449365730502142
0.5893593085081448 0.3563892289160904
0.5163091833155384 0.8487984698741877
0.77338827073439 0.9251276227252578
0.015728867205481833 0.7667380970965474
0.6967262530085627 0.8778959291240502
0.22530854561605174 0.505994773104887
0.6499319725814936 0.006556649615768517
0.42890037994328645 0.3564237106464234
0.6883860623558584 0.5361483403551572
0.701450840962027 0.31035136005421315
0.515459744490582 0.5526228580198218
0.6338854035747019 0.09144660710302421
0.35004719078093305 0.12957356449130897
0.04461144691550145 0.6395903081728249
0.35125855152072427 0.7167778583404574
0.3699937719127493 0.6659770755865626
0.08151371822714948 0.3963077711371903
0.1641613041808443 0.4844300122850691
0.5821824797897175 0.8441634116806629
0.6170324055514564 0.13792683681673434
0.5559726231230644 0.8614554591924428
0.12124278647802567 0.2209645410904475
0.5272178022634819 0.84597854470655
0.6220746225467599 0.04652665327324401
0.680353039376703 0.8788979326907673
0.4646549979924015 0.9385462241149933
0.28725867539173056 0.8505855540547396
0.08226340601587845 0.6016701924206345
0.6744313417406207 0.26660993541968225
0.3557407502632166 0.26673408233690665
0.16423236731764512 0.6207545920104236
0.8802736321507427 0.08143543542745446
0.47565160754626357 0.7572022503946412
0.9222419742320804 0.8166503557134304
0.2588646416088536 0.6378270966811224
0.6573945800069654 0.05102729119458149
0.8925779120938961 0.9868286734726386
0.30698214735929885 0.17830189618923753
0.5491980522114528 0.39424979077476796
0.21661330830920433 0.5603967558519718
0.5640415365952187 0.924927592131715
0.4175510530290216 0.16370975594139425
0.8574747964260918 0.4820182983383958
0.46343746338959924 0.2641329466238562
0.14768302016587453 0.4506117202671551
0.34762246137472874 0.19939534686923377
0.43328759736648537 0.37512243276730595
0.42996569881537505 0.49004984423476783
0.4705025198598982 0.039555693977834316
0.5134036668437696 0.29645947296023145
0.8543375370988118 0.7787797121694424
0.43179132645064655 0.36740503547618686
0.10189988704569442 0.2586618432164234
0.008067798459766573 0.7503294088358596
0.29159928936212265 0.13997913541251372
0.18782493420616087 0.08219670844530635
0.44767457562577095 0.22166169908582045
0.9537025017532252 0.3738355960424007
0.11167218241610333 0.5382905995686804
0.2195352839504121 0.531586851652061
0.3981318012321 0.33455651207954284
0.7984896106537887 0.16168001375595797
0.19383394952976474 0.7796384424535057
0.695602444522939 0.12478676680476664
0.23829469123175517 0.5576312145030407
0.19650880245856595 0.9688494347965766
0.1308818413000825 0.6153794767111254
0.31512623572347276 0.3625875599107873
0.3815799454572566 0.28438795084386936
0.28231943578564356 0.962448019558956
0.299552470575954 0.3172873743823137
0.4688988792313402 0.8425495502587805
0.6875483016483348 0.06996592754013542
0.1460700304230773 0.4855038004235259
0.8130207916076182 0.12528561674140382
0.615754095317268 0.43339041230421427
0.4096730936015749 0.14619740987475804
0.9558380166293903 0.6606381547074447
0.5571194746572634 0.5727734691632416
0.6209488002276755 0.8692715101047446
0.9433102329570198 0.5233762249216654
0.5941993499033045 0.40766103157538947
0.22319147545272844 0.4380380737477154
0.4584497930354412 0.7609893499414517
0.18842505349171867 0.33441090369671445
0.479555558286928 0.37006988018306464
0.7623160443353982 0.24181477536875895
0.854726583843898 0.17944433452350772
0.5247587751731151 0.21567167224397887
0.6792303860289535 0.3888216474035602
0.2709969441116282 0.608834261050621
0.1059993493934932 0.7786571277135876
0.8488573881880634 0.9917930934581087
0.6693961696371913 0.26335565708596276
0.38131722014196034 0.6329493758734588
0.3897409144478017 0.5070784000171535
0.2334239299382017 0.7264532515199404
0.43061789869282174 0.3491496086335819
0.3950869157869723 0.3779259961664314
0.646014200975116 0.7796161958808239
0.11198856788469991 0.21652756669519557
0.12455112110852529 0.604238566012588
0.026393593323223108 0.18635428362424666
0.30630600014983345 0.19493328638129515
0.665191170174845 0.3358961572088297
0.756482402864197 0.37054951817279624
0.9112756191826099 0.8630657148203797
0.06473923962655581 0.7993546452632923
0.516735735861444 0.9697273358617553
0.49924181282680347 0.371356799417913
0.3307945937451007 0.8189776150027155
0.033425646769188244 0.5841260677636615
0.41949146306314256 0.2902893017604118
0.2631725831804459 0.564326084285393
0.6697829192661375 0.04789712032181903
0.46088514174764694 0.49324692092716593
0.8270048550996896 0.4342243191627133
0.5636357040996072 0.8843835064240511
0.3048257147674587 0.6223642264470621
0.12773821839208388 0.6851886447468525
0.9553610926312937 0.7491403816382001
0.4282899710827859 0.4171801354790772
0.07112472006433457 0.1839690225881292
0.4493719552530666 0.04329337661817534
0.9823330253292244 0.9322828304509556
0.7572855091454807 0.05666939662829695
0.7880310521227654 0.42511552666811947
0.3061871534399512 0.6922822571979943
0.9364941960965614 0.26216903331319297
0.4234111084902108 0.23696138063160155
0.14147800041965586 0.6912910441023197
0.4361074117639365 0.6966514838816853
0.29830238997431047 0.7499929070007769
0.9780335247691734 0.20231252599247163
0.07390892429140994 0.1327077615305967
0.7800574569817134 0.7327114722329136
0.9128444868556627 0.8240539981990391
0.9381566003949686 0.1782564608013404
0.4655163292107758 0.11711250534901363
0.7167433713757907 0.46564004344952803
0.5355347986904961 0.6492884264255621
0.8718226562904927 0.19046981019616638
0.9101444176560494 0.5005732149687647
0.3591954218210698 0.18729336280075315
0.2634168829403587 0.7476172143287672
0.24620906363618245 0.1226067752940927
0.2899563973801551 0.8365124352596947
0.12139452024224884 0.9827983509077571
0.2563792026338094 0.8830419321154193
0.9254784956160398 0.5674156379901112
0.2975506374025114 0.7604605560546835
0.3902268908275084 0.3206084212535669
0.4868881291247944 0.5737312730483026
0.36546236819044275 0.5021317177846789
0.7298575069185755 0.9370867771076465
0.4953300701909129 0.4505244706914555
0.375865546567266 0.7118232343874069
0.7428389791870018 0.74292151913667
0.2956433271818557 0.5765980619182813
0.3791995695739965 0.8304029086291049
0.622465348208364 0.18056574350186172
0.32549767542824415 0.5994755169437012
0.5567676083453781 0.36752270245256446
0.30072447333387364 0.9502677996352134
0.8372028628385959 0.490366499365386
0.027387797753638532 0.11099492850975223
0.42899113774749087 0.4926277336506417
0.5639637254658427 0.7683950916451778
0.23792831478339127 0.7814346762342943
0.18390563016667505 0.0837429536200236
0.24557201751558644 0.3007069009437944
0.8382727457881289 0.9709872264475337
0.24718789053664003 0.18334148399262373
0.6712772187066194 0.7173903205304457
0.9198051236489804 0.5347625859928973
0.990933953517618 0.2807251225848466
0.097146464425792 0.39453477346979504
0.40776316642941257 0.38200719163120267
0.8314679452896399 0.7958490853207036
0.3469353945254905 0.5303962960163129
0.9707140147391251 0.02088504293149751
0.4189819362758518 0.573228149577061
0.0450488013109247 0.9141600630783331
0.12229830860020297 0.9898122484431016
0.018216888269231513 0.7974506937782446
0.11147635920953336 0.4275226312273741
0.6784144792891682 0.2215966952487114
0.10781311238649005 0.13902814920876017
0.8646070360131353 0.05813264905667381
0.3806878814903152 0.43925895843214247
0.33903231883677454 0.6014641602489992
0.3771419154279483 0.5690656369690634
0.6348938497373733 0.5756990167370872
0.07017654784843375 0.4502524649987003
0.3757144872399667 0.6090581811896916
0.389831527341155 0.9551509993789631
0.24735702812137972 0.5656990241084658
0.9268197747830116 0.5589086867818434
0.1510972374099364 0.48534357775788717
0.037174832555163295 0.8563341749139166
0.15528714163996438 0.21233358918762457
0.45489774569506625 0.4339659135654783
0.7248321745032666 0.9781010764531528
0.057440145367420925 0.4851752166233414
0.4034012646059013 0.6010276901286342
0.9714441951276722 0.36328198870160433
0.8636287561879021 0.9419573628852482
0.3862490436769941 0.40301355559496144
0.8244117918874077 0.06403574555873282
0.6948202299380632 0.7074010787275917
0.10804009562206196 0.03411487689596249
0.465149360530978 0.5796899489563903
0.015619059274828873 0.671016796568902
0.5966953227039367 0.7360589428041344
0.405034697125644 0.9497749154706345
0.8595327091213871 0.8943186279401847
0.20810793674028027 0.8148979276869082
0.6252160857346754 0.7201905641099655
0.1791773254719886 0.3142192210479071
0.7773537440957599 0.7663719605831341
0.7919037531805193 0.03668370686977185
0.9864850979463529 0.7206235140270454
0.4050451755727924 0.6755145311469093
0.4267543913626133 0.45882847467339505
0.9665992023924794 0.9078544898410235
0.9613515769052816 0.1409273625630425
0.19130860411575612 0.9940521735144336
0.376814241672377 0.06527565429659643
0.9171686324658921 0.48142194723346643
0.0888600513327249 0.30652300703877944
0.6200605020514762 0.6173451119523579
0.5045020545236398 0.2777903757663822
0.17734449578128242 0.6403889361629065
0.027004125186073535 0.4846222183386113
0.07665387519625244 0.4761970413737824
0.931359382827007 0.6324937248852365
0.18350586476684816 0.5325017367875995
0.5748333487338719 0.012790013428721547
0.8913970247531544 0.7495280397966102
0.9439948298414578 0.2947164885661899
0.28878915782890546 0.573504192926646
0.017294756737421313 0.8315389482545337
0.3686159451926714 0.1845315185332408
0.6958528213377286 0.36903588546494515
0.6142055964702344 0.7543888295997174
0.7295320953798001 0.6351384222998946
0.19858686794087244 0.5562318820975791
0.6045740726666637 0.45101691991879145
0.9117584446338045 0.11582922422952047
0.10009631710814015 0.7182210185505
0.43799267335050596 0.6839693775547022
0.5383237124069054 0.9925934105905059
0.20892446343780957 0.14497151811088926
0.22038114216253857 0.5085175410684892
0.37604165069414996 0.20093356285719066
0.06428452295138154 0.4283590637278125
0.7090458418294026 0.08285705603814608
0.25867121704628615 0.2895671920919083
0.5485966839237881 0.49071506139154875
0.7785595964619703 0.6849980521526411
0.4621243444425198 0.6229309946855546
0.4689785393517627 0.95039710432435
0.4919833554339601 0.7899004591022476
0.9198250639425138 0.9234217828543414
0.493048364612223 0.3480080334937574
0.9346893948904496 0.27662527713560925
0.670734297636876 0.07813400631927436
0.3467248038375672 0.10195778038779735
0.838600979311098 0.3099656431393438
0.18600939805635064 0.3742612834737049
0.5897266902930809 0.2023720164669609
0.4785025772766902 0.9058215943569612
0.410513515209471 0.31086095387919777
0.853695797223138 0.08151983189733181
0.5666332889323957 0.412400263089967
0.7573567292902472 0.58937626313879
0.07540974387795862 0.42984869097387435
0.4203278798978791 0.46613262662406685
0.40325001579250896 0.6268651645322909
0.4011665086960787 0.34059998725351637
0.7650227544014216 0.869518876273933
0.5522025717316135 0.9970225489593874
0.6474303513927631 0.2657462595141369
0.08806570605489239 0.77187485403307
0.6920071979205371 0.46066192876729906
0.9832470193690281 0.8814978913273552
0.4646188713694235 0.39364278553696685
0.5942403470821989 0.22294639829895035
0.9696333410957017 0.1386169470661489
0.7672368883573635 0.5295167029924843
0.6193932229320092 0.4188326939723015
0.7254772625816812 0.5437598987802872
0.930818594035681 0.7409514635843546
0.14343315293769532 0.26588060250428835
0.9953777120815919 0.551856355521597
0.5920513358550115 0.829482799193773
0.9706353679814472 0.3731478306912763
0.6628782694802289 0.44355727847838766
0.13646420413741667 0.15683968072050725
0.10446677261135107 0.18393783075788406
0.8510221924233694 0.9132638203209362
0.3213112257463564 0.6150208856740613
0.4633632636389591 0.4064800476600592
0.9961287665582772 0.08947303379193738
0.321837229224478 0.7541267890725327
0.9017453218949607 0.8868306679029632
0.9869274548066937 0.6688095339143056
0.11376831928276676 0.2999500477271322
0.5236228276821333 0.3737075081092396
0.22334755768527925 0.5405691516881754
0.2719902160317762 0.3263982770102294
0.9821604936445909 0.03452519425040257
0.8993383591732897 0.776188690692867
0.5417269223880399 0.02223430170663998
0.7660435033264681 0.7337585298409548
0.31339490122258185 0.6734975398613245
0.15997613358470963 0.04904691674422823
0.11355709225207877 0.8084389420953131
0.9048352261178814 0.6248736382706266
0.5423778031663744 0.9264025858507572
0.14762502355989704 0.4504820839520176
0.047584496265684395 0.8384444352607576
0.8750043468147006 0.5756581832937235
0.9040958799633787 0.2069374805953308
0.021094454856824374 0.43534904113185147
0.49594383617508786 0.12348860160547748
0.9865431698415832 0.7152573595984302
0.45225773886459875 0.21804317246378013
0.5398397851045089 0.7589321600658681
0.9423764999816442 0.5895450868846379
0.28530369863691574 0.7397044547903466
0.22819083105649685 0.7954865541478866
0.572930252893282 0.7592632508272414
0.11887566257997828 0.01935562042442629
0.8935563680182497 0.7888575351081291
0.3850314395987511 0.23144480606321904
0.22106598271098843 0.40314189382337107
0.7221240167360627 0.589616981568172
0.24320755025690732 0.6648068503438094
0.938616926838598 0.24097644661763895
0.16343717685042614 0.9930365032797572
0.81063777872839 0.20528298303566217
0.9806668517157315 0.18417751045696273
0.19197272476767835 0.1547498668952092
0.943270621900457 0.41160394069674267
0.7023744413591388 0.39607451355794887
0.23102083481506552 0.21314206552860693
0.6758495632885031 0.9111327669060403
0.38985782355871246 0.8906532314150917
0.2384173027612566 0.2901194348927858
0.28673305359626955 0.11069830859754837
0.24886451612239635 0.8591190126151016
0.9769081184283017 0.4383311999544832
0.7688699365092357 0.6982673843673834
0.2103470575545574 0.22768533823546644
0.8868858540257698 0.10575260680100551
0.3194007479425418 0.6769502135255576
0.406422702877572 0.12057664465292062
0.8675871777325992 0.3326693814694177
0.6108777875419853 0.316755750685737
0.05285694327214929 0.1404427819259706
0.4131894734904886 0.9629175888036747
0.6088215918033855 0.7967672134631032
0.08596319466396496 0.2057298784907693
0.0036917066624306827 0.06716652931891498
0.6200911570140963 0.3842404708764484
0.6944122871844638 0.8451553795222855
0.8919119289221544 0.5706452815483036
0.282452039028257 0.9730986531268715
0.07710738581689203 0.9601729248668405
0.7910230240973992 0.2913141064094642
0.51432398774089 0.6483506345991001
0.4042158408139491 0.727833546101456
0.24022145346442203 0.04225874113053152
0.8568887032494841 0.5057873510285629
0.4773874477799587 0.7671089523762287
0.9683423286931374 0.6846493182630249
0.398775288037879 0.011155103604348238
0.47535462186701705 0.46789990825940997
0.5016114373014811 0.24441736500938194
0.8182557863859936 0.633620971121196
0.5386161042080786 0.5220827015272416
0.2772037323214649 0.8933134916769634
0.011857119630966695 0.615774632666729
0.8113749394531542 0.370738983707124
0.8827396305397648 0.6708266114407682
0.8178061116026138 0.46624232660643417
0.39477116095117437 0.42256285214298583
0.050103669953310614 0.4915426964204017
0.6035571937079107 0.7127660288139033
0.4599397300605821 0.8867123476608949
0.05728845850608155 0.34349236111536263
0.9767521041372245 0.42235411897917463
