10 3 100 5
604 835 1155 1037 910 1091 1411 1207 1153 988
729 825 846 876 1363 1027 1213 1390 1382 1076
1078 908 742 1155 1056 1090 1299 1960 1423 1246
956 1112 799 809 1012 1473 1479 1620 1214 1379
901 876 910 1185 854 1418 1153 1505 1364 953
881 655 700 1036 799 1013 1335 1032 1080 996
805 1014 822 691 863 1103 1077 1223 1328 786
1074 922 1076 882 686 1065 733 824 1005 720
765 667 630 927 1140 661 872 661 924 659
939 764 560 835 699 983 636 1096 641 668
6 5
1 1
5 3
0.3307509809562984 0.6164451228099304 0.6734872464254369 0.518220104207106 0.45087238147745023
0.783357183129461 0.6184603582273294 0.48728943697753146 0.5138623240500272 0.11154733622859246
0.5054827646531885 0.12236869120221261
0.8703096861294577 0.8374411355828097
0.21137785564133793 0.07258776348636475
0.5302654686892121 0.17289094544191386
0.3618460632348952 0.2219989559493698
0.4099076355048996 0.9292004422038218
0.0878667490870908 0.9791846328542253
0.7112908413389942 0.9974945276385134
0.8985122179329981 0.6251026656505747
0.2266937910321476 0.17575463625183518
0.8892934213565571 0.1988966326971262
0.21573145633047042 0.8647157491091553
0.13730942119103484 0.8914154351466683
0.11124583494135742 0.9370646041656285
0.8749260513613222 0.15028317296402727
0.2586528481645751 0.9927183467299845
0.4586717851899982 0.1323624927896867
0.3590654177712327 0.5557404826931207
0.9217928847218055 0.9106632885079431
0.47540206911022853 0.06851911743808192
0.030028939037240576 0.2187111298064992
0.08511762572858772 0.9953677611455976
0.1704622091441823 0.18148851858004944
0.8437606403331255 0.9350709673781927
0.027856466800770807 0.443438795746419
0.4683262846276808 0.5251354456610782
0.3708896458586135 0.7869769075355066
0.1662653627409052 0.4072228204245243
0.23332595996419392 0.9465828129093881
0.9002621724291333 0.8990275314322078
0.7922579290826337 0.3323149836430501
0.24413632918485573 0.7140444368495678
0.8976765593846432 0.5087801735273241
0.9162426666865784 0.06507313447406848
0.6463110007407853 0.05984716381817856
0.1102251679005739 0.5636628512537987
0.12848162299682953 0.3534342549882097
0.014531261090118486 0.10169588354399495
0.9552930370595718 0.11408576873428777
0.6966819531765327 0.09874599516313731
0.9777586343417934 0.8312455099958618
0.4451049145667998 0.8063133088755794
0.12107013295312341 0.8556433424434566
0.7970525978058596 0.5353377683670224
0.8044896666597265 0.9739948817550441
0.17711619086567043 0.7627727720209052
0.7763020260759337 0.10825349595448475
0.570186900099992 0.0794103929806167
0.23024135665091539 0.7422363763089321
0.5111312307874789 0.40005316888372944
0.04853261908408735 0.10094767213269118
0.19404374275127 0.6734958016149348
0.7181114669643847 0.5248680409832183
0.48330831781941286 0.34737183306452923
0.1825803666713559 0.3637944655372798
0.5619518849779725 0.4576668226563272
0.8282677502898272 0.24077766168292003
0.5708980397362471 0.6275308475666663
0.18036250390397135 0.6270252785033099
0.28759768968688704 0.9027410200606334
0.15746750644214602 0.5939040185394189
0.4934931229390642 0.8803731406785313
0.737179514939339 0.5830712397514395
0.19427476697225288 0.708412631550591
0.9998262505241513 0.5737131229524675
0.945850917158235 0.670621929219892
0.40115102520584145 0.5280011693461204
0.10996917841455733 0.9177786689814285
0.8791128408623339 0.07452195030161968
0.42077434615065545 0.28305849688619955
0.36033410363996765 0.006917411884650226
0.07522273231229315 0.12342172009878838
0.2782216102214574 0.6196994262940358
0.32469294371549107 0.472592441178197
0.1042170456297522 0.4273091927188346
0.9078059797213374 0.9286320738491249
0.5762407538001204 0.2933966295765642
0.0018633319633973855 0.8288949394304455
0.922082698045712 0.4334590924141972
0.08756187279489636 0.9128961645518632
0.00014205424454094562 0.6766156483754728
0.4030657428225055 0.9401852580768129
0.5118027998756622 0.48888056673081404
0.6854698510220096 0.9282831812985586
0.09510398249692065 0.6204941703237878
0.1214487476635302 0.5343647039507076
0.4005230613657358 0.830985436579246
0.5070256617621829 0.8504669016905388
0.27683943171342884 0.005204557411008226
0.5629278253039738 0.09859969949059844
0.4192460486994476 0.6902645242038061
0.41602806760879507 0.10162685394247384
0.19864633144626254 0.5899257280872361
0.6126532109604144 0.6588371167118601
0.20523686970793276 0.4165608479470999
0.38251509657007765 0.32253404467085955
0.738043887097086 0.6441549594972042
0.6228179297321081 0.7068582509503494
0.6081078549931473 0.5938885726132017
0.7595611121310861 0.5061074545490936
0.8990740479484498 0.7513147531229347
0.6713876968707315 0.17474409542504388
0.025985456988333322 0.7234603556889023
0.6805762096947314 0.6204119476652266
0.5285749744069479 0.19482090551363762
0.20746298906169813 0.8686772512689849
0.1444722728258523 0.2384558472466225
0.7310368494949859 0.004761924753819313
0.7613342158945986 0.7991191326955156
0.2576404749193273 0.31370858252856393
0.6514313269325682 0.4676120522080063
0.13317800395868695 0.48667868504285106
0.015455102634453377 0.8947450225237557
0.12248523456874638 0.5088952704193854
0.1834029570063458 0.8811176239593719
0.5769697220076797 0.13834212023460046
0.0682285101148612 0.20774371391498514
0.8411945772859906 0.6101536261648017
0.9507902858830595 0.5443778309873941
0.28977067723692973 0.5060337538523152
0.8821584813058383 0.8115879045804777
0.09157270998425959 0.7663009467417032
0.664867846747264 0.993992594268668
0.7970919419608169 0.24739527521636284
0.4120911849318776 0.9721698237055874
0.9417380621410543 0.9604305568484486
0.7325846155174305 0.5091208449633786
0.5330844716959318 0.02895827433394138
0.0872353343879484 0.9995140970034713
0.11963024961829749 0.43468962849630843
0.409389157544354 0.6846090379410374
0.34745608211856704 0.900186549263527
0.2616113622514631 0.5336934953972015
0.4721685965228999 0.024164170937805318
0.6133707490982907 0.8195320973448599
0.03467129016673853 0.15154829891460886
0.6511594996392962 0.5312553254113568
0.9231462669796566 0.673910544406062
0.3237089765089214 0.9249301568059798
0.9568448738220756 0.7757258854135987
0.04384998511414606 0.39050938715851924
0.8490918366631952 0.8042911963356569
0.3290379345674328 0.2657945217191138
0.20470602416848394 0.9910188220929599
0.382420123644595 0.7014332094539835
0.3572828408838449 0.8411360065861684
0.9730808890966072 0.08260945641632289
0.9154949749112684 0.8261616658147946
0.8049831648141341 0.35116612044568196
0.4663812401036216 0.3483615426303803
0.07948783905116885 0.3080943388607935
0.46788311447596764 0.28849791017722937
0.6915757610068756 0.45030417819555324
0.020986211517027176 0.7162098046889149
0.3937915388027169 0.3893895086387553
0.5408240545945144 0.19772093016413517
0.5788412283520654 0.8235440676018713
0.3541126135990844 0.3866250899954442
0.43335918251171446 0.2547059887695209
0.4805147912087746 0.4234973010524916
0.6781842975764636 0.3949761008125654
0.6673055018738312 0.20137951526098252
0.9341448386075915 0.22883677988534679
0.8912172605313744 0.3017866776576352
0.025523061699570748 0.8648144893032326
0.8621379276716699 0.586641351880393
0.38734291169614354 0.7478487113070817
0.8489106561442523 0.3871249995653554
0.7779449628119497 0.09771424402170004
0.6757563968940998 0.8050530683577377
0.7901376207834385 0.5159892459540407
0.4604086920071513 0.9240211455975906
0.8847479568124963 0.8413417812251063
0.35581074504704135 0.44750096550662155
0.22329252773155162 0.09358540731821963
0.5572886521954958 0.1226017757761586
0.3089563980413714 0.5246481106362386
0.5834764187048169 0.6173432563202026
0.29096033683624833 0.6554685445324528
0.9898520951128484 0.3128375388414846
0.2675785566261779 0.1972743305172293
0.938040984077914 0.643459144872123
0.7099074964592662 0.057377879805805776
0.255116328632393 0.6955536062951542
0.31328519395647514 0.1313296777314381
0.3122925757927657 0.7802954457190279
0.2226608719195713 0.6894936309997202
0.2871304200600837 0.5084818845182495
0.5371630559871288 0.4524012932395871
0.7252232699013281 0.07839013429862907
0.34896396860169565 0.25874031291021793
0.7387005967499618 0.7026639584705145
0.8065876419908955 0.03231042783831506
0.43630927112426754 0.8559177643559657
0.17658300611153632 0.2244872447552242
0.5226897465936831 0.9009768275729457
0.5902255279438144 0.43965530507729533
0.20305193413526634 0.46128359838687394
0.24157772775779573 0.8885024864320448
0.5322432328870121 0.39398270752490383
