10 8 100 2
525 1126 782 1135 882 692 900 1103 832 961
876 1042 1078 610 1112 463 1080 478 1076 859
1358 1552 1318 798 791 967 606 1030 877 455
1350 1141 1310 1735 867 524 685 600 800 585
1700 1200 1144 1413 1146 1045 620 785 941 1054
1113 1637 1676 1042 1227 1336 716 1083 967 907
1282 1386 1155 1196 1281 484 448 471 689 502
1661 1704 1216 1502 730 788 970 768 749 1159
1444 1107 1675 898 895 928 894 912 1141 1112
719 1032 865 1119 1117 1110 997 735 731 715
0 4
6 1
4 3
9 3
1 7
3 6
9 6
6 6
0.822727673551295 0.38785815109935484 0.5530168367374357 0.3911384645048875 0.41261282884975914
0.8898591267936764 0.5098881530896766 0.9825160349113995 0.8189936886109854 0.3021293498884462
0.42045179134079025 0.573735864116198 0.4628525819288519 0.8591245559858058 0.3830336104710176
0.8607431773493508 0.5335709531948272 0.6342830593027229 0.5761916829653102 0.40612367525988224
0.6606012501828575 0.39103769269287864 0.5802418987393867 0.4402978797524989 0.10347209072517122
0.5617774424584315 0.7676054743697506 0.8783429022668823 0.334822957919295 0.13438002996929754
0.7716301824139639 0.4972095244366509 0.362976450535998 0.404834920165479 0.27396892718158194
0.6176712920486045 0.7503848774433679
0.19585220533571612 0.008352140204486602
0.22163771056120307 0.9440972097771192
0.7859101167408211 0.2773809739170481
0.20528787238167934 0.8375143039405404
0.28365145402098113 0.25566416184226126
0.26943571942359945 0.047954825486471675
0.7983296914259481 0.5547117577827054
0.4489241409353619 0.007951789338910054
0.04272948050495229 0.6761429120909201
0.22012938513705493 0.9592645980629109
0.313173615860187 0.8677927524748019
0.6091421289279657 0.20881262173993353
0.0207689374849771 0.7610260187851583
0.5438150496415801 0.48796924073056647
0.05285046620095524 0.8656578383095084
0.4661320233583539 0.7376069559243172
0.49715134449699083 0.5353989820763765
0.21440769306685614 0.438335297967809
0.21503302481864228 0.24339432203267997
0.7626727860602682 0.9815120743826802
0.21382462402278035 0.851652958136268
0.006031497673967712 0.36462095259533833
0.22814166413724224 0.9251282454187733
0.2193568615177437 0.724131372103439
0.9472423362530533 0.6191019487622229
0.887624776961663 0.750866960271535
0.6759182811590883 0.8379412655379546
0.9391792849201284 0.32621964467416054
0.7268225266075077 0.23824025767530843
0.625112437761608 0.47242958007946334
0.8651554331231763 0.4964447231728055
0.0711402424197718 0.7000612058743239
0.8881059797467552 0.8091172647118656
0.8080938731931455 0.48745187319597716
0.5498423570595943 0.6457185531518772
0.9244129647032744 0.9811394429580766
0.4306219571376666 0.5868185808403998
0.41841649911434153 0.563110080055305
0.966443933593319 0.6898735446837185
0.7478918273914175 0.6860483651494977
0.3361060763821526 0.3018931421412423
0.48209733857533865 0.436925062439917
0.6377781849954183 0.3740981760580424
0.7588913142048281 0.7367182914410513
0.5608471034804814 0.4726816680477959
0.0481011644986129 0.6547070386778844
0.9737697994833892 0.3977219341576401
0.81771415386788 0.17647252758403686
0.7577671003837017 0.22033572133404733
0.21828523213976903 0.5215188211039703
0.06029288062360538 0.5968186480850319
0.5535808002466616 0.11964621160179734
0.8989398342447341 0.4742425689636818
0.6665103260396277 0.9021222116748864
0.4916640869211566 0.03331685091289116
0.4285751640647635 0.5641310618403426
0.18024420836967647 0.08306700695200919
0.4325072294473924 0.6387225056284609
0.6609579339614591 0.5002463725092323
0.30685075523212957 0.9930896118032322
0.5253492877348247 0.6758873585790521
0.4956215867537035 0.5330601258987071
0.7827011776580355 0.7188358041824281
0.408154501513303 0.16570644710292348
0.5468698685548592 0.7525260320589202
0.994558352078736 0.178708919255248
0.7413597149801534 0.17396731401333265
0.2980731014744247 0.7501646653196403
0.763830794674415 0.292612648822304
0.10617998130829176 0.4329171014131876
0.8067758107962428 0.8035739045962456
0.965035002256295 0.060201697979012536
0.7418768142090486 0.08664781097109442
0.8809056969991642 0.44687870705458477
0.13552937267060328 0.0400840652979757
0.11961350126879045 0.4134156998631058
0.8621225098030652 0.4544590474765131
0.5621130279816693 0.7144590169431215
0.9964150636121907 0.5048642656845712
0.09185924623409658 0.2475278482634189
0.609252579071496 0.8023255970549179
0.6371286869405082 0.24830383084152263
0.9062818418942094 0.21438511110446412
0.4377248293088911 0.6254350490666969
0.4916442781709074 0.04944694019120588
0.1272934023437846 0.9411915429856854
0.031150167717560295 0.8413480693262256
0.8755145780377753 0.4152565559871362
0.6601051399313025 0.6056900870878648
0.9705985785604503 0.9096291747673886
0.2596794931786497 0.3477448707846449
0.4496539180710819 0.49045200353438534
0.2365170004177195 0.7844779472769099
0.16946133976830646 0.8889999541043523
0.6047990557506562 0.5490350950972744
0.20281294233694136 0.06604076958727756
0.6390898484221763 0.061213683856496504
0.9525640030038354 0.5048063889742433
0.8620308034879915 0.41931669876770017
0.10642163951551753 0.6655964173760178
0.27709110086998145 0.7473049885704939
0.9327100556376748 0.5470927386738864
0.5974286366534445 0.6187001063181035
0.041728320763971594 0.8828851078885345
0.17798256723163486 0.9716535104488149
0.39195341865329314 0.8469673160813771
0.8789449073433242 0.9361832380925807
0.8559777987962751 0.7337186503828443
0.7484955395940236 0.7784426712214934
0.5517035232774781 0.711409702238528
0.10567771358449307 0.8526387009714032
0.8874237803186871 0.14513114126766746
0.5676238913792038 0.5079485460043411
0.34937983302931785 0.75891739599551
0.4859244383542265 0.40886095783355425
0.3778304216532602 0.657032389799979
0.19575172729601964 0.4915274602348054
0.3715363462758765 0.6748724946897635
0.7255599046082122 0.8832396345664524
0.09831266312384179 0.36546858988019615
0.5067462650680603 0.09287161192143278
0.7343910874560517 0.44235731963122094
0.3187851894661822 0.4062335738241074
0.9968344291346305 0.30075300384889725
0.38198490587275025 0.24138933779889138
0.659173729813284 0.9091888674442266
0.5275242927194332 0.46316018082298926
0.7222181899569753 0.5533287662871007
0.4390506823090412 0.49823749955998786
0.621727662946886 0.4321211957930262
0.9314283191405903 0.22307441638319347
0.590409640998053 0.9425267398721284
0.7891315867102953 0.8997987859550145
0.46607549000874404 0.01089724544891224
0.18135195736729903 0.6613814543854855
0.6553287225031807 0.9768736846515609
0.29625487337509737 0.818087200593681
0.7430485164906784 0.20832265264243377
0.0776453335262528 0.7708411409609599
0.18382809443979542 0.840140169611512
0.24174606957152056 0.6418155363151983
0.43287333761155256 0.22904158006152864
0.3639177739676269 0.7455394718604318
0.33312268081033536 0.09637067675635858
0.5600585915627039 0.038747107875809705
0.6014439849049547 0.9082620281674683
0.7294093421633197 0.6192905351419444
0.43276549050528623 0.16043587252893454
0.9966765084986073 0.8526086533611537
0.4879503614163312 0.3367153694902856
0.23264071588331725 0.2339493368693326
0.7190939427217065 0.6649066179127541
0.8011573362684417 0.9408888640282744
0.26012160921494987 0.5391843955599009
0.8679309799274602 0.9310066217459032
0.20269271553053536 0.28909240009852066
0.06149642424880741 0.5267188334835715
0.0710963979829704 0.8780006726478085
0.4840337793358651 0.24930806849856335
0.04257894235478088 0.4519533524867019
0.544422284239747 0.04101986211131825
0.21466307052136124 0.6813660190759299
0.9704093987668252 0.5348611171392845
0.8565445834802357 0.38624002981648187
0.08240604221724879 0.5670770951809103
0.7752690764392081 0.3926685440878708
0.9368986126315704 0.6974216782951501
0.6881673526708827 0.34304873487857135
0.6213676830980543 0.9551555024011271
0.2768783227820075 0.975258098236393
0.2137073712386024 0.5408961950853299
0.8095211203045252 0.6577225523364751
0.8487117927214456 0.3711499592581946
0.3117768466023749 0.7468901686771845
0.4790485454506226 0.6719042187486883
0.598406699553274 0.42821506699773204
0.37624967166246726 0.39321100073305315
0.83313987850071 0.5361999204839454
0.028164203342413208 0.6270979091725446
0.48939691221076775 0.9752106941700398
0.023547271772119238 0.3242137446519764
0.3976889433661832 0.07452903460459948
0.2737288760628156 0.8797087738947436
0.26443309007831983 0.22556639376229115
0.8708503921592279 0.44367471342439724
0.06941287358677228 0.6569615961794621
0.18057945271063924 0.49772801872351424
0.979142864494132 0.2352371956082948
0.3873543393335652 0.2640367633602334
0.135258865323572 0.376212769637279
0.5781710098206183 0.3636443441378854
0.4275630813965672 0.42145092367227277
0.21828377771421215 0.618780474464506
0.6571842747008754 0.2950710636390159
0.817885716716432 0.3312527846574249
0.38834544562430895 0.3463385055115189
0.47524789593686156 0.23080167150087783
0.08372203152686142 0.6315830587792943
0.6295460652583271 0.6702332576462979
0.1557275405189491 0.4262053134840438
0.6303280184764846 0.13502653846170976
0.2689775669570993 0.05508055558945357
0.5632814859374811 0.058501052917773855
0.5392369634361174 0.6123101532047659
0.5168055878217264 0.9948493487807664
0.05677937607611283 0.19520086226376665
0.482299645071135 0.15535190189145265
0.8115880546624155 0.46253361548507854
0.3612599404413501 0.9787335600135856
0.5761649209855455 0.9398071226656455
0.9534301044757407 0.32784004302580616
0.6038413024091995 0.49836898986307254
0.03851366523248956 0.4215514297780032
0.8589746620677792 0.6469646483157447
0.8083097514358046 0.6997110523869974
0.37867082456609436 0.7821737360417089
0.5486359288059595 0.5618516041991353
0.8260242106287612 0.5636394959341007
0.7189275188989446 0.15119254667975812
0.10320025595503557 0.1681903790937178
0.667270773142107 0.6553189501487329
0.000022597648787536784 0.19759377127606137
0.9617199282751969 0.6826731973366793
0.9990490369669387 0.9086008918828155
0.536689210228706 0.8913042959086854
0.3039078470738177 0.8725602644764934
0.3760250054478729 0.6745674312804475
0.5229543845959213 0.1103410226032735
0.02165836224805595 0.7350692820794344
0.46968535249803045 0.6983935306585178
0.006705291428773741 0.07965087280885053
0.1312248218118821 0.8717946369831346
0.9825251042710981 0.07228319745586287
0.4221135992175773 0.0751589650177058
0.8564996050405111 0.9467145764616844
0.7808067371519893 0.5591653127334415
0.04457298092546402 0.7204286882686257
0.5884443478886003 0.3072919746706919
0.19032580387960807 0.9426816224814183
0.6128586784827674 0.061389284175699776
0.6298243908179075 0.8168562477438019
0.43881687360398347 0.4485763316400724
0.6957243708784497 0.5859980485540286
0.22326203176817772 0.34603203539645766
0.12300726293407171 0.4878405678863935
0.016358421745312324 0.904977308324241
0.813891973365475 0.03589280009612783
0.46708150662228043 0.11026126871965847
0.35997541929567545 0.13068593791397753
0.6244691916624099 0.2011172433856847
0.6880245324288432 0.12007334395678226
0.7718896825222508 0.4683481153642095
0.664021451591557 0.41470519571102016
0.8265067477597243 0.8635160438018592
0.6879514728232279 0.8384860812624193
0.7860406794662189 0.34420918407039913
0.781310712788408 0.6331848210499031
0.779014706641205 0.7859555898318606
0.2614100746131083 0.39137096936591553
0.002712895390350356 0.41236501295336736
0.3216204680387109 0.8735409678544983
0.8850167928447399 0.6867052762420391
0.7091156643490171 0.2103464193502953
0.6620421388339939 0.7691799407767055
0.13783239218238363 0.9654764138353311
0.146384374241322 0.6275874090410041
0.951261529938773 0.03302366735617368
0.29469675457291156 0.1238373199258429
0.12422063506819181 0.6357549536215685
0.38300108361942553 0.8169483024028537
0.09596695635206953 0.6309807858032253
0.2653058927962135 0.3951038895130077
0.9324409920738241 0.5145870035249109
0.71120529543544 0.08395692248903242
0.10024366594380885 0.12755726426403635
0.33063389440353097 0.3618860037603595
0.7388719561200061 0.599967109759165
0.4837615501811987 0.7021026620124566
0.5379459663731263 0.4550193975762482
0.3765395044311608 0.21735272335859102
0.2833679758245815 0.5816877182648179
0.26427213284415174 0.5940741156646419
0.6761973160902717 0.010909732903176428
0.49592249547407286 0.5372304460027075
0.1392467750866535 0.31725308503053906
0.6547432606384262 0.9367980638679467
0.12862455915492554 0.053840855692824485
0.41980819833150873 0.6171642382285922
0.05045566973710258 0.46312722689444574
0.19600447233335982 0.3929256364430218
0.09728789336503407 0.5781094632046508
0.2893225174981717 0.030519098424939495
0.8817378379525804 0.48315554467247424
0.35005300729351774 0.3161640903897369
0.6819995246477213 0.32187720719582935
0.6877940240742353 0.6085563759619186
0.485399362602714 0.4150017697910757
0.8269225657717143 0.45398967442193716
0.670203849637768 0.07849265050725451
0.7182930698600374 0.8764980239343274
0.08311089996826904 0.3710602065592845
0.5840002942889169 0.5753415338508487
0.2555183953173199 0.0776147078809093
0.36439619086726793 0.31099368344534617
0.04004938974948136 0.440053820880276
0.5356786806984135 0.6948152739351903
0.216504744924382 0.7844429506941941
0.06812126926692974 0.24631616352246022
0.30173999054023026 0.34864345301153743
0.7168048467276771 0.2186561558071971
0.7581089018072142 0.07360796513061874
0.897502063122104 0.05278429078635627
0.5951274055691924 0.4974210816324576
0.1011911231591609 0.8272712777298259
0.10139472027398466 0.4635868796275706
0.18431397354187173 0.1268498370807183
0.8662482804227336 0.7390875232322998
0.9812801928512878 0.34609406962070643
0.47158199695559455 0.20122046775129343
0.2825420487949881 0.2171060349570375
0.8534469619498566 0.5758760998460959
0.7650060675949759 0.45818668920991845
0.314702613377867 0.5044958551622496
0.1306274385900239 0.4588933475487238
0.9066083820488473 0.8865888036692322
0.7966076084428062 0.8097997915154427
0.4164919672254346 0.6847992236487137
0.624265626229787 0.2738788884878902
0.7007221473651346 0.2120155261352643
0.31972405284215877 0.21649007694311906
0.5113802644902661 0.6350721376398338
0.45568288119078004 0.9636751244896387
0.9156232287385577 0.2418671731262927
0.020353576162007503 0.9468259498431542
0.017107090937293457 0.14849591150437402
0.5647013618755978 0.8004352200684368
0.5604273286435233 0.24585834735147927
0.1418964638563145 0.6975438716618905
0.9132915372219281 0.16567241683939615
0.30793311375162347 0.29842356553705063
0.5086931078794958 0.11645625369352985
0.17269228401875103 0.3289188758947008
0.7794972131892437 0.09747715010168378
0.40191710731456953 0.27523784840548604
0.11574043857408745 0.8477777806167335
0.7907563915335423 0.30689198262507
0.3803045410672896 0.9699417828822503
0.35724346999704215 0.8157612219971799
0.7400897308783645 0.355775569845852
0.21152862986320708 0.7905104815887396
0.18195043022277702 0.2410462579817072
0.8433464396268637 0.43044794021965704
0.06246748620854059 0.1873877490577085
0.22303491366321593 0.15022295194835156
0.00943706156764601 0.5540255595406143
0.3895001542932308 0.6325751182722281
0.5198444005359106 0.24415537849160618
0.9514403538864826 0.33203749459471577
0.8312462294954546 0.1871258339931421
0.8521556446674494 0.39637940330595867
0.8162388140628034 0.7439264417380025
0.11766806159301058 0.4058263254443286
0.9772185221309062 0.25048559672786763
0.6666458451936312 0.31049351704988837
0.02372886212003733 0.48988919669004405
0.4422578568464923 0.2544598008840231
0.13888917121144972 0.24199917003362748
0.534217149459906 0.30890143461979114
0.38906705474889414 0.8751420045277643
0.7503314654617796 0.27145481933032345
0.37346046915597286 0.13137965627085402
0.39406501300568153 0.48190255239322255
0.41793520160636644 0.1664584992337126
0.6032360025979877 0.2107518226852645
0.867124611924923 0.4896064762656003
0.8521341894525407 0.5808572264245291
0.22183422968716737 0.4045601847984561
0.5661839483236115 0.017608020496473697
0.24312501722919944 0.1885856543348654
0.06893743146002285 0.548407855350511
0.2565533887598004 0.8942745828622225
0.9499402710732936 0.5433699800666492
0.21122320134243577 0.28551403261275476
0.1563269907632987 0.1541059550525805
0.1252631422377306 0.21768356403785583
0.16842848972388436 0.18448787476206152
0.3623673681992827 0.49684902346767323
0.37740738887410363 0.24398247576032506
0.019590826488226964 0.3891307699501394
0.24662989175721073 0.4614289192910488
0.9898656341899892 0.8295386779544163
0.9736654332413186 0.39333735146162363
0.6274160878015311 0.11411972959949623
0.9852175766244755 0.8371035635189721
0.9011604309934955 0.19341361755887032
0.5982522218290767 0.6887056920125405
0.5207079595432984 0.3421028187398718
0.09825250472104496 0.1683569651502821
0.4109150229694516 0.6569885743390624
0.2568546026099656 0.9864371371407177
0.8672200857748222 0.31056023164378366
0.6122758597137437 0.9503154228433683
0.2505883968644551 0.18226870704239895
0.7387027219144695 0.8475093115929786
0.8449425958263055 0.8857492445597162
0.8197269818637203 0.8947821817570019
0.16135225757520355 0.28382172828217556
0.4926773047055575 0.19096604247607973
0.36458620230301264 0.3952858329844813
0.0783934494296672 0.06455827931315095
0.6437417493132709 0.5506151274404683
0.27797710920732843 0.4547551776708285
0.26626561335930377 0.1302084217989221
0.7800091357125498 0.4110645227984566
0.20327190995458722 0.21270954061949654
0.3527227015231429 0.6502895017618231
0.05218581284780477 0.7807450904896518
0.3159426449363427 0.0367499748022575
0.686985401536045 0.16568289072606013
0.7041208037432332 0.3386785730004509
0.7216000627874863 0.26622637207542366
0.9183812803506464 0.646425069399003
0.23578154050013334 0.3715004722630384
0.6854795132499365 0.9502540332121292
0.8744598436446593 0.7326805308605542
0.9516857324505827 0.7269380622645703
0.38989424444676457 0.19517716387023532
0.7012933256968019 0.3672158591371677
0.8945348767249004 0.5049784815827851
0.35084746766591235 0.13805430186103074
0.8292926675126984 0.8514328005599514
0.5815512134968992 0.9230322149361934
0.45399590172194415 0.80716856938772
0.326994633905044 0.3132922699257443
0.49225693346330557 0.8170904845190818
0.8853788327343863 0.36503162431197955
0.04595756475319002 0.42883098847510315
0.7719611941243218 0.22731928672783108
0.7420310513795219 0.8716163299683453
0.5473277959945704 0.4182666023526951
0.9177497961979015 0.37278722500549843
0.9691466034039751 0.287137085980417
0.8046439710715727 0.6199482316838949
0.6779987958320479 0.8649802652032657
0.651299590741625 0.8354078138822889
0.8270740243842911 0.7418996788980687
0.7365737657429343 0.16214298104469838
0.9744476087796146 0.3522614248622222
0.8337617800037167 0.9156633776437362
0.6658572663339428 0.7946095428219648
0.25567202434593095 0.7175019690895181
0.9099998659345712 0.9127445233185778
0.882114136558342 0.37961540696463913
0.5972136813194036 0.33211287759759367
0.43429078493435913 0.8845263157187182
0.5491623812340576 0.048341425815647376
0.683060945988716 0.6928735298958675
0.6415563176960364 0.13154423950710004
0.7271485020140707 0.9214365050697093
0.28487317282093216 0.03665961652104888
0.25888594766902506 0.13087323450906174
0.5119051103486605 0.9815377830846246
0.3806126590437817 0.6632360248828755
0.5240081956330662 0.12762862431704525
0.8978415761852963 0.26998694716577964
0.41855850787993387 0.14582502987720214
0.04875232093774651 0.009731208935932933
0.22161940301661853 0.8491849823645392
0.8007686402413292 0.46188613037353554
0.4051549839308253 0.8288971163404237
0.7952133069884164 0.35827741016579906
0.46383873845820234 0.8561073816811522
0.6809712553136578 0.2720683703073057
0.5876713180251494 0.5929755819252223
0.267701120559942 0.3391786777977239
0.08306365101962943 0.5828519806399031
0.3971339625690242 0.20117938863807816
0.7865506183967406 0.26321512927598034
0.1944115215236637 0.13139204965255447
0.4891245187544562 0.8934044285138436
0.2484988405978874 0.4360491359760228
0.08614075359732953 0.2696020360907516
0.1943173011442978 0.49930969660361413
0.6679293824898465 0.31306594818084466
0.8828004520413011 0.7202409686985882
0.7284509456699275 0.19060826164615907
0.8346790469225831 0.08924192037873602
0.6598827367358278 0.9879018328328109
0.313120429848762 0.17420988039839336
0.040212031864241604 0.9891451207310586
0.3766268930640979 0.24120747168199808
0.8147497681355138 0.008257409284189832
0.2907198009926377 0.3257963773631285
0.18324639586172875 0.7877227395238517
0.8728329803871715 0.5718738575632798
0.18665439205595646 0.27165147894556196
0.0031546943335631905 0.8207308064662902
0.3586854845101415 0.3395609417394121
0.627600280152826 0.22426479782103148
0.13803066041151357 0.03630593930543058
0.031195616445487406 0.29144308424473087
0.14265681392277463 0.19251380773037852
0.6751651046956078 0.7476521800073221
0.34749100778513053 0.638536830102332
0.7604739507880292 0.5700363822586125
0.49732518480811194 0.27160739784764654
0.7245463401911758 0.2509372073349141
0.41685211569439184 0.9437965040811422
0.3962035349560693 0.19677962302909213
0.6491966763070938 0.5183382990237966
0.2280810798987578 0.6037524532345679
0.07962584500676417 0.6757652080774124
0.59961755250507 0.869566039918608
0.06341213473356944 0.04920802219542719
0.44822408564653027 0.43048241046979574
0.32590382389819195 0.5035720461433821
0.7119629958969422 0.2515281070676407
0.7275539062925656 0.0954815027522189
0.40528093490284767 0.05776560966096267
0.46916101676989364 0.9403307251974009
0.8633110908335369 0.18367939125191834
0.5800970233039773 0.6782905427969355
0.16429077285480553 0.23381268822863177
0.265944505902163 0.374965244653223
0.8245021253723992 0.07653565240310067
0.023097849454857045 0.6875323560396702
0.12710510216257886 0.5845360951613596
0.4741314909058423 0.48896810129644797
0.9765338884221066 0.27752091816828073
0.38671679420623284 0.146635213718455
0.7598941402240482 0.12898874072776945
0.010644574526961437 0.9684070079060116
0.34556775307505183 0.7604841490526695
0.5368958176553631 0.05922878989131908
0.9711228037898367 0.7670647736452068
0.87707374724907 0.5522882458948131
0.10585847456635733 0.8489149873463138
0.2769315151432352 0.6120739629393941
0.7345724935695184 0.5585963339142719
0.6433339419914104 0.7586384722927646
0.33393625366147783 0.26828199848082357
0.7576861250458882 0.47470599450345663
0.47136326644337245 0.2503492057362353
0.7817142295288992 0.46932658879190114
0.7543615055733497 0.4184337813178043
0.36554169494431576 0.6731371262604895
0.6686433806748879 0.6671455262755486
0.20272333404567378 0.27739630790524616
0.15976649961171518 0.14339616059561067
0.6037499355300806 0.45286986853957845
0.5550447244028744 0.6827451787819907
0.5199552618276642 0.2972450597127767
0.6820308201461414 0.1487093282749139
0.24989554701894834 0.6008679149460363
0.6480275903945372 0.7575055638600727
0.9906401480641576 0.7609279085783796
0.17991694083442544 0.643798156265118
0.2801077045296432 0.33122346724461815
0.43413578569706157 0.7749213659517831
0.05535281116744817 0.8904602112632733
0.8651242331099216 0.5754520069530624
0.11761624862530451 0.21876608277172638
0.23171759529778835 0.27290650029954455
0.7179397978453395 0.7059798774431758
0.6165323991762457 0.6404599715639421
0.8130821455911592 0.7251045103299518
0.6102256313004311 0.009108067504070672
0.6111863133728184 0.8341164445207854
0.5365028299215524 0.9544109699443537
0.9077822771593844 0.08571044652141402
0.08016453026095127 0.15275712825005927
0.18786767094764079 0.8024076208378759
0.11545162093844041 0.8427281932669464
0.8784995564581097 0.45306685139894776
0.8111460439086517 0.6604415586052799
0.8358506604015612 0.352050766611979
0.8009420309244968 0.016661659987513122
0.6568309185093695 0.259909567734135
0.64300086179504 0.2887798109486426
0.6924243743283081 0.7259032301359813
0.4435867263288211 0.9339080729943241
0.8889007617509874 0.8688326222070473
0.37376984309225336 0.7405696016705741
0.7266713558107718 0.19537423829527567
0.5957505633157996 0.06618451085849064
0.4662407364046186 0.6578113876855545
0.038965476276050515 0.8733609626821204
0.7630515304771848 0.2621836554424837
0.8707561421061756 0.7684806228401941
0.8367381298378733 0.16825569654546668
0.14163719442907197 0.4812982548777396
0.8275390712171256 0.047787918250719486
0.9094030307593222 0.302055785998808
0.3831084383204211 0.112509041539965
0.3895654553348087 0.4009570323926337
0.5936570594773287 0.5900823256380621
0.21316554903216667 0.8511508216046977
0.18506097991977155 0.2296438595411645
0.8467189127503416 0.04728412390180847
0.3524084721955085 0.6694709552964111
0.876129680639292 0.9438420214938827
0.32236020673527777 0.45248668864058716
0.2639729831595057 0.42814967701342477
0.7581590423324258 0.6917894526528292
0.8160905365317874 0.9071866589118158
0.8889061142788739 0.3704795995187087
0.06917161703409169 0.37106185495019695
0.9884215565688352 0.6747494745574583
0.8235120564875007 0.764856627957736
0.6419899429704907 0.7426551558876475
0.38988818854260665 0.2285345253517994
0.6249005794101041 0.8549009979828037
0.9995807992260597 0.5974303444810634
0.05631680209010104 0.7471353294546408
0.025383021095174874 0.3947613472667315
0.0009974769272340644 0.991305382302113
0.2580623623933507 0.09813054418648681
0.776666816843111 0.596779526607818
0.45475869238617617 0.40886594501691964
0.32426808823135866 0.9703547426230763
0.8084353534838489 0.9257869561267109
0.3793222563840817 0.7016278351414493
0.8368707185559627 0.587714145170779
0.19525957363251 0.5544962835062832
0.35077880718634935 0.37118968886748194
0.054620147476857506 0.8709673486691476
0.05018748101216941 0.8648890539080776
0.9293558885406437 0.5630848584889891
0.8981362290719808 0.9739800747679681
0.6594490969752127 0.6398054414126568
0.5722303305145469 0.0290518327086966
0.873771651639869 0.20599381501584824
0.4858264610601464 0.6042401150020258
0.054111507530411496 0.37679650831341926
0.6209089553675748 0.8193731262665864
0.8128759665002883 0.026798437912683104
0.9045406062697015 0.29386717772772464
0.6212747836096115 0.17808316715992145
0.5624988270531179 0.7629495319477584
0.42593703714772624 0.3345449907899607
0.20322101587612984 0.07678177501809769
0.25945446584900145 0.31597875104104056
0.8980852315228183 0.3404035175813207
0.17217727182971032 0.4815354631622677
0.3608039051245755 0.07758873689764245
0.6568258270187295 0.6395950412619946
0.18963607094265966 0.8652781802082858
0.5727160264975952 0.3944216546108801
0.9341096348413964 0.5233894712207698
0.8997923434458981 0.8855781037729564
0.919764692621238 0.605100847475158
0.9061056181722555 0.2788515050305993
0.8988131519066542 0.4152423056004977
0.7022764434659499 0.9524644636226953
0.400525820457891 0.7381055866888255
0.27902021833369517 0.7891998820888142
0.18645543408303977 0.7202896682726698
0.7826638127156098 0.33403523264609647
0.13388994024150858 0.7916624051764976
0.8523309790500109 0.30670700168801424
0.5275340855545361 0.1620476811726983
0.014968845593016367 0.9174500634157439
0.054960279302338266 0.6096542806690537
0.7486778203856048 0.22118725184299715
0.26503633017071127 0.7414281083159195
0.03181580549644991 0.45497547936399774
0.24719920919487515 0.49856747470878315
0.15204244980435644 0.3696662938468769
0.35777309227198795 0.7560392936566962
0.6525455525767361 0.1857323674578506
0.10115615383392851 0.2549726173997393
0.470385306285825 0.8766164690446632
0.1867311999013117 0.2941501891623852
0.8209204286937013 0.3717744762534956
0.3658303121105919 0.12426223074044329
0.5745019904035538 0.9501287127380464
0.760100672022014 0.01595078728710031
0.2026817114916828 0.9107626133190532
0.5779246497277264 0.8854909908524593
0.41372703672526123 0.30091850044052615
0.47817852916412207 0.258393935272325
0.9334264402384955 0.4000473352950562
0.6572668072576457 0.8910970349262022
0.306155389618719 0.7876953928664967
0.9945310476953626 0.3092647682015428
0.5606745808040814 0.49171396753268826
0.6939813429802293 0.47511102312785436
0.7902144789901993 0.9998044961548778
0.35777485494515693 0.4596340555301375
0.16876649848967618 0.2880002816078888
0.66659948850025 0.792591678638624
0.49717064649525833 0.4033890742830961
0.40249305262878976 0.14570633378214626
0.4169744752967135 0.08301240174888225
0.11883633782848357 0.658137290019218
0.43321381844108053 0.16077476639854993
0.8312418288942065 0.8429543991098416
0.8676872616695908 0.6235149727148528
0.7068414557039975 0.25846104622629773
