10 7 100 2
972 1068 837 789 780 870 813 846 706 618
884 1108 766 1002 866 857 949 630 771 668
967 919 1156 781 761 802 948 884 693 737
1159 963 1170 956 822 1077 806 787 720 921
1477 1364 1113 1166 966 844 912 944 1119 818
1460 1251 1104 1215 1020 976 1036 1007 950 931
1961 1633 1259 1463 1256 1091 1028 968 1062 1176
1471 1483 1103 1144 933 933 1096 1006 988 1130
1214 1351 1024 1182 866 929 903 1068 783 837
1073 1000 898 848 839 823 959 920 975 822
9 5
4 6
0 7
4 5
6 6
2 9
1 3
0.36164037918733866 0.7824675385154437 0.731471649125302 0.43489048895849813 0.4461897617415993
0.5339680340295667 0.8514541064394492 0.9686841669758557 0.9761582129610149 0.2789063924221814
0.9155504361742177 0.5657511615574549 0.7746266481330787 0.6291319216375884 0.3214442802309795
0.723777689090205 0.8746072837689274 0.5941194514014563 0.5385949748721279 0.30901006117985685
0.5802568424877887 0.3328740513798099 0.32375681977176113 0.8993398690187211 0.20927027411732155
0.7702863297462528 0.8213405035627026 0.5312500060588584 0.6393909653657105 0.20933511845816621
0.05026782622662518 0.32097018703690283
0.637237303493833 0.020062487220243286
0.9290992008065542 0.25473389383859746
0.49753895582478846 0.42214365823262634
0.4908836647863388 0.6305688045164723
0.023297008859920032 0.776380588492964
0.14819042704840046 0.17412751449232666
0.8328076301448544 0.26959467306274476
0.6457243563856305 0.49773585970498213
0.5816586348877701 0.15287259521884278
0.5995410563411903 0.2043052529995899
0.4893442112792945 0.5020450718533855
0.2840903389148952 0.6161672928042754
0.7521132404867981 0.7456417609366641
0.4321437743277745 0.08007524699092827
0.734787995284772 0.5154646343009908
0.5650310467887478 0.5470864136260147
0.31418970466654916 0.6690284586487418
0.19552040325262854 0.3018681647252406
0.8781581980179445 0.3973368856830872
0.8063506090236772 0.6212456047475385
0.4598331466006418 0.25264319993253626
0.7730378864182412 0.9345655536455064
0.20264665456965192 0.08538849746643451
0.26118577716322844 0.3887860682680304
0.01075595077031255 0.41205287644557065
0.6045669794440813 0.6977298311605127
0.7706177808285775 0.5996503320933262
0.03095111839699327 0.16804931611901552
0.15037857906821195 0.9158459307596303
0.8988557720517805 0.5870866241461885
0.06463370085360842 0.7257266424922668
0.03799584229212383 0.8911141277431822
0.553383424932187 0.025861779764590365
0.24249074079182376 0.48272254204564824
0.20211547868109414 0.14275516986228354
0.8758982362623045 0.7624842711823905
0.8000389783997899 0.7961839091565592
0.3519047923299914 0.8558253345615527
0.594056069078017 0.4128964529955519
0.39328207734627774 0.9109074653391087
0.3597206320159574 0.04109201479370572
0.957002495328791 0.479798582415085
0.9847867681941298 0.8053040724309486
0.09839042985826696 0.9860095434582397
0.9694060356499217 0.2792044259693651
0.7487062537602496 0.04901231238106307
0.6905052593222931 0.970865748816552
0.9027495520205224 0.3333340980769379
0.13333225572887697 0.03430951110877811
0.8205748461993083 0.5743385289401266
0.13844177166680782 0.19492239729806693
0.17402510538684357 0.511880906699937
0.9080012105500292 0.5765917433157934
0.9949227734876596 0.12491999191348291
0.06853958839394592 0.524348429164712
0.12581287880725434 0.4947215467125241
0.24561221166931735 0.22360002148938896
0.6972915338529497 0.9984321015668207
0.060296438907271765 0.9105096290646757
0.3600412098769259 0.5282167394490593
0.6924400716598846 0.08044870137033877
0.6627848129912641 0.2572338717361644
0.7129076955897717 0.8663153206464853
0.5021623478305932 0.08826705207780061
0.49483532344181747 0.9960482546861804
0.09066695396936386 0.24080158722322187
0.9037822914663245 0.4156252077132583
0.18695278355160205 0.575226101139168
0.5876649767106268 0.9020710557847165
0.21848896306716492 0.4833070073807213
0.5488284824986533 0.7423070287782381
0.7266244328055886 0.9405397171444683
0.7949948956679977 0.30077447618560793
0.5387227834085839 0.8633698387016329
0.29131488149193774 0.07807573192305717
0.7060676811159989 0.9836603490669147
0.058118420665200565 0.31481225896914244
0.7903581684347181 0.9005421297252134
0.8025605161078806 0.30043141217972336
0.8473795060065665 0.45290116567361993
0.45440805109082394 0.845624916762822
0.04212742637613176 0.7776864979975362
0.8659522467358693 0.07017493109570871
0.9412216126913784 0.27701075273087294
0.463290965325988 0.07298050380456655
0.6492373310648121 0.7000972484076056
0.5657831129658442 0.3900516492698225
0.5316474187537441 0.13722900781366132
0.2723356265449315 0.6658788840682468
0.7421081168396475 0.9902943889068458
0.5102933151586313 0.6712882483899896
0.07934760733773771 0.7625789952373816
0.7845376272203808 0.03221968092135308
0.6481709036538257 0.1476941809432275
0.8091755367842124 0.931902433846451
0.2030457701085211 0.3764537918952351
0.9677948640485541 0.5187178241685682
0.5953829963479735 0.339708672234303
0.6008531509485391 0.7169884425871331
0.36643607086565466 0.8733934411944406
0.6232385316152842 0.9149116281433873
0.29490449452662926 0.0456184677249063
0.24996421390840795 0.34142046183860897
0.7795594245051178 0.7082365953092629
0.2646879147841157 0.026632752505337587
0.18450559067826577 0.16867373632055838
0.7889174591690826 0.7419453175791051
0.6427757090785589 0.9742641068790399
0.6117901839710189 0.8127016040643551
0.8873560572867203 0.8489916835768967
0.4102018123626421 0.35700324739437783
0.3973666331102126 0.33208864153946416
0.057970450062102996 0.36813590944890073
0.11698947123097914 0.2671045636947047
0.0016635647699660971 0.6460753626214357
0.6393543747645889 0.06940017144801236
0.44119983384197337 0.09134753850023425
0.7565178895749942 0.2778631041335242
0.4781514206757691 0.20069493799662075
0.9310813627435657 0.6133148442537455
0.7775249022153774 0.6849151802904474
0.7406337301896886 0.5508124826131326
0.8253601461649258 0.4929196583928275
0.4376953400439849 0.09144333714718855
0.6051758106902969 0.3519283189299913
0.6018933512894604 0.39282507771291963
0.18779774700382612 0.9811883664400061
0.9277758559713378 0.36152633954814606
0.5351846312911075 0.6712024438945396
0.05489746597988332 0.6747667679282043
0.9369635723632506 0.858431667151075
0.9237894864244176 0.24387618219506635
0.8160664408640506 0.7998502035464146
0.4269425141086334 0.4705864452114743
0.3026247797098909 0.4983540254684309
0.42725313922764596 0.85564337078301
0.2199672615512538 0.7942268764416625
0.009043564863486342 0.6467708331998625
0.6822279679476424 0.6719236368664399
0.9671462865721929 0.8755198611846899
0.9318109204503346 0.5880763679459309
0.9274988475999979 0.5293168881424903
0.17842982555376175 0.8285057182546414
0.5905871527649078 0.277442774792682
0.3824185294740865 0.9154924040933816
0.8235705698690365 0.3640521426014589
0.6103167384280765 0.22853798930937397
0.21841029019269942 0.17668173278443988
0.030650923137336195 0.798867467365939
0.0972341538670829 0.29224822240648773
0.6622268172024848 0.17928290495418508
0.34746865148161965 0.14677637998339965
0.5445040359521016 0.33944371841388654
0.683905179262746 0.5280266018836388
0.5397222598261511 0.2810664087261858
0.21975127133119732 0.37367951226438034
0.2863371973594646 0.20264046963905513
0.501185944477385 0.39992772345002847
0.49280369314915107 0.9509127131463952
0.9715305153365414 0.652158631255898
0.21507087230368582 0.9384420836752414
0.9986882779687971 0.07651131039298487
0.43272281980673677 0.980062065947507
0.5320530500479637 0.6458657865585093
0.09516291721171477 0.5997808003947684
0.8275792159558197 0.9377024904268692
0.20862471294771368 0.3791600406964235
0.2605251408692948 0.13121021987531223
0.40554669177516867 0.7447381537756439
0.9744756304604687 0.9125428605694916
0.713103602956142 0.31280653326654395
0.42190829400357854 0.7941964574464213
0.07951425461508155 0.2942070265861605
0.8289817813135321 0.2913461015959884
0.09746592019268485 0.7940748321923683
0.7697096838897772 0.9637048173490979
0.8005411895452759 0.07468825869440221
0.08969972115248614 0.6373883106554092
0.10756555861530748 0.41982263381862084
0.061827490859425405 0.054625129854652954
0.8763652533321278 0.37179066991997667
0.052485127024903155 0.8183444878348334
0.3080225504426568 0.3971568418020266
0.630886091540235 0.6687496996988029
0.6800750376253222 0.4650998666348096
0.26594923689920824 0.09771720703197628
0.04179361539352899 0.3633827926460673
0.45331430370549497 0.8212753284610219
0.7178626807254318 0.8718688242951642
0.483423843079005 0.7074912655650039
0.3758962991700283 0.2971606564620317
0.8791808548428155 0.19994512961122002
0.07131032515997648 0.4274573311940757
0.2068885924469368 0.23163154281275555
0.09456582757328524 0.15141649058320605
0.5500940212351739 0.7533093322557465
0.1501293992455386 0.7988937811893566
0.13490330847646814 0.2812730308238287
0.6580537074993515 0.8492201287457846
0.7015874974086957 0.2517177885999058
0.6172502797832662 0.9415550942879845
0.5651987634547202 0.7717737835531968
0.894974270199353 0.9751230846071746
0.23952359951389135 0.41380684248436883
0.38993411197997263 0.7927505351536674
0.02888404085093299 0.03274647186434465
0.9122327583705299 0.6278993409751137
0.47217192157465804 0.857438176274508
0.5123079700750284 0.5745589721250726
0.8441196857378634 0.8882395134685703
0.059040466774189726 0.8285269699971409
0.08868422687038202 0.5462961671248161
0.989109353120124 0.3061081538103758
0.8395596588616117 0.2088516361721191
0.3967699936003819 0.3013346233370413
0.15287917512906124 0.4343376217463406
0.5160108497570024 0.6848836766241881
0.744951291362596 0.8255240235582615
0.5809079134757598 0.9215672936752524
0.7939269590802793 0.22331552221053963
0.5845863443563721 0.2135927672175013
0.7760541983028488 0.826981078165391
0.6296737466076374 0.5997472562487423
0.8359535924400814 0.1382323678465478
0.25848349744155974 0.7819918847308167
0.1629230064429441 0.1180895325602187
0.4351461169736668 0.38090177274671166
0.0749725389210445 0.36729133046543216
0.2529618109819942 0.7501341221438629
0.3142021340117551 0.7546447727543737
0.901053530580644 0.7755983962415289
0.020959549328562588 0.33621865290416375
0.6791360543708203 0.3310547632430776
0.08077498287128937 0.6177083804030463
0.32252445254368456 0.742689825658831
0.22633651875044913 0.08956707364896244
0.6836736678513671 0.3271783729262556
0.33326804881505745 0.05939336367396497
0.9056368460230597 0.5420045908759714
0.29339175337323153 0.030180054061916373
0.0036083983405919007 0.5088150690698694
0.18610080823977326 0.4139894680748495
0.7624476827281226 0.6715906552635664
0.877079453205051 0.08801081339099359
0.8163448124503259 0.3768158594084494
0.3122325320821029 0.23789312891343561
0.4464161104638711 0.7714709281587357
0.5693895266973314 0.583691114447916
0.757932153884805 0.913418766714206
0.6240057152823442 0.30740839896918604
0.3753168624056018 0.7435563819316455
0.09514473515689414 0.699883155701803
0.16659583970047698 0.6316729907816905
0.07581163384619649 0.7108290842611797
0.9328451404453564 0.0834458778738143
0.0739094698739402 0.212812641707939
0.8014320374429562 0.5323529847242134
0.8323378041891625 0.532510158873893
0.8619954637921916 0.9085666184130472
0.7734920175432376 0.5454667774336672
0.05502865044645655 0.9485518379689137
0.08221664947243679 0.23411609969705327
0.6511023700085803 0.9082053855588699
0.6163594438623075 0.018190021669465928
0.22603265575549636 0.29086646715714903
0.99217922731257 0.811587922709168
0.23727313731392097 0.33515795740713084
0.29110339613985814 0.9717179387198318
0.3988809673887601 0.4441244292584918
0.38662276492394043 0.6591352094871239
0.0684581184693751 0.4481180506581097
0.3875538922903736 0.09102120632569988
0.958201428022857 0.7963187658066313
0.6989536709494197 0.4162300761065303
0.18859074969195455 0.49054971364823463
0.778301511354804 0.8424413575479079
0.19029760664557993 0.05308479927253229
0.34341182413527815 0.8470967499664235
0.6369407565559932 0.05970662608729693
0.39818555124371313 0.26874586855319893
0.800003749266881 0.12701792499895959
0.014079481853945142 0.9767528353720178
0.8216311238605323 0.6158879467290683
0.04075745791607899 0.5381474099935115
0.47890692182854555 0.43405214941106607
0.2989681424622832 0.9707458214296814
0.6216121505488605 0.14390811543680404
0.9574084246715493 0.47091779307119186
0.6496907307972679 0.2574190450754754
0.6957858327855668 0.9122976455079552
0.2526501557144196 0.3987114656843189
0.6836817130274848 0.05014278580892073
0.5883114607164639 0.8102990029940234
0.6788044157087751 0.8968532105824991
0.6427456991360518 0.07380636146255304
0.2103754557552635 0.927894703139196
0.26484747583928114 0.620440697485213
0.16998927306785383 0.11809720700148096
0.17647509967899322 0.9472362349354211
0.7935133195708746 0.48779185255026936
0.00517043614904078 0.677518038980585
0.39059178275508866 0.039558009516329484
0.6158881207922124 0.5871845053100835
0.013622011964339986 0.9413345523412571
0.23352965272954584 0.6509575067967364
0.5228445372163271 0.8449067909669337
0.5836529439576374 0.8643603713143444
0.4325786310984352 0.2704142017457365
0.37742732808605983 0.13056589789069317
0.6468098045858564 0.4010526323183572
0.1399945623720904 0.8709364065209306
0.5298424543342548 0.7736846058262485
0.10256058530567147 0.7671896631981165
0.7613923335239656 0.2163895205798001
0.19033001670582705 0.44328355096504923
0.6100170715676041 0.5963775951760031
0.5717701199771745 0.536032188511707
0.18061946761713799 0.42019664715876237
0.40305484587168805 0.3603188644732771
0.07686183546191283 0.14095117716281225
0.5247115095305883 0.9772228421565539
0.6175870365612233 0.6015812128103823
0.8946752843463317 0.40456851392429605
0.5497394418123276 0.7771420651722261
0.09991092204779806 0.0010235138387864051
0.3638071263308149 0.29325281704270867
0.9429168786899234 0.7635934894430643
0.6174359786597274 0.720633190861736
0.5775533917123834 0.03504265900617365
0.5176881447239898 0.09233791954800163
0.5186254924611973 0.26693324242396677
0.5237107242096786 0.6010154732448931
0.6238933054425995 0.021107392987119278
0.21205635679852408 0.9997947323480982
0.8674057091732197 0.942017807810251
0.09829150193007519 0.3138704417697349
0.6259535133475107 0.9573680401686224
0.28693114952413157 0.07626276371288832
0.05263522193907555 0.013691971345944243
0.588210935667626 0.3964314117312473
0.8061672605698718 0.09182833496631937
0.587053244711264 0.8086539181126817
0.3675710142690034 0.1359457479588928
0.5984466161222133 0.3140172211842551
0.4099363623319183 0.42645536547724294
0.06979951409835983 0.6165908742177446
0.34594645097392673 0.8758421179889884
0.11137130117073779 0.0013928733350114797
0.14496439202035227 0.1769667459355737
0.8352905652129898 0.6121389119205523
0.1531553907160501 0.8073682692684294
0.5250917085850175 0.23373063583789677
0.9730831397084843 0.49988537577478986
0.7460310113658697 0.6342066823515755
0.33840688574260436 0.7503101878890766
0.02157177446565295 0.5765298030230197
0.529489591651684 0.5938763012768853
0.5508367756506345 0.14245873632338824
0.9529906510720085 0.9286794385436485
0.14828526512013362 0.3753057607097978
0.7397445516024739 0.9079405099047664
0.9446772583667951 0.66977207275202
0.15830249419027553 0.45606930461242845
0.8646889678603322 0.7924419322511456
0.8880810648819242 0.08588497134242523
0.6535188998176975 0.7290515348478979
0.32638123059081403 0.3795981861341351
0.8696696934990791 0.3017446625749096
0.834678248331929 0.7093209738607893
0.500846017062172 0.07837389334522515
0.6109953943804589 0.9646701697131739
0.828451907503672 0.11275074020468434
0.6952617965393948 0.4655863725186653
0.45184702476619454 0.09167602247998108
0.06083426782005996 0.023647811459625467
0.8112537055800864 0.9548964760574858
0.769254209116139 0.25892532871382135
0.03456781062752934 0.959193733695856
0.42317982147016875 0.9073792779496797
0.8095192890413743 0.6879839759329374
0.4428130009810809 0.12801620492631782
0.3626501450923705 0.3761560926522529
0.771659080523309 0.16122778280748817
0.299565760999156 0.3952156011753163
0.036917368923488514 0.5163898341247333
0.6245383866604286 0.7988294309864654
0.2924443276229749 0.015674246681413484
0.6199055681165928 0.940257605033259
0.864290339354685 0.6576235282169973
0.211872531319361 0.8373746973940113
0.9127430348625183 0.9169143579461507
0.10147132468476117 0.6273361046751158
0.33836121931387786 0.583415096978082
0.9857834525620823 0.7293928490653188
0.8178987763065164 0.8084322983820562
0.6525202171284321 0.6189579522675948
0.11244853663465304 0.852519624155583
0.40580527269000544 0.3568050318411371
0.7577424425230046 0.344944248723579
0.882232120721876 0.7734537688334726
0.6620236665012555 0.18776232563484774
0.994292846222453 0.8597573328238199
0.3098266045525666 0.6223471371397169
0.23203016763623285 0.3605751203878298
0.8615228217745436 0.6229958060018554
0.03212898372833983 0.8685384417213402
0.35927801529607506 0.888029618808363
0.8566788216823205 0.15740390410859262
0.7566991535772694 0.20473642089653166
0.653193066172487 0.2635303800193425
0.7624385562363474 0.5881731143465336
0.5185414518347082 0.4991041498729205
0.02367564539734257 0.5969103871912296
0.10706244489890238 0.9807968594322589
0.592667974223611 0.7328282775082571
0.9824513977586773 0.7443591233513405
0.7049856776717098 0.02890681635168746
0.7403728763878692 0.7793698894760062
0.8239134901033505 0.5381631905339843
0.029360105060290298 0.708999699307201
0.03262803953090998 0.4887285365537479
0.9147383473974631 0.4518438641490603
0.6224428806212503 0.4206483727618482
0.9644818223995182 0.36733229739957673
0.07144852989995076 0.4502991673582195
0.9979319505731301 0.8739323995758566
0.6280969400527325 0.743720799610039
0.7053256455816053 0.3348765725197338
0.6555496780743744 0.5778346918789574
0.6168837865060481 0.6290537687264308
0.28504453753045866 0.5245183451549209
0.6994995673061222 0.23525805595506233
0.5302116396662246 0.9828441580876244
0.3375109191349408 0.444595342254805
0.8192860369261488 0.5270371658488249
0.8694339984693642 0.905200532616137
0.16407208587554623 0.7406047952871853
0.34543895243481826 0.3037925158048307
0.23866893171220727 0.8039301465484132
0.07443108151494138 0.8103734011367858
0.6390881101118016 0.10763997910902634
0.4499950817963474 0.7702661447828225
0.9520507919789383 0.15969795015206656
0.15008777422333908 0.7834617236784849
0.06115774760671777 0.4318981415690055
0.9443633169733492 0.15259396264804215
0.684845313342008 0.011224462675029523
0.5413807904768437 0.4220168761329721
0.30369214823621005 0.5109919567868231
0.9832754846480225 0.42586659268714144
0.5502349902329007 0.20167388126714636
0.5447291136253694 0.5049659543111005
0.9354264643575123 0.4992016922228182
0.8921503492122347 0.41555340694630116
0.9248208178849706 0.35937796464927096
0.19865068630285787 0.0989824258322276
0.8238417851414106 0.3341401544834557
0.033861308653462485 0.07592869550032799
0.4117743910509055 0.5678673297320447
0.8259991912579161 0.609003855333023
0.364384223865885 0.25451525521932994
0.8975025572457631 0.03776553214340206
0.11278413259748454 0.9478533769327979
0.8147777756320476 0.7322691609127567
0.3751203170489099 0.8210944884470142
0.19008915308599783 0.6927815356104192
0.9676473345759269 0.6850142154584331
0.21131278619665994 0.43117178127027644
0.6873337142164759 0.4842017931820375
0.07367084782626598 0.6915918612436414
0.4317609823021118 0.7683781567702954
0.6972139859400635 0.7361170181062042
0.06055529449873598 0.946631990486942
0.1718160019388404 0.25220642518893244
0.49491992131960205 0.9877290519532151
0.4339971272492773 0.5515365903242426
0.44703209315060755 0.05579347096641318
0.5817949190845206 0.6276658403582898
0.973762791869754 0.8379027848688403
0.07757988810186234 0.12796110627401602
0.4375487336641246 0.851587602720097
0.5185591450688665 0.8157429317360452
0.6986038122671345 0.5614713453017903
0.5115903707939395 0.07168963094044822
0.7455413611514474 0.32634356511711493
0.3194972211961047 0.6377254881432735
0.10453226595642451 0.826028573960029
0.2120814893237053 0.7125039355789631
0.31079907598070267 0.849791597238801
0.23973500541047743 0.405982828990874
0.2725394148222664 0.8906712591223622
0.026498139331280424 0.38374398417672917
0.20209247632219496 0.9198050180486164
0.6069885823524541 0.9179270676927798
0.16002009528776817 0.4403248901066483
0.44770480395258305 0.9496704901953996
0.9162835993011458 0.6560635072667003
0.30606406415697696 0.2015693507769889
0.6654400996623058 0.29323538848394937
0.935129206096863 0.3060448060471419
0.23805814232188638 0.23834401984239006
0.9849282800178876 0.8229245562798662
0.76728187952176 0.9291966257937183
0.8743519376794291 0.6794852639788613
0.38127625644953045 0.10409387131484404
0.2029193850893687 0.3127989536441975
0.7425140741003309 0.7544472524548334
0.6547432771419204 0.20507776171839587
0.8462839097744383 0.0034228457506313426
0.3655069941605711 0.6076306579343773
0.7395854841899436 0.2876306682103029
0.6620181666718556 0.02440690642994503
0.00833737634718501 0.4029953149101302
0.3735937423938591 0.0240109589049724
0.35188001437012884 0.9595568709880988
0.8116380436402619 0.028777514358462097
0.3898732212193661 0.9756395449262436
0.5505139952809603 0.3632211757552637
0.8863510649790933 0.9377273071660417
0.5388650746774477 0.03404554286389683
0.18713464172825534 0.25633709757874246
0.13361174035071488 0.3439895282519565
0.6107721341148122 0.5545982441477244
0.9555260961571921 0.004004611855521922
0.11063522038526186 0.7644418037025917
0.2406191585046178 0.4668229341021861
0.2760025345739774 0.3823290855701631
0.026609815387141023 0.5140303887373696
0.07482910815610744 0.6963793521527839
0.19014507572451733 0.35370089947552774
0.7612868048331771 0.8723053987978928
0.04822767689011087 0.5187289635148817
0.5177199019314633 0.10874304460954809
0.2989306863167098 0.4553668826823072
0.5421092130548324 0.05238133679357748
0.8143165696522139 0.2973145751862589
0.5192804563610358 0.2250780300702715
0.4802606067600912 0.7851502739885372
0.49812165484949467 0.12728090631745115
0.9764320780345839 0.7053211405528812
0.28630849866597563 0.3240734941414909
0.5143306917758155 0.1526210468792657
0.611792831413033 0.36447783632949005
0.07000664941082824 0.0671226413670063
0.9700763211979238 0.3060926864951019
0.18976202572493972 0.5639045979124373
0.5625692020404016 0.2131343245656525
0.30687476628100296 0.30852236229833774
0.41638280812808426 0.4465452772840044
0.00486935470632055 0.3487532352007692
0.5826034103751163 0.35170906270652247
0.5832531484903205 0.8792536091461682
0.6930598557646064 0.692878576467117
0.9740739435930739 0.3683941512619948
0.1303141037026352 0.5879759898143344
0.3509426455629945 0.014805012860451328
0.4839531041558951 0.959391387025506
0.28440823375577806 0.5440199911323476
0.5933635759149478 0.5226291870224622
0.3605265603417498 0.8562485120662808
0.5371842928540125 0.02379503677527861
0.5158075280452838 0.06360645051005154
0.10527254146046983 0.4106898673220458
0.6578331370412143 0.7646517096491339
0.9791450930213779 0.30889226795016556
0.6821191514023972 0.8199080335678526
0.9018292953859468 0.44863576900532864
0.6253677162068956 0.4161388472097447
0.5958912897188495 0.008405327866525703
0.6599893219454256 0.8027719614040323
0.7455941597410434 0.43401842443731
0.10955849265903006 0.9709054700437929
0.3712759404902439 0.4507403002626751
0.7563679313135951 0.7424530526524171
0.4829770561141611 0.8091724988902667
0.999865983976419 0.27297303850146104
0.6373269246935991 0.6799758212665701
0.7786453167095877 0.7616452726972394
0.4582988620434474 0.0195824096543753
0.4204845305924034 0.4335540542451921
0.64281030678801 0.26577036394262454
0.34128260141374867 0.8423791453864238
0.8016746821411898 0.5599105913949369
0.26702164152164753 0.8450665746800239
0.9680777807334684 0.6621138620983824
0.961385777809109 0.35464321341664773
0.16220435221805474 0.9094148702036577
0.22743719698598563 0.5689523190474803
0.1301215721821829 0.14714083213005313
0.5187845765254131 0.15953370267801392
0.3248103719020472 0.8120077002237152
0.9271102781483709 0.4319086670008174
0.7492360620353944 0.07062907760407611
0.2817221517201214 0.7812271039317675
0.588802017756267 0.1586421010500998
0.8668224826815201 0.6985398569560473
0.42059398324142094 0.6958980483597843
0.7575308076888168 0.05268598364468424
0.4966066115559704 0.9464351250042782
