10 7 100 4
1065 1032 977 830 885 820 855 718 675 600
1073 1037 960 917 871 803 819 703 664 689
1254 1199 1121 1012 1030 880 875 816 753 667
1371 1403 1235 1161 1126 950 1021 782 774 745
1762 1578 1488 1417 1302 1096 985 853 854 700
1527 1620 1707 1403 1292 1048 904 939 736 731
1323 1395 1488 1362 1120 980 955 768 742 776
1237 1285 1167 1110 1093 1028 824 857 848 711
1110 1088 1001 1026 1045 907 796 742 811 743
1039 1030 1009 975 900 877 787 672 640 623
1 6
3 9
7 8
0 3
5 1
9 6
8 8
0.9087356813751482 0.9475402482582824 0.9672518411029305 0.6286281844510495 0.34688687196410706
0.42987890855392114 0.5656674750905002 0.6879476392980522 0.6159808534290452 0.39709760720279963
0.6509315690343962 0.6626941768459869 0.9386291366882271 0.6555528657246262 0.34057318544582993
0.7573005048571155 0.8158791665464027 0.6858689020153311 0.7915107172758667 0.2752235874761604
0.3113410340641502 0.3821841166918147 0.6795429546219365 0.5359243392553192 0.3453986266227771
0.3502104629315687 0.8344716342901242 0.6533127437609157 0.3974036061817253 0.17358894374169634
0.1773308664747184 0.036673778722140726
0.5061140697645679 0.1476003424303376
0.4209827639170438 0.9996841242544603
0.17909903850348474 0.5354270175292395
0.10397290150082195 0.10007875440699543
0.8716005775100959 0.41274544516198564
0.7775278560665431 0.07253871343604334
0.5974767652234021 0.006947097466284191
0.7986939373696673 0.7416106160952112
0.26299972299633256 0.6225907350388271
0.12022941366417905 0.34980736729996553
0.34740262323960747 0.5910162938601662
0.3426265297062845 0.9857897945799599
0.470876383958017 0.907082963331874
0.6976178050180288 0.23639833042965752
0.979531011316132 0.7101456494508742
0.18192950382974704 0.5609639519226499
0.2974521579432614 0.47330078247828267
0.5164820178134353 0.21746586096583043
0.23180661022251514 0.36775359023716647
0.7832773214261659 0.44287882239599385
0.641053085445521 0.7624577995024242
0.6582440176224553 0.61002244305985
0.6498821081444177 0.2572578129828105
0.09307338641981633 0.6036849167143405
0.6126660009084826 0.058061420049951185
0.45116200603053347 0.011896039567111938
0.9088813715534105 0.18995385710542134
0.22585993382334535 0.5274045194289034
0.37249646004741743 0.6895571093095942
0.019731432900072843 0.5134759557623709
0.36986011107778216 0.9551868335807172
0.5284571611037165 0.2869195126206523
0.9267678411722893 0.5302371072004595
0.901993522785904 0.541843208206654
0.6339881030054115 0.5615849058872047
0.12837808384222793 0.2104441916486488
0.6687257894675442 0.5638638367452333
0.5276519425837651 0.4075169437356314
0.1833569955823393 0.8176779139089472
0.21556394633969256 0.13949255690962992
0.9725559664846404 0.12494089675175735
0.05946527707151961 0.9400725982466684
0.19731766414937502 0.2575556819680831
0.865886519210848 0.6459939938006067
0.015424214758385846 0.7376270881228355
0.4277738177721737 0.419305921144562
0.5391751145915418 0.21715075604214062
0.5375350023233461 0.07040157644523481
0.3109447003661743 0.5417649035727579
0.2689334913946122 0.15925509597402554
0.7129503472321457 0.32201725452351715
0.1038444894795314 0.2597265093347305
0.9479200122571916 0.4391177761182663
0.8305745800669513 0.9048648338485625
0.6417175620359454 0.5892527012351916
0.6636112498147733 0.556801695085084
0.7201899769939211 0.045210064947195816
0.3243568420664418 0.2530940825178256
0.468637393495843 0.7104842162602827
0.22029331896275162 0.31211604889098066
0.2364196580190605 0.4518290755392249
0.9460074995247636 0.7971480732168588
0.6368242517801215 0.005620248257702576
0.052242932708000955 0.39690827613469315
0.968859390044619 0.22918694115634786
0.8538166870044324 0.5507715380411788
0.9533130350898209 0.5150943693410786
0.6079210801073687 0.6732064948450787
0.6020150289410537 0.034901397573058324
0.5704139610143699 0.6967405227230603
0.843420849039842 0.38161241537450485
0.6619376976950957 0.8818655057953908
0.7220319957984509 0.47585056306869644
0.6629185441926226 0.6491665914136902
0.14720821517781668 0.3395716661005168
0.5873531827363963 0.035371670750612205
0.49040389106210003 0.40167675550665227
0.43035771618953556 0.997959172556034
0.0124293277242431 0.6662326613950946
0.05028305874961436 0.855026452113069
0.6544751112225491 0.6109973471168013
0.01848017655640355 0.809925364647132
0.5674661300822861 0.5135099344243603
0.654331569502921 0.7663361280673862
0.3279954192826564 0.3795170638038792
0.5357911673116236 0.9820558810202633
0.8180786337782322 0.4851120449874622
0.6209036048755641 0.019568614020032404
0.7573694953727812 0.059793982166228554
0.4447276928394708 0.397950210137328
0.4972378716280872 0.820144487722982
0.5954104330168228 0.06848403983195217
0.7766008675686427 0.4045402161015408
0.6036957092204644 0.8043508889604982
0.12427049491168951 0.23660807701879816
0.7074096063934749 0.02215771858652693
0.3790831583898464 0.6793715891153911
0.26860282900451793 0.6474313789741224
0.013029421417672715 0.3931049286841515
0.23866502707508652 0.48698770008290526
0.30272413912239027 0.3477059455950169
0.9639407987524102 0.9571163520575143
0.5345654518300795 0.6720327424018224
0.4668268322977229 0.6469263307377591
0.27767854729935304 0.30565177052783254
0.5739183215098544 0.9715241843449227
0.33967535247612446 0.7717357426164351
0.3261105644180584 0.7217584818053782
0.029005138048565637 0.6828993022565917
0.8617666044692753 0.18420738504384038
0.46226126916048327 0.15430789114200016
0.8637271616675031 0.30014856091430664
0.8257016130440744 0.4051672762311811
0.12803013379526518 0.08118494049933656
0.20496081868989702 0.0074394496535659105
0.49344397757694924 0.10221710174267096
0.23739657651667856 0.8521498744359561
0.6758940303094934 0.6347087796269577
0.08858375286843745 0.26708208500277864
0.8608130919742776 0.5337420994576114
0.6936613385115524 0.9427749051894907
0.8794839570334076 0.006802161441629817
0.3945587463710911 0.5578181840329075
0.6122682623073337 0.3306061144214627
0.98675955522849 0.31130184943597006
0.46583942668672895 0.06674840197092302
0.6751668260020489 0.09407255558064809
0.8838309630545196 0.29066542699988296
0.9259064687717733 0.2834587228470231
0.9670154714988071 0.09981824396942174
0.47209756126341795 0.1388945814584519
0.2784344677212012 0.5088235954723734
0.4295173715407048 0.5087159602908831
0.8341887218886721 0.5817087566482821
0.01209371774167578 0.1017810360172351
0.4281269802114194 0.7773807664846768
0.3892843736632279 0.9303147202605215
0.5921381785333082 0.8855924414212346
0.8274492426597637 0.4398139097116702
0.8257117019213289 0.25651482619019816
0.9921497911776236 0.8896108353443184
0.21518703010685725 0.5779146054201303
0.39351747514964464 0.39627725411460735
0.4409728490354823 0.38396550536459517
0.34744805536692946 0.24067877522671188
0.7798043479847427 0.5213930539116043
0.5541645307319751 0.8270325396148521
0.7373952221410613 0.22042322240623835
0.9784741850877661 0.4472363077899697
0.40255504988528834 0.5057021164884574
0.8967419547571456 0.69164120441582
0.397365708122579 0.3722816199938195
0.24947758365208594 0.47986675568824344
0.9729712194978561 0.39409924610976477
0.04532939488335397 0.025587087962410715
0.06735407921691694 0.38252717258318447
0.0027829284895917183 0.41598409150557125
0.21607847938326064 0.207623823890293
0.7081361494195844 0.6523527710053918
0.785738975437166 0.4218574483096009
0.5582394007653897 0.6264354047058802
0.8144300741282366 0.10995637897849031
0.4474062003431998 0.8363900342424957
0.933728848427152 0.9940223226275804
0.40193878762974156 0.8931244399049663
0.5986862372582074 0.816625835898537
0.18711356043731042 0.16656057081015252
0.28845693714323906 0.911079894050306
0.11794197015208163 0.35673857739747783
0.26768774592125144 0.29514517839318133
0.7753161181303843 0.6045890056726864
0.16860944442035097 0.015838407980635516
0.6838355433903958 0.5853952464657011
0.0783095279460575 0.618167659133096
0.4104878227652211 0.8966656999780394
0.013065560398207055 0.003902182035479429
0.44837184124634977 0.9454891902617479
0.27424839600875184 0.4555557721214101
0.29930985272442645 0.8175642887473216
0.32018042213736475 0.040587822875028046
0.8575191600809435 0.9786263715125783
0.5412002150063144 0.2289367092159731
0.6139949084799123 0.9693178507809643
0.4553438866765611 0.4683844474834056
0.28483097927564516 0.47368336888101314
0.2554722015334858 0.985142586200163
0.3480392701629329 0.04808588757321641
0.43380898623881414 0.11373226948467607
0.8350613414840395 0.45168827019117797
0.35511898353337523 0.013633126113118843
0.12781460036250247 0.18669918595324253
0.5443833126556252 0.30339581073970345
0.2144125539612849 0.9632238163148765
0.847265485593915 0.7297135421426924
0.49503761914528455 0.5028600757538157
0.04457741002940563 0.8325983774684316
0.20092055173244838 0.6464799050746912
0.6101451411953196 0.985028450719206
0.8980346148689586 0.5870222717926159
0.5984920534525804 0.6461088514680167
0.331414059051379 0.49076936259039483
0.19412681611688076 0.4338137627889693
0.15703080530996139 0.1262143582444628
0.5693564330386414 0.32273205320764764
0.13817363064841004 0.9682975087886412
0.7996511434589522 0.8966777904309535
0.9804657780193697 0.9142329434918066
0.7730222905018573 0.8141699390643171
0.17555719489546662 0.8131530839762786
0.7953103141142293 0.5034376256890769
0.9630085364381138 0.0883138524439353
0.5881064418292952 0.6723792989012891
0.7270850617166102 0.09139179045626111
0.3070319648014681 0.04934701667135788
0.2241534559967977 0.7891353048561993
0.27472200279285275 0.19662495902765698
0.4385764523330278 0.918644263473372
0.8998060215805683 0.04345194717842804
0.6930437053065703 0.49704793412377146
0.344106798224008 0.6561231433007622
0.17514107229217402 0.8551314304827855
0.40681270367053135 0.034059144939999175
0.9060589669921697 0.8487692242607268
0.32662300147537304 0.895066126106467
0.4629899709302865 0.8809426711150701
0.2813865979559036 0.19060529162565865
0.9704335581233532 0.6179160448452377
0.8792101257163973 0.5706124663283598
0.07723763999808808 0.17073057963417648
0.2789868470365169 0.06035778461902619
0.9959269017359378 0.7554711853223395
0.016031993579295856 0.6726255089454534
0.10818159499786395 0.31616519500960094
0.40747574115319174 0.6921718994356698
0.7421967042794273 0.5772012093058483
0.6959411957779513 0.0709152199047014
0.8814734136601448 0.8323865115467326
0.45121368186933064 0.1742517305293536
0.5479431348738346 0.29404206063074745
0.7327973197111783 0.03221758825054377
0.12818200947392566 0.8206912124940535
0.45544272860075474 0.3737325224965651
0.7309528336679332 0.58030324938617
0.8923488228186085 0.38022690814631654
0.6189340438307542 0.9029117146611434
0.8369368714774867 0.49289832939690004
0.921176374324217 0.8986637236829238
0.2860930106722115 0.9907008290165469
0.6863174457806531 0.798155870316958
0.1462778757621137 0.9228202265163301
0.24612477444816627 0.2678307587574271
0.1649926571496474 0.8431088208265671
0.7130446892935784 0.8711671198412605
0.1323924411718964 0.6008751435474413
0.7821695073171702 0.290664253155962
0.3976175234861501 0.22291945750614195
0.6256097360068695 0.3686754982792273
0.2859329543172613 0.04310628874902478
0.5236831177123316 0.9165820801542508
0.08432140500297591 0.9447978325022466
0.9727946157146421 0.7430920885069932
0.2647533006000431 0.6343069318544603
0.38131989288952606 0.3595101850695537
0.9691879815445574 0.6861272425763878
0.17904080917568477 0.5664833226969725
0.5177906463898625 0.7002710491478004
0.34028111284529117 0.11405482835306158
0.967689276103739 0.8562803207953906
0.3088022403933224 0.9574051961254262
0.23140384537691028 0.29828683241126375
0.1400809412938484 0.034998855512398785
0.7647688781984037 0.3700913862614401
0.24073303187987927 0.4799717798630614
0.6008244848755877 0.8119047651785458
0.9766157758356235 0.11816659531297202
0.9854881213502551 0.2515363962649617
0.2566576546343773 0.9679382486562962
0.7212512146048797 0.6665829705376536
0.8241122140731947 0.8295259010502745
0.9910789188159825 0.4418707579559651
0.5523576101396612 0.8973675236591194
0.5311292450241247 0.36446321530189385
0.236570230066389 0.2832963291995696
0.5388197999834556 0.7294194382900725
0.9931508110151035 0.6286023024679377
0.41685163471071784 0.8429007951382284
0.09120595502100115 0.7239821394817467
0.41594426177994204 0.8999318938194689
0.3635216300945314 0.15620995393171833
0.6359961078910557 0.09328409272725291
0.6690997128931591 0.33176551436001245
0.18793211879988436 0.2670585984191316
0.49055512974009563 0.7856587892441809
0.09064725704748477 0.984658020629293
0.5260300676685077 0.14264779825594465
0.9391375162614666 0.45832645895503665
0.36704630449490305 0.12201925226022459
0.23162236043711637 0.33332250312646705
0.04454116019861032 0.6091864023259386
0.9036642506869064 0.42294012597488595
0.5871015877360972 0.13438873582891087
0.7394907421633663 0.5852149793448094
0.65390902893388 0.514530832900401
0.2930413314767901 0.8848656498725385
0.9810397729312499 0.2221805082239494
0.6472551317593913 0.8181584927193395
0.6716692774757553 0.21933503337032922
0.5013828439226922 0.5312108635094168
0.0024625530685926655 0.8271199659682726
0.9359529891754366 0.4315442109557992
0.18388628949698282 0.9065842479302599
0.40322594439374493 0.018079168960851044
0.6871435683524847 0.8636925737734888
0.769214337838511 0.08630903268644508
0.4793256495992815 0.31722441407316593
0.5409091143137035 0.3381087830689202
0.6919594422472413 0.035122621924950304
0.974540403292774 0.6840928916992901
0.8704993465048672 0.03635705278582302
0.815557137275305 0.7939552181687959
0.4419410151356944 0.052555536571090355
0.3872568259323008 0.1545570097590978
0.8117693989476533 0.1913789710847138
0.42795602069506744 0.5058417856816457
0.08159411129101635 0.08721502272274373
0.28197799090452635 0.8751977448678594
0.43501875791624744 0.48873646319326025
0.15134030778164553 0.3312901601907323
0.6941625075319897 0.8146274985566264
0.28535770249769477 0.3712568203910509
0.4480568297933316 0.5608040605667453
0.6092981515814715 0.9229088466866915
0.021372122577087538 0.05796357017992171
0.4983822751294624 0.5782362379289969
0.3913067048945198 0.7252676207312259
0.9885050779348912 0.2705122440736367
0.01933235616573392 0.6109671640832883
0.9591110350596288 0.8176078295021376
0.9878951217531189 0.026967702918474723
0.046816226347857315 0.5478754836894437
0.6009355945108754 0.7038190460347276
0.4414296364823911 0.858161109035416
0.43944461320080364 0.38432667333058257
0.5275957209759392 0.20713241956332595
0.27216667799696825 0.20454866920976378
0.8104431791561959 0.6632840278236447
0.45040660638908525 0.1841314215999632
0.1947236776712944 0.2870110675605577
0.1793463781073188 0.9756183387121127
0.8253016307881382 0.6084002903386785
0.4884469298028633 0.4197706083461019
0.9065427335204452 0.7653275199988736
0.8737045479063879 0.9862033418415144
0.5037743309562117 0.05114851532053377
0.24656703616651954 0.021461683844826274
0.9449857076419188 0.21574048853475025
0.01329178302699785 0.9786241812235574
0.4334568512966608 0.37214740714161043
0.2873717190096634 0.0870360032495856
0.07416391821213497 0.9342635932837073
0.6330813396515085 0.6158854332298163
0.9980356302440134 0.6449454958834924
0.9776055205286693 0.6305152931851934
0.41383070857365434 0.5357096083396422
0.5810459924233398 0.8047328285951698
0.5473861260049695 0.5520410250393757
0.9659284073996983 0.463129051268347
0.8966260879475494 0.9290130506304823
0.9115592590478552 0.32709515226488284
0.1305266241621339 0.15336654523584303
0.5057864014077709 0.6194677752888005
0.38976742852864277 0.26026948021074814
0.9261803066783258 0.91400753623407
0.1504823066913381 0.7818768851067728
0.7663023856653493 0.9060589417721421
0.3709973627638108 0.4266713551036685
0.7825506347988789 0.8971575018196105
0.7545401947445991 0.20452004671554902
0.6694532276398237 0.20833743863668808
0.048421942526557515 0.8654422546561185
0.5879998919426697 0.3829178051441715
0.6357960924535815 0.14543664203048756
0.8915823879239135 0.5909612710459018
0.07647409508102232 0.42547531293330043
0.9018037544641944 0.014739091593681364
0.33937921518766356 0.8104158257995155
0.9725320976859078 0.34807905559798424
0.042332256560032144 0.8888558876724018
0.06821020386618759 0.14719945701575576
0.8750503164870558 0.5764126908926359
0.16823579226644636 0.42339925365976727
0.7638140135740148 0.981858378680011
0.4426274067931939 0.33870768403631213
0.5066904662244249 0.7586696098101675
0.035499630496672596 0.31168018280626053
0.674734184038899 0.46204107733853905
0.09833631487167871 0.5723038316809759
0.08046107776111167 0.6377195683906869
0.8547261305568541 0.5482627933150463
0.9972592950763135 0.3887463698707918
0.6933692339027933 0.48213899396668447
0.5482668877277488 0.9003802096208575
0.3251204354692254 0.642645871560201
0.571253493878767 0.5069449187817794
0.7382663838275993 0.5909377914345293
0.2400311160041153 0.9722054437796541
0.782595418217952 0.7358317160977159
0.15709703495250693 0.8284044312794736
0.13150888127186766 0.9735841560323129
0.36827863817725914 0.05193772397135299
0.8556952013591528 0.20522903191432618
0.612043757053387 0.4923415464976577
0.23271704089280587 0.5971553698474295
0.7639877738013006 0.10052128879045363
0.9549463503076232 0.5807894070441526
0.36321299130860196 0.9864754429328304
0.825889710005093 0.29089807825142033
0.21948660238919282 0.6901710140618975
0.9142248649490037 0.9637356905470813
0.8539195672489028 0.6301867625738289
0.2921198545835406 0.7227918629865266
0.2989846107999723 0.5748300337931658
0.9893176007973739 0.09827990035794754
0.6416860378172682 0.06962397226766726
0.12832797882707636 0.1222966179066276
0.4383514518647489 0.8118256653761653
0.9106104311320053 0.14840730836003901
0.8665478433903251 0.012976640332382994
0.1999060534374264 0.897521278254424
0.22312975217935538 0.25783531871814724
0.9590885993861284 0.9022650159105883
0.5455506337603921 0.9284948684073164
0.3541015395129685 0.12202123408918242
0.7815453020835939 0.3428170294170867
0.030047053817592095 0.1183159310790729
0.6549836772807953 0.950750778637939
0.27467977936942933 0.653553534924554
0.7070978491568889 0.11548558129015518
0.9462540797630536 0.5125453083693268
0.8409587444197921 0.8752352999408006
0.26165861568111426 0.08694299739947309
0.22065331215125172 0.23666439148583107
0.22130140912064822 0.5116366717534757
0.15296283484377904 0.11260502511774773
0.931236292490873 0.37643678105630296
0.4059210555928867 0.9383758734429168
0.11816550835910977 0.4223297032017477
0.5169119921308369 0.3001701468474165
0.4934142819889149 0.20807718195490232
0.2263132215566146 0.3140613528998655
0.5887602099827498 0.03551735590448568
0.11257613543753542 0.8491461311748651
0.10016481058663884 0.7982818038999873
0.022313639398521046 0.1814621444845994
0.15962267866632263 0.6910041965879996
0.2681958695115487 0.5210618619453489
0.017046299278961285 0.5048357595912858
0.38530582041755457 0.6923686334190902
0.09427331939168826 0.5315972115042142
0.8693850083231336 0.003497770401958533
0.17468265634544644 0.03604190095277593
0.3351568365048818 0.2525401317228886
0.33547423427943945 0.12540950752027302
0.4823205255970744 0.5893437072426326
0.021101505171987167 0.8764385043117904
0.031462215794631376 0.25725054494064525
0.7564283124540767 0.9140373516522571
0.023871511116755784 0.7145588964463856
0.3378724374004076 0.5048265483766585
0.3993752669832902 0.08034094892066679
0.8277087589361247 0.6643865400095945
0.7967711103560073 0.33714422957825163
0.9812298985683787 0.27930294194184535
0.2565779518231932 0.29723610892475216
0.8856362246068319 0.9910519638039625
0.3734103930676276 0.8539794705840653
0.9677416584574194 0.6680229536311164
0.8049884148690791 0.322274438159039
0.6693562863709714 0.4172801396561412
0.5821083718508191 0.4331616012213688
0.7227495081117656 0.15542501621570226
0.9140833796147667 0.3914626588467218
0.717826322247999 0.9936909950412407
0.2553461194942772 0.7954730313096907
0.931238738885811 0.7459959133674843
0.488722758383592 0.12920133167375014
0.5780637872501366 0.1544566116494026
0.44627294558245234 0.9032917612288285
0.06122093619718205 0.544195402207124
0.6731314346659854 0.06733983708641844
0.3551909140217331 0.7332615319226734
0.5671900531126843 0.35704248074851574
0.03313639204806407 0.7549039870135263
0.8107355489688928 0.6067638789416878
0.2720696971866079 0.8756762049181654
0.37629341992432397 0.905802654037742
0.4776071315251853 0.5445169685635856
0.6601856885242141 0.9346053027505032
0.3720441563125094 0.4786389179737798
0.9223764702231689 0.34343633349141345
0.3763947685419664 0.08263867283277326
0.17081995144029416 0.3890632711757249
0.06954593874852089 0.8878714976397855
0.8944487847008891 0.045059185977711635
0.6487325230845553 0.17634224797404263
0.6893401216002575 0.010960643877978127
0.9110140386318433 0.1937860491252028
0.3548643071212645 0.24654461602598077
0.2933330291199703 0.14234677455070255
0.01172766466848918 0.8445069113550145
0.5592611874383135 0.4124232992244876
0.34243695574736877 0.17229079583272955
0.5371098662224159 0.2872387855216312
0.4918478471216712 0.35029956915742355
0.5588159269719295 0.7930302554972422
0.33590954119860306 0.007373380743440183
0.011849334151208257 0.24890935434631922
0.9731736360329746 0.2173127531424488
0.7424217074609503 0.3366755346981112
0.3489091213122675 0.13296861312341957
0.09490791657644904 0.9516872357555173
0.5421407184168754 0.7501460689496304
0.3465436332388647 0.12446101894066919
0.7684736245020471 0.5716703628916544
0.08590877853875711 0.393075320627579
0.6402354571612119 0.18591504296290084
0.17762773717500635 0.8686169857864439
0.6733411357924732 0.9694898693726823
0.5728368166464515 0.4758831296586499
0.4916683117689642 0.6487330186294828
0.3178301008183195 0.9081404052749915
0.7599184126201886 0.29718746696917475
0.12180482389124037 0.5128105612053624
0.8253129040893838 0.1826545217358797
0.9757550778472073 0.2910743128816058
0.5470476161913511 0.5037125167738905
0.378571263274186 0.9438986631236397
0.19526003342355436 0.12846459635489182
0.9669169647693427 0.6761286535281148
0.9298565643299599 0.4778391816771128
0.9330920370980775 0.4587380381489392
0.915877979945531 0.6542758499343415
0.6488463181926114 0.440987587098725
0.6375379297512136 0.28639885856378555
0.8751653526356062 0.49320178088271716
0.13983205556286338 0.791703263339518
0.7666263857630622 0.6966692549750093
0.43979344159863 0.5922970011052688
0.2318017269501884 0.004297081858667839
0.33157997227429004 0.761915899808169
0.06440805143820438 0.2831067363296442
0.34832769286831966 0.5043555476493684
0.6789837222652886 0.9798997655332387
0.0329736329258965 0.81850861278379
0.10226544995452214 0.26826796050151125
0.12957587637748258 0.0129166924413473
0.18526738201405824 0.4720818311536159
0.30056708053884784 0.35326137416329173
0.964476070208973 0.9907729402870471
0.011239394589463325 0.7607654940852444
0.19056725946665498 0.9601982810955658
0.45027092929214785 0.7668314875749023
0.5145184750441483 0.6412750790921862
0.8713044261733036 0.9876838875849856
0.45884726458905756 0.8888970692996538
0.34848351385713094 0.9425688507513865
0.4747787015542144 0.5464312594604439
0.38310696439537173 0.2270537180529142
0.9503192410382129 0.9776305239297782
0.33250204241181214 0.004943579138591447
0.4882761116353609 0.5442966215374097
0.5075396382622039 0.2186263355803042
0.8529794802164155 0.32896964250008787
0.5380499508744043 0.16188883849935154
0.48728277314283863 0.3521641782163625
0.48863296612707763 0.5658652658955048
0.6915589567749698 0.44637937032925934
0.7896106099617479 0.639039037122171
0.31163259584914305 0.12817348195309108
0.826995685411477 0.3931335563495668
0.3092290231532653 0.4194960452306302
0.5914026073184235 0.6014485079924481
0.04265458589763482 0.24568840093736566
0.051737830221367576 0.010613725847974376
0.22497060642599243 0.761770831783585
0.2716968842672187 0.5773405286763342
0.869005020366759 0.04401147254118021
0.8002360465881813 0.6441061284547824
0.5185679361543867 0.3051384795288885
0.7795780556074132 0.3714571143487331
0.5513360044211448 0.7721447048173538
0.7632038951241438 0.026266637537726956
0.5767552301305459 0.917188842597294
0.4133038712609016 0.07125448952534752
0.9152570791302395 0.6971929033748534
0.4573332202568605 0.5388866648123676
0.8405070334819864 0.2134845801597698
0.16309974188655296 0.6760356894837363
0.9002415577377838 0.0529640206617048
