10 2 100 3
1225 777 1039 716 688 1240 1137 804 898 311
1467 559 722 885 1238 1009 668 778 1081 1026
1199 523 1487 1506 451 1322 1141 359 780 340
1246 663 809 428 684 548 1143 701 1040 585
1802 2164 1006 1508 1062 1160 335 465 428 579
2929 1898 1671 686 864 651 792 1391 1086 717
2174 2301 1694 1503 760 1509 1306 624 1229 1061
2238 2283 1036 1080 714 364 361 443 656 564
1180 1415 824 749 1437 1162 1408 323 1158 546
1498 741 474 391 389 505 1279 493 1349 362
2 0
0 7
0.912175700851469 0.8304890229043 0.32634703830175266 0.43608387797200077 0.152010083928111
0.11601416909073548 0.6485246626547085
0.03587479216062239 0.14547925369925285
0.7413207723967727 0.8114604024004735
0.660016896023615 0.7925782559714645
0.8190898895175929 0.4715193954139514
0.6669135381947389 0.21039992750755965
0.14883502898055645 0.9453803913624168
0.10544211437811568 0.531200849832391
0.8422122959232896 0.8994876032697854
0.34489690229217196 0.12126066550357795
0.09704608592377362 0.08780891099691646
0.7121669310959668 0.46335047797485296
0.6247053352735481 0.6801861777269358
0.5363650976606376 0.6722522016984664
0.9738551404211551 0.8632267123948951
0.058428583557925906 0.3862950491043524
0.10449211505322831 0.6571112426385335
0.5917843111592826 0.49006677093252726
0.5642849452898979 0.7342300255776055
0.9407440400231273 0.007867110247872011
0.850547015410724 0.5123321102719713
0.9033406351039819 0.5076020431365045
0.3995690861293155 0.4735563982768045
0.6395118474825701 0.2660613947527728
0.653720511920727 0.5727597817356334
0.1374569930834506 0.003834938390049558
0.1769096892781068 0.1394705406133887
0.26633381846807946 0.4704107166150471
0.5029830708963949 0.023640163286813065
0.5342570988559832 0.9275980167026587
0.40774925728637346 0.825674358609515
0.13831162375458916 0.03574577705865378
0.27392847752036964 0.04518582750589828
0.30863635626855324 0.6524024777755313
0.39390298256654677 0.30366643616265465
0.5992020722207678 0.3394224527053491
0.7467700848658374 0.30908733659239895
0.5569492558906288 0.5566450488585468
0.4791093185697268 0.22641795958682298
0.6035034743436483 0.7014010435960252
0.9077571280963135 0.06412279585004521
0.9900131851015339 0.2610032634413262
0.24643627181080263 0.02970194112817448
0.4422688487795454 0.19672555244344636
0.9498161881396872 0.08703930831761575
0.9949123242837814 0.14407856096360638
0.6630706720401918 0.04677118921605761
0.5869490553663823 0.45173509060288275
0.5912618786898689 0.9580764208549206
0.601776845218015 0.43738031500782104
0.04310544491842627 0.8284446836522348
0.1871127569922797 0.09146033398333664
0.9847709656587103 0.5540888005712132
0.06363494123254099 0.3795600335906455
0.22089190669665126 0.42942677935211315
0.25762200710909644 0.5861394792161814
0.35520975089912343 0.35856735767263137
0.21020645253542147 0.4483189725874839
0.2678636722435155 0.5559815666666974
0.2593853300115627 0.3609012557631026
0.8212332155156734 0.43022501373145405
0.6352048077506285 0.5621211075380157
0.28554796402620464 0.4925699632317859
0.3941604816921276 0.3819889749660257
0.5473225374372703 0.14165363409078235
0.8523680291859197 0.5074898517433244
0.7874574594419583 0.3773184286693698
0.6455311244958231 0.9742741578882963
0.6998184720713172 0.11726690526628802
0.32930454475197646 0.16780813384219528
0.013279172738399181 0.15978440981381103
0.4622633971937362 0.31991388484958905
0.99144136296039 0.3210018356655362
0.9366296807899257 0.6208049873482595
0.08147639549975505 0.5979494938932242
0.0272656518291976 0.632034694565889
0.6316237990292235 0.34090692230342645
0.9602842787147396 0.1891575589839638
0.5073957317114508 0.8254821177314766
0.2782502980084913 0.11672477386543023
0.29911685365667373 0.8653726544727203
0.035685290912343515 0.5785903629975071
0.2516107071100344 0.850793315812248
0.8123640979035327 0.31072342030562417
0.7040250823345398 0.7240614719899823
0.2605990998343195 0.8980340126937392
0.534001134697113 0.414598457967982
0.744739946484398 0.6052972591077299
0.8987998323907564 0.8364435868540991
0.522590346094786 0.7457965889636802
0.0037089834724315374 0.8798840216470634
0.07978793986845933 0.5674305954523202
0.7056391644399216 0.5060010768527501
0.15372431728730263 0.8210697459433458
0.1490020055850747 0.7607380896573483
0.000013859423966700035 0.1131663330310213
0.8004552025457601 0.44931277345836285
0.9660546498630438 0.6871035512149595
0.9042215718264139 0.08066457027706231
0.2643962096931165 0.884754155911047
