10 4 100 2
1632 954 738 977 592 914 472 961 1240 1153
1308 1391 1391 788 1560 586 1042 890 605 491
962 1504 1044 922 1080 592 1628 488 918 692
748 1226 899 1518 867 1121 539 1311 911 832
1329 1550 753 576 964 552 1678 531 803 579
632 1364 996 508 1541 1139 529 773 1489 1198
1641 635 632 1045 1544 1268 1214 1012 565 1331
1474 1581 1628 590 836 1440 1169 936 819 1110
893 599 1107 1062 1060 1197 1302 749 946 825
614 480 650 1355 1423 1550 962 768 472 545
3 6
1 7
3 5
7 8
0.8986429207973303 0.7645521095847128 0.4150932856369524 0.7159903808611641 0.31310168136855343
0.3204761477449599 0.41794176318719345 0.860058044471923 0.573086944515766 0.2712909336960633
0.42525495401875424 0.4684915964317494 0.7619772067468598 0.6520662096788732 0.1476713689086828
0.981647432416795 0.4297756717910488
0.02098781863594068 0.6549232839141845
0.4057353590256203 0.030262883428814558
0.7478879230426541 0.08478645805911733
0.7968846739246633 0.22221305736071728
0.2396363986298704 0.36540997686408994
0.9935310218940121 0.25873731755646245
0.5575127148460557 0.6341950647308681
0.4456864038667161 0.38431845976186985
0.5002170683873219 0.16947231948834784
0.3833307438632021 0.7233393470191989
0.42083371382955215 0.3873944167329699
0.8011179312179098 0.015980069304997624
0.47139983258624985 0.07322847241187813
0.22106464022720607 0.543884143327396
0.08004615820549166 0.9668056872018056
0.8128920950560377 0.22556325911009378
0.27767347712945956 0.6439323405031359
0.36298651010857164 0.22883271204789923
0.8814970429342919 0.845085192882616
0.14762350218258313 0.33926459307418644
0.5385248544396326 0.47215599769040084
0.9377017361741109 0.776750846790641
0.4037899892557828 0.7875758255382763
0.4239703564865078 0.1392632706645649
0.6063844343211138 0.8391469944920356
0.6743888770412465 0.39100113936018754
0.9141262108260195 0.654688173778778
0.8449303791119234 0.10940050323887718
0.03378366666927479 0.710080159487708
0.6742447362604411 0.3014378302191787
0.34611307050910023 0.4212595772355643
0.547379715825369 0.11716963262783198
0.7773786530110074 0.634874835373044
0.9262425523636333 0.3550875060367922
0.5101408693216603 0.6842060277070776
0.6523269768165962 0.35537020488175863
0.5393034837721904 0.14033689837783214
0.029037205849307135 0.3696292632390157
0.4046347325224522 0.6603879197439275
0.06044562840520795 0.6409821553429826
0.574333060667253 0.44547674210981625
0.8076528280906787 0.9104073974432949
0.28370340602827615 0.588515360011238
0.05357179063381845 0.6711086242662638
0.9013090797087793 0.47825979297054144
0.17086021746185187 0.5823149086492521
0.7330209016587397 0.5988737976732466
0.43177643523416154 0.8961427600674323
0.3012458587820366 0.7057779971367653
0.43197884592650504 0.19673378019901744
0.8598983809285627 0.3437244373365429
0.22261800473694593 0.19457628880192157
0.7555693770247598 0.23450192466850983
0.902211530684105 0.544702594837762
0.9750820292179356 0.07271883415194713
0.014760657612397754 0.32423098555916696
0.4535717552230105 0.9850595434896916
0.4356050695054887 0.1727713569879077
0.7659011933899982 0.48972269232932475
0.6930319738122988 0.3805747718789514
0.28335155567304215 0.1254518596283294
0.33849706724420403 0.2635952743303973
0.7430256756925229 0.20409163209989467
0.5380286538837169 0.3488268669699597
0.2605116061183901 0.9113143868222435
0.5516309025169113 0.9985289549806771
0.9847139443348227 0.25231415572731763
0.8806584497617784 0.0411876018721693
0.10960903603159089 0.35558865765819614
0.2981140747608688 0.22367470706851522
0.455812835892647 0.09066379116833168
0.3645711113969299 0.3696362301922693
0.05783800147803131 0.588583274917432
0.9220826650767711 0.6930127001260222
0.8359427087082292 0.24781921405273066
0.46738959009834846 0.40047572228280304
0.9582968876744433 0.5337190565229619
0.6213380929058563 0.7905610708218194
0.48938144935908734 0.5611471151935377
0.6609741306371906 0.01339033654656574
0.28449534815880706 0.13226048847955152
0.07701262831484978 0.30114556028436557
0.3314096897702439 0.4418775946123725
0.6377512674322952 0.3584714944365648
0.17356732374489425 0.19298814346889936
0.29506933524552603 0.7672064079357361
0.03944466297775384 0.16210299690407348
0.3227530897324822 0.9482252066235892
0.642541577003406 0.4344691756799075
0.23983938928877024 0.1971200673101312
0.7596225833742509 0.3434188389482895
0.16668493102052606 0.6130347540466048
0.1250170425535062 0.8523268123843921
0.5074449751854702 0.9023475049222618
0.2764136273137012 0.8824711550369051
0.07832041201507778 0.1941103685394301
0.40498868556185297 0.311907894621561
0.6976947116437999 0.3522182670028442
0.46905175794106335 0.9131278311450415
0.807090686600529 0.8932801876196115
0.7650720900178434 0.7651584468479744
0.44879533247953707 0.21297742808310227
0.3430050617903788 0.7815129542838073
0.3088410806019857 0.3082039913816761
0.38923976457905995 0.18110724241879028
0.7637514349293233 0.03986035625678497
0.9689785743718673 0.253893602625342
0.3973011833281339 0.7972185957215341
0.7636393590522979 0.817218310692678
0.3513428583587064 0.1536402746279053
0.48838539345709275 0.18884152592569325
0.40155196630680234 0.7490447381246421
0.7069681707609641 0.7379352407954767
0.36642435549591745 0.9725065273017905
0.6334250792517175 0.16989083115499115
0.9067750263951935 0.27394560205058327
0.5154662434075374 0.9804756073258711
0.7627208181093856 0.38704393987757935
0.3292449607809136 0.7549037944918235
0.2576010285919428 0.4088927230595041
0.8471387994549631 0.43614699490697517
0.2517798059493521 0.9017133984711303
0.7640369505018645 0.9273902304852317
0.8953786289388905 0.725725599017629
0.7659436749980988 0.9228391073025717
0.7796116811703862 0.7003273559878422
0.6829154107563671 0.4285011590247143
0.10249247046183307 0.22359338070575374
0.12356597000027691 0.06775417887331425
0.7794195721443342 0.3535244138938518
0.9685162266276359 0.005199459501877168
0.05818350738436329 0.5886222904797949
0.5439674173422977 0.29962790309583087
0.15930337296305708 0.7069908874482898
0.2095600476007191 0.15919476169708413
0.05381834105039629 0.8917422092731548
0.8533033509216079 0.941637273397467
0.2300622679141564 0.603158014715468
0.4605922184651541 0.3583858231723789
0.5362591885753785 0.6415508496404831
0.5742055726327766 0.46984232864847697
0.7733426654764992 0.32019291458246313
0.17187947659349923 0.9427622951464232
0.3065610258183262 0.4948746899432668
0.20835319518181983 0.22090986266197365
0.24990445626247926 0.5529316191955793
0.5862316804563106 0.7457990251296966
0.22535667683407334 0.9040061765774143
0.2801884122575593 0.5621466053304263
0.8940589466869351 0.006965229176531862
0.020811580139503683 0.5945284096347889
0.7460113879122408 0.6655534438982595
0.5288351079856302 0.21392145167221677
0.03172658849003174 0.06398372822912357
0.8254742174365268 0.01035636779967275
0.5510609344563306 0.25189718489973134
0.7275419355411314 0.1607308660336242
0.040998632392291956 0.7803792410466959
0.9654550969788036 0.28143600798714274
0.5471700499030385 0.6027217569616541
0.19831748906147606 0.2834868912764006
0.5297151462240788 0.8702738816842304
0.37820253581621777 0.8337117752493519
0.5507761283615269 0.6784906280080503
0.7840908072017088 0.6489699434469554
0.07450740978993298 0.9007442035551709
0.4889384659727223 0.030938573006070946
0.8113335339850911 0.24980971662122164
0.10187871586810027 0.5094083978981543
0.1428977036486505 0.2658427308440827
0.7784846889474228 0.4827613831807571
0.6355319885877961 0.5062865874142721
0.7541057948289664 0.14593714937233337
0.3654894776819424 0.08252247187872408
0.6574194992033102 0.42177858500622833
0.05570568052652214 0.38019720036930704
0.0919441149757656 0.08459089039720702
0.8182443828861634 0.8595253023830283
0.9192453033624108 0.16635546058867168
0.026251165414339805 0.6236192176765518
0.22037585600538012 0.7089126372730785
0.017365147463629382 0.17022352327464563
0.3828873044772998 0.6930098139015739
0.10426600851252221 0.08504861222936722
0.5555106659183324 0.1761077659797765
0.47048905289481113 0.7610955076968766
0.9677806510834372 0.1667045145759849
0.23361911279986214 0.26819161647648926
0.6206878858965039 0.5584536310838735
0.6609207439775677 0.5118357763194192
0.9616752580015646 0.70449412493016
0.023182370849896827 0.321773112684566
0.005774928995352813 0.708483585140973
0.3514534903311659 0.09357071571932463
0.7459388981434791 0.7257694393915775
0.7831666264761126 0.4953286246853781
0.21973388783972014 0.85800016534779
0.9176056128433014 0.3354030946464359
0.16296772064941845 0.23852953540039046
0.7904427994929324 0.12878705253216594
0.9219582034102318 0.7334465596474471
0.8450597932349262 0.7915593718046756
0.3524287432168045 0.31270386290157615
0.30078253071888184 0.20319041407934302
0.23030708696722968 0.1354966532572357
0.1601893778275032 0.24190319514156444
0.6801696298688897 0.7258471151144341
0.9808640899742525 0.8229520707885187
0.9462720910438902 0.2847167681449645
0.48021197012873684 0.4496836578520067
0.36805022986803526 0.09225958096788456
0.8820274578470528 0.11218921198903642
0.6759133880998809 0.9607267870576357
0.393150584184323 0.454088381122977
0.27152605188922396 0.710880491034219
0.549692955666059 0.574589590529075
0.08443232845645698 0.2795660438500329
0.9714430889031886 0.35818229807880875
0.37853133176422005 0.5810933648515928
0.3295709031973264 0.1652455312707628
0.8463605392906861 0.8075243800459193
0.6454644701627335 0.5871745463549567
0.30000655131774323 0.6078453412494642
0.738755411398105 0.6724337509678153
0.9339995908101837 0.9372245260643417
0.5694862731772785 0.9050212263659732
0.9774574824016353 0.03137150107435449
0.19163628932213084 0.7854116579747576
0.20242358940644656 0.12795239684094017
0.49668313702606093 0.5899749459218842
0.09882113585292629 0.1075073498725796
0.848966661624895 0.011288484710445967
0.9329502633283724 0.8110947566575508
0.26193553815852755 0.3603219450967563
0.8554004910848587 0.957765853323411
0.6774953283012901 0.8261564714856124
0.961451182863371 0.48323195997475077
0.7284074883393488 0.1257423785163596
0.31050967037435995 0.17124765007564613
0.5867367470468254 0.6039633148340886
0.8613464816112884 0.7701902821013198
0.00895743359396306 0.7837113549208441
0.66692490777322 0.03793861416486277
0.5293597129432996 0.4133065487449039
0.3024162751693711 0.28299880914417863
0.3110691122548246 0.41034274762223566
0.8561279486574629 0.22902295441741294
0.11050887275321908 0.42354250941065175
0.026104113136022455 0.20960655706704356
0.619020191473044 0.5561576447174774
0.8565715304304846 0.8551695704566336
0.1428944616071699 0.9444243694946668
0.046901113108118064 0.608245519120667
0.045258665549984034 0.2554785975083509
0.591616999302212 0.6393139092951616
0.811864601590566 0.6838998352025916
0.43466124975773246 0.15114816440814272
0.38417895712105254 0.006949203070446108
0.42764549433379173 0.31169176066672066
0.2652964413878409 0.04719348448046179
0.2741966195594987 0.32951728608117037
0.38911879055278753 0.7401833794039654
0.12602190250070677 0.10688849607809403
0.5705562027891473 0.3029448545412068
0.5715774755303411 0.9608984537388559
0.36572398520283866 0.5377181672871094
0.45060030786343686 0.7139580462183612
0.3624415585548848 0.17853112854034814
0.5989583951132922 0.7349649657450796
0.6332301588071962 0.42928253519981197
0.4862748746214658 0.17288023811397446
0.3127805846434757 0.28240771933939834
0.35780516309259536 0.4840728608835567
0.3555038693212422 0.3513671273288972
0.923717076413596 0.7180856973373204
0.4931529287507237 0.8680515798771058
0.732642554448389 0.505559837587243
0.4865001521344834 0.8328551565354889
0.8051969005774848 0.5329431511643006
0.8602214881637118 0.3566616443193118
0.9425766877378934 0.8852450901660371
0.4729547461425301 0.39779435811097064
0.5160240166920929 0.5824027002080323
0.6530074140822755 0.651969008856417
0.5888801424270826 0.18195516088141517
0.8327598988022238 0.19517109152434786
0.4346137861134858 0.03323478945053426
0.8414208970064991 0.7160463194997715
0.06104116443284813 0.5276645183048845
0.691989056438439 0.3514426515467872
0.7395291008211136 0.6950044890548974
0.22903762195668298 0.8075557856785276
0.007425369654942671 0.24682019019785684
0.7870061077152892 0.04767816339517772
0.6842137596626425 0.2611604464371784
0.8133942513425871 0.23258467403716088
0.5611131952353972 0.8176804366583126
0.25871667780971097 0.6755512735644151
0.49131818473048106 0.5034155437928967
