10 5 100 3
1025 839 1296 927 1013 1149 834 745 1119 1245
1186 817 1196 745 704 1102 1301 1141 794 1011
795 1049 1227 924 854 1082 1188 943 761 1250
1068 950 1038 983 693 674 695 1006 1266 934
1068 1146 1063 999 1304 932 855 875 709 841
1181 1256 727 694 1081 1034 944 1294 770 1111
1136 955 1044 1140 1053 1012 732 987 1084 1285
925 1029 847 697 954 1013 801 1276 996 1017
1148 961 673 853 1007 954 1030 1318 1113 1266
1070 719 978 815 1311 1320 1115 1103 812 998
7 1
5 3
6 6
1 0
7 2
0.7055534256438968 0.6041941940349738 0.7708419198122775 0.7166448041599242 0.39492666361983664
0.363251487080309 0.6809075898306611 0.663797056835205 0.36988450086392505 0.3074648258216078
0.44309352190777707 0.3967827088874339 0.8037648493831633 0.8890904472872994 0.16464083379639372
0.5197795123246494 0.4262210898756733 0.9916148556986768 0.575621705185254 0.43730390231950644
0.2022812083174299 0.5829820903240277
0.3781804234905537 0.8381715512985617
0.17671048266641898 0.25875848756371034
0.5382968183328674 0.6555246625481752
0.21474449888299674 0.808955196505289
0.618614999136192 0.5415022670710778
0.0038557447556895053 0.21703659220412153
0.6845710495518433 0.24809402190046792
0.4113859409238483 0.42946591378166765
0.7097122590683242 0.3236523575796699
0.8681490990060312 0.6321221864255799
0.5299555355663172 0.6964289204247855
0.33374187412721756 0.4802597566459197
0.5196104049102466 0.9776704417395727
0.11334316073010076 0.11766636050402046
0.4736759762663336 0.7111080591209773
0.08971506435901411 0.22057564609198788
0.7473066902976393 0.5742496542517399
0.83665136758117 0.32339131760547124
0.7027696877483951 0.7056528457607667
0.5482414244410843 0.20961909790921407
0.5075970085682795 0.6534466690596017
0.15563136724116067 0.8690447831926651
0.332756310446362 0.42515899716205974
0.6824426851951901 0.7307951147969844
0.8933459191920776 0.8510742243544034
0.3022437839297911 0.1006829219465597
0.9590933962916282 0.9039389391110169
0.5754992434651649 0.6894385083521808
0.5369811407131033 0.744103028119641
0.18772038727866258 0.024288267566154653
0.2444908814832618 0.29156773156969207
0.6155826580738835 0.606705823085943
0.2038859946351328 0.13231209904711916
0.50519242548134 0.42336287587538846
0.30107166238719096 0.30822458640554706
0.12623158217342167 0.3104402070611465
0.8500994879580028 0.3552194969321594
0.1321269501815081 0.03654968409730808
0.5868977044579011 0.5455982074240937
0.49725911748646556 0.5199674616853254
0.25365504937052274 0.12176331454947964
0.05345259467876473 0.24928519717774078
0.5507641661559404 0.48854100227300257
0.4984726976251368 0.8606933814832658
0.31013050588327307 0.6858972787454245
0.6663292285916564 0.45200681552875666
0.484093793244065 0.651564187230117
0.7930735314614534 0.19735155980295893
0.870997810685159 0.6929427076718915
0.8604409136067752 0.05185482019430365
0.6928291485263576 0.17752131256910086
0.3286737778984139 0.23469184945690036
0.47814135866510155 0.8123046993619041
0.9820032210108178 0.6905809805936127
0.690849114198113 0.3063959663832143
0.7343874412838631 0.108446095995822
0.5075350494734618 0.212862617938957
0.5369905889035873 0.5831042634757746
0.8474774158206988 0.8745329977279519
0.9128397881408243 0.6949441052192158
0.9288992092464723 0.012855114713244964
0.9785568750235496 0.25601023916497123
0.08269402576867702 0.5027534689945377
0.18395306196217298 0.4822918676858525
0.20860533050262475 0.2840104051508816
0.29866447382237293 0.4841169222927384
0.5823185741601624 0.6438270268404764
0.47757113653089633 0.06741356827100997
0.6952170020433217 0.092977896476657
0.852079839269003 0.9331901273112735
0.8044622026265686 0.5277358057672235
0.06057638661891396 0.6767646373655845
0.3117000614797605 0.8518244630286342
0.7934745133835566 0.4742043426800453
0.03107123581404636 0.852106541512375
0.5506844671523121 0.8763173455585682
0.00015269125806582906 0.7655678867351485
0.6072029254193274 0.6936691698236017
0.8291966602049912 0.14916377534201186
0.10628186338616796 0.9535972588360528
0.5389352667955145 0.16823131658035195
0.5525951122158088 0.5957847464475214
0.036279062639503756 0.6755958389823733
0.5382138753349555 0.08683417693415807
0.23975130294006886 0.248170605127503
0.030340291776739248 0.8047707522396079
0.4410981177616806 0.22422896454166708
0.8939298565549234 0.3588105688444383
0.568572413431349 0.04754502496871993
0.8860293952238252 0.2592561045374986
0.5148440604724238 0.5432097193287933
0.6944253855783282 0.36003328913321675
0.4580772113808216 0.11604689868172846
0.6440303907373777 0.8967192989373691
0.6348364010701246 0.07507317143126557
0.7356728080927659 0.39109458467596014
0.27449168402253243 0.6115875253010614
0.3239108258874772 0.35185744743193514
0.5858476313605412 0.8392285318050299
0.9213344551714404 0.274925103625804
0.1624740887535352 0.909831854000154
0.06837861053074978 0.38604720831320494
0.47319460788281575 0.429170732122403
0.6990132442248267 0.4709539461477359
0.8864063280420189 0.24353102857303432
0.2303221629499579 0.5551343899253185
0.08798771148561646 0.6023345400209963
0.2972752356990731 0.009020476913948805
0.21870098716343467 0.3824329094830117
0.07596677909925975 0.487622446476794
0.1178954933188574 0.5185213800121609
0.6524647457282458 0.22223522088691117
0.3516612075268548 0.2793490971766719
0.5766677009214094 0.4861516625013589
0.5963565024941271 0.7382378548580675
0.8859333459833159 0.4454526576170752
0.8633443435233124 0.6172889205955194
0.7615524056662857 0.16488655397421503
0.9539091106986963 0.2493301461134727
0.06689733594653591 0.3617385427780979
0.7984093229666551 0.5361076190502221
0.5260580910033856 0.055043362636067794
0.2386984101185481 0.0795619859056369
0.0034985001472467303 0.2206489002261358
0.5777525250298559 0.7882723813433166
0.8104166315974557 0.022948393421913904
0.7907633332005213 0.7252315986959132
0.019576363281027076 0.8714062556165645
0.9895474673190514 0.007353452423694451
0.4034107386353958 0.4131843757682634
0.155050745586222 0.12940906420613807
0.8324007158296638 0.4598918131373837
0.08507229772096458 0.8612773536993918
0.15766207959689793 0.8739429883334326
0.670915732111016 0.8330749516680629
0.4178295126946241 0.6557229111665925
0.5974981209291357 0.2068493829065161
0.937493436392044 0.3635782111363235
0.11363285526256517 0.4917532091526453
0.1048594402204015 0.16716141467990342
0.29868442890671765 0.5982000949189898
0.1345946827015545 0.8356533911661523
0.315073192088146 0.26382056452528424
0.17117992539361193 0.1271661647968434
0.9171767648269344 0.7151015002574941
0.6091840747428536 0.6615605134283269
0.3507457683027242 0.924463481986022
0.9177706003605544 0.25451256438839365
0.8792796554064335 0.7484263420600656
0.3127642995873725 0.2773427325811699
0.9448502344838938 0.7871103196482434
0.8363895897489948 0.07430306499183947
0.7298841152515063 0.07881495462667565
0.9149020526190148 0.8107169910237633
0.7501261524757095 0.20354007350334302
0.9280125606043002 0.2605276319911194
0.5691611835349117 0.05632141810607405
0.7928305863543601 0.7813226910199613
0.5631519265392826 0.7850432707599337
0.7231188912785911 0.7570814327876023
0.8406778636950074 0.13321224905603213
0.3953715742629367 0.16586132954301824
0.41827806053895156 0.46023879542347834
0.9390748721703184 0.8815858770504263
0.07095427652339903 0.6235122458487867
0.3468044789553719 0.2752030269439547
0.43898816666837126 0.27792619339291447
0.6158666742057686 0.0897544764749314
0.38061437576374524 0.7008121524605375
0.9581546104895431 0.9187994778920099
0.5164001310895869 0.42576006426914703
0.19145410618133907 0.6574016061469197
0.1560492784748646 0.6218804982375274
0.19875973680935877 0.9801926494354158
0.7773096630094554 0.25787608349416313
0.606887453064421 0.9789703119026156
0.33818109145005515 0.2900291530765928
0.8307431880952474 0.419759161538775
0.5263930164347304 0.7495632801186327
0.38842321465760477 0.24418008783752843
0.9107918131708554 0.09498297660102617
0.9802360830238057 0.20181159343092547
0.6654805127073466 0.4758753855362763
0.7176307200463214 0.3368544465377439
0.5229889925889899 0.12242136891144662
0.9552889706294696 0.2909200369840188
0.5177033218161837 0.5043720757380343
0.32848502305177796 0.8982204882344116
0.24932940736148024 0.32398391057201437
0.6287437785586123 0.2622008435399381
0.8858728738458668 0.8602543054757192
0.6664873542187175 0.47869373326656195
0.19167985482287486 0.16500614220669685
0.04457647518236807 0.24293083197172827
0.1945241524941521 0.9176042230995394
0.7712944936540911 0.26399517273427464
0.036963080680120886 0.7548863707964857
0.460743837907283 0.04964038110371338
0.7272702558572111 0.7002839319353968
0.5947645069007759 0.1693271442193427
0.7582631106019286 0.8057536794451847
0.9061060919225101 0.8042442281976292
0.3538626595815433 0.5580626084548581
0.6601567991263553 0.7364304224096598
0.4745455421542708 0.5843913253659618
0.8862542142379928 0.5813647455116544
0.4779535022134118 0.24234676908501918
0.02998631126363871 0.5368894153879074
0.7996578043385596 0.7714028458699604
0.38438778460790624 0.7459744294289321
0.5615969460788288 0.9127102549194683
0.4310735839911355 0.7307892702366572
0.5296350130539 0.006242282935705168
0.8308238814020745 0.8048842481483336
0.9940624539313863 0.9981815381228638
0.38510804915027186 0.43302520774904574
0.5403876855986391 0.0660801682557528
0.5770850779606824 0.19488699702989853
0.06991605970929471 0.18018900979719787
0.6236152320418935 0.7625398454553032
0.029826253484549703 0.1243090003787215
0.27320852678481744 0.49848393668164737
0.4380481535377354 0.6675782626829874
0.6619008319883586 0.4180454667871303
0.35779010861979543 0.11001861398517399
0.9928606544241712 0.17119734248680674
0.01790134638999996 0.3033695784322439
0.7926500248519046 0.06022021547579781
0.7873525909212487 0.13097734093000213
0.856093120572321 0.34505326269694137
0.32206073993256745 0.015971140061318723
0.2051499985820211 0.21544554995716036
0.952656777442721 0.8746470514950102
0.04951904101198612 0.7028297528962459
0.0015703532932602737 0.9268830612315779
0.7170061602562703 0.986929163464793
0.8461867502397376 0.797787300961976
0.5599886344234155 0.21394293685181776
0.8356170484503087 0.6169302110591683
0.005924705357190918 0.5676664574979062
0.4588641567770897 0.5619727234937331
0.01540820898512596 0.938739985181481
0.976443897196998 0.5943668502790584
0.46293631549816183 0.004098819001385978
0.8861601060654705 0.8874857177747151
0.9101408958072081 0.49937275258997915
0.666589136248698 0.653169850881768
0.7807968898758268 0.33719923517834793
0.5494621898466316 0.8245250019754953
0.6013705386212906 0.9222518568096609
0.6351710586270032 0.16812390583685555
0.003318212686894473 0.00533453090724656
0.2403049909083086 0.25537054018452743
0.5756189661640443 0.2037679355150468
0.6769950321312699 0.46716137463027185
0.8677830844291077 0.22382059745101213
0.1900315570518778 0.9391713604748428
0.30298437007776835 0.5863877776056177
0.3409658143678258 0.7257916074731001
0.4143762301998877 0.22602706701377828
0.851222711446334 0.6219251238734118
0.008461424054200917 0.7718925144393569
0.7043315878300094 0.91903579834543
0.7085935009882802 0.3355580296939502
0.9172689459230858 0.03305390701658051
0.9863670213988533 0.8990188394724334
0.17807304726392714 0.724685678015768
0.24685738291324366 0.8229947817238781
0.3184741197168315 0.39671969776899907
0.3283928155261904 0.3367474874929661
0.7600429848618233 0.020829718977834366
0.08601539772435962 0.3180649638484132
0.9040888713604378 0.8777054017193144
0.6015586420260945 0.31679437666801813
0.07290554566325569 0.005881054540559871
0.40878463770319073 0.9031161209827054
0.22202313931184592 0.8308887750330174
0.7276389106733014 0.9363324927867187
0.9118229063855368 0.501000408320764
0.7820030543109611 0.5827115492702812
0.2920238246180138 0.060978368085238266
0.7824959423720153 0.7324763933057141
0.0032833562655274484 0.9507248647574786
0.14749007126981883 0.7646833264049278
0.19234739974516302 0.7235579336683085
0.6129760553453236 0.9040607905050879
0.8864605196747666 0.2951414801310628
0.3178192739755701 0.7520280662527399
0.7452477376997066 0.2621821524388057
0.40846583619393906 0.7290601937225452
0.1593074548331861 0.54671775643478
0.7685836888001059 0.3798461108038962
0.20642859632162947 0.8709454319190686
0.25059318031568756 0.40710967331698256
0.3380042913997756 0.18957283654808932
0.8961488920468956 0.46559329783685044
0.5168073957574564 0.7505326018910576
0.08594415649196185 0.9103543746553002
0.4263324064425982 0.7571655816824787
0.5678141560251877 0.4823434460434819
0.6077069292864679 0.5859113745302282
0.6129343471462987 0.46076087747296546
0.4330594481249044 0.18823982097068925
0.001785441077146288 0.5387060668812191
0.37352437775575686 0.6730514888388595
0.2253211998822875 0.08968932324033574
0.2023331202849039 0.24788680577163258
0.8258731655982463 0.9159025596097568
0.8190085653409824 0.46469115570752395
0.5519229996352635 0.23253885098305083
0.9194357739692132 0.9012382229693454
0.19178667532811144 0.4508385827908634
0.09824332943566016 0.6306873511355069
0.8919888470895643 0.047073639442663406
0.3503286265988461 0.9131887495406972
0.2644604665563366 0.6619863171596745
0.8930170376973108 0.1330219888980555
0.5484987460656405 0.3235084121552547
0.8605477364479615 0.13998923991296364
0.9864238119570425 0.1727844065480042
0.9339431559000024 0.21820627172164553
0.42037204661076655 0.5503262230521184
0.7638423168674775 0.9964135975921597
0.7549398068738418 0.21884400933812942
0.547340321334985 0.3371155748383614
0.583250984033691 0.8009540518839966
0.7461721742359229 0.048761781104428525
0.11388464296070544 0.427995854213
0.8580995605587558 0.4285494845519926
0.5305549465125441 0.6264171952851607
0.1784576929978463 0.4110616939280123
0.9577984606057879 0.3808485834806561
0.8742416385330942 0.7506795249666629
0.22278092665981886 0.6272738878780297
0.08702969422665219 0.5577985345864411
0.40958578925392186 0.8971334917809237
0.18764692109048053 0.8276881819123907
0.5846716905157896 0.06749514759758157
0.0971145928036683 0.4248763105698177
0.653200420322182 0.7046034067910203
0.11595368378031545 0.8783943217489176
0.4625153339991426 0.2024010266751679
0.9655816591402815 0.8701817712918012
0.08673543314793641 0.06278626869801274
0.10609155665719339 0.7237566823058208
0.1859197591870605 0.6332280501403311
0.3755108985495017 0.4872282356228388
0.021276723797261532 0.4673157426118031
0.5121145318079152 0.9242854635311732
0.8769572795221467 0.3314770643006997
0.10930188111706252 0.525503364940368
0.8786761681055948 0.5916245518794645
0.6781023027451216 0.8663228776537011
0.8831034660925074 0.3575455566391077
0.374485617028431 0.11897429719848485
0.2644881809814654 0.17235642083600622
0.967153144230749 0.8727545752354138
0.33401370004594555 0.6272462219665338
0.6945664693070863 0.7369564461925253
0.8168838700957262 0.7173776988841771
0.7317025588799668 0.1293593193046665
0.29105696415632254 0.7419850620288602
0.5105107533187745 0.4746277433271453
0.29279722854263235 0.6119962391186582
0.17879220686326036 0.8115478196345767
0.991870955075959 0.7530223479595739
0.46473015980901855 0.16965619492532658
0.06477677187698361 0.8161156120144755
0.45761100157741663 0.08489415459924543
0.5794672863022723 0.0702785821823384
0.8326649746093524 0.22774098693800804
0.2548846248712062 0.8089243147274461
0.527720337133109 0.5162765359826968
0.15464479332741798 0.6792182625799341
0.280552580809754 0.0826109868906868
0.22154404407996187 0.0014640203256843787
0.6295860598307708 0.7198153619002041
0.48665476024965537 0.6390304508045073
0.24529714733990482 0.22798724629954337
0.8820580954283654 0.5685189451216
0.2609030439374975 0.49624089104919045
0.7949000689074195 0.7742501494145722
0.09719669965463495 0.2080625458080838
0.953226494703354 0.5808570876696248
0.1838600238005228 0.340716966847604
0.17791361249156967 0.007229275098729282
0.3327076742616579 0.4837524152274879
0.3395191257996928 0.9689681410773712
0.4842276339430065 0.11990949769206916
0.4792700272870063 0.9155250808600768
0.4654391377533682 0.23370294258032254
0.8253945763392403 0.7382976280793812
0.45668302688795426 0.8037396594824446
0.22629038818515368 0.4905994332986432
0.6803894510522759 0.6712088860307273
0.4126021469481418 0.877220315741464
0.25518459678711714 0.918459689460889
0.5301376431587963 0.5234971444682379
0.9163845529915275 0.8525329189787534
