10 5 100 2
1152 971 896 909 990 792 916 731 780 775
938 912 1067 1034 813 851 927 886 946 956
1122 1042 1144 1160 883 825 849 982 835 858
1253 1209 1050 1119 1045 852 962 868 899 1582
1522 1285 1202 1080 1027 1105 785 782 1600 1573
1346 1205 1236 1028 897 898 1068 1002 986 1315
1281 1194 1121 877 966 1047 990 986 846 890
1092 1062 893 1045 935 853 789 968 757 977
1154 1157 879 986 1021 913 817 792 904 721
1108 1040 920 1017 796 854 970 974 738 947
1 2
1 1
6 9
2 1
0 0
0.8910724716825937 0.5496115040874445 0.49281033768399995 0.8004559631974162 0.3117750086608557
0.6558415836795166 0.5654187389399764 0.3711654700252442 0.9876733827058428 0.27039707561111437
0.8120932278938635 0.4041855126157395 0.31164678974171456 0.8569520338935732 0.36688727047500314
0.3419705949304429 0.6176283719370081 0.5811662974431988 0.6756202568460612 0.4943723786852008
0.19882377703648557 0.6098595487724905
0.4715490712869046 0.6058021126574373
0.3593283429357903 0.9890629651901568
0.6214846513608019 0.5416904226515171
0.7651816540074707 0.07492684109472725
0.687290366320563 0.8721710728116279
0.8269012541102307 0.47571327758439375
0.907743002582458 0.6637725165841624
0.6994249653281579 0.6000001739945686
0.686855124249528 0.6717223246224631
0.3589717620807811 0.5637254212674647
0.4986705186460427 0.4855510652423969
0.5309901964285149 0.29109178809145697
0.5705976304550464 0.6222698429353084
0.8613301029568095 0.43777827733984687
0.38321927669443556 0.5960976565856133
0.7882356370143389 0.3903491263311998
0.6788524490193555 0.6217340110021157
0.9322033673697736 0.580001802737919
0.07846965026932451 0.06308737638608397
0.3221990176549665 0.8111550033223338
0.7220906785196 0.49915292542937784
0.1517051004531842 0.6135897785579136
0.9934494003599332 0.7915945996235803
0.5497133317065113 0.36201237569248
0.1068413032608797 0.24431239617365486
0.5525543305304661 0.7955602596240396
0.5541836366841484 0.14194937041803524
0.2772433087287083 0.8434780956726489
0.7335928260868094 0.3453149718982793
0.6056498987011834 0.18406872848912514
0.6035438083276607 0.9751926566789273
0.2562642230258272 0.547282846640218
0.27774094477495614 0.7934262726988746
0.8750411721278517 0.6450938295326671
0.43961285681050555 0.06941754292071245
0.230424694275438 0.1699888936369065
0.8780821424306438 0.7789900170884538
0.9360209031538049 0.6548249410271381
0.23563119651843878 0.14450850776305324
0.3556102622055599 0.7118264862006438
0.5643783026207145 0.613486535569203
0.1827178721565197 0.66586907676882
0.6447133135776466 0.5236661070361632
0.7024601466917324 0.6195056388027331
0.36142953872265693 0.714204981690125
0.7382246311334957 0.07470052028776664
0.9382705082965104 0.7522172576849742
0.11864605812843387 0.5873655176611898
0.2223416492357353 0.9167701987980137
0.06723592296954428 0.5830374799714548
0.8421453532273444 0.14932623098787268
0.9555430317453453 0.016102325706500942
0.4075132945749136 0.777635418479852
0.044797512985451426 0.028537316028727444
0.23651868321712888 0.12033245511214963
0.9419501560851742 0.30317438999238266
0.40686438588786866 0.5440801054731061
0.8855203059988976 0.09257688721758428
0.29705757315719516 0.17598909436880095
0.8788810359614396 0.08835144450909538
0.268271089280093 0.9759008782209129
0.35624032481238266 0.28381845402881445
0.22243590687897608 0.5342577328530469
0.28773789065461175 0.9937489086632605
0.5316345161738154 0.023427801374294344
0.02625946011704694 0.42011869318993345
0.425627862386909 0.8746458934798911
0.21918007182713173 0.9149527119823087
0.3207266432205087 0.8229739279847501
0.06557676312998018 0.9710008201214622
0.13026779764403518 0.29945331068135794
0.38340963693971086 0.6801307683397808
0.3323731716491749 0.09505589707643725
0.30780256222734215 0.39839731006633294
0.261604437565655 0.1902064321044108
0.4176257132826937 0.7200436299432489
0.5889089601063309 0.42757780700783043
0.547759471815169 0.7142825013581773
0.7422701193488375 0.9722171710232981
0.5951810185218289 0.7106514160046247
0.5830779603585667 0.06172307987454517
0.8685531885536923 0.9321347116545595
0.7879645563922137 0.8499084359611269
0.14720638520933393 0.42931761386626777
0.5434600601049058 0.3015708176304779
0.5964207518090103 0.5394953937287188
0.20661122881950988 0.6735236414746826
0.5195231816014176 0.6046758148056013
0.7051458481048583 0.718692019363008
0.34601219096835845 0.7836869472953718
0.3975942002191626 0.09383376149631206
0.35120771353594926 0.24004416102864767
0.2991546381632446 0.6021090210279145
0.448784284132385 0.28950277811758696
0.9790834126784356 0.9034317379545846
0.6604273086714378 0.6332537117428501
0.07195564419111933 0.1916872645130716
0.7161565502563749 0.6305489726855735
0.37460567588628413 0.29208983127332644
0.6347003466202876 0.33355770429195886
0.24162980349755547 0.6685794998574677
0.6053667893430246 0.8948383607679193
0.9266025843415466 0.39298989048025224
0.7264285374625432 0.22668140638938072
0.4904859116868656 0.20156135051651036
0.3024792835725183 0.8658723926748135
0.9548690915227016 0.30516572948567444
0.7196614264446421 0.22886983613759626
0.5740843611203623 0.5600139080918198
0.43592091244194164 0.020441363219793063
0.17590281075866043 0.7294479519383938
0.9710774593339195 0.7061088053001536
0.7684309284754856 0.7729129332527374
0.04403501546008859 0.8250162527036888
0.8809781717656775 0.9386102772623692
0.7351369635497931 0.08327056001778499
0.9008711460868721 0.20135816684350893
0.9216114734437812 0.7886411034765293
0.24583382258942055 0.05489573033931294
0.8015706723955642 0.5380487521319335
0.23573044359312711 0.8226896513114044
0.9644336126775617 0.45453424688253596
0.5439852380301253 0.8155525239803092
0.42898788455610126 0.09637997117276309
0.3725777790891658 0.364880689950829
0.23062033655065428 0.6378770957817628
0.47364662217295717 0.39192030774587705
0.941189310982008 0.5308244012205516
0.6178251751428125 0.8964918416369685
0.5101295006691773 0.14360629120624102
0.024330318653632776 0.37828707575740794
0.6941475017686212 0.9292727034591859
0.5399794662844415 0.4738281056082576
0.47043220378742556 0.5412409678225396
0.3359559438619357 0.9352212211094291
0.8886583256379339 0.8355862907212666
0.7228244181900139 0.2492386060809404
0.4421027863544764 0.3520916485805774
0.5907742848674178 0.7429830690665815
0.3752413861494348 0.453177624444111
0.7390314016291595 0.21012920881793762
0.6546735789509079 0.0415351668617161
0.04578554674404245 0.9262110815955429
0.8783834592172994 0.006386007519379566
0.32144371437690844 0.8538539106643801
0.09983336060469172 0.4294197335840517
0.0596252308200973 0.8445331207226361
0.7428002476778448 0.6364300148901305
0.40349159264526135 0.4669401377573539
0.9663965397473588 0.921994722740294
0.9522134212190008 0.8116418246050909
0.8520264589112123 0.6025643571304835
0.2105592222464625 0.9915572144424334
0.4235958216815978 0.12442132406120687
0.9203915909246445 0.6152529082090272
0.9873195697668986 0.4946909615684911
0.4799992368813757 0.671705990112963
0.4770618958188475 0.07580487259988389
0.6062244969295394 0.23517349806524956
0.3749352733748905 0.716303018794042
0.22225574640487733 0.8090473309125681
0.9308065990486503 0.4134017712562823
0.7267176832855877 0.07460840933948498
0.9993959169441162 0.514498038720758
0.8263588570065343 0.47490797084541514
0.6031908630334049 0.7928041884836459
0.6115082402066283 0.8809558633505632
0.14417074386990492 0.29909567498488365
0.002560688475204076 0.0825939878515578
0.7358217198106298 0.11977065964226186
0.6935514517054566 0.19374350534241214
0.12811431136457974 0.814024297219631
0.5095986549266824 0.913642291442845
0.7221732357496571 0.695714175972759
0.8247400585897293 0.04449963280332714
0.0717770944815388 0.9217411456294275
0.021129295452975816 0.801413647672272
0.8755033079804044 0.24052124921880425
0.3792524500840493 0.13687524832660158
0.29600719907820006 0.24847102591862336
0.2801931958562487 0.07212075529905149
0.8185945657822817 0.35300360503342176
0.10970085861559098 0.44397820436386426
0.5914249219434198 0.31387930483838256
0.8913889201493093 0.18384428129316888
0.07488809322432832 0.3815522798536246
0.36115677605922114 0.9648969235427955
0.3158573007889278 0.3097938038705317
0.6436103330019842 0.24201633951341606
0.13437287231569672 0.2507633588299063
0.025677207268854474 0.4605884665460178
0.46992844714264637 0.1066204178041672
0.438602895682775 0.20296391124690927
0.9689553863113831 0.6470815741861973
0.08251538269171266 0.37979479917818515
0.23583410821799444 0.39278156425631616
0.4181886331096585 0.5256250123435566
0.09280297008742933 0.7391579304526399
0.4887887042800767 0.7717734957375775
0.4988577158383758 0.1362897645892136
0.33830711641250466 0.635183843112255
0.5451213954451657 0.48377015398163015
0.4336941365416458 0.5869346129813369
0.371557254767956 0.9310544778993066
0.1713144450055566 0.38588489726835706
0.9757663380395452 0.23965261258606407
0.48860180361610905 0.893075388214349
0.9009452527360613 0.6667486141365233
0.8516737240255814 0.6980662623951743
0.512537178014338 0.2961344786503466
0.9412958332228754 0.229926573813106
0.8642705062622955 0.6233448714998708
0.9431200451861224 0.059597300756633276
0.6843042318247115 0.33647026032945204
0.8655660603059558 0.04469595635217871
0.42104955768784347 0.9470451866870593
0.9042257222846442 0.11685633117610572
0.058310421342954166 0.8744074323394722
0.3772061806414426 0.5211893853123917
0.2628092565256799 0.432678585806614
0.9361870073516514 0.7779343488631429
0.38992746712600534 0.6368495527246103
0.9582490363260858 0.6555350877076194
0.9874898817315942 0.6078313661960209
0.44970432817566897 0.6707258154196278
0.09458716758518282 0.9417115431654546
0.4612977953646753 0.06592050975966668
0.26721712407679954 0.32644716724769807
0.41006540584901097 0.30282223764273586
0.8113049389148683 0.7170407727928845
0.18220134234405916 0.6171542982569509
0.9321743333574914 0.8238728504229451
0.09668577564995928 0.8953691147320697
0.512746179870087 0.9788707070612002
0.5067433230148659 0.07339482592154734
0.2638129974357004 0.8995519340964631
0.9899682007811303 0.4199130893765779
0.8093799139636129 0.686852737047343
0.23017902336875107 0.12225528265433461
0.15439731867406414 0.9666571208268013
0.5054305973237292 0.9003932700289095
0.4691233156782497 0.5879055510273961
0.5505615784914362 0.8007635613706492
0.09779978019833635 0.11463113932171254
0.1803187267894868 0.25543934720432393
0.8605868197756077 0.5441029066996526
0.8048656110935803 0.9957760928030317
0.9549809181862932 0.5557682062948814
0.14123515134860387 0.8724268388290446
0.8272379494617847 0.21266421864969365
0.0004461895241774094 0.11991630963591149
0.16339769860507558 0.5595993714694052
0.5522709750703536 0.5495584403882097
0.8613774703969237 0.35131950989890615
0.3819106314466152 0.6515593405865217
0.7428698202868909 0.05840098534245808
0.2741210386084372 0.754804171808557
0.9245300649447248 0.9607097163671894
0.6490622401431592 0.47164653643799737
0.6003645675331437 0.5867590855488065
0.0313877598955834 0.39105713079485294
0.45849092980763895 0.8794509109079456
0.3621206779820707 0.6695800139982093
0.32149482540838314 0.8547374274994295
0.265579653578323 0.17552666269542105
0.594506925690625 0.48857596895753264
0.6345724383294049 0.5358769244505648
0.8530733340297669 0.15357870291140063
0.8246812161172918 0.33861245163700726
0.38084830343721676 0.7260731316198747
0.704727119959899 0.9802075947445168
0.18418145585757717 0.8785792256721536
0.6843694987562476 0.48613585436823015
0.629481998284743 0.2663128687123837
0.8488831818070335 0.676732847535088
0.7569744887269254 0.6640993649012206
0.011886711762581603 0.30774878114158044
0.3072695078565111 0.5898377058770288
0.7328216346413323 0.4368796350639046
0.5950618884142345 0.20776962943960164
0.6600184344462481 0.26003031443873925
0.5558006256909771 0.06978385158289901
0.6944103434216511 0.5064943871258987
0.32450174690614153 0.3647999027892881
0.18465243163484502 0.9142466636361553
0.16625123816262932 0.38023718088634384
0.28860927833565575 0.9976792841505115
0.15410962447247423 0.9479755161247483
0.23061614589335533 0.9877664331661806
0.2639137737078625 0.18610685073998234
0.3384827143369089 0.19526370125677284
0.790765016333919 0.7946265199039142
0.1974851857942499 0.027427056890883206
0.7497135108158024 0.3197054415045253
0.023748136820377352 0.22312960194307463
0.35846014787593417 0.7132699520430892
0.6480321888360474 0.593789470589807
0.8945867397986738 0.062047470703089136
0.23060165429748025 0.7564378083479659
0.30241502532483566 0.07894906697939597
0.6097315911907819 0.11828631060420314
0.8008762750312739 0.3592179124237058
0.5912778065789535 0.3873153023146827
0.5706821332099263 0.8552009973703831
0.6173031908798243 0.9823181383642354
0.734746689134949 0.4760815825822722
0.6640361931779388 0.0967461713640656
0.5586591951180262 0.5066632682150516
0.5360608759331522 0.6786825779732024
0.3261392791371107 0.5543306941169233
0.5099783354781173 0.8688651533011729
0.7074139983071366 0.5272324747317512
0.8338993385112592 0.31573705934911866
0.789968876263696 0.767437936753202
0.018847369827865945 0.24318246389399967
0.3277764867432993 0.3096530276686671
0.20561791378902572 0.537854340915171
0.8241443235947135 0.46712166693419377
0.7506690851139146 0.39824238011085655
0.7584555262417403 0.15613809126449296
0.47359060529002917 0.31917924345027204
0.8460066035761811 0.019802618747488454
0.6487651551139775 0.06305988049582956
0.004684724836072851 0.28232181718926275
0.8516355552238088 0.6068833195762671
0.3083532467799104 0.4400835338640867
0.7902172178454496 0.7289296945789165
0.9502526558936677 0.3192026256007554
0.20434616836255315 0.4798589885603881
0.8755602863313601 0.6546617314400058
0.29238148615433657 0.23565648298143715
0.3299113154051707 0.6000860284885279
0.6790016350671801 0.3096894055633599
0.3399457711158882 0.27679918054845243
0.7687275314110589 0.4876404814339257
0.24496945078090837 0.04641076998154703
0.14070155899689074 0.9078971495686647
0.1389338662135371 0.45178977862885317
0.10503668907752184 0.44896477180506844
0.2112980844147323 0.49901153835861156
0.8441053708876869 0.9514237959053997
0.7857210791531375 0.7382416082322574
0.4571813335823305 0.9054748146457037
0.6742451567863887 0.3599939027779784
0.19038404920209406 0.08306395504103681
0.8513999906242742 0.06821601946681399
0.9429358725180526 0.4007771932726665
0.8871275163265733 0.12118965567745965
0.051982407363099226 0.1199134188320754
0.08498774749548099 0.7360218852917577
0.034638274304021444 0.07588107825614876
0.8599454368686998 0.9391453936412923
0.13724849254491422 0.9322264441212817
0.884931445219511 0.22642428269979264
0.7879593948027697 0.35904343577272946
0.4979287096079552 0.3836792525731285
0.4136845450763542 0.8134371641328426
0.4721446696458562 0.8405373250289827
0.9652247961523239 0.8087835501766376
0.3461187717211198 0.7576559501240916
0.8276429575366568 0.09772361800296103
0.8612407828498334 0.9030511082701962
0.6880811935425577 0.3961456639644487
0.7475824381467566 0.04836694115568552
0.8707421991302065 0.013275376260946326
0.05542656879587282 0.2502396390112729
0.5899137862111172 0.422806501248602
0.9334809425395629 0.7635322465261212
0.04275324403945868 0.7639642926852008
0.5167002259204954 0.034923521493775755
0.4148092524543696 0.6769516390598367
0.7735601968634431 0.935942879671505
0.3999923385485229 0.8629513466582772
0.917779001305076 0.21126820439475713
0.10960329691815818 0.2372023224376889
0.7786380697432085 0.08932973586502468
0.2501491739654058 0.6055973064929598
0.13939273719340695 0.26961617821681094
0.4274715919668015 0.014110286027501306
0.6646839142068581 0.5277993353531294
0.32530996206201235 0.8508372504616206
0.6683627073102019 0.8089239389514178
0.12623550937140782 0.4233656903323477
0.5384425898346092 0.0008100854787826961
0.5033935606878481 0.9000002100025579
0.40225542002420656 0.026095146438996908
0.08090601432343192 0.7319470493613243
0.2351667884014479 0.7160975654225663
0.7271599745384261 0.32783855810239504
0.35225100815134414 0.37424458298345864
0.2999448440254149 0.1391268062261346
0.504815971847977 0.24549734954562097
0.7706560405081357 0.9539392078043534
0.48354313556176587 0.2601460191034193
0.878286103271789 0.42595949322047777
0.06339268226660888 0.1669646055690921
0.3358406562082581 0.8355736278559913
0.5715282622217115 0.014160242547217816
0.0012977639682050235 0.7666041320111536
