10 4 100 5
203 256 355 1258 1005 1123 840 662 519 896
415 674 447 324 1421 487 938 906 1152 1025
550 482 397 346 524 760 1136 1536 1684 1564
317 545 385 590 1086 1065 1453 1919 2079 1746
303 595 547 637 1200 1546 2054 1931 2096 2109
467 246 353 541 1013 1291 1853 2465 2239 2517
468 353 668 727 1067 1560 1589 2223 2410 1925
560 409 316 608 714 964 1539 1788 2163 1615
188 410 427 434 680 732 1337 1190 1322 1539
310 358 716 484 394 955 625 1029 1146 985
9 3
3 5
6 7
3 4
0.8818096894836709 0.7856326944629519 0.6138395402240335 0.4681625476907984 0.24050356340161738
0.7934576747418587 0.46624564951252295 0.7497768685376451 0.396275221537598 0.26928062559995725
0.8496191285479862 0.7387133806890063 0.7733875666093017 0.49586775354541407 0.23022633992067
0.4341241235181241 0.9596991722443773
0.21109839990513324 0.7981131624599205
0.4207701896556424 0.20402427268948187
0.9379664041617299 0.8075505639177429
0.29668030521377586 0.7687507365413488
0.2508714513444923 0.1887382974669809
0.17426977173207958 0.1905981230133118
0.8721421301039047 0.3337603644327829
0.04870228889976791 0.36723539445432984
0.12299336456790155 0.8652568780129202
0.21307662020225182 0.09340836813552422
0.6247973386197754 0.7706929128062237
0.997620787481889 0.9387091833800045
0.013899226294914913 0.08086621304771335
0.40316296349187297 0.5517572013097705
0.7155379055239239 0.6682036487263243
0.5342997224642176 0.4673682939328321
0.8167856711463661 0.9181760739486147
0.5134465602262308 0.7636027719462968
0.09734750533092984 0.5266024606763082
0.7926837943615923 0.7972912006367914
0.6734821130008963 0.5158264376270159
0.023449948571244272 0.8852196710369504
0.89091377132381 0.8727769857176546
0.6672898334700132 0.5775751872370434
0.3590723485253313 0.6927340880351176
0.93165663271309 0.4495240810891563
0.8405367848682432 0.7405377195917895
0.35719962158696394 0.6518765622935363
0.47601032758949136 0.2121857560929694
0.6630536263819164 0.15897495029926856
0.8252403455646253 0.8816954299820776
0.7707147495015438 0.8548379550847387
0.7467928880235566 0.352415394335565
0.33827550234387394 0.7322195305197354
0.8682519387544725 0.25364456266879
0.146779258800533 0.2649371089591861
0.15036062031133102 0.5755112647991509
0.7653351366413852 0.5100485321066326
0.28750700729027967 0.6672505023133593
0.9425710186169529 0.22567709439119343
0.3015069804914723 0.6107634607435828
0.95097591469123 0.03669735363265647
0.3018021631935417 0.9285941755057099
0.9617318986726435 0.9482746110968012
0.2783370350037142 0.396370996453991
0.07644473953568598 0.006200417539273806
0.6691196026112718 0.4848110123024194
0.6765183864823996 0.1278043063146388
0.3438008570722524 0.5858335384618374
0.4293459890190525 0.12786910125504214
0.5811341597834689 0.44226164687041525
0.9895745804385949 0.44107533383349296
0.4689792140946958 0.9604314757838055
0.42667945960720366 0.3411838977601407
0.6785470144907211 0.7093189130169162
0.5824674666528917 0.19538036410607296
0.4810566765520534 0.8299321244636666
0.08110496099231579 0.06600714972170829
0.9046809181197168 0.7162115471501098
0.48325765671157384 0.19044156079956087
0.3506012966385579 0.3343207328084459
0.5495009762454202 0.4409254624613361
0.7043693883330282 0.19343377393478445
0.5195667254353802 0.1291848976617429
0.7275215493424225 0.6326586339677605
0.21868486201481718 0.818494299502663
0.6786364998054051 0.9444364529771088
0.16287055567035913 0.7764503854624334
0.5133649277899726 0.17385836926026288
0.8237861647488312 0.6560583313421651
0.6498114047519423 0.32251835578762744
0.7614764078887191 0.9474242825747001
0.7059174867306048 0.6433837005099092
0.13110112714384115 0.5443406302148215
0.5874339056274098 0.9049775376713183
0.8689795276109187 0.8585762529823988
0.6866592549720791 0.8456721198426727
0.22661311452323019 0.9912707949903099
0.31672394639648904 0.449420890830621
0.9555540408278247 0.12738383134979436
0.4250141697537404 0.0352596510731924
0.7024707770736665 0.6236994506362894
0.7437246572390146 0.6186717807036375
0.048933144210323576 0.1715065701200842
0.7534847070099948 0.3385489188712265
0.2825714534721586 0.43951703069562775
0.34115869697424683 0.8167980399454475
0.405301411364859 0.2437876217090844
0.3236122393134375 0.5054401351537283
0.870806022769552 0.6008222784105177
0.19207785439235092 0.8263813088133443
0.7926403492955731 0.5407974037348842
0.37072500785530904 0.6994467671494418
0.5223030268762026 0.6634679393377829
0.5575515290874298 0.8617948250138372
0.9197523373194274 0.008323552924633493
0.3507593876656412 0.9596089262981851
0.27454172596714077 0.22654701894184393
0.9094804778634986 0.3014519455234257
0.7736389813764739 0.3054535158557634
0.9163093184978659 0.004859490227448804
0.6333956978657158 0.9439003060884319
0.638120133753127 0.9820054737775017
0.23481119797298122 0.7320056998230202
0.42928590155386037 0.7378429829078912
0.919256119536854 0.39382731973465557
0.5343384250778969 0.3447294334241129
0.1075456753691213 0.7959286139894046
0.16567159387139707 0.5511001425633306
0.9861521435869431 0.28525117515075893
0.48988629759762015 0.9109330356141239
0.4163094218285932 0.4065058924403935
0.5114760962875253 0.4282251880753407
0.27860259024081313 0.3999005119099712
0.8552278112552978 0.1537781093576469
0.09335495752196832 0.003983960220699689
0.1752063842536733 0.9986188230169895
0.2001908858314403 0.7417008631627133
0.9751986000790187 0.16322198655561415
0.0626464602593999 0.8797094357588668
0.7549922680446353 0.5388338326427442
0.49298188644275087 0.7129122969486645
0.03189642808293258 0.5944360796024712
0.18846951978724058 0.165339966261695
0.010370418765540235 0.4905245185771223
0.784925676428653 0.8184263954576263
0.8386368272014237 0.09174404695049532
0.5413141419695824 0.35383866004328857
0.23792599349517252 0.5712943559925734
0.1988076072937477 0.13143683442174736
0.2909015675083697 0.46244388982646556
0.5492894299356483 0.9299198158906421
0.7505757688898331 0.5620170607520241
0.006235528410829527 0.3264110651773222
0.7693659569682902 0.4600179218689844
0.4044253703051832 0.9764438478729394
0.35094933929610206 0.655073842685225
0.32135733022253254 0.8987239429716067
0.9754369234725844 0.13762715054984276
0.4610202738586673 0.27753391482116907
0.012420155113752607 0.2099916207308905
0.49608302582983743 0.26813544101088005
0.3549047681324624 0.9514805118937386
0.44547001635159544 0.9898536766995636
0.005133161179971202 0.27447516396892047
0.7671110363883811 0.6297548295272766
0.8346864899147917 0.01988681913964041
0.09870341354078693 0.5697990084830744
0.8184371735112896 0.49735894088853705
0.5025383209745689 0.28846093054670097
0.21678376543724065 0.005655843279535944
0.3000321799288779 0.29973734664211005
0.06607701304619384 0.8780150001965068
0.5076690978973482 0.8121706560696318
0.8083508324860247 0.48516371583807394
0.49359662969026963 0.28843282557254324
0.1992356053313824 0.9022630543066674
0.5630058886889024 0.5140142711688309
0.7046648118745376 0.4293457600447743
0.44131475503004514 0.9539413093582125
0.8428550611182526 0.7908682774943554
0.975453308141492 0.3875492238508391
0.07182495041625514 0.82550981088009
0.5121137824660074 0.49357355329371133
0.08720141301186768 0.9555309155382856
0.24817233674226657 0.872402772197086
0.49873944195413733 0.9581359687295703
0.32798791309060027 0.3187451119347817
0.2977739279540199 0.6940811856978879
0.40167734652254605 0.43570874023163486
0.15763899415123994 0.4006682199713476
0.39219083189339576 0.08957314190696253
0.39214096718413205 0.6068100814581379
0.3525346054536773 0.8461170677523535
0.6288097620264457 0.8747586723813858
0.5594483866031008 0.561802997893164
0.4724720638832045 0.670147979757147
0.5670124150321705 0.9881633270368602
0.37931814801395447 0.33841370911517443
0.43827630636836123 0.33101910897245856
0.35514826173819847 0.9793396122591282
0.756061011408256 0.7398852869804116
0.957440323836948 0.67750278892974
0.22251996379745664 0.8085312524399906
0.28443168883925796 0.8092331407022291
0.5184047389181987 0.1386377323922523
0.8539691662393283 0.7330817477466893
0.09537619395415331 0.7688720424372744
0.4191195510927348 0.33661823988803885
0.16901529375699953 0.7132565881310089
0.5072565973780203 0.7758826831231864
0.7323237231800848 0.7547752284056954
0.21804096077544988 0.6062412650709335
0.07251609889918753 0.5080378234369263
0.7250489882226194 0.3972731081164893
0.785829653627659 0.409441346111838
0.6366424353445721 0.10277876996548718
0.556786807049203 0.8206540342041257
0.4331425391013901 0.43811424773233854
0.5168726321670727 0.27335328385232716
0.27496649199831347 0.9878848182855489
0.40243008898979316 0.17858109584604698
0.037863328457024226 0.40493703570110706
0.8318706279802122 0.3648204418776184
0.28316673223955435 0.09401592391692692
0.5466161310781628 0.2542200594634423
0.5917186848800151 0.364922770013167
0.9378356589428019 0.7432587726230686
0.06284447912513991 0.39483616809497835
0.5400071852255608 0.1598011280599292
0.38347302931652116 0.22336757543964647
0.7475950165558092 0.4845320147541716
0.8778290713460617 0.1431545125391389
0.09708652113531957 0.2809882374024919
0.1987854837311558 0.403596283662379
0.5963791028011567 0.7979727761942432
0.23101251610525497 0.3007844897266667
0.7246029491965782 0.1306807745233476
0.37078550573635716 0.8857462043818842
0.6738698160708492 0.729300656934325
0.8546857360218452 0.04603914771903028
0.31102074180495065 0.35205703869203986
0.3066362246097436 0.28051870470748996
0.6765816384115122 0.5000234600705706
0.6605205070743903 0.9391670523161597
0.445400411114353 0.4747451029031129
0.8464465430238239 0.17249837751082908
0.5957198468627765 0.05082687379718154
0.5200386389458775 0.08183242957730053
0.10749995352941366 0.40865590475691915
0.09378862739314431 0.39695696460645347
0.702551120139457 0.49165726435338586
0.34602215401026704 0.3248216732511109
0.09726950315427896 0.5163940163575458
0.6753293047088371 0.06532494184967219
0.6403850860141074 0.5901178071871422
0.4322198701553941 0.6173429914591453
0.03980051062309431 0.9049425264862283
0.6751777785308539 0.3857818828977022
0.9006968218905298 0.5907787795851205
0.6157654101067715 0.42250328597880893
0.38208971673660796 0.8135001863790869
0.9926728476778053 0.30151960036858716
0.8523471082109173 0.6190193964117838
0.22900566589865057 0.026774514499248614
0.6977571222845045 0.5319770141349118
0.6879023548701391 0.2788265837195161
0.3416303054627856 0.8330680570239324
0.767430269103498 0.2057023771688864
0.24804633976563806 0.34859519371340464
0.3991327314762039 0.33467404962932235
0.5930389320465794 0.6961940891007643
0.22019092181219446 0.1224624084735948
0.7274952611907834 0.1947953679932657
0.11370482198439902 0.14442946586137295
0.49937382747346803 0.24310218393061023
0.23255239490399693 0.62991103588332
0.014607340983491923 0.48395999247610244
0.9196403062104803 0.2117033548326006
0.551079184075765 0.4141427364233159
0.8899719548162393 0.21214290787247303
0.1751909308737709 0.8901717892619216
0.5760382767761629 0.06609994244623074
0.6414157336476305 0.16355115991522395
0.5909442071521209 0.21585745383717891
0.326147761786844 0.32180373371223303
0.7176541942973251 0.8225909939367453
0.09389458015130892 0.39213913684287127
0.4997439640539869 0.8953763685608453
0.17032415057956096 0.26351865971372757
0.5483860272352439 0.16670952784139392
0.6511973596294194 0.8870202861183585
0.8334611510049965 0.6452511359836204
0.08804120367976798 0.1831446822560887
0.8458472118123872 0.672600147891766
0.2661845916041816 0.3148602128532456
0.5537932141975201 0.7201808076930272
0.438258916208351 0.31185683653533025
0.03463342401123426 0.281802884320538
0.9358993344041513 0.11329970745119189
0.7131645514581366 0.6404209038341477
0.5896081366195192 0.012104135668826066
0.8252989615067419 0.5142674249262338
0.19258985543165452 0.15702044365854717
0.7108540835866688 0.9426389724568778
0.5708490327919948 0.2204035494898231
0.056472511058619945 0.6650015212503289
0.09685786980126543 0.34916503461703075
0.8408719182168862 0.07401198078767512
0.4118850638726663 0.9154472535650346
0.6649916530404554 0.23047890784621927
0.3357974299293185 0.7355442599386608
0.6662233293111428 0.9526034097338993
0.06280268451525739 0.47524688829044925
0.25639642165334675 0.7676694184630026
0.5469411866375204 0.34053798968614646
0.12567667435802998 0.8916480863548324
0.36556619757382536 0.08995061661468551
0.7006195825541108 0.4311313716116614
