10 5 100 2
1279 739 1433 810 674 706 870 1440 1268 1497
1376 803 1200 718 385 284 591 1193 1121 1485
1539 436 1374 1160 541 611 1532 683 862 1350
471 1156 1460 629 724 729 826 716 587 1328
1434 922 404 947 653 1227 310 316 360 951
827 321 677 526 292 1410 467 1419 912 1097
1214 682 1272 598 746 1497 755 719 1928 1201
521 502 745 799 656 1145 1090 2287 2041 1152
401 451 296 1080 601 1199 1860 1568 1965 1966
831 601 708 1254 1484 1188 1313 1960 1905 1761
0 0
7 4
8 2
1 0
1 4
0.6017470620829517 0.907868090089271 0.7987157781144596 0.35595630768135994 0.22359436960442328
0.6591255809433842 0.5319583535461047 0.41200102868569166 0.4469548176152434 0.4688183782326881
0.48724695954777913 0.48114377931164304 0.7330887397266339 0.9157554323284933 0.10544006538480916
0.4143401588809771 0.3609806047735894 0.4972110601460761 0.35205290428293934 0.21992346117097777
0.949057298507787 0.2676983182120958
0.5971118031274392 0.6643648463820342
0.2859037848949153 0.9122889033036394
0.042286748271852304 0.20157670571218178
0.5727110162783071 0.6595482742234655
0.19679853508549283 0.828513577297018
0.05054852857455572 0.32707605815531715
0.06522570203626366 0.4105831935647535
0.20813792317884405 0.5108164321387463
0.8770944424928149 0.9707868701405848
0.16974995738255827 0.9633843617666813
0.007495155074879412 0.8987230373570152
0.8797833582831291 0.8633250508982382
0.7087389621252855 0.5331333369985911
0.5062800268475445 0.5607696512189153
0.1775488725519756 0.6727820972365244
0.11730693862145936 0.05071667593429652
0.3725593028267671 0.18273374809299825
0.38316112972907934 0.06890646563323699
0.6005550032146421 0.38002415939927614
0.2825746563867899 0.9507808595615732
0.22949703784228315 0.28209772931363886
0.16946518608001582 0.42530513121706837
0.9799367789726434 0.18596336687477044
0.15796214768918615 0.5838923530464604
0.9157298814839852 0.37269629949604033
0.6341143715347046 0.08958327319793913
0.181749308015817 0.8729824817302103
0.5877270061060103 0.3787758043510887
0.10858808738018944 0.2042853460942744
0.9978346464508312 0.6076948133576119
0.7694091247142294 0.44677244318302756
0.4108561442787264 0.1998058081028975
0.9187724924181062 0.7838196081177344
0.2857913186689114 0.9517433592188014
0.4985880438331023 0.146901842994424
0.20502963969368415 0.46591136439014846
0.949377697175591 0.5928559074136841
0.8315928827588448 0.3294895554037245
0.8223066951736675 0.3881685866930309
0.8439115655501026 0.18246373821141004
0.9820906267687821 0.557947935192505
0.6529042033681713 0.9597278388585069
0.269996427834994 0.35769042823533814
0.8415075628084472 0.2894395779097416
0.15532098978921693 0.49059390138127124
0.21441189663696392 0.21310507642694843
0.8193050737973269 0.2687155384748672
0.7438631041711874 0.42874903507130413
0.3151834894128953 0.1316153895404868
0.9326090117250903 0.9506847116842001
0.2984679815928726 0.04647459002302479
0.18575912717132326 0.38390361995655087
0.23111990177686814 0.3326868495373023
0.8253782851326208 0.5539031636000895
0.5312781797069319 0.1696200409095654
0.5571046171490515 0.6182719802448511
0.09219056531595515 0.7204058521097099
0.5090620516693778 0.34250644346751424
0.5067295892943111 0.5689668046811174
0.7788439839947581 0.479054506937153
0.8915427999124115 0.5362705897234579
0.7527652814420047 0.31297933393695687
0.05044158001378474 0.4799985155337616
0.7967328509685019 0.6939373594365288
0.4030358610129985 0.8614977878057262
0.04471834516313988 0.25586237366507425
0.051383222040457754 0.9771219988461923
0.3794186343303767 0.31524869142153644
0.3447484904084297 0.21658470284800369
0.11967585709609452 0.7226168642585515
0.5962063122879162 0.8546891669589363
0.17526031239904993 0.6406854055158304
0.4568455622584453 0.3633490757380733
0.63645507231832 0.40172681956745304
0.38890963348506635 0.7316452271974567
0.8092399181380414 0.4588280637378217
0.5119378902466556 0.6647267418893397
0.08938769989787043 0.13884942805974632
0.08027959862613665 0.20354772850550318
0.038719777613073436 0.881641353645163
0.6483900974866819 0.9308802089165402
0.013611439158449867 0.717420048672814
0.5870918472158517 0.6409345479111013
0.853691535823641 0.4761921057726106
0.9343988528486786 0.2815958187745473
0.2125812910448046 0.9238630752385695
0.10648074918146633 0.3660661201417492
0.8134791894378814 0.499326159426158
0.2658729110760709 0.8462360989889153
0.34292266532787274 0.9503877770224018
0.940216733325627 0.8939755128234499
0.12227885741776046 0.4480056603110829
0.5674634216176704 0.4442086488614765
0.43070128216650816 0.4417934060652515
0.9227924623481494 0.8742116964744342
0.9979127298366861 0.23182903373485964
0.013489299491979079 0.717239290192784
0.41851612176952946 0.7291743549310301
0.3613014596736144 0.10429705617156326
0.929676374663519 0.3801350106559578
0.1878422681210845 0.6620254728239987
0.733931740935988 0.5884767507179351
0.17004979252032704 0.4612645385757357
0.6705919666679165 0.5185381602337227
0.32746878347478403 0.7831815019908983
0.145725267519899 0.29039843566420664
0.9504923256673694 0.1675950125206902
0.4478057176329304 0.14414955145577535
0.045070386553484054 0.9797090964084592
0.9409347899713394 0.2916197553279041
0.2489270061574944 0.05525557498700939
0.09582937098143107 0.35269243789742477
0.3517857067802457 0.5690185785222761
0.6158572842863332 0.8173265795494447
0.7112429748953168 0.6025378307080358
0.7789208899081974 0.2626094323374373
0.43739102073112957 0.12495773705574109
0.16665828516241965 0.6330079704212308
0.5229061851091417 0.22115330697375435
0.06521863368988412 0.7717828324576086
0.32629542798597266 0.36325607194210763
0.9075943290209805 0.7429647083805722
0.39916478604573524 0.27301202594145746
0.4555074292662 0.4875779383101775
0.9419497555946645 0.9776477827382204
0.6918543452397119 0.922077779335631
0.7584816014991187 0.15221576899734846
0.747795334632275 0.7754753438499331
0.5521861856631858 0.3073506796798353
0.8281130187051464 0.6076197428090726
0.2240540084510858 0.16665574059267296
0.4503668047763152 0.03506462983613834
0.8681561977437122 0.9923220036472999
0.239368042242045 0.8459674313374117
0.1084322407440963 0.8902226815428522
0.893487301610796 0.9614627491119043
0.35787378868458264 0.032518424381898337
0.04017013335466779 0.6340024200118106
0.31068466600998956 0.6468043941029633
0.9112986004063361 0.6908139052335565
0.7752192391812256 0.8611990912165688
0.40915173957009854 0.9462805825479041
0.7052269988139153 0.4235633470386355
0.744873851882645 0.020485682364051794
0.7702668486544131 0.1916817272887208
0.9543369598708726 0.8125532669079718
0.6072963021221052 0.6416746190349363
0.46459117220831625 0.6288994450493
0.8593823196558412 0.4232288362439791
0.8452441708476104 0.26023926224590777
0.43826696333265125 0.7145503156658448
0.10764567972925732 0.5476499747686259
0.43067522362926103 0.7504203446575366
0.6684751013526737 0.8213379424066576
0.6120792566423139 0.925063912587569
0.851834483055359 0.12468687837062964
0.15157892506865434 0.35607124431299275
0.4668428047210893 0.6094366762301411
0.6599632539030826 0.19612980919385858
0.280498555403347 0.503282928631644
0.47219755740643454 0.938316649921644
0.6106754242503409 0.3908428228427323
0.8953809760018565 0.7984417873037557
0.6334967009204069 0.9350309578393732
0.7601658446760498 0.949378680706247
0.6550326723090141 0.02298775905804984
0.020591033511855983 0.5047560011869923
0.19942805388291274 0.23515056094552467
0.5740749304855697 0.8297198877169025
0.5449173937574261 0.1395840362114804
0.2783171227132575 0.7582238818222342
0.0015640730726436125 0.12558383274769525
0.7068485192866552 0.9635236568388097
0.7228462722098918 0.6789059120537893
0.736119484320215 0.2832062224543539
0.41869448054910796 0.43179786565843337
0.44361376800597063 0.3068317608057958
0.6134867099416654 0.7485248456360871
0.36404074159522093 0.023294708713568868
0.4935408027415158 0.852257406930159
0.4373789946658255 0.47887660387171516
0.550260228616442 0.24241942998739607
0.3405398466707119 0.6234059298601375
0.4480704702980667 0.025208810525640946
0.2532959133163406 0.8430812492385982
0.608700983957914 0.14801349833353927
0.8617548463203464 0.7170061024564189
0.6235059779171301 0.31962304395767105
0.008261165402992043 0.7264388737528606
0.8911511905715299 0.6886830936891151
0.2328285257069973 0.7879833597133956
0.646659883634547 0.1826099569691626
0.09775864885782504 0.19875577592861982
0.4907585028895698 0.07510139070462007
0.2638341000541675 0.7620376518003258
0.49975421477929594 0.44350665992736693
0.6276486906078147 0.7242206075486972
0.900020906370629 0.46592739029441765
0.7708348380964081 0.7439566887364133
0.9922839256961138 0.43732287908449186
0.7269939049880223 0.9273415004943226
0.8455191797241182 0.8487310436785716
0.8394156848127878 0.5858866438492365
0.5428240945166243 0.8418762867556142
0.3429205100314707 0.2747330252885958
0.706506643122607 0.8018258428966749
0.8582217954198978 0.279737119723827
0.11137604406302781 0.915768594281716
0.17367960133083304 0.18468732862560877
0.5798751789504899 0.234869753606334
0.23332387935038845 0.4296686229804163
0.2239152673398479 0.20791750103364448
0.7447417926749351 0.8264911967450848
0.2956469585062398 0.6187698747057109
0.5932708237052451 0.15111133236909247
0.4376204138822801 0.5594061111034165
0.9260488829886586 0.8655968420656166
0.6043067063122878 0.15611984246182953
0.8792746347941287 0.35705902842605797
0.1400528710165565 0.05977942273607306
0.006041350719950378 0.33408398484488666
0.02120527973346431 0.2442436619965893
0.7338672336887169 0.8586857015668972
0.44474675445672074 0.5597887710045653
0.46337518234784225 0.8818359955907822
0.18505846097529455 0.49782314691724716
0.35203915955404574 0.19215729375400348
0.4004338538719512 0.15329552802250346
0.600734605864943 0.12316169151449219
0.21864614219693146 0.8343411752077323
0.6614268206748444 0.10356715935515726
0.017059501158169565 0.6545924434563863
0.20572274411783642 0.008578892524909953
0.7854985284055656 0.035473651508894255
0.42003013236646125 0.35876224714664295
0.8114018588235516 0.5142851557143662
0.3996260600775956 0.6606002668347442
0.49872861704683236 0.479521969076278
0.35204774490428115 0.4408296770785505
0.43518891333743315 0.32425233955366406
0.6415325495251825 0.4452797744798165
0.5071987074712538 0.5353989058192967
0.8592960999535819 0.5820669803139742
0.012558479388901533 0.5345154860046719
0.792288323248771 0.12039458412709125
0.6394493236394738 0.9031924604613815
0.4702175149981378 0.17633521599916135
0.09031952210421057 0.8085522193611532
0.7535621343830308 0.8828381762248558
0.2285150628281598 0.3155601058978852
0.6387383455570363 0.9372657253790841
0.582101233821513 0.9826377501315482
0.4838759640227486 0.0697381117044038
0.2448259957423311 0.15238551743855933
0.5170841613779675 0.4597192222915487
0.6187918800434908 0.19968983829579678
0.4826085207409132 0.9120166084468586
0.17042572482148355 0.12721064203426202
0.025391032833968374 0.3841867952296121
0.22047753321533325 0.8773633181748339
0.20696662394741971 0.32332298972711615
0.31550494454134603 0.29932627686522206
0.7382968237476768 0.7449166302068726
0.7232563409749111 0.5501562593513472
0.3217734652943618 0.8213352712154303
0.7015080114300865 0.5544658403055893
0.6336324735768533 0.23009109674392936
0.031943721069929154 0.5503140138458387
0.9014374547729023 0.4353437942641296
0.3618704785772626 0.6688559615315786
0.6110149251956418 0.2459741016254644
0.944383024305681 0.37848031030150087
0.3711039825544009 0.46908809496676707
0.54583383241095 0.44071880522656626
0.43172605143899156 0.21578973841706794
0.02500801204309666 0.4034232820818935
0.11459948069521753 0.330843767013423
0.030722059632299015 0.27525706759864677
0.4952244266494641 0.6684754036627278
0.016860905667837267 0.8377636668269126
0.3688471609868891 0.44549644014345513
0.30547527062992375 0.48449956783458803
0.1418429148743663 0.14361759376680117
0.9726440415728219 0.8110923292374128
0.40640010657247627 0.14118567450318786
0.8301494565490146 0.0700648839983351
0.5649940320240447 0.2136385183459224
0.21321071873470965 0.45725730030669864
0.0354613462948159 0.3852788847750148
0.7581825367875157 0.6170233078011456
0.8258988666892917 0.020882545403446695
0.9108281472894493 0.4083493763333397
0.0788726802141495 0.16613148979688996
0.7474545371567836 0.7556207155264416
0.07007901199858324 0.1741157609395676
0.8101547010767864 0.3925160349287933
0.7864845317825151 0.38498690040593364
0.7219279908218086 0.8804022371450093
0.9311020520920938 0.2729935495234954
0.643984097880395 0.7437897118011876
0.8657772047243881 0.6357805595562656
0.3811010922036524 0.015874022490417694
0.9817767467255116 0.14148809542006857
0.04399467243695687 0.5573611056140122
0.7835838082466016 0.3008131892982009
0.9938148389058723 0.6831975124543492
0.6753145403006786 0.9160359847760826
0.7694059759739829 0.29531246947636514
0.8846219661387176 0.7089958908961895
0.9758342959023965 0.23615755935001603
0.9973126185527035 0.8567114321966351
0.8601480417086551 0.5724967711349314
0.26991819283205487 0.6690946240098576
0.7849149195771186 0.7354639386750257
0.7477078798679173 0.9576619025419797
0.036690959655738764 0.33903183686681615
0.30530463148688014 0.5447250732874873
0.8182352939413178 0.5033315439043735
0.1474073560252478 0.8475080110019548
0.5951518365327939 0.8644994345578492
0.08752447167818822 0.5938697630924044
0.1654746444544124 0.8834849817404316
0.6301100535382438 0.6241136001736773
0.05058127142559332 0.7278169730495498
0.25639523245786244 0.23897904963080863
0.7222866296385608 0.632714739810261
0.11578795059937175 0.02822261447258967
0.9531675368367709 0.5251084109617463
0.7289396202198342 0.23442874298717697
0.902351373477841 0.7965158874642246
0.853464636936683 0.802766316019843
0.40244204085012636 0.503289394332046
0.43315337997383496 0.129133676927506
0.8662349569555492 0.12423605698862361
0.7638293357663557 0.34794895894630185
0.06134705208746638 0.1636873659266289
0.3122509779770608 0.9056341340381224
0.3405430945753263 0.8846575919761317
0.23156066595259706 0.38680535269345917
0.061505701580426786 0.49241871236786117
0.6047893149469783 0.5893894857141222
0.20021114386634564 0.9746110793641729
0.4851375647887015 0.21637788824487725
0.573362894613213 0.6556001995840122
0.10648549180651856 0.4258585820039591
0.322509985874067 0.792183305030357
0.20081920755063232 0.13887080350563386
0.8091215618986263 0.5472524033161992
0.5422887027835335 0.47049706095360855
0.16597905739284413 0.6013052821535545
0.8666948529783791 0.30946120982432435
0.8037488171980105 0.43137327749032117
0.4440611189595929 0.36592873368288137
0.8976187544058047 0.4605057703926976
0.8612831208219145 0.8187872712315438
0.10836627634355489 0.6476106559218247
0.8881337833009373 0.5577140124430611
0.5175102866172794 0.47778757752226175
0.8851323544042164 0.6062551176113571
0.6610101713010244 0.1304401889285769
0.7605357748779962 0.971309889844334
0.31020967715867065 0.5932332105807996
0.3844671868017613 0.18609298981365918
0.5220677350164833 0.6014771355846555
0.17372684599848043 0.2891590291831996
0.46701248572887977 0.46653658901565875
0.0777509916831054 0.7444654779367506
0.9802109628371414 0.07513459709296377
0.8636758502611341 0.1296739102369906
0.5808722683787977 0.08055794019192941
0.9431447637036754 0.9181881777065575
0.020534755077159073 0.18446650108602003
0.3870929598850612 0.4321003501918903
0.8374078437378958 0.48653376442104346
0.5768356936745349 0.0273095325888828
0.615101812782862 0.8107863103476667
0.3736698213436487 0.9887362033194798
0.4428020666275685 0.5618309680830813
0.8798696511298303 0.0030420435575242433
0.4110079228663337 0.23868487744426714
0.27877834922893974 0.7619869646242323
0.9426251676203534 0.9709169614904407
0.6160323757830299 0.051219010433115386
0.6952182649118697 0.001175922821268216
0.3141360903801387 0.9274635724359925
0.05662323455905249 0.06253037330048783
0.2942082982551726 0.6418888711849835
0.056265994288941634 0.7316502429556402
0.227782075812768 0.28990968793179017
0.7528552195086664 0.010863191503302838
0.29567292577055904 0.44870715670039685
0.24880707422924986 0.9682031104170352
0.32844623492522595 0.689215493022423
0.15297524740223478 0.10189221824318251
0.6580425096172673 0.6689351944368018
0.6079370112333533 0.22865435391462352
0.5543995765486929 0.011280829910342849
0.10020445485440077 0.2102542955321769
0.3535018025363199 0.4105177998756866
