10 3 100 2
1005 988 1004 993 1007 1004 1004 1002 1007 1004
995 1006 1011 1002 991 988 982 997 996 1008
1006 1006 1008 994 1012 998 999 1010 986 1012
1008 995 1004 1008 1010 1000 1009 1000 983 1013
1003 1010 994 991 1008 1002 996 994 992 1010
1004 992 993 1001 1011 1002 1009 1013 997 987
1011 1006 986 1005 985 1003 1007 999 1000 997
996 1004 994 983 1003 998 986 1001 1006 1003
992 1004 1006 999 1004 993 1004 996 985 989
1010 1009 1009 999 1007 999 988 983 987 1000
9 9
0 7
8 5
0.9963872278722752 0.76896034424506 0.6292835198451708 0.935351469591333 0.2822610927021959
0.4002598506438995 0.5863423013077944 0.47258103125092554 0.935207184443652 0.2942078574015977
0.18806117409985124 0.9123299031256065
0.21027897549975583 0.2617155861845806
0.9978325381076689 0.6702017462034755
0.5354391093388582 0.37900435755848894
0.1548406840680301 0.9717669099921988
0.03838610102824247 0.1294884310170099
0.7693863691547387 0.5689212980526632
0.49412507027273644 0.35081047473053784
0.6781632354721305 0.010928318531846504
0.4020934335738773 0.8299578100578899
0.3305173711787759 0.6384597041752935
0.5220782434497862 0.5744478924138012
0.7636321302610534 0.216505263840153
0.5093130407488675 0.20800677144340107
0.8894562334407226 0.9523284960580893
0.015774915791750832 0.9747169692637772
0.39343088949072835 0.8465277832119882
0.9911126088448192 0.00022390466537713927
0.36141683403000724 0.7180062385155341
0.5943072419227788 0.4204882770222458
0.5547780836948875 0.24295981974713587
0.6332279883922298 0.9518577792039751
0.500477400932045 0.8090240615604944
0.8421797216772566 0.5421930951418534
0.5760656046614141 0.9106666302247957
0.6288105139784173 0.1645333577211585
0.08903040925478467 0.30244606301457644
0.5668185865419184 0.9010950787605279
0.0796865473540398 0.9928970129476176
0.7660425038213079 0.7860552955285813
0.48845959871499267 0.5611954955539882
0.029389162214440434 0.988956780915931
0.23296678380232905 0.44871505817367363
0.18667393796251663 0.3120770308373979
0.6237120691417961 0.08275553149508297
0.6460812616312099 0.25207176108606744
0.5977563463522615 0.016657942054123076
0.5259420318411312 0.05170075361583226
0.6090979249107202 0.7597024643523906
0.2513722009443973 0.1153941139695791
0.15761895268794568 0.6004892848549079
0.5003673182354484 0.6659215770764428
0.469302945481779 0.3097199254696237
0.275591704156364 0.49245707887267254
0.3301878208721496 0.9329476324594332
0.12617409911715693 0.4317057276618781
0.6324185193660041 0.12122112270200347
0.5218629711287528 0.7844758007902974
0.0007780117038735934 0.8975222474921094
0.964383356338085 0.42772515236228825
0.08096895283969685 0.5580723864490762
0.05904213598788122 0.4497595774287264
0.007669396097457204 0.49233844444739794
0.010351779611975864 0.3684291989733841
0.533076975237593 0.30021315217618194
0.7093216502838608 0.5153025952407748
0.8319769858096582 0.4390362500366769
0.19468429610318982 0.04876464625869237
0.818170146690629 0.12297923976759018
0.2871840857882806 0.3609936378991643
0.6114624659557253 0.6952182834848546
0.45441625009832975 0.7127695423697749
0.08181337231484487 0.9642595365776163
0.7773556133830597 0.5844553332093718
0.7466419271710185 0.023447916405630265
0.0011296062451984223 0.9948048709116599
0.1575496192725918 0.2904632572975916
0.7312983882595951 0.7672058935993464
0.9435398480039159 0.7221646875441581
0.5418547198373393 0.6272850522913112
0.9127315811527037 0.8861798002393679
0.8213049489867401 0.45607942802079116
0.28863989789289124 0.8233138416135959
0.6239757524644916 0.5678784943980861
0.1433243712750083 0.6122427454479198
0.6849781166427491 0.20032308894570194
0.6421293614428241 0.8553880665952454
0.6192809979419229 0.32118721204226874
0.9630554048199669 0.5047189287685312
0.7080266883888506 0.5991084170655141
0.9555183386944852 0.541803284772048
0.6338026177019853 0.19222136780756127
0.05512909432296276 0.6419653323052268
0.1652755326481996 0.6664259549224685
0.3658525025521502 0.4466367022605613
0.1707316153548788 0.8337604459128933
0.3329755201084601 0.894874750786504
0.7470639538779584 0.517075714643862
0.7509339682148828 0.7797311488704646
0.5318302606329446 0.11060372403127183
0.24552145637026723 0.21299978930847518
0.6794287047997691 0.048156357600982025
0.8977648687711344 0.46289280765914786
0.16697929775323606 0.08580678534472197
0.8754356926063871 0.07592858103864808
0.657248798430214 0.6783038708044342
0.9167564463685713 0.9679923385672742
0.4652487121753208 0.49452387782206664
0.5520453234772347 0.23050671872407436
0.6785842939764564 0.774133897452403
0.47303571912964015 0.7187901297187502
0.06925092602626526 0.3889510694882319
0.3302428247233866 0.42684641050406236
0.19461284461762984 0.5353091942915031
0.7062673865358675 0.06709932622105619
0.4119257454126033 0.01926653657870525
0.9405756822304177 0.7822759686133869
0.5335734763954896 0.025962246998942673
0.2385649987325429 0.43686765114453685
0.016089901849109856 0.9581232988037287
0.18924037867601284 0.24214811107327217
0.029429790182826654 0.3596959941027835
0.8520442789368909 0.26133925290427085
0.6526369322375587 0.8096108429619018
0.3912876776448526 0.972791189955746
0.013738782598720745 0.9374883944450132
0.6480789814031314 0.03917264565675671
0.0944208276225531 0.06364372884908964
0.295716795330659 0.1133727032571441
0.7190374929937786 0.4551693005938482
0.4912050402587993 0.38931152129036795
0.8909812131994068 0.012496103046188312
0.5245006305350555 0.052136022919042624
0.1559964102951894 0.8282127684153942
0.18590451717237277 0.735478656413681
0.5684737078758111 0.23477366915653453
0.5717792404912052 0.9690348494648937
0.27465220791097966 0.8592975348410534
0.9456311245399289 0.05187660745580125
0.6461225430723583 0.05160683387085774
0.549283623133928 0.2154885187071447
0.13927086439380565 0.8242520314525124
0.48784086501449053 0.26165969737226424
0.09337332654842734 0.5101778005489102
0.05322117212697619 0.6886341481012921
0.7950549900382247 0.2701413545932758
0.89198594960833 0.25404692163768305
0.611214536964138 0.9552887385110598
0.49278054000383387 0.3398980226720001
0.8799527632517514 0.26156225180951664
0.16428830863654564 0.6943913485969624
0.9171848131058988 0.7124753657757381
0.5482957760713583 0.09201418636231318
0.7333455975968337 0.8718721177891817
0.19989101545675658 0.9084641644338654
0.15558670356722093 0.34009572886237316
0.8148873603550559 0.4915009093473237
0.4181039774968447 0.3607601799287481
0.24751147318449407 0.7546634528868212
0.5915673828102108 0.8590393610043061
0.3574891124949171 0.5521429821889072
0.08723794634939885 0.7434066929703917
0.4304097109335938 0.38717556083389937
0.1867122043910754 0.33770283500819653
0.6700871914439319 0.14310166458438367
0.3630850511046313 0.47386355776559275
0.4804528770966734 0.5995671204799682
0.3135544591243278 0.1257266788296103
0.37118637243915265 0.420907927067361
0.1013962183289232 0.1015044511246952
0.9073376917809823 0.5336628021377829
0.4493812720686974 0.7083404169136698
0.6340061601175853 0.46447595396904706
0.14091259946942647 0.7596912894735104
0.5796036879860089 0.11919996526945975
0.03470087005997091 0.7770880797209887
0.8000217949044937 0.7079840497797585
0.9727681322843367 0.4072080352956562
0.5327522839634347 0.8442236254560853
0.6666944640489416 0.6551811398266194
0.776500101268464 0.3787816083811406
0.5567847040999498 0.7016831621876096
0.796256317015068 0.7562955477785738
0.5660798393063615 0.908060315799176
0.5321569819394194 0.8761106110053434
0.36858653787427076 0.4150663998847026
0.9535765680260913 0.5191181049969209
0.37257023913535137 0.3104752838494831
0.7181302163223697 0.6538061884587454
0.38741810719813685 0.39775749461499155
0.7335454841268556 0.8363215010089886
0.6063281458613048 0.8649814946379777
0.12412228838835104 0.11319878518374837
0.5800110349324827 0.4892321044923589
0.03681862094089183 0.6792336800244068
0.4834155957919726 0.3841495171933096
0.8778912329666024 0.8254870773336338
0.8106878517128084 0.0701257608081951
0.9844085473905189 0.6579841491062357
0.2967628133726963 0.08659893354960468
0.984812911835522 0.021702330234987244
0.11550137576190678 0.10375440716303475
0.29867903290579845 0.8171644457465439
0.984469621371421 0.9969227540169663
0.1973151189983544 0.9984353930887624
0.5571642494021991 0.714387250018941
0.25358106444644957 0.9069151984722437
0.24828280041529127 0.8611329943063437
0.07419546642848363 0.9320509958094405
0.6809318908295545 0.13833655494888042
