10 5 100 1
593 516 919 431 1067 696 1077 1035 1011 1370
1372 838 1062 1546 1099 546 535 486 648 1058
618 642 902 1718 1688 502 1394 1658 605 1471
1171 1505 768 463 1617 1099 1236 1023 974 1321
1172 691 1199 600 470 445 932 1664 607 642
1329 643 1688 745 993 1078 800 1126 1074 1359
743 1639 1414 1143 429 611 468 1139 503 552
1735 1121 947 1623 575 1402 499 1290 799 1200
1256 1243 625 1571 1410 534 507 1472 652 1595
626 672 1143 814 1166 1493 555 1004 950 1343
1 6
4 4
1 0
7 0
5 8
0.801674114436717 0.9360735956123707 0.5238869268975326 0.4734036435244157 0.45172441091223503
0.9019028523976307 0.8585935522143613 0.312571968335767 0.5825886984012122 0.4197945836829371
0.4870354964479473 0.9381198560747488 0.9033722149024181 0.5269483648791619 0.15359172626836992
0.31700296699160585 0.9952002690079036 0.4938270432324178 0.4743829287666058 0.3342059032305459
0.540047209396687 0.3481142368680401
0.3328881007917799 0.7306290180917667
0.26025133394240285 0.29137094128112406
0.8316106341847476 0.04841706456847561
0.7018512803060151 0.8962847639292173
0.9668635817224904 0.6264375217092859
0.7534697484427733 0.7906633495270827
0.43378763618154936 0.18071302210666862
0.1688890724812493 0.9666352235286026
0.7156717021401147 0.9105020046064742
0.4111901482799585 0.3829836037417438
0.6958034993089095 0.48327521683934394
0.1291561918862496 0.799526691410158
0.23945498853175295 0.19098185335594908
0.02272761797669043 0.41538052858791796
0.9489019983441047 0.8700126939544246
0.5720583842983176 0.4579633780960608
0.16507807206898217 0.29287487023724723
0.33627840817208376 0.18926571397444802
0.4515000257663575 0.7024457109895905
0.005234150503434343 0.8343406356345029
0.8782047130933097 0.41485895972620757
0.9652213001794807 0.5782030483863292
0.7033202250977928 0.42436750793014566
0.5007005298594203 0.5037014049732791
0.9427906648237345 0.8496422455488579
0.18306677892812018 0.13002631616025306
0.9065918390826495 0.860958241200608
0.007684571545188534 0.6489470837381475
0.3041044632225198 0.0810535684342546
0.8580781443583825 0.6309167294732092
0.3915880657243318 0.7738231046381818
0.14542358445783066 0.5351083727239989
0.07019205703393383 0.6340294342584527
0.021957376617532276 0.4443818542468474
0.822952545253818 0.33776682407140646
0.9558648031483563 0.6792112225900986
0.12289630739372326 0.8264715627842676
0.285702010295638 0.005434473969979869
0.8857139522921895 0.5971392769133683
0.34157442001532323 0.6076151871673889
0.5368755746602061 0.3485184218671227
0.48190377500436976 0.9822059085305443
0.3933764065266121 0.9247686550104084
0.3614227827119818 0.47535182434570933
0.21196220667637378 0.15767104911832064
0.012965850819161462 0.08154646951976208
0.9833874807904495 0.048075341027733476
0.13736990215967948 0.2488911121724504
0.2572728262556143 0.5847055614554577
0.6108411311566029 0.9906068100210175
0.624654315958503 0.1450561059016715
0.5895558460927051 0.03189629063058752
0.4045070446993049 0.015263730992963964
0.39763319289639476 0.4419462659219977
0.6115325074577722 0.8070240662328667
0.713973420289685 0.12265396198377809
0.7341471551197538 0.8784564459975461
0.9080806113092748 0.03618839497150095
0.4220444040040503 0.6119556242117572
0.25692013149137294 0.6842879997692697
0.9642551851564987 0.21541541308155376
0.10440367943948048 0.06663325164392431
0.24104271545807143 0.862071747948149
0.6254559804451756 0.6038174578048021
0.24373881657401553 0.4201179015481209
0.610658434605378 0.23521423031019983
0.7814006550112029 0.5011258505394798
0.8202569239966369 0.8933133393587769
0.16205051735728393 0.9153308997859615
0.5305075433049125 0.17703831957915162
0.5249633441970878 0.5349564070399824
0.7918647423122838 0.8387077759187724
0.759392563080449 0.5092906426938277
0.19080743265381606 0.09265651368237005
0.7593066505539845 0.314256003304052
0.8590618661753993 0.23109067213331702
0.9960281560843907 0.04987438169005998
0.35787844364236543 0.17836284199552344
0.2051948748329968 0.5401944119946369
0.11444400091387585 0.5301322301668805
0.18111874221702462 0.11549455391263619
0.0688206552986883 0.7462730077733872
0.6376501009734228 0.04394022523167229
0.4888212123427347 0.853014123236695
0.6785648205245802 0.9310213367959086
0.24094180922259678 0.37450226932625985
0.023124849664535763 0.46814550220229934
0.830369882437662 0.8366851580116843
0.5454473924661474 0.20152591312526447
0.4773993748176859 0.28180524019224684
0.3903274146800857 0.29398726462318403
0.9383144102582248 0.6770449694537939
0.9185363697121984 0.9470364698865337
0.8115494593768506 0.5309352294571488
0.3693358440302419 0.30042334243992497
0.6650724347903361 0.861102599669511
0.6831885264251942 0.6646361345824188
0.2659716020220986 0.997738909162649
0.01725122257665812 0.2300016643548155
0.16208986969691574 0.48696772631681995
0.7463348569569686 0.7462543298607698
0.21057076515064077 0.15254742987503134
0.9949303445987259 0.3145400875247266
0.5378079704077758 0.4829588244574283
0.7464128397322374 0.32035351493552766
0.05979746177279033 0.5372353705853998
0.8143552872323352 0.12051766386048746
0.8694709419316184 0.7804203732928983
0.8451549723362732 0.656717264251794
0.008574610670499805 0.7701758289003564
0.30426234799605245 0.6863396133555744
0.12019472103526696 0.1623134091248557
0.04102547492273656 0.3181089488840183
0.9776089220920967 0.17243071401942944
0.6260993968553084 0.8086306801777179
0.8935343345421787 0.39953638097164235
0.7029842209436019 0.9986370532684945
0.11832778898042307 0.6129681614680031
0.9184444454786174 0.4705023426448749
0.02710354450820862 0.8660440546927928
0.13180264874484737 0.00496917899347582
0.5898013149904906 0.2280394754177224
0.870822139694611 0.8251521873342635
0.5822873672612865 0.5932746554393034
0.2686530134902687 0.44143066248299667
0.5051048269516916 0.9785662855211443
0.09105561477339452 0.48067716367979996
0.4824777414334587 0.44762468001569644
0.60644867608099 0.5900117831810086
0.9171406069297396 0.16507678541952164
0.6824377341636161 0.0974490074448573
0.2163585752241175 0.6388169739698395
0.7883792231449096 0.6060892857923956
0.6601493429510878 0.9002448970664145
0.5933837763826131 0.2529275099345183
0.6352653961326638 0.3498208974792354
0.518719045208669 0.7578210079283212
0.6872103442942419 0.23181367631197403
0.22139126462082848 0.8444475036505954
0.2037861274158832 0.03850230474550065
0.27314491435490473 0.3436201759890034
0.8460358889628681 0.038797976308503124
0.5047093455587233 0.2972482837507062
0.24261195674293456 0.5018841029396726
0.48830244876702134 0.7957706039039463
0.9753389203578029 0.3996383132777339
0.39827803109303694 0.8426902989369514
0.09471080900326045 0.7478987374896999
0.712276454958003 0.2718097195467366
0.1473409046232652 0.5358287966684752
0.21615984627100504 0.6834878610641919
0.05013750586087262 0.33405886955557884
0.6504336069741818 0.6190992194794136
0.5024044701841957 0.6142034683141993
0.07901088290570013 0.8971316014311914
0.207557607163658 0.9149430511299399
0.8371639611632333 0.5705738874633177
0.6937194177846304 0.33754408022607807
0.47097604753342437 0.8003988099578969
0.5232810853270304 0.996406760242881
0.33939040396956877 0.01893181239213093
0.592021524005554 0.12395326240942928
0.7636944149154308 0.36597823818817465
0.8123317768191625 0.0841400094960485
0.380501320619713 0.03274820596897321
0.8099460406022654 0.04663626256424602
0.9698620893473215 0.1587360265904505
0.8863057233177369 0.22897475713875148
0.9620937658405264 0.9007512877757751
0.910514476372531 0.1490517649183214
0.7741981076978972 0.6841556637592021
0.33493048821845495 0.8542672337540345
0.3497155012775808 0.5786177768497018
0.587088867466327 0.3726564333095961
0.8535221104195001 0.7828008443710359
0.39014815776032785 0.7550329368888229
0.7756753964733651 0.3576424475169244
0.2525828742228635 0.46594494059358493
0.1817799560901503 0.4056977495316545
0.00618453936811747 0.2895371065754717
0.24842042537382802 0.6098944356057561
0.48937483284925487 0.9677026318153239
0.9861635210065327 0.714085758002162
0.016981686490841197 0.505404615814818
0.43821369700970725 0.5518815353766344
0.9935104184172483 0.45364169946648825
0.8900594089948803 0.7992843894882451
0.6547029096067833 0.12577399252231958
0.9668500800892579 0.31483724972861715
0.5240201039741745 0.1039114557205445
0.2556160594399519 0.8350313282650852
0.7048331878678951 0.6680266771836738
0.7414048141662721 0.1896046225996615
0.2289006062492589 0.07187121399318497
0.6828664791401287 0.31317308109464004
0.8819857209932387 0.24779518362428754
0.36023668590214175 0.34029475114345664
0.5691024976480037 0.5803238905830677
0.2761695712895549 0.6833536071553792
0.21903035441924668 0.8014386889036114
0.8152653113302792 0.21210518186057992
0.2005312005162001 0.17197130766265833
0.20269466991214702 0.2803780411753045
0.8396934293310674 0.5629670586424922
0.3899589090186206 0.5932855163150794
0.5290149364432875 0.04763498432506008
0.8349089117611597 0.44677637074938525
0.3393103328585456 0.9372992240841078
0.6493998097059792 0.9497787311390014
0.6563655313750842 0.9673371158180792
0.5829428941641237 0.7812942008283899
0.5590731502563182 0.2632774413159522
0.4603112259043529 0.6245622630483398
0.512315242580907 0.5768719958817345
0.5996418985810141 0.6319811685701155
0.7813626998542209 0.8486712912127887
0.6148592735233807 0.5947725661124299
0.9669844871215125 0.4126171321785257
0.37285717929248796 0.3106855568171365
0.2008766669584925 0.026492355820539437
0.03080817479727549 0.3081585453227931
0.9717295977842388 0.9797311359786973
0.013186122505950415 0.3683404198535756
0.3928066626022213 0.7975220994887073
0.3377002858773468 0.805915628321185
0.8966684415281674 0.03226764600374543
0.8349968213919621 0.4172501659922423
0.5739592736849792 0.06371901869337804
0.016195357458607118 0.15497228461296464
0.10138709116550393 0.9607809069672641
0.02385605119338141 0.3393482305047042
0.6671030079908653 0.41695025328300916
0.40305640451440805 0.24270227796255095
0.8115749932653875 0.29807575165532363
0.20761396988277214 0.8260475917074888
0.39261113913646284 0.6681194227646818
0.9447851404646934 0.9816218309412978
0.09803182947275246 0.8320808881675943
0.9790876746088915 0.3287189682186189
0.2926411942454743 0.5034401355321438
0.03568627301417093 0.6018812212719882
0.4215508036251745 0.7679266651520418
0.9387611229613995 0.4964170095449525
0.033328234114632815 0.03339654350606325
0.08049524942032993 0.9236293654362735
0.8972774094470908 0.4470215891124294
0.4397405092619804 0.017892851265219
0.9958513715024959 0.5567002472894669
0.6396850278359476 0.3826733140532932
0.9645947908390637 0.9005881037987629
0.5345882227560859 0.6447920344715676
0.7045297867761557 0.46074069062665646
0.551060439567717 0.44052681516650827
0.8122771308754615 0.1908603819300465
0.7822776200882553 0.8117941189806268
0.2129552876475762 0.2164758623058871
0.8553210057557088 0.4217342018621675
0.17292093726630764 0.5641885993481797
0.7963194118384367 0.6866248436528297
0.6990240380329269 0.8347002382704776
0.5438895238168562 0.5618115335733107
0.6232194841801051 0.7650120527666302
0.5971261251901636 0.8071209254710983
0.15397872611953667 0.10094194926001299
0.9172701209190555 0.8153838039710317
0.05891301011749306 0.0867751950279978
0.2073426186883034 0.33671665313357746
0.5284364051493009 0.0747505922440157
0.5590178243794586 0.30878088503296564
0.7477749993793734 0.1446592689232773
0.7307338142525162 0.877645026108403
0.11828881280236403 0.3658461492851699
0.5672754813017971 0.8756673933590551
0.8384322500525514 0.30915509048156364
0.37802060991963105 0.8758732237645472
0.9359259698233191 0.9564359826210871
0.583051786784432 0.001350155973784295
0.2777873797505501 0.58139651668579
0.6560335215084478 0.34979229530916367
0.5129305417985464 0.6126010357763518
0.6258889177153837 0.6433007567622895
0.39811096269904156 0.46491519557533323
0.0002658397968862136 0.5913788393663157
0.19379060403685688 0.011548321969097497
0.19629847570025838 0.19250891868100695
0.344888515459741 0.3480662472932323
0.25778097434834724 0.6747398508880507
0.8658461842371243 0.02665466605979394
0.7457675177318746 0.4280768300191833
0.8390046633751633 0.5333349180258808
0.5884374706294766 0.6503527837755829
0.5663523208564682 0.6024737369375697
0.5085827335204083 0.10911925684598622
0.9719257254234444 0.538784611734944
0.19274929036895516 0.08217039003585258
0.751567326740239 0.7785037046248762
0.1705509574651507 0.22132357491985744
0.4846485928444044 0.42516101816145024
0.6506495154510281 0.25331092077719264
0.39172041700248417 0.6965750873864927
0.17945373673706566 0.4140785282719801
0.8271927976508315 0.9845021992000329
0.7663459103056449 0.5181753605479145
0.11141383084047085 0.129380308985223
0.03732897662703549 0.8370644726048322
0.6575213975790737 0.713604131320112
0.8523549710386171 0.9635026773066562
0.5688639846632759 0.1584180939340254
0.5311788125180166 0.3424675203898122
0.9649073762962652 0.7917270819318973
0.9847992607901079 0.6142040837837486
0.8565940230269533 0.14209302442170002
0.33597270858540074 0.08573180733683783
0.22569027792195984 0.6968595097337547
0.37328659575747625 0.5411468599110054
0.21108818428552012 0.45702647622075276
0.15378898523877083 0.7964384343833102
0.704058961393939 0.9531171028139533
0.04236656845253117 0.6119543172870796
0.9210244738444378 0.34624540522293534
0.8166634108012853 0.5276611845224428
0.16703530749220974 0.47843337035059896
0.6421350752054165 0.9842079868720235
0.4871824536659479 0.14211923303451846
0.6000656533993185 0.34309247240173035
0.7101909859118141 0.6659000244041318
0.996208013615463 0.9539881582234981
0.5825056074717427 0.590080976186302
0.48353794963538643 0.03541910170897
0.4310670544032513 0.2862192729623467
0.8879197119921594 0.10007897445390346
0.6974763601377272 0.46514381727140663
0.5174412325797804 0.9198332793110611
0.8358411415210509 0.5214582598932402
0.27243585210917565 0.3805895481557684
0.249438155780076 0.7496366433881196
0.6238138560355055 0.5171298281511494
0.19553700685977038 0.29107673524715016
0.1384917609371854 0.3107512508550254
0.028099249235054247 0.5973001702999197
0.7532213572433339 0.34912165406091167
0.3891963073325351 0.8632162148921503
0.067279052062724 0.8921635726346842
0.19708756931875415 0.5181084495258554
0.18428435978374624 0.5764132410004155
0.3303555543488561 0.356580057074507
0.7332543857658138 0.20916818337785603
0.15687829459819858 0.11916627806014168
0.1703067815586532 0.4568449045745746
0.22559190556790254 0.32369397240778053
0.7042054725049225 0.5429521544842617
0.2785031898496029 0.253710597737304
0.06504603907604722 0.952754464699685
0.14681325088973374 0.8287392218097291
0.8286677419836199 0.5799123884925879
0.7530060638859619 0.11032511921839672
0.0327587361289563 0.05428330133358106
0.3692391156355266 0.5262917018463447
0.04062443904218238 0.7692437988440413
0.297788601813445 0.3743121794528903
0.4117680968512778 0.3157430992199235
0.889559143506256 0.9848808442861874
0.6018395092215945 0.38704852221555597
0.27971454507704085 0.5095911628375172
0.3401879439092874 0.04724994519189685
0.4643857569652452 0.947422339552126
0.39121538770786124 0.09109969175359933
0.15208624772236967 0.6371094576126797
0.9806068815070048 0.37887966364298786
0.8321952185772354 0.20817561044875554
0.05453502325002657 0.16644003240764427
0.7586455606073734 0.5060414054927482
0.6952380251239549 0.24153822689918458
0.6767201707955173 0.879442550460219
0.8372825857689865 0.04306382877295567
0.05263903990567531 0.010358914806828379
0.2520229547161126 0.9624831080910807
0.09060968273245007 0.7688644200960477
0.7101945841520596 0.7606957261877503
0.5775044272751471 0.005788133091846115
0.004290766480731456 0.6814956330036606
0.027348940582598402 0.11742807223238327
0.37825246831449455 0.7173830400184573
0.15184957161446988 0.10462548156564822
0.596704172926831 0.6335689034395766
0.4207636694471517 0.6686113792073376
0.24917734333094588 0.1480492670539395
0.6653458751859362 0.8115940963087622
0.41805108699040794 0.2470152999732096
0.8787939286711235 0.7814587489229123
0.08002448472893331 0.4980709430482102
0.19148567906776348 0.17879209587283307
0.5054530955864449 0.24106634039222374
0.7037987990867418 0.9942454002171579
0.8542774285217394 0.06878721200684668
0.2480825111984668 0.20376979984809207
0.7335584946036584 0.16742699601610878
0.6829730404624608 0.38992477714003204
0.12814370913143236 0.19235192406250534
