10 8 100 5
1095 833 506 446 651 1423 989 1064 1282 1428
652 430 638 1767 1708 434 665 548 1185 789
828 643 1914 619 942 1580 1087 1910 1033 681
434 1735 1311 827 603 1886 1080 567 1518 1053
1363 1568 1233 661 626 474 1615 503 1284 1826
657 1352 710 783 434 918 516 1216 1764 445
710 958 1092 668 865 1258 1271 523 1590 1250
903 641 665 1788 564 616 766 1533 1209 814
854 1250 1753 719 699 451 1193 921 799 938
572 1078 1157 1315 886 820 579 668 1863 1069
0 4
0 2
8 7
7 8
7 1
7 6
7 9
2 7
0.8879425841378941 0.7784412167067303 0.394526126463363 0.5060666526362624 0.10480399027242929
0.5317603259091912 0.6896283427809069 0.35098195063085835 0.7974656396343138 0.2797071304228951
0.5285312998265987 0.659132003849626 0.5450914817930738 0.7430152423391393 0.18736824400406277
0.4901201357028854 0.6441196785738805 0.9715908741213797 0.5223845487851128 0.314503656132348
0.7509164837653155 0.8293098350684927 0.6262520972776284 0.5364291359364282 0.37831070297934044
0.890081490968891 0.7918284420115196 0.9063512048398399 0.9744926828577325 0.37477174820349834
0.31142883719600983 0.7934619339767202 0.34297745470516794 0.7715765733605301 0.4438057060143352
0.3974538183542906 0.44934517420416786
0.017454042472539566 0.8852233229708968
0.30407953057307635 0.10777450379472775
0.11801090928103508 0.31740470121148934
0.16482119449359045 0.4238744414089308
0.3643740060735421 0.866927742909257
0.4564195660880497 0.2239618813732136
0.5028129681406557 0.18659748898957051
0.9965103021063415 0.07584054564450371
0.39247716168513325 0.23621589414610367
0.2897887476502523 0.6518709083066023
0.6036310671360596 0.8658712207740766
0.9057376916510431 0.11478423347484323
0.11498738177827694 0.1388335660500315
0.5796617429462405 0.8009382773980829
0.8175667431728051 0.9477787811944769
0.9139997369493482 0.1777328284277664
0.12744523089715587 0.30047270615995014
0.5739035127587637 0.8457777462229905
0.7833149697595703 0.5501139922963392
0.8759356132405245 0.4564483177738978
0.7926194422469468 0.4712589965936307
0.3480310759962024 0.7463631009885296
0.33614297879412103 0.3303468769314244
0.0039792817315627005 0.3430849668824232
0.7003086802586038 0.8232738354980238
0.21586101958953785 0.8602508769384478
0.150474870034637 0.7485606969116607
0.7586665533791008 0.5736818243556896
0.29771782199606367 0.6804359139261138
0.9246487334701028 0.35368824455355363
0.39315810437834764 0.9532001168108368
0.824801464349479 0.18258322996707355
0.9900928624788554 0.9677936715500346
0.533199646850278 0.8712490904412924
0.22522156879672006 0.8517898459717921
0.18560688313521534 0.8359398793442214
0.4832562543361496 0.881822286168823
0.5720636154171173 0.42282758083833993
0.13690347944458625 0.8042560972052326
0.9174607698226336 0.6341017531709368
0.8568821403202163 0.5783519467402178
0.5825209471529162 0.015104078451378511
0.17786969418974397 0.4886640733476242
0.6471101190234465 0.658138913283338
0.20196093960596673 0.1340853121582284
0.09996831480959822 0.5974313388211983
0.31505366388190104 0.9052334483927431
0.1432308291067943 0.20417542439339575
0.34572486955925275 0.03147020792517319
0.7360738920667922 0.47141612130215527
0.8440480670406676 0.7534517977838195
0.9432473241179637 0.41128630498599295
0.14081399949649942 0.6903861694924951
0.6862568241523885 0.7039468567858227
0.712205352364383 0.1080763912951761
0.11091010647389288 0.5697047043842436
0.9700734966281335 0.016959150996152195
0.513258190523632 0.4505549370850195
0.7537301678036143 0.22868283935816636
0.07290399090714295 0.4158537277087666
0.5823693871901765 0.5591509911061596
0.13575919069578846 0.002611008569936235
0.46057734840302866 0.8186293688134281
0.8026790348035331 0.18733936937330498
0.883697832056414 0.002652321196735974
0.9256585248220599 0.7660214855733274
0.27544120875196665 0.47180262085253166
0.35387996072068106 0.33232046810986215
0.06552097520953071 0.8523556866443847
0.14875970908160974 0.6216225488558795
0.19962602086377013 0.3509806187394675
0.054509615767790676 0.25074070839870655
0.24995538713123344 0.13671245114164754
0.935098910684232 0.5930821672779343
0.5590295196307324 0.7447934292779979
0.6710361755636678 0.1734892922293505
0.15078031036315642 0.4090314982096759
0.32378950537541784 0.8416568103990196
0.20679732457058164 0.4781384415107197
0.8309958787129956 0.06570886523237962
0.08423448385819632 0.36647693400923864
0.09647233963150659 0.6573784749779892
0.7350385414032476 0.2819446022920795
0.08563845210677301 0.363776749549914
0.9797685418759217 0.7529665435336692
0.9683370781045675 0.1261281644073986
0.1870944385519202 0.6104984047132085
0.054468064943158145 0.3128318938327397
0.24473537769028364 0.7880426824898878
0.08280467577030537 0.9430003777598477
0.06854771870439946 0.1566220116055408
0.06744285687586404 0.41170814277082246
0.09570193877201594 0.9633231050211217
0.05036584371580677 0.47060888596477746
0.6040017081737556 0.8314524904854361
0.7027352857565095 0.16660258699990305
0.6269858045888195 0.4699940915374774
0.4501020426966811 0.3585494049736828
0.8143826030323325 0.29860873292744916
0.18342605287309244 0.7290570570914316
0.27724538764353746 0.4661981266073645
0.3848566123805319 0.06483458302766798
0.2978075735876078 0.42948904087723827
0.7409495796152401 0.22556847908642652
0.7103120252021002 0.31075401768859723
0.900927742626503 0.10470723701209561
0.5981307866362648 0.8360774659788228
0.40326057769560353 0.7768923030706685
0.6245465645868051 0.20054431014039698
0.6433708580787276 0.32553229505236136
0.24270678292472048 0.08021853612409702
0.9835286285194043 0.05518886771983467
0.7309666681637321 0.7665763234202376
0.257020238013266 0.7009564672056354
0.4229879141090558 0.6392156197192143
0.7037843051006518 0.4282981787658271
0.5903838050726209 0.9322746396850954
0.3636636205846726 0.8708394971113131
0.3282412690861922 0.06723595303203744
0.24233731876862485 0.5329343789769114
0.15699366221100775 0.4280925399411035
0.7671784671325221 0.09258205866039249
0.22135067395137398 0.9591189498115444
0.7841856022516369 0.6505752123919673
0.3417446647180036 0.945646407682637
0.30920234563435933 0.5151205234525198
0.8276031885820454 0.7375588680651486
0.2694794220479906 0.8089757525450729
0.9986949637360287 0.36677026166552307
0.4969642405857806 0.5801022975544545
0.2503231435653217 0.24901638886127841
0.12235860227580186 0.21758193874708365
0.27641637728547797 0.4300026890043991
0.34891312814834463 0.39914856921466635
0.3522969069554427 0.9148183130050069
0.7184227077100578 0.884085893551348
0.01578451473491338 0.09390049224974639
0.8712002478679146 0.039036468376996813
0.7699345515364882 0.28744215021971575
0.20478560248631483 0.43970393586089784
0.6436189285503373 0.5510892207862577
0.36276515802646325 0.1848525759055457
0.1082378308323062 0.5430008536663904
0.4711000703673778 0.44160235966833405
0.03701560977442564 0.5887977248459699
0.13867047414344613 0.3614205509377062
0.2614646517981245 0.8207937511898393
0.9504577362384337 0.05449927216707251
0.9344161027118596 0.8578916128947032
0.400382629381979 0.5237031412627988
0.07966207722715102 0.6089234302779385
0.48182846556388137 0.9442441473680436
0.5169032991169418 0.5477162328775944
0.4329680792871491 0.8393492860086533
0.10617070838148757 0.7627596197056246
0.4383908576968436 0.16925853814143754
0.5079147516870646 0.47261417748670054
0.4179371288813838 0.6320090593160246
0.6111962005662666 0.11202600790928474
0.8066002794700364 0.871315755122251
0.5215681989466827 0.12577264778890074
0.5547820634180542 0.5490474942093586
0.1636488593191041 0.9848266896516309
0.4418831298276036 0.5059694701346669
0.22837484869770885 0.5744705935054277
0.6569082694804884 0.9226002918624421
0.2194574083291354 0.4284616474600407
0.008731368794011374 0.8824372737463335
0.8133249955143682 0.635500585522687
0.6955878077041844 0.5590919260496605
0.9539344812043253 0.6279748577452247
0.5501867168085335 0.704412259061074
0.29481736403865444 0.6141098931687778
0.09052714825791086 0.8433291769992122
0.9806901375709449 0.39753408665954626
0.4312259584507787 0.8310260270530696
0.12324191290387065 0.8999473454790807
0.7405025509460992 0.9941769721233875
0.572655210106221 0.3205984845393708
0.1452268911486705 0.8227014317618457
0.12127964629003185 0.9747834643142612
0.44400528632939373 0.17354209935483778
0.35323032588765324 0.6960437233790469
0.7207949411914047 0.36983042981977854
0.026821992080622747 0.5584981984811579
0.46180636197268865 0.6003290201573637
0.41575449130945397 0.3492370236456819
0.9602564582969784 0.5466185003668065
0.7589027951266876 0.7890427759154333
0.13094821399370482 0.722886955980244
0.19638943032842926 0.03845553315512795
0.6925334293838281 0.21869368148382073
0.6235375217016441 0.42311009864305715
0.933827752253068 0.3963819601032359
0.3940879169387612 0.04002228172301847
0.8078416004730078 0.5966797421960053
0.618891214855922 0.5356134107483093
0.7578450030900046 0.9588974325601591
0.5362245882707823 0.7552519111080553
0.7568069182774548 0.6652070823244534
0.49947869469003403 0.558890908098739
0.16328315125046777 0.1700173789187609
0.04364932961891177 0.6022128758552934
0.6596176849363642 0.9096987453348928
0.5623632966195995 0.4510907659106911
0.25247804622242875 0.6635458090559492
0.9989331881858863 0.34108376045068267
0.5244420047641776 0.5237670765054905
0.646685706117698 0.44937513089928505
0.920139846754594 0.3839094384068935
0.3389349444059748 0.7508872434926595
0.7919319731237562 0.7068156390067497
0.24722616677313725 0.7254351549356712
0.4689227456467926 0.5751855901247775
0.6817872505829186 0.3967184126953569
0.5870654647109894 0.45703233562904755
0.41349056546548435 0.7957126574588536
0.7585923050384842 0.5332152964435606
0.3144900333498253 0.9607537767559491
0.3639986304346836 0.4102143341663078
0.6696698597957675 0.8065876010777582
0.26822773994561366 0.9714305443113991
0.6308072572179375 0.26330110470387313
0.7436436792376493 0.06591878776246873
0.5967925092731494 0.5558371416570833
0.08579718314611262 0.14050730555523683
0.8939804737890364 0.9046436338411092
0.7428776311915049 0.8579350709780065
0.8396332687393584 0.9251572850527989
0.27711621808510745 0.038154249482693414
0.14167036404500433 0.02925123598466639
0.7473542084828992 0.14898668461874798
0.4127444767473136 0.698592492658596
0.7380240297604059 0.11720788940183202
0.6728340835935553 0.49969086641077776
0.9834382578344358 0.99925285727072
0.7755745203772615 0.985649474759295
0.930031357419443 0.26391112177904175
0.13601823443949712 0.37403126998491576
0.4963804979190949 0.22968682587531575
0.637538972832522 0.8791528754390849
0.33705679270266664 0.7089470225387067
0.30217019402127 0.7882227185789206
0.9660770632878839 0.9189122608916238
0.6676669422780677 0.44444250041564026
0.42578997229196935 0.36905571332040865
0.5848835698798056 0.30493924748056256
0.3846179676806971 0.6491880637707614
0.9794629292353221 0.6564717390581243
0.8186254879497652 0.7976202748153078
0.8447806432731053 0.18596206296109452
0.0027694451161672795 0.3607731925753155
0.41417699659106977 0.949818724764927
0.45807125392240833 0.7819518441343671
0.019749291569266747 0.18130614619467145
0.21192824511623987 0.8006800494867272
0.95024671265373 0.8712191640405647
0.9788879147773808 0.5976908652775677
0.3755841285514492 0.0559276830388562
0.91888468027542 0.9474833905521229
0.6974646570341052 0.5201021117985114
0.164666364586473 0.909345454584912
0.6329095113252736 0.47539825449763873
0.5655799104209367 0.87082861992905
0.5822319375212368 0.2745939611751005
0.17815975605829482 0.02346999882623746
0.04209540741587103 0.6355420944796644
0.9040518089717788 0.27539423460063883
0.36905015259740437 0.5627651066742989
0.9141480935261808 0.9450423849418248
0.9481456444896379 0.4475056904904502
0.7742018934908488 0.16441692654122186
0.3273788982746171 0.09362697756044924
0.7348982930389072 0.3533588233718159
0.6853365145735535 0.9295690724694177
0.3269494300260558 0.3637188714558506
0.31925523161176184 0.2605560684771686
0.5684280695823452 0.7481378411481616
0.7958959411513133 0.23796804078390177
0.702279882992874 0.3101807815361226
0.007469893841970832 0.3999410950952351
0.6366418959597899 0.08155686683468266
0.16488538576870293 0.9738101342696555
0.8431597537010147 0.632533313620754
0.08927304842763206 0.385994958384678
0.38291797812440875 0.3727225050799632
0.07903272122037408 0.7937684600829369
0.9721549887887351 0.16127015578545123
0.39991003978752815 0.08084415349186713
0.9976610463915347 0.059341518039602636
0.20286387169322162 0.07987673150558683
0.4913986776322956 0.5382960482689769
0.18428120258096103 0.42242742818108847
0.8907969603616077 0.4701208459146986
0.33769132437139104 0.7245109856647545
0.5937131834313047 0.34896007324862244
0.3014942054914356 0.21746425002801062
0.8950598281489515 0.9916107832938452
0.2824137864496026 0.3398191845613665
0.24561799045141508 0.03377273151294902
0.9088126374781214 0.5881765921745685
0.3223521757111485 0.23047825150720946
0.9522340040756792 0.18578393625209366
0.2256146875293923 0.6019047668463229
0.773417411760241 0.07753671922963012
0.09578906968112588 0.8347634875087522
0.5965645658508083 0.5742260684771727
0.041974742723225766 0.4350689765113076
0.6689685417814566 0.7767486843267972
0.5466910345921554 0.6605684277798896
0.8296789384162406 0.8762092837654738
0.7412031124480594 0.4523738097048766
0.45811377856515545 0.09950843445748547
0.8191954269588133 0.8997239171264935
0.2613442314410781 0.13993445260048154
0.40391661961546443 0.8019673274289909
0.27347608285081804 0.2715252255971692
0.9821436011865459 0.5705720432489048
0.32127021606912565 0.12795631025045706
0.38357373834691355 0.8734973606968772
0.19195004335587118 0.8289477426499758
0.04720923788494358 0.9037129945595128
0.49496686922633626 0.1774841477619038
0.9023585486942347 0.40185002214396004
0.1292962755130722 0.42028969820138595
0.08467630473900534 0.407235527264719
0.7019467454917678 0.14517218391738385
0.224333231531741 0.8184694279317526
0.9175289799501589 0.7007801433847622
0.5254659107435542 0.05283451967491115
0.959504345392217 0.22319897825870338
0.9709760453081706 0.2141511125663449
0.39286467458960006 0.644145029749706
0.5691469418682584 0.2678642564758493
0.5226444243338648 0.9550061432187109
0.005996597432989859 0.17803260826310918
0.3260831277563545 0.15359554258491714
0.3853006528674463 0.5613690567023446
0.23701710986245073 0.2178896941021231
0.6180564730081426 0.5861858757586729
0.7552170205272297 0.9359939090589273
0.7291302012495839 0.44996104890340494
0.638096052781651 0.5788342611806423
0.03080402011336769 0.25859627790311857
0.9491161069897411 0.18998889504216776
0.7692915273204577 0.7182657246493367
0.7895828905741358 0.21994372776320903
0.8809191356740631 0.5694853741401242
0.6570623554851205 0.9829995696885974
0.6316119863835266 0.3451238441879967
0.7036789577468674 0.1881515609061042
0.772827528298089 0.9642093402278282
0.615069283388934 0.23119076883402534
0.011559868925301808 0.8118977352902428
0.41294050919353675 0.17431291276275052
0.11051680393194574 0.2116450674074255
0.6575010212644248 0.6090900656263054
0.25627362974127266 0.002211863648495793
0.965264589804242 0.7011818270471881
0.5423128307531271 0.03973812441685509
0.08388620846803785 0.9636686618964405
0.8037455465121868 0.6353287694118457
0.3484344327258946 0.6427399778898157
0.35079398067840084 0.27901017526716254
0.11454751172014221 0.06626878213856524
0.38177957193817114 0.2201800675319081
0.38675529741230874 0.9389649001409617
0.10634255041501706 0.8753399744566415
0.018680810457426533 0.9671384421974962
0.4663984416439284 0.9363442639710946
0.13016325256641226 0.9739843836437612
0.14265144117351625 0.8731695353250037
0.18740177835885863 0.4004613567490989
0.6324533274355628 0.6169090065818108
0.5981224028232457 0.011809875726517038
0.5548363835527523 0.5643822887538927
0.9124324362313769 0.8107320535684728
0.19276848316285577 0.12098105869163889
0.21925907646741627 0.4248126140172166
0.8229996494614182 0.547740248729643
0.04391432570664766 0.7889327592271369
0.03350351806266727 0.4284234980013695
0.94410897702245 0.7982737585755542
0.9134779703062692 0.2199966888859528
0.49612925489306137 0.08619605919054818
0.9653856020827618 0.38388142793136293
0.0689542514842365 0.009355597781791847
0.3700479222920565 0.7924861104147867
0.4957136348972324 0.5411478486278767
0.786624059427868 0.8787715608768432
0.3620789463757199 0.5828601669819362
0.7649699315647704 0.984179547118748
0.8583332893736899 0.8404139360948597
0.4580734910138273 0.5818163376561902
0.2604023236680775 0.1259499765704284
0.14502766706405423 0.0011804869832212628
0.20148867876292487 0.7324908212850816
0.871191810873825 0.44623381538049633
0.30580601078629854 0.9118298765330888
0.18927765806360974 0.4065727185974617
0.008869675524724618 0.05220888705413396
0.1460572009818637 0.15840172375137418
0.42569818576432383 0.1813174438613112
0.3375667663957329 0.8805136332044359
0.9255371163157549 0.32576940416838185
0.15968542260468999 0.8880848743264376
0.37465211404904464 0.015805145860683822
0.7828116949949804 0.10631054487622826
0.7800988131896733 0.14361245627957087
0.5929110884268012 0.505942267364899
0.4777726805101199 0.7674758043916055
0.055252542472823185 0.05299653670721893
0.07350078820714523 0.602082235615506
0.15310442886804254 0.39234993970722054
0.11705355376421878 0.5010866494608359
0.8223278445163411 0.32903750073560056
0.8997699582683181 0.5935833286389034
0.934711480768506 0.6489133257188
0.6333485935693386 0.6439626926361592
0.6604376772434142 0.3737820944395289
0.5929151077692083 0.7964546648260367
0.011850664626551044 0.4096374502497484
0.18524276689180108 0.7591319056313615
0.763007438099494 0.2416988186115656
0.06159514889651474 0.4504538241824414
0.6215323170672433 0.20357634087000642
0.6391936334424804 0.02371309586918313
0.45044361820657497 0.8171189302673076
0.6744927911627538 0.412940245500073
0.6687142375967752 0.31678457056511555
0.697193688131563 0.4475366869361408
0.904184487663656 0.10508502102597084
0.20150681453097374 0.08222712178322511
0.6664273276352546 0.1302247535432448
0.39549485671725293 0.08998161686105921
0.8381772020981941 0.541084682396316
0.772241257905866 0.13296463661203872
0.1617410101325767 0.13164400051329483
0.6878389999536496 0.43792376708519365
0.49811339145914 0.351625919650719
0.4396825431133027 0.04047843873447432
0.2914631432286894 0.7698918771246053
0.2937924743527198 0.5668510615369464
0.7405680230690233 0.9277202261256026
0.21003936047676208 0.17090494353814867
0.1879557589300782 0.5114294323181134
0.9732026151205337 0.2695645591938376
0.2932674559282753 0.8638323701058692
0.6123319787563815 0.5487890226178236
0.5159129564452583 0.6899599642905414
0.5881011527473383 0.8648301011815269
0.026140484176582213 0.4640038780561637
0.599808520366679 0.05044803357830707
0.5187971531332254 0.8995455023724777
0.23256533718585626 0.292500077059499
0.27889033269925867 0.11547626305350867
0.13183815167472868 0.10364097482571677
0.5960999042349078 0.5521287924852933
0.12639228548512804 0.29349158463904335
0.7790726468034428 0.9420674373615239
0.09672848833175496 0.14558347852175313
0.8835160648221572 0.24369200716163486
0.21392389640820464 0.6257187476725283
0.802594767468398 0.3421769510356385
0.46730402094277657 0.2703407543153922
0.7195062536900574 0.6336917101539519
0.08523566245911685 0.9172688652898735
0.017641255304370995 0.992486555384811
0.5203219579251117 0.2884468032044991
0.6917984446695349 0.5728625484435508
0.0748686076915559 0.13061101398257935
0.7052368247626153 0.26188243061084937
0.8730180725115078 0.8534119255910082
0.6732766707968572 0.2664033561011776
0.8158751265404736 0.8042360153258548
0.6996004846686346 0.9239267602082102
0.2470269504474536 0.7779411464002144
0.2999617700497177 0.5094667518490308
0.9347310979364052 0.6216371812864423
0.04071654285653259 0.927849593300601
0.6077586395608423 0.281002449768762
0.0984785568423383 0.676499913731788
0.08722393729222788 0.0036457353330323627
0.43222671848109906 0.6694433081313873
0.45399751213853445 0.7285997899935697
0.9868890148123168 0.8912124654166722
0.7360161375603558 0.07848795901676975
0.8518996713114553 0.02288450174104728
0.7646320880839317 0.704978351457453
0.8828769635677478 0.14217598007981702
0.5688928973352112 0.005338152608133084
0.23710585012817842 0.9070479805439435
0.4643261033816739 0.5684555750616869
0.4820501618062316 0.7663008956303881
0.860705992489381 0.26978240794249997
0.6399498384746942 0.059815486644038796
0.4887695952095954 0.720174122383733
0.6255007729753623 0.12488529970664408
0.27512521475498297 0.2716043405107711
0.9659334520374663 0.3650688464507059
0.7571711258197231 0.0492819286327979
0.7227712081302147 0.48658790274323205
0.7823631566303915 0.12300062894417274
0.7109829337237821 0.6759715207843449
0.7043921520903118 0.5509728665127318
0.388867137771167 0.640026288124689
0.6833310543846856 0.6334906624910779
0.9072940099614304 0.14905222965142073
0.8540588313048165 0.600895288104496
0.741656081862264 0.1180396897474254
0.05289296997570814 0.15919084474114586
0.5667135727083363 0.04432075808541036
0.15618893351702212 0.13913647817486363
0.9031493074108514 0.7397081553665137
0.5188717683432023 0.7231942912676548
0.2980174536688167 0.6761083758509574
0.8492916334004286 0.21173480306906267
0.5544924150567978 0.01379207449990627
0.6144065792092115 0.4750488514043314
0.6923809346856937 0.3717535667364693
0.8013477165362786 0.8717586219234383
0.11587763409945206 0.32073676237059656
0.0354201857901395 0.701272490880366
0.7313660743427746 0.3215921316592094
0.08738195281495886 0.9732368281810138
0.44209457603294133 0.6287145962956908
0.06181310901089798 0.12506097409510408
0.7456834531390615 0.32970296037591296
0.9230359507573833 0.07708603725271956
0.5949226118672595 0.6682255882387864
0.20750671028558187 0.7964037334557652
0.5438543026194465 0.5694850502822464
0.4428705074331296 0.8484690747474772
0.5039810969614629 0.7402551264399173
0.7756392832931829 0.5042471896646292
0.5274502954962492 0.47150713414008805
0.22149273906270683 0.11032328993811724
0.32316145180037625 0.7931248461211005
0.768463523293357 0.9714571670332803
0.21280380789020237 0.5858331692508816
0.19788746382491063 0.38263271727879533
0.28472022454500623 0.8914165024009135
0.531096828595339 0.8364919874137309
0.9428859175162458 0.02942512234652006
0.0824475913276892 0.7951746711890408
0.8104964070181846 0.2333730908450835
0.6585047331460623 0.05822572335175891
0.9052245932839997 0.2718454377597923
0.02610918654337091 0.6068260370534233
0.7824270919962744 0.5216322353903613
0.9010724874092366 0.9574181581699839
0.7391139418753685 0.723743468278951
0.6479031013783618 0.9721094049478665
0.2529142437902747 0.09391588556170793
0.7887422668362034 0.6733442730837929
0.7571654341090757 0.624497287621673
0.8766528462268706 0.8960326689235882
0.9917980356271563 0.6524456204811468
0.4659509631292449 0.7267076379131794
0.7412240648563948 0.37003868356940095
0.5893981209339301 0.3833605377593492
0.8066523101483563 0.3983495307636926
0.23504891407011153 0.9214932606483999
0.8898839036995922 0.43322089554573506
0.07228192603909944 0.2152910278887732
0.6150561870916531 0.2052409370342534
0.48016815125092926 0.7686239243737685
0.0012196088605520572 0.09965906063936436
0.4739036605864 0.08929691964332664
0.9900060375966622 0.8371524680399771
0.5428135586162071 0.741257862924501
0.9463147698320109 0.10443530284768476
0.6041396433383699 0.6145202359708086
0.697707979410521 0.934326215049015
0.42697568413659726 0.38635622801835656
0.4932230484790381 0.8472195403883915
0.326655815553476 0.5481731278004369
0.7528920720344552 0.367275773184609
0.06754100318611389 0.4276803556456692
0.2017778065671043 0.9086075222013503
0.04168073175462972 0.14603890488531102
0.46096281758594126 0.28023806409607066
0.3949838356744124 0.03723900141036429
0.6988650340786025 0.566755862532029
0.08316169419975417 0.5329552833127804
0.19914243791554354 0.38600734743091425
0.09071338042505195 0.8269692270264544
0.24788272071290085 0.5717268560274495
0.057437999963957154 0.4140821817617324
0.275063264091995 0.7146016706976754
0.7221178685101401 0.6787458373388853
0.21584185440400083 0.9611654203524844
0.5778287003872924 0.4878973404454505
0.5476333150059884 0.5702569852302106
0.4503478536113228 0.6194972388920972
0.7063215599049026 0.3009593097667125
0.762840902146593 0.48629898502714575
0.7467594832849354 0.07284165680336163
0.10007238539983176 0.659924554424735
0.6774376759803968 0.55917579283597
0.2755517515411037 0.6154939236190895
0.7499982196479935 0.9927820947938193
0.2492338604582227 0.37636223532210233
0.9615270696004192 0.8104440704615772
0.6756661473574468 0.6905774306511236
0.6571427939661292 0.6011502690514083
0.051167260629730205 0.834628067473673
0.7828881602941549 0.11158341017232765
0.16069973029753948 0.5887377333217916
0.20658277504808487 0.6744997094802407
0.7714783799281562 0.5743581250176695
0.5397044931199124 0.3663099383397639
0.7031946484540261 0.564256250681429
0.40799391845355815 0.8828494489546912
0.617033773559426 0.569185274947325
0.027804754094827633 0.3242643726030887
0.7246528627976649 0.16376704405326747
0.21022680789080317 0.3943799948161386
0.2716750895726854 0.9303609884596693
0.17095887749024175 0.05124060483504045
0.4005360152559203 0.15166705904686872
0.6092731167363021 0.5345437918320282
0.1408467961241624 0.6932265914409053
0.016826112663677728 0.1641024192068563
0.07676085639376673 0.24364043875445662
0.2618315608530333 0.5739460942354111
0.5909041303078453 0.4475236464926069
0.23333416322280476 0.8155184027097722
0.41173055634583955 0.11929751541621192
0.24287073820874805 0.12826754785579397
0.6162724944886013 0.2004327833389994
0.3998047437571932 0.6066289539658469
0.6004808841126421 0.5385323379931315
0.20259969766861863 0.3861535425888194
0.2429083446304654 0.7858052676494536
0.2552588058630587 0.9474592849181294
0.07217835582487964 0.2636479843787978
0.9867703626837117 0.6412655403927523
0.49827462647298115 0.4965242549055886
0.04288435901219989 0.22873334995725259
0.7782429880067863 0.668274533980828
0.6520925354842853 0.24870860429045627
0.798889588516515 0.6171477853011311
0.05413671856216373 0.542210312190684
0.1781694526393529 0.7275351943036923
0.9988426174521554 0.9793521119259943
0.35422789916548925 0.39840409860675896
0.9394567921434938 0.5555620726018808
0.8943592919895498 0.26997624156221756
0.9382823314492921 0.6152821130610127
0.7850327632186331 0.7034071238810355
0.4910519854219173 0.9912846435621547
0.8723316476215703 0.4769061079251742
0.8064799997691221 0.5478085008925138
0.26205288679389516 0.48848245617601305
0.04365115029518685 0.2793668015428008
0.030789521586757296 0.8026465944653116
0.6350524094238219 0.4339653550027498
0.6421987839471264 0.15325991346184997
0.6057235256460543 0.1119969701911867
0.8027558787603777 0.42760672181894877
0.6485545584730368 0.5646312581600137
0.052957116092769985 0.3225624136924483
0.05352053138193824 0.4285942886733547
0.07053955284304747 0.19192931333075425
0.0775908738773805 0.24666570904988339
0.48824728287951613 0.23388137218664196
0.6883497812639052 0.1958625838990098
0.3542203350940005 0.5550510291942874
0.9949479320561403 0.6446411826305749
0.35379939974481434 0.21158858737875152
0.3080842488625517 0.09298128794737748
0.4648904366844251 0.09064745509748806
0.208912045804436 0.5519601262412541
0.9747436113740582 0.2328031735628271
0.6388573893207217 0.22818306538102107
0.8097372651279355 0.8643438249220263
0.08827947185321272 0.6452140027545847
0.35855233700498346 0.9586640717471802
0.17579973979466512 0.9922789770666924
0.9851152143884288 0.4505361757000641
0.5422613506676397 0.5948831607700924
0.8709361472493022 0.3718919695143832
0.7008041365542219 0.6070401455381886
0.43331366461957654 0.03924391294231366
0.794551596941204 0.7868237647625056
0.6904119243207263 0.10920311390900284
0.5565660138535349 0.2568531432318093
0.2889937787858079 0.9036564388564643
0.5928596691031891 0.9414776729321455
0.6231318255136933 0.06792219068003935
0.3404713122051013 0.06043255010963322
0.1285977261419684 0.30262708781519
0.033051903004773786 0.6766291464929708
0.8445597659736739 0.9727208155852416
0.2928077897966719 0.4064395516682773
0.4901831644854726 0.3409516530085164
0.12238490398909874 0.2747785856395202
0.662007649045459 0.6979262021127446
