10 8 100 2
725 749 885 876 923 932 1117 1129 1047 1026
782 863 922 883 1019 1119 1162 1306 1192 1038
848 850 965 1035 1115 1117 1291 1478 1229 1217
872 901 1000 1077 1189 1287 1435 1725 1519 1337
891 864 955 1021 1082 1173 1333 1421 1270 1181
805 872 914 970 1003 1103 1199 1227 1203 1116
811 837 875 890 909 981 1066 1157 1112 1029
757 755 827 872 928 973 958 1062 951 883
729 697 743 839 861 936 932 1020 934 840
649 659 695 741 805 855 922 976 890 859
8 2
0 0
0 4
6 3
2 3
5 6
4 4
0 2
0.8777999286134226 0.6676592061820543 0.4165978182065443 0.3587697381036007 0.332372630877801
0.9016723242325517 0.5302901691904255 0.5051427537829312 0.9420957368103275 0.3986214584216383
0.6957133768269275 0.3195037342893425 0.9573944536587768 0.8710769205343514 0.13027674602482708
0.9127797966838305 0.5790185948558324 0.7461464630305784 0.5980966990647565 0.2780251947755882
0.5573646931437739 0.660406484787757 0.5517737228682358 0.8672154533787837 0.23212880419782458
0.5703868132445817 0.9450713956220524 0.7025205254649431 0.8182334769119162 0.29012838395236895
0.3732774746059924 0.9582517659780017 0.5142683184919246 0.44581689295525984 0.3283305554655861
0.42988036895220505 0.03592269819950156
0.21515954565428563 0.9069201835787941
0.39566035732540117 0.7861561350438833
0.030182431078297878 0.7115102306825132
0.07947335693480317 0.008810834880627283
0.798348537531427 0.8457037377553425
0.3383071523997174 0.8630016811429686
0.32190780405596575 0.6523293477407088
0.7389265044383122 0.741026812444711
0.6254888042509907 0.340759054458071
0.06287553247053435 0.9178399338750589
0.34533145944345933 0.6102420299287987
0.01406216557193063 0.9299401395824838
0.6430973065704615 0.5124356971063502
0.36881944971950076 0.8837582160079553
0.07881423871276305 0.7886451299406103
0.98848821257955 0.042703278691401
0.5473797037964849 0.4315305713988482
0.5294353748521441 0.5020068627410652
0.37535727603700786 0.6465635226561306
0.44107870426162177 0.31442079562575076
0.18519964036536152 0.9931791309135205
0.06683383469839432 0.07074143939888078
0.34919590287764146 0.8300638417798638
0.7386819303025529 0.9298166663653213
0.8299876787933407 0.6164536462247174
0.8767366812975301 0.7525022354400486
0.8614246546067155 0.42862123849275946
0.12943368772312436 0.05214770718888473
0.1443960388530261 0.05803539550893477
0.6846291359053229 0.01519565713672355
0.6869415307961286 0.4486269256033799
0.27638655490314523 0.7100107210236763
0.911139359884015 0.40833023580019234
0.5071174839300931 0.687665732922621
0.5526924354714489 0.2326599938321876
0.4709930685799737 0.10506097508060286
0.6009264250357935 0.5729760600217151
0.853686607363864 0.44852976509611286
0.6729379686104853 0.3758302303184362
0.9869331480192689 0.4437229421755453
0.6211537919741041 0.533617516211869
0.851439242537638 0.677845029001398
0.6379863493512603 0.2580148236857889
0.29890863337247575 0.41008507754684964
0.23476031116762774 0.9135867009203213
0.28457938825508666 0.9220627566267461
0.08165535282031655 0.921429798836723
0.38724814770579563 0.524116228143463
0.3322719799295888 0.5887867880783706
0.17406822234833674 0.4136603227500717
0.6176807891040061 0.22329878645707657
0.17982129764031773 0.528516524552983
0.5984780333619439 0.6688496237286468
0.7429574151954399 0.37709375899524344
0.3011071312266358 0.2661024753264729
0.459910606999117 0.7555011699340439
0.250961458698034 0.218535864000986
0.8941219195168715 0.12484074824360647
0.013274053227821048 0.8362692411388366
0.08159116865511429 0.17227430946798683
0.14423309043327226 0.551741615684721
0.8683933382726503 0.19621911469964237
0.20528130786184762 0.6056847638199241
0.7313012460150594 0.16910941611536057
0.9269263440732827 0.2164189245885133
0.4819104825697289 0.7655937118101155
0.6683943048371335 0.12532320821487852
0.3439994701191025 0.5226533944705445
0.7738122749469203 0.7773103113971831
0.22638606392138283 0.5658275435649136
0.49115005159807534 0.021286659742490333
0.48660170481842524 0.3998652787977761
0.5476107279616893 0.10932324636988633
0.421129308368434 0.27579482777713826
0.07368239297030188 0.24630646077130303
0.3920757502347514 0.7923992124248773
0.5819725256477519 0.7797571663630061
0.4245880320937283 0.331329984003629
0.7749940324318885 0.344809916602401
0.9381065601383392 0.7404721396372766
0.24359267048420885 0.18289229055609169
0.1671108215087429 0.6887893475483315
0.6986258264825937 0.6370135899916263
0.7065325792181618 0.11189792076300997
0.777607406604838 0.6337166461726917
0.9480582856979232 0.43784879694881984
0.8930715426049198 0.3811822277994139
0.8727486397841042 0.794917781311895
0.648672993883781 0.24985743681614747
0.6747850564542974 0.4778380827677091
0.8297050353426012 0.17958735650894542
0.7849333490743655 0.9252303765121239
0.9145786787299526 0.4779137563007789
0.7951789329714114 0.8522881756747347
0.5961023918110921 0.6346318409917959
0.5706167684771497 0.5497902953488367
0.6842704631176013 0.5697460933360814
0.2177740170223097 0.37312495427262826
0.32900904465211656 0.02764844283372514
0.6951829278271928 0.7146218529656034
0.5648790016760601 0.4992882187980141
0.4436676359483378 0.05729442834718923
0.9187457282853724 0.8274774353637637
0.009407663660027765 0.13561511521342773
0.7494823613999533 0.22153187768847382
0.51937544897357 0.8927560612834882
0.5167640142750607 0.8688065832439662
0.42366928585044494 0.8389406407559015
0.5522022562850428 0.6407913845187487
0.8901932047861356 0.1288902861527339
0.5888398161979624 0.6206761406399341
0.9844347558648476 0.6531635432115577
0.7790976594062764 0.7546806791116158
0.004794237904536258 0.9679393634608218
0.680676554111856 0.8903527107742419
0.49319519951633906 0.19436058068886108
0.31535393871084816 0.27913666551816974
0.4811502995019865 0.02044686968148479
0.4126636977885887 0.23180319348953327
0.5911752753425452 0.3470895717871407
0.18465949364769152 0.3236671733311005
0.013876496474310995 0.5615359254692822
0.47212411564013124 0.5945271411265041
0.1747204108002296 0.12513912215221823
0.020972816847946385 0.13316423059119287
0.2527830266343871 0.3322271470668783
0.16435999203036156 0.24389696263039173
0.5160648688427691 0.9298957732383015
0.030340731328787784 0.3523429466804735
0.17311937233245467 0.6425936305175093
0.6513180394855129 0.09626318227660025
0.33273443248847334 0.6398929734264249
0.0335832109103007 0.3890338764488941
0.8035780077582868 0.0919323806264547
0.01359469572111327 0.8593032771937634
0.24097281342098964 0.40879524029084435
0.547959108188055 0.17065312412897282
0.03032832894611004 0.3486686872555831
0.1669510616516412 0.911702532996894
0.06635615371113235 0.0762122868788675
0.15274859430293586 0.30463478771311947
0.790228853006631 0.4557922415994886
0.23662021635541808 0.24638544925699102
0.8593399134591595 0.45612230921954233
0.09120189565092285 0.8548960894158999
0.9230638805177327 0.6007549211408363
0.9481448554814134 0.37152968058809566
0.7988219711093623 0.10712273065583688
0.7701848134841136 0.45535655036399336
0.062054549884097865 0.030748177450224512
0.20785630708649516 0.07641017484595425
0.7076764439133734 0.5998977408517054
0.5990141131928324 0.05028547730975075
0.27089408395443626 0.8532695880321843
0.6994751777009249 0.05637511398613371
0.7111888094365368 0.35411688237182215
0.5944277801659272 0.1625170844069621
0.3974092212019764 0.101238708309219
0.2110650722132077 0.1028864466726882
0.17487666658651757 0.39515930357623885
0.6895553596781419 0.8272178950619697
0.6496366513598246 0.597386066674946
0.7356668342326342 0.1979022090911291
0.23720578528134162 0.9357567154054749
0.574962640334681 0.811203973833813
0.014457294288534595 0.36374922781281893
0.7271195788241676 0.6246017688881249
0.7451482884055707 0.3645097424113255
0.7053947824404363 0.32309846036500334
0.9375651426383083 0.8486156535533007
0.07455688471988142 0.4653329083041462
0.4069543099632684 0.33120919685175165
0.2572673263140648 0.5159681461040617
0.21336477055682201 0.31057998221020844
0.1530264690609433 0.03795412026554024
0.722527025045691 0.7782407034119665
0.8229610625673032 0.4111388555334319
0.14455004344508882 0.6391866160239186
0.6148090640777 0.42365724855746967
0.9068794147344073 0.42067693003330087
0.7045641911595699 0.2119788850091353
0.3356616765798519 0.1991175783133503
0.7153141720240321 0.8960551560379948
0.34842733383026436 0.2954547078459664
0.4922064238673822 0.8303829264510978
0.39776665418173107 0.6929232654201738
0.9547056171668549 0.760701219948779
0.2639985967167424 0.8642212528632909
0.4348393142409639 0.4279952480278528
0.46579401226968 0.11305601915411967
0.6278765965155926 0.5396996603873612
0.9907305946711691 0.7918562270178096
0.7994052394518416 0.9858641442856662
0.9516161270200398 0.30068136348021346
0.13590439305936752 0.9231074735881595
0.7256135363552716 0.8050779422344161
0.42247018812109793 0.49286769983803413
0.7610459599255435 0.1352517134874598
0.23047424562750396 0.4996227110960185
0.3412108511319434 0.5874692881769061
0.491168837540912 0.020419974636636473
0.7491346027869095 0.19355078515282043
0.961186788747656 0.7091289201768538
0.8883947529403253 0.13264992370650575
0.5928969448265171 0.3001803785657806
0.0771829498085046 0.5919969674531318
0.26122232343273133 0.9776207279671385
0.11909220667359066 0.2032296727155356
0.9047303306079406 0.9018215818538007
0.771808805989632 0.17947082189883257
0.1805119652833198 0.39354262667868367
0.7733000618244195 0.032639999342076065
0.8771925922305683 0.508764245282072
0.6362771587167475 0.8238271792122409
0.44957125696261624 0.32973380833986154
0.568323045718016 0.8846319059301686
0.5355515897223242 0.5049968170735659
0.9832121305362687 0.4876154137926303
0.6621492380044673 0.32158292621648843
0.9987623810924704 0.20782579123972678
0.35574748949339097 0.9639520366683543
0.11799582616627746 0.9414452065091796
0.38096666221223807 0.093898305286638
0.2033298773946055 0.21183752140994816
0.6042413900299457 0.0371533440927343
0.3791320485389651 0.7706743808456424
0.7406185665887823 0.2907775414360252
0.2834121418240405 0.4177382336663742
0.2338199822941982 0.899735591077576
0.922991601424294 0.5546569149696594
0.8703756999197287 0.19822632455471512
0.3442553249207789 0.21400646808037704
0.82217364912665 0.7137562111447087
0.8396786452312195 0.7096238966291419
0.5159177877756529 0.20617708396724943
0.5791837868818057 0.4643987332443025
0.2692515578172654 0.8743497130013318
0.6831024470103473 0.5807892254838554
0.38536057382788913 0.3401360498422814
0.798803110296751 0.14901164881726525
0.9586479441375326 0.13871433876286554
0.30115915633053114 0.4619086950693574
0.7085755275467713 0.05434913534069974
0.3792100188014442 0.13623924563397272
0.8333213601599403 0.10675053208292895
0.8301983565805666 0.6940753510462525
0.9118606536663314 0.13650347691867415
0.8486338952309325 0.9444057492452329
0.9492776605702937 0.15462031246177466
0.6205981605993065 0.49329042455072303
0.656753819807397 0.8286052329315938
0.25805933341634724 0.8687934427142445
0.22662180626982864 0.8421226993532627
0.13612914427614076 0.4901306238948142
0.02146920204063263 0.19631609440179654
0.011311868456666874 0.6143811669225705
0.5693067076457903 0.3196803702277389
0.3669417980191523 0.876515414167907
0.893785376050733 0.2046170675095833
0.06573269355564237 0.3821812398248001
0.9337540789545464 0.8009886318153776
0.7088578530242933 0.4937391727621807
0.12252030417306292 0.27828987134917726
0.31963680764822766 0.671134394697924
0.5175555584029885 0.33375720197794023
0.6459729595376551 0.63279538780542
0.17855567507169323 0.6796352677557578
0.013967090149493488 0.8653764012765379
0.49181494553667404 0.12665583965641236
0.5378931256933335 0.06692152862299405
0.47840300347990183 0.010423192082712696
0.9153183742505788 0.30160859398231654
0.4832513756634973 0.6755715449567243
0.454436257393094 0.2091746894751909
0.9207122283801561 0.5541043715198162
0.7424105246834001 0.9766087142869493
0.013396339690733727 0.7658578501321429
0.9452050178241884 0.8103839436013294
0.3076118560158785 0.9841184880242606
0.22076971795446898 0.16813835499722973
0.7001967551931423 0.6326779976668304
0.05534126772909076 0.3576352002918213
0.9914357784172512 0.43804155090579466
0.8877359459670764 0.8815226200595825
0.7903235652549871 0.8060056777155269
0.0029943150322733203 0.5019400294599798
0.1595063672953434 0.27669158819262196
0.11053458752536516 0.7886398843251299
0.6111085793107389 0.38845304802630576
0.7891570515197837 0.1721519981683628
0.8842832430223735 0.024296925466342545
0.5407061362753836 0.5433900504451057
0.6847815120023863 0.6249238916534532
0.8923286986668797 0.6990532828669922
0.13138327162525032 0.8319783095648361
0.1404640410863851 0.14112760184240214
0.21615540166640712 0.03985186599770163
0.06350529080837353 0.9639889785200808
0.95283924406633 0.9584077365494696
0.606233192288631 0.32014767286691104
0.6050523707238296 0.0744399072328703
0.7905776450426636 0.1413662562729674
0.4503515034511283 0.41414517007138474
0.13428510730315324 0.8244751624460793
0.07326333545705754 0.06075360064971269
0.2770040757614909 0.039128672652380736
0.5424553979305795 0.30429687060966715
0.18517009725479294 0.23142669116521875
0.06453690581739635 0.1212392952084671
0.22540286238573226 0.21291242085586481
0.5427559112753639 0.5801522740572027
0.4095014356421349 0.7018581380613211
0.9443761713988055 0.15598853371357513
0.3606292036267833 0.5402194604345447
0.4760280724935395 0.46214140531638015
0.7638477284488878 0.10949575100795261
0.5047822331979364 0.36450508169120144
0.05882213021959748 0.6912925137538377
0.7205182008618425 0.22340950641262847
0.21981000753185698 0.656436464475803
0.8189749350319178 0.09276117912118353
0.36281235878039464 0.7401380165240525
0.9554103690524942 0.9827264387310803
0.6302093192823577 0.6520578001908852
0.8742122381232005 0.18093280995363092
0.9762719924220873 0.8430326486316311
0.6775482337226422 0.5392155671520795
0.19493331687958793 0.5891896807349111
0.4933113760715597 0.9810272545929939
0.364337720816162 0.9045923904518933
0.24959874398787218 0.3834284877033294
0.6600788513939506 0.6674415528347264
0.9636180610652416 0.18359570556031857
0.8111738105718544 0.6755037069438334
0.5252972817247277 0.6813624330242098
0.02017344306281399 0.3846937220001856
0.6934558818251304 0.5674904539753123
0.6214680909905377 0.5600315505625189
0.5111840168580464 0.7090930641665227
0.5951570292862465 0.3442337649891771
0.06714251363056056 0.4963573839577782
0.3516951371751158 0.9534430281218571
0.025961924367461142 0.6446619753698952
0.8362569155888846 0.6009585276599156
0.2888417921279198 0.2479696823340889
0.1588227111227778 0.6858527086296875
0.37059676273336395 0.8039972042495509
0.4455886419906345 0.18168060146521947
0.002780792364661888 0.39259585937497343
0.9896533404232266 0.7805494014441454
0.33431750342741307 0.9133611976879052
0.6593836980721968 0.21466745923862995
0.21630098779543605 0.18650458973184114
0.8324953778363109 0.9248080670969625
0.9203539906732172 0.6146273377276583
0.9069519096561762 0.3745343011220572
0.04039455532820502 0.26502622724257563
0.3151419857832858 0.23510877260994856
0.04310044818874159 0.8555319907872101
0.1995362350932004 0.8166129750123992
0.4287786759885879 0.8282567601058455
0.11556416345447418 0.07055943236744255
0.6977608814572347 0.25732457989412616
0.012669677270962909 0.2324858232167044
0.2665076360699017 0.5440178274026632
0.678606896155759 0.7356424300667663
0.7690386059857159 0.3587867506103255
0.5672881939830448 0.20622636573052255
0.7526247390640237 0.06278719079223194
0.20499526180187555 0.9978580037528151
0.4745320262954571 0.8021747081959001
0.7191997119053442 0.07942078106966566
0.08311348318680256 0.722528711060288
0.8344588223532439 0.6278959445962966
0.02157167003211269 0.738066639000263
0.33480209538156624 0.1361956288514421
0.1687074231665051 0.9238843029090305
0.4341375361838016 0.8981305963005803
0.5529576247157282 0.14763118892602956
0.258490537993856 0.8380879320048247
0.14238170941582395 0.4124500034954528
0.3091133375180921 0.40362135719656655
0.5398055229048189 0.6275919991246945
0.5020853246642685 0.3249616954863386
0.5414262607994276 0.5421992688013886
0.9243935455130787 0.30096910602447546
0.2758457652362907 0.5675578559132324
0.6403247847566076 0.6663176068563683
0.28908231728989087 0.9548018009082309
0.7325997114964873 0.25029939910833954
0.2113815256827718 0.9463170755042671
0.1499472278096321 0.7435101054261122
0.6701488884226119 0.30006925194240885
0.8097471802081122 0.06188897296283291
0.95383491346497 0.11482714631837654
0.22465850778775276 0.2698797088014939
0.8071692436408178 0.025902486103792866
0.17066141195761908 0.08082208986004114
0.9879741684622381 0.1542413335319286
0.21498321902965944 0.24860760378058155
0.4747168855010371 0.4903770734154471
0.011120885585887308 0.41254930011101054
0.5151166332915309 0.4476442158604663
0.2212171578515103 0.5765180295315451
0.9649834983517349 0.6798602678896208
0.8283501567263589 0.8798869817358794
0.23174482271072572 0.40459323361609223
0.3873580078406367 0.9308007700763359
0.9499572014079796 0.7166587583825061
0.7681660181738612 0.02992122572483713
0.5875849328447555 0.8525503331914503
0.8022268315400063 0.09298579313046429
0.6362855290650071 0.7595112589681849
0.2847732826739118 0.649408237639721
0.4116054723709559 0.7792862747353835
0.8231310358605495 0.23820886050728451
0.4052607194609914 0.40825665860933236
0.7094482522265579 0.42603731388514654
0.941394566763629 0.43902153955926293
0.514706784688467 0.2607309335671746
0.9150267125866511 0.8802111489265014
0.24694397318720518 0.5087382694901861
0.7589622474994535 0.9338860825584205
0.6526625425896602 0.5386000112880067
0.8624239414531674 0.42012380683707384
0.7548881097271312 0.6280292559593676
0.9329516128882143 0.21736533573542638
0.3539443668792708 0.21816751028596593
0.6588166978452303 0.4184129701736883
0.09036814631778234 0.8757382093346113
0.24781792181951934 0.21414827770316047
0.5505736423426284 0.07869840508147807
0.987267373474354 0.3416841910081505
0.23540354390419105 0.08255647774352748
0.062314706299150036 0.09388187199247233
0.2747347224606418 0.9386318763977932
0.010651121638513006 0.17386932860194348
0.8284256501235645 0.9006765464964746
0.2954341926902384 0.1306968073502761
0.7950777294353131 0.2936107769847527
0.9503666418039252 0.17900206605896152
0.6311656738036993 0.9039119743272164
0.30472122789878386 0.7709832557329819
0.6180578001147266 0.7170876713339067
0.833650044530025 0.5760654530380704
0.5521583208862977 0.5441515892708855
0.6935950739831287 0.6437226348466487
0.9601880352592698 0.7185668869976785
0.7628067243030112 0.2515653002627012
0.414728452385019 0.1671073316578855
0.11186996197043153 0.17045666901097545
0.1564047164975615 0.22211406940590805
0.9500055858968581 0.23359499814996343
0.8131978271605957 0.8931054874981936
0.4121799822158576 0.7228615780908507
0.8556135549785178 0.8829543700026443
0.6990347374671295 0.9263452476319773
0.859239069473694 0.9482325751823075
0.9376544052356752 0.05054686435722644
0.6564131141295726 0.5899520121251165
0.8456970336250418 0.26979412422553106
0.5773306289813822 0.5759212672273453
0.597339664194007 0.6932611060140728
0.4815662124328819 0.45037682629543574
0.9833004969084198 0.8926364551303119
0.2276513052456719 0.8551544176909509
0.7423555252314817 0.8144545008721631
0.609460930122804 0.3576309222775451
0.7863904313138688 0.35304857249842003
0.3478823860975757 0.3914788620083083
0.4374701492999371 0.803415865686387
0.2826855988211625 0.4184432942386822
0.39259588339546414 0.8909649256292784
0.19767595882129285 0.3689999415171552
0.5833789565880063 0.8874968668243748
0.5273012794642602 0.052199376795198704
0.635760561682033 0.16010769190659824
0.6975223325827968 0.8720370825781805
0.3852937929529072 0.6506969796246997
0.5174026934750424 0.22615127440150729
0.34010575897252715 0.04245060384437882
0.3047858128142269 0.22596735932782508
0.809121737888683 0.18327096891705796
0.6716545371825122 0.9617617675505477
0.3830255055915208 0.4421098289457357
0.8369692656015102 0.6690092982563991
0.8541839167642671 0.7765181764642468
0.7461290826911928 0.11741893226493905
0.2211409295320923 0.23692138368452298
0.823960349748543 0.8553030744922545
0.5867869754410344 0.5179889493284313
0.9330851010051304 0.2066789345316138
0.4819777679285653 0.22973442820108025
0.3180033262168114 0.07259474800486143
0.472864056174086 0.7688877181639888
0.6804732314589579 0.8171498327118791
0.33231552830067357 0.1745024559072339
0.6308254450629769 0.4034624267563205
0.19681990338655386 0.2867985682918206
0.6640362510495972 0.5463445616045113
0.07619973105941646 0.6987342892397923
0.365907845539134 0.0406848394441226
0.32681740666659564 0.6446189315635462
0.16463858534195963 0.06814014607900432
0.3395508320395799 0.9657381597480521
0.8799011006874153 0.5939750353791944
0.2854311860920766 0.8922065338737768
0.5480353101337052 0.8277449333798761
0.5313884064257446 0.17071766303256575
0.12156387397110291 0.029357899503150264
0.9313597321940148 0.9406197460772456
0.333546196295162 0.6679133854966213
0.11043283718204466 0.3585483330714947
0.8930203589518078 0.014962998886637768
0.6913385232243017 0.2849097956879225
0.8212799464430516 0.6622106632372502
0.39248960148938594 0.35259332173587765
0.42519411055448786 0.12127943218697701
0.38075590978559504 0.10311223231656763
0.2615989736011062 0.03806848823451503
0.883045179647902 0.8059725694595536
0.538670531554025 0.8356468217975994
0.09547314788077732 0.40131741237039664
0.09845888913411915 0.48003345305142275
0.8026950752009965 0.5764184678560693
0.6137381620624192 0.6314816122565565
0.35016605442594706 0.8466986888713344
0.4934374305330269 0.1658889891201838
0.23626945617347794 0.025851413332464324
0.7680874829858073 0.20717337031948135
0.21075447635467603 0.11046677129847993
0.18006184607832387 0.027084289502857795
0.7088711075980345 0.23865402238185984
0.3432521181097614 0.5115536297060816
0.09650298372139687 0.10084076455700819
0.1722006471143145 0.9101230499856268
0.8773890790001522 0.1168787997723173
0.2875847531269953 0.6937524839122469
0.3978533213408073 0.6785997455079307
0.3287236213527176 0.6662653070078544
0.262878027721255 0.6244111760544602
0.3879756516071049 0.22839736475188532
0.2930508820787394 0.059002912198636404
0.45348296066575533 0.04133043375502332
0.08064255066678117 0.9246159605566855
0.6734001415564044 0.07552305252149383
0.34394773924134525 0.5064557515829256
0.4133246278160754 0.816328893702537
0.8609909655310128 0.17516705478504035
0.8136132749574396 0.2321765251700343
0.9407513634362608 0.641073181414465
0.21729456846886186 0.19848678802128839
0.3480261124472952 0.8856905156790449
0.4647917669504664 0.6745538813508463
0.2597166384166012 0.09093539598755451
0.9060752803492849 0.8423919024206825
0.05762930964480906 0.18790473754988524
0.5296316955208771 0.9170563057881649
0.37454868480300596 0.6317726054157633
0.2910772373407813 0.6712895204467866
0.21465202306338038 0.75488846923363
0.9650882868845487 0.9294024675855839
0.38701880947955836 0.5390774229731154
0.47581416322066605 0.04937403862923184
0.022244868475914892 0.9040710261672569
0.633361984937445 0.17650790343551148
0.6444668304353605 0.3664821523347268
0.680915646803788 0.13513946575974756
0.34976336230662763 0.030659609606928928
0.8857266434204663 0.48465465851167067
0.7326551102986876 0.3997338633748857
0.7848650307888703 0.9902975509347502
0.994315704488989 0.7806099889843459
0.5507812564519867 0.3818834296519513
0.07335387638569713 0.44564437178589267
0.10456615385141954 0.5458169071656225
0.5093563730986987 0.3411753892250098
0.9261038535487027 0.42060881595569977
0.47179016370208293 0.028290638845025695
0.751192362104447 0.6852328998637498
0.5151237780429527 0.16396643713188785
0.049590735670751895 0.3334884420928288
0.3471030885533819 0.3577213096539853
0.02487910644859248 0.30923957802167834
0.4986390518819179 0.5291591524782882
0.9625003660427669 0.37312806645499674
0.15906627782982752 0.2083511315294544
0.3428604226445999 0.8384033552236372
0.8479007513386521 0.9053230242253278
0.6474577758456281 0.3571548920944625
0.5796665209905041 0.40864879060858006
0.7773257245501626 0.7055791917916905
0.5529739480308233 0.5103606825693701
0.7496293056163228 0.767688409518464
0.037526883529305 0.10583865671204218
0.7424282637121842 0.17811609094899872
0.020366522984763602 0.045485542119214406
0.6637906319927458 0.8669094511064448
0.4067913819934983 0.1871505300931453
0.4221353623895725 0.5122871375776807
0.7248093101631492 0.18746305765128146
0.10085433110095976 0.6876873876657437
0.11612803954716977 0.13701690147016077
0.35023908153947825 0.41590270334560797
0.2843457748202991 0.4944138337734052
0.5192356790613948 0.09413167073047224
0.826851936899913 0.08618104730610687
0.13293995240621048 0.7990274064267893
0.41247993232306146 0.28730067982088103
0.1595457367703721 0.5176100730101141
0.42498325642992363 0.2522851134838908
0.3905061622812034 0.7132870971274141
0.26357804231554227 0.17071239570457997
0.38348166238724213 0.4717185281374241
0.6052817602512943 0.4170231074037689
0.8227463218107232 0.5136734171484982
0.16573482536816098 0.2785281394494046
0.3197081342114092 0.214695246429089
0.8562352838697578 0.6953777124356864
0.037881165561643115 0.5268598404015858
0.27453094848757 0.14407698665487456
0.006250700312298907 0.0167552068173884
0.7151618640233177 0.7545690091386235
0.47382577420442784 0.6252604332954526
0.3040727355788546 0.06940243666796664
0.40004532397746506 0.26460681527643803
0.5516335956913401 0.09689120534848628
0.29146428902097044 0.8144754264894489
0.9212092277193806 0.7865265388927911
0.6025275657033169 0.2378766276576092
0.4310205827980891 0.6519688080312376
0.20523856305769317 0.6494948312924318
0.10972386233464904 0.4658591840291888
0.9680693337213673 0.9282126593653273
0.1908156727181003 0.807249399417435
0.028189114197985088 0.9957487431558589
0.07797392311567641 0.8710484288680762
0.5368908643362222 0.23529611339746181
0.5112202758935158 0.4150078021670591
0.2273181971748286 0.10491480996883573
0.21026911299634166 0.4773027444985325
0.6092807390343504 0.9960101522857532
0.7483513292372836 0.8596753194279287
0.7200778254292051 0.9599402812552857
0.7356199727141581 0.8079144492036823
0.6729782780614011 0.47465948839630734
0.8960980401878018 0.3485263019993874
0.828553760056933 0.1443069426593213
0.7980892010785476 0.9168563737076423
0.6627998548953427 0.4927439348009217
0.07242952755276688 0.901893844881257
0.2535645149256378 0.8783410668126188
0.7278279796635272 0.7324814828316251
0.7330543293120844 0.9280538821485436
0.287116264137504 0.38642551564036265
0.06794472815019836 0.38945019104406464
0.3734983216974266 0.4541916439898559
0.20665346709426902 0.6887508226476242
0.3313146915076175 0.08144546723596147
0.1937151393649681 0.37056975876854303
0.4887107814212315 0.39064220222807333
0.4651291467466978 0.7767393133591503
0.15232579404139734 0.4393311954262298
0.5256181735106791 0.7959067731195661
0.34321405907244373 0.41081668002072425
0.18055427434095295 0.08462398931608472
0.5826144161814668 0.8172302216271834
0.34245493461317467 0.37235155055571934
0.5815524265370826 0.7174878170981784
0.7831462026731688 0.37383431530665034
0.9112333166801911 0.9155462670448933
0.19739335529465696 0.544151667376942
0.4495730376309479 0.7369034806114965
0.3357382607951942 0.968850778172011
0.1480541098107535 0.30475517796147433
0.38968339164643795 0.177923451040924
0.0836301841653524 0.7712193187491894
0.15573924350295654 0.6748020812848139
0.4197400874839361 0.18833117045723258
0.45969476977583 0.09676773090329482
0.7019139377709522 0.241256407782239
0.042471975280616636 0.025298015405328167
0.9542417643852232 0.7756428611202242
0.6313886247843989 0.3181624210551184
0.15783038556302276 0.13921483509742383
0.736100284281332 0.16327079935529887
0.7076763592747277 0.5445284271313664
0.8248835988450287 0.4669057208998335
0.5303219355410826 0.019513010917773466
0.6900864308285457 0.3681135755272007
0.21166889996988325 0.2664372881819548
0.5346629697735426 0.5533233239212572
0.2944565803979333 0.39065487339480365
0.34526688510885317 0.1658863837019282
0.18203556312422586 0.4082980484243979
0.23394215921473038 0.014337569900794156
0.7943645866471052 0.1556133020358026
0.9382213311171026 0.11986375100157654
0.9217334089695919 0.5102278752387541
