10 4 100 5
588 782 978 1078 813 1049 786 910 979 717
939 648 1105 802 939 914 947 794 874 772
937 813 713 1087 751 956 998 1061 922 825
786 705 831 1088 727 861 1076 1253 1175 987
945 846 813 961 1040 806 1175 1057 826 1200
880 968 826 932 1035 1219 1250 929 930 1100
971 923 1051 1195 826 1023 1073 999 1321 967
918 720 1085 1173 1218 1231 1028 1030 1023 1023
816 898 777 841 1151 1407 1301 1290 1045 1277
1121 821 1276 1036 1331 1383 1569 1716 1311 1131
0 4
5 0
0 1
9 7
0.359977601670815 0.6699710384939821 0.9415057767733606 0.9904331862324771 0.1667349796689809
0.9038696860616822 0.9267183839156914 0.6889114935230783 0.3622469588442901 0.39109210266404026
0.6697375931054391 0.6276510785097769 0.6450632133559397 0.5786541578278905 0.43432410985063863
0.5910903333971929 0.9162100801547861
0.27122631258388985 0.579430211859226
0.817222429236734 0.6422109078260694
0.35770639475440325 0.4701336294270204
0.1750186795008397 0.7111131263060124
0.5063887013361412 0.42771552844020966
0.5913318757526891 0.2148130695829613
0.5156629761266123 0.8793915243943289
0.9324520583915643 0.657363616430134
0.5756104486147811 0.529548344993366
0.7031820103375255 0.5894421974314548
0.5980165203355239 0.12988653426045182
0.5227821690116043 0.23673877909295782
0.9861626657920723 0.6893084701496717
0.137702143243283 0.2137697331329529
0.37905017726238666 0.5343828835605777
0.1009650580122976 0.38668818166864205
0.15360873137846465 0.8958461374205284
0.19427493749584435 0.5113353853191172
0.497120312808631 0.5156584592091802
0.29470400561465726 0.7924508580623799
0.7466272749730394 0.16355665518752271
0.7340482841876306 0.6669602648090172
0.5969717649771753 0.19572172105962804
0.5998047178938897 0.6512060971767952
0.5468684592771633 0.08876359555535784
0.7692928888086321 0.15092802420599694
0.7801758111130739 0.6565356006286143
0.24320408610364774 0.43997797551746065
0.5267891935419939 0.42535457305052526
0.800989968927428 0.4353440599046954
0.9537107757199603 0.3337201071437632
0.9846302689662481 0.611563593310319
0.061411109244656314 0.9573692231095692
0.2533997331352629 0.9717127035551048
0.6891350655704218 0.44516942920810587
0.9024758650439282 0.7794503583759034
0.7233152799742777 0.5900802064608506
0.4529679578772634 0.42837863116419106
0.06376115994699605 0.7369019450789667
0.5191637632665485 0.1859093238231999
0.7978318259008426 0.47293037848719655
0.4256324432984133 0.018299859185836986
0.6404361364914843 0.9860529938198652
0.809838036590316 0.33293168223863234
0.14306730367266174 0.17697367750676674
0.719915755922425 0.36951187828037213
0.5511585547276987 0.808085381249467
0.40459259846940276 0.8759430197812808
0.7137067314951722 0.7482377144067449
0.3225837095940285 0.16210251181430935
0.261390365954568 0.8296915803890454
0.5678571158155115 0.7448040037559083
0.11402380762260611 0.7481756331785288
0.01722438296522988 0.4272861021369134
0.8794436602995783 0.7504950191703545
0.5552703788166413 0.38429657370531545
0.7695261159709508 0.9327134270015134
0.5072197306151447 0.34689935547380224
0.2721315197603986 0.7707790822347076
0.49358199752463916 0.2400542037034501
0.15600349232404565 0.4051140699466893
0.1734268922074511 0.3966862114333656
0.4138430134495241 0.18034953978517665
0.3524994078888011 0.2387882214478696
0.3885021591378066 0.10153508785210952
0.5851964962004275 0.7179602569266879
0.5311184134983638 0.6231730360978773
0.7162295877228344 0.187914352973797
0.9708672490520829 0.8818364353698802
0.4304083726013044 0.41706318068489523
0.4047216775698268 0.6405406193152983
0.7402561391963756 0.9984822390688075
0.7639142789745448 0.9513878010251104
0.07508940598219094 0.823502715187928
0.47335561813140314 0.8801841804799972
0.13085827269380323 0.3652539805442687
0.6270394086440518 0.21288382385621363
0.7088825782554589 0.49844459629282034
0.06715747068907829 0.9856683005881293
0.4964041748669765 0.4600880295110772
0.054916610344117434 0.5016065527807816
0.2843236501928825 0.8753174031891606
0.6871001030011699 0.5643684924423389
0.44672338872491735 0.49167075562731366
0.877177365349672 0.8707534505226497
0.1533562730352498 0.32570108173533985
0.017556217620592562 0.8327469184505267
0.05598454196840574 0.32665012103152136
0.6181759576486081 0.9374885504194646
0.8765116773900155 0.49079623570417796
0.6356306914868461 0.3259884187470732
0.7867678646615051 0.44771382830139905
0.5967376714164181 0.6202064846163478
0.3786822915417605 0.2704541421687243
0.6244958134678924 0.7971241770435538
0.2685687523506062 0.37156368030256326
0.27494501500686286 0.9375641800989258
0.11766335395758265 0.2987892353136201
0.27248875658667027 0.41322347236037893
0.3664261358610319 0.5348488577301944
0.9356499266285734 0.14351676951014247
0.8587934181694095 0.4549581906328515
0.3652341614365193 0.8315777192636438
0.08562150230408783 0.5712096730123026
0.4774091223791741 0.5314923937977443
0.9845367268356073 0.6656794231222636
0.0934615806354151 0.8143947303159085
0.7001051904651323 0.5304606107093652
0.39657012165467864 0.5144193237281436
0.8250311622477478 0.35275370202277423
0.5768664758667845 0.11192207897471573
0.6354450675381424 0.27513708932395886
0.1522146166357603 0.864888129381731
0.6041315168465942 0.16027999345926802
0.3706677252025232 0.058902233572255325
0.17329890676482496 0.36471158977047424
0.7079532219418878 0.7066949610585369
0.41876951944817487 0.7332412483699886
0.7803869264278203 0.7821391035948722
0.7452931191628955 0.4290791513821286
0.39988155568124184 0.11860671417899082
0.46744486994899836 0.410668121375134
0.40494447649667675 0.532636619129168
0.7205610393898403 0.19272158197059763
0.39803039606322543 0.560547081141469
0.318115698823368 0.37141400798084034
0.5379690168600764 0.3820174303548516
0.04141791507427661 0.44393584391187413
0.6851812332863714 0.9894411949037627
0.07209185169561327 0.9634952781298369
0.3948885020078958 0.31057883496224536
0.9734317918076572 0.07216517705920555
0.6462706077616889 0.5091433356047177
0.7372609100200553 0.6103495858480656
0.29361439238389386 0.752157635027229
0.8874825168360119 0.5449636953281769
0.3589218496186093 0.4755535630409855
0.08254024885615086 0.36737024372354643
0.18438797518751127 0.8417826101945505
0.18869323183993525 0.45182079261237806
0.4454903392492262 0.03228917377086615
0.5372023880822774 0.8303522200027227
0.2759367178186014 0.398074455872685
0.2865469229137987 0.1319078275141845
0.5824559395861364 0.2297237311416651
0.38017672548368275 0.14341473285307038
0.937336938028031 0.42284039986559385
0.41180224562081813 0.8382907809253781
0.22225151442718083 0.7388019539284636
0.5013712839872242 0.0006199784594864699
0.9471922535417192 0.9032975165160793
0.6465768933445062 0.26665817973728934
0.6258078839343173 0.3336227623407586
0.2915879354912416 0.34619141923509167
0.1406783021500626 0.2277193898488401
0.9088703924149855 0.16917854663741494
0.9904791629652603 0.513925114231786
0.8866719573792325 0.031436630903202145
0.05915353711139293 0.9145400756229571
0.7313159720573712 0.6113846744474458
0.20446287870074475 0.39067229335369946
0.4917548761988706 0.17596585313794777
0.573769034552444 0.16396422186926451
0.67356387847866 0.9378504599108124
0.5016728879549393 0.1333697717475606
0.3183188405098807 0.8070017027139791
0.824107496981338 0.969864914289676
0.5185543322693582 0.24395852122812967
0.03384240900058599 0.9065958801232019
0.5350318376212331 0.04121133180891268
0.13822435924577614 0.30016252080799455
0.21957597738406687 0.03630324117228456
0.8370146636793951 0.8498919929646356
0.5487925510567504 0.2655985050017693
0.23669646662309263 0.7939949343273678
0.5479932342099456 0.06780697397750424
0.5601943684767003 0.655983651993951
0.4333499545556754 0.05238920567852534
0.8042507088758903 0.7627008062420682
0.39195284111809503 0.34978349284933286
0.6799583948936578 0.11489499249071988
0.5542430129319462 0.4860003383914706
0.9097067356168522 0.023548663154300042
0.21113220595823678 0.5861178799678739
0.9051393190190034 0.9268025716067136
0.17318386223854398 0.03986453226422726
0.6138195641087836 0.1734563846496362
0.5568846855385936 0.043774564599962096
0.3096801200688144 0.7331075187136857
0.8959174394835681 0.8735812949297306
0.8218416447810473 0.9993292365040447
0.6205205701835079 0.31470010968660955
0.42324435968446794 0.4678709971474775
0.08084166557166461 0.06346285606637991
0.12263512157945344 0.14721203084261214
0.985232941739294 0.45338201225489083
0.48537496577830086 0.819870989630819
0.466528778734717 0.03504347291428078
0.36671989594427123 0.2851775251293127
0.08291603191378982 0.7515749764543498
0.7143198940485749 0.8406441359268231
0.04722871480234336 0.9004667328975398
0.2514616404540764 0.9772570315414302
0.9061674631338901 0.3995514516898624
0.36010454320717855 0.7487362087265785
0.22273806398054008 0.4488264337350347
0.8322838867602875 0.8589801591318076
0.6952780505471772 0.00809507990145697
0.14173508348391772 0.5882162127422923
0.7659123303729294 0.8796470163716783
0.40079581713777257 0.21611939526786883
0.9054558347002497 0.8706251286935065
0.24170147534776443 0.08330221816188255
0.42601079996658453 0.5938097202635368
0.3626473576803735 0.6098560327616964
0.8879305135835376 0.33955061774636297
0.024538878772400796 0.1816579110287515
0.756235200521229 0.43144750883524563
0.5523960598984063 0.4325461056465185
0.02385365471495149 0.21470323680140901
0.842359722189119 0.8029144609860286
0.7038986041891826 0.6785712428934085
0.6867841562104957 0.3395532857596273
0.08861399604665254 0.29836074440344307
0.6120370309142042 0.6878707467928449
0.7401810001255464 0.9662384013719527
0.032665916236591874 0.3091227139352333
0.3909716785541142 0.942312729171076
0.7884035370915696 0.4478895038668014
0.5938974048629608 0.8060938730103273
0.9166503904597538 0.4830695477642215
0.8885058545963334 0.7881172368673308
0.19645560600992695 0.03249189542462805
0.7897658014093172 0.9522062470447257
0.5282785091303144 0.15654026640727392
0.9333036031124851 0.8937003365986589
0.9743168338792381 0.09450326598918557
0.11151075905732877 0.21929442614170624
0.7533117966267495 0.5155884349232998
0.8790415297263734 0.9919107805282896
0.549981253472827 0.32403128922387037
0.23672133793614747 0.04633830950186679
0.12407199244516987 0.3795331514817599
0.9903522703197336 0.9719068118622858
0.529236520599613 0.947193432590905
0.7011063090007887 0.5628338566973161
0.36274351783435677 0.633448896101612
0.1066281517967107 0.039768079750466256
0.6376811491722081 0.7190822921706053
0.16183618099530173 0.3095781699101867
0.764111718968258 0.48056996248646233
0.5696991257344763 0.3789908348666535
0.29048259634680473 0.5501473076212635
0.0026482357634229903 0.8925303835845364
0.438483717330757 0.9264543079995984
0.18812278470737476 0.5693480902897432
0.29011162793651235 0.20410976225610944
0.6181232184582095 0.38490383050146515
0.7909508057082801 0.10272624686200937
0.15373168724038777 0.4268629084380935
0.4461043585227795 0.283602025057601
0.18545561844207836 0.18212657288737777
0.011757442112483973 0.295993936918151
0.9823703429077482 0.5312820406209917
0.48769336730100177 0.7768061094226446
0.31250965807100517 0.5989427739023223
0.051599558543359736 0.05115601194122488
0.9390436656507455 0.05783839275063496
0.44633008193419643 0.1166869269598434
0.7470906890729543 0.34466369749872694
0.9038362310080947 0.6888071768907611
0.44016900525830116 0.466362333908968
0.37697833589624263 0.5835937329796381
0.6926581691925464 0.8694016624935987
0.495256082515797 0.45279416235255154
0.6306005101270935 0.08695674420766886
0.1906411266533432 0.3211765244300595
0.7600931497296881 0.2016143722252366
0.08884037258892064 0.07321749137743061
0.4774627753907674 0.05456948850801879
0.04034017612666596 0.18113841728271218
0.1443545598122562 0.7279855155044566
0.1415685773369666 0.6674768993746769
0.17798484929071745 0.04031934969558626
0.8080703720660309 0.7209867103449568
0.10633399605324034 0.9902216641718982
0.6821417126968423 0.6639623717405301
0.5980043990043755 0.8646481424307664
0.5130806897915345 0.2065419465569489
0.04104099107155035 0.22309124019730642
0.2262302653404975 0.4465609801006645
0.4468864884939565 0.5719059169566747
0.7071511484483961 0.8669024792004885
0.1682163469072242 0.5009126875182695
0.0597678775824364 0.35860055550875414
0.9013797928785325 0.16666340499752041
0.7553340006591136 0.25202425830810005
0.1600760590897694 0.8706281153124416
0.35812728668381655 0.7218604304605054
