10 3 100 1
1018 1047 1019 956 937 1031 1017 1042 1028 961
1014 926 1038 970 951 947 1048 1036 993 1014
960 993 1034 1023 1048 982 964 1022 1041 1039
974 1024 945 1015 1044 985 1037 983 935 929
996 1043 1018 973 1041 1045 1041 1030 1007 983
963 948 971 1000 984 1037 950 1048 976 1049
938 1046 1033 992 1047 1028 1051 1038 1001 1000
952 933 1045 1030 978 1002 977 994 962 999
947 964 968 1045 1024 990 950 1001 953 1029
993 1025 1020 1035 949 1047 980 1004 1005 952
1 9
7 8
4 0
0.5575790590221004 0.7216590172408104 0.9558114797348765 0.5538870052646688 0.34075419249977723
0.4242328049797057 0.7646516048447243 0.5341019203453488 0.9218628184551683 0.39107087335321256
0.6008913989840807 0.6473411358469787
0.28723540502323863 0.5614676572403694
0.6516376099539216 0.8699648057369649
0.5019896825047556 0.47136348734916034
0.501071355818101 0.18651984720211434
0.9315314161925576 0.06870203011560427
0.1137389617922131 0.8782248676632203
0.5443053275075831 0.813029558122297
0.6865021798320394 0.7337165408295583
0.48629418541941605 0.226531127383383
0.28159976734935666 0.33578763107486687
0.8666077914367523 0.007758648515357791
0.840622493898453 0.11990232505442755
0.37226395520285815 0.8877156380138487
0.2016996635820274 0.9584769089632004
0.21927868630828962 0.9611520912089793
0.7017486368956569 0.07886946103477266
0.9616488681459008 0.7631575238054502
0.657836458915005 0.8757173890711503
0.6085166447422232 0.23237263579858225
0.04298114033942757 0.8321479912717227
0.1322909157014187 0.3827902920247055
0.3760619495697737 0.04364997145504845
0.12122621228470365 0.9547090176724013
0.35392753858533554 0.41672264800559033
0.022834994229117056 0.7877226734482448
0.18009902415009482 0.9212125838735019
0.7003072588729622 0.6174088771212198
0.11208662638952327 0.9873180606495227
0.15859543159078493 0.8596270209390684
0.101734291881721 0.4225991831433882
0.7015996740709045 0.6012283068076791
0.008830673881912388 0.41229415457129304
0.6325743768613195 0.864686114847605
0.04063134352076103 0.334735710260156
0.07595443122449508 0.7583762796151281
0.2597296423805624 0.6718968730687478
0.5575677648666713 0.4270874865571359
0.87726751862176 0.1281356041750834
0.04669099963411605 0.7474021366371104
0.4995641660151591 0.2228155028307992
0.6830765655397206 0.7591260261735779
0.9122717196241454 0.14164987942116292
0.884508271849739 0.07305506781100624
0.848834025321189 0.8645592380819342
0.043005021006465194 0.9861583791015409
0.5710585426147414 0.2658157882967893
0.28350690493608943 0.8694962879967991
0.10039742354964742 0.6294975570470218
0.4623411209854711 0.48101555687413167
0.9668303560389453 0.4014167037593124
0.5425887041705333 0.9495189625951481
0.9371917703650896 0.5121183888061924
0.37236644500164107 0.62305910012756
0.9399939907075567 0.7863789500642702
0.7436254665172455 0.13283112799707553
0.8046628332715373 0.05357818714658302
0.12796683942865417 0.5996593474219256
0.2213522955550551 0.4724249052424403
0.7947105428617136 0.7605315781082893
0.17566241800650362 0.30627752960745136
0.04974620640097793 0.8455501370751943
0.3173903719666742 0.2952525607495411
0.650831918638203 0.7428180970404645
0.05040144879647679 0.25944916069584734
0.2646560738301993 0.43450716896433894
0.6527041386606223 0.6531632941403827
0.8543280682595875 0.006115155518527704
0.5666810902926447 0.9009165720901078
0.7433886211437999 0.7036010378278539
0.25321601356400625 0.40726560504258247
0.5010613337064072 0.5921371973025913
0.7037329677709432 0.13548569137037303
0.921061322861825 0.44506989142454656
0.46268468504455607 0.4703099366131036
0.9802905997877029 0.6194308337200658
0.7006896568919416 0.1773952136606216
0.6606339802103152 0.19525855939676107
0.9225065412819988 0.8975035866857983
0.4300367889072516 0.18730619704619245
0.8448462739366602 0.08083702928621705
0.7495991231795007 0.5782607635249364
0.01677333904514189 0.9774272886130331
0.19137002693895178 0.7307944039364491
0.7613481803550846 0.1770067403480149
0.05935075988307603 0.4996617506780223
0.06494954358820904 0.9094566409507157
0.4894961561203952 0.029798287513548072
0.7136781771124798 0.7146505032348145
0.5319181587148771 0.4363921643777513
0.403996036115164 0.2928073296574809
0.02079625442293631 0.1653080603959569
0.5581530429569928 0.49547565862076826
0.5781788375084818 0.9365632584102566
0.8729913845996258 0.23973729536064048
0.6066392455021696 0.3846455415669332
0.0827170111668103 0.06244476420016509
0.518839199236544 0.548595638826882
0.681999148789318 0.7217413794640086
0.18344738349281164 0.7920540840983255
0.1822746030148903 0.1854995085060951
0.34980841067822577 0.8745662941278554
0.3239375862219285 0.29101842789628707
0.8987191859711123 0.579016752793823
0.4855429420863573 0.13250531901451046
0.46410606214492 0.8171222264052471
0.4038865745018221 0.5316806664303184
0.6996883521169035 0.08943431955434722
0.515472207211894 0.23494721576733535
0.7940746646603389 0.370200511760028
0.9705223055558312 0.8930794035263321
0.9509983663813544 0.28043497443807985
0.6600138928780626 0.2837538012760539
0.3388613070524633 0.08881543210696763
0.809334513135662 0.6037225605231067
0.5399023983279176 0.3168862929076206
0.6722456882178318 0.7287489672438803
0.06397943124558103 0.5770919074841212
0.06567419570401856 0.20226404023466626
0.1141804177253003 0.9454178912309179
0.6030192235757637 0.8408166079265764
0.5884274540266852 0.2305155316600529
0.2608963798774786 0.7578320842111077
0.5882974078120136 0.19206630462113727
0.2351709541180389 0.6708208675283478
0.8256613476485044 0.21594582586780264
0.08654732177491153 0.7493249806156164
0.6184046460481811 0.4178341890515256
0.6970551462080308 0.2798239495626651
0.8300383506980242 0.3567244908026521
0.16653126177555388 0.2960893534758551
0.05555644390564862 0.47529545688312647
0.9885281380757578 0.4504627912378598
0.15342768055259293 0.7869127193509402
0.7142704865486313 0.29483707787547986
0.6788584353437828 0.14452397794516236
0.6987987527467467 0.693400806158001
0.576861999946982 0.8564431024179355
0.1695771272760762 0.9416477118452664
0.03450234453331169 0.4655290827284755
0.48760022565149486 0.635681680452886
0.9516096809689136 0.5703139970938425
0.4951541237049457 0.7937981852880052
0.7157325443720213 0.9368344805686148
0.31073839991920305 0.3757988692494574
0.060100087815590175 0.9291548110624488
0.020896966546249507 0.6975258470598447
0.9262376581314415 0.9481758638048376
0.16339308017320442 0.0036536906472173225
0.8442927620468765 0.308405316767002
0.280202877666867 0.4255674956124207
0.8845356562177726 0.33792862176825267
0.15718309473366898 0.7740091861734688
0.6179639581530394 0.8278185343492257
0.3729139258138032 0.3416011725307593
0.4763612927206935 0.8458570333683944
0.3722325485913418 0.6987650181606975
0.6915941533748271 0.13475648515897376
0.7859033147909977 0.08652394607554692
0.588126838587999 0.7606015787455287
0.3605572034028808 0.6273696869942416
0.8374069196909586 0.47826819307467416
0.3500763535632483 0.9281960939696603
0.7792018839552153 0.49271884144723677
0.3623025388348933 0.7561265561990633
0.8367699770552397 0.7387171419641143
0.9773328083157351 0.4805821217636943
0.02515623144379031 0.5179466728411037
0.6823499025777837 0.4588957974833996
0.8529139664342329 0.156234451381841
0.18720740089580845 0.6446898161264831
0.62647240342218 0.6064289829817566
0.6793506739053492 0.8569118627131329
0.9310860823076477 0.7581144077368833
0.3142638566171161 0.7146281461776023
0.4972968138877505 0.3481811208065244
0.5086484512135514 0.6587895220060374
0.4517196515661914 0.7998260126890446
0.7877213665306062 0.277819945817531
0.14750431589374213 0.3418336174570291
0.9768519381738303 0.9333715758544436
0.4891269408752168 0.538073382545488
0.9712216798669759 0.43939521896151534
0.2755825441729365 0.1611740373197117
0.2381487449166244 0.458292969467923
0.7633072643693313 0.8839633990100424
0.4321964047882365 0.5523823421283374
0.9184063540682272 0.9215834908272813
0.7849668394311771 0.5031484882582822
0.6781838047520126 0.7536139147045249
0.6885439587015523 0.14829448036562054
0.6620481150384481 0.7900477769811278
0.8926428323414684 0.2944946313144212
0.8863521625833577 0.7703913094492865
0.4479909452433919 0.5037439269052659
0.4783447517340562 0.71938370292817
0.9371917475736358 0.46666298011741936
0.8906860270473067 0.6366466431746483
0.36418814784858045 0.1451839515608504
0.23491331389251857 0.6152801967264816
