10 5 100 3
1176 962 1194 748 898 933 1125 974 1198 1020
895 1139 731 1088 972 962 711 1178 1179 1061
1165 1100 1208 1123 1224 870 799 774 1100 1191
754 1154 920 1081 779 934 1209 1171 1099 885
966 879 1226 1058 753 975 1103 1170 1216 1152
799 979 732 886 732 1193 980 1205 903 819
892 781 1034 1068 761 1060 957 1224 965 922
1225 1190 1115 883 869 1223 999 1211 1202 870
825 1097 1152 1037 729 1001 1031 1211 1167 759
749 768 864 1198 936 1125 766 732 1130 862
9 5
7 9
8 8
2 7
4 8
0.37481143020221186 0.31297380753853543 0.7048688401571145 0.7441853229177913 0.446664020382859
0.8954626771086582 0.7705031060283265 0.347726412572027 0.3193441190582788 0.2762194006511062
0.6115243005047746 0.5943334446678338 0.3292770988876382 0.5153176489538067 0.34296707535767235
0.3648029919081059 0.4570824415563265 0.440640702356552 0.719611170393148 0.16629560558441103
0.028923269287486786 0.74532553935951
0.7767361120687812 0.11506785828128563
0.9326617548511109 0.6030418869867538
0.16676400143310155 0.4850250044131179
0.903453111186219 0.7218407520354848
0.48962710328464576 0.5389362581755734
0.265782881449951 0.733074759494381
0.09423065560175337 0.37571044017347877
0.572890815008493 0.6210865494935216
0.28005606463129085 0.2054423706126689
0.8357174298926902 0.14615511418183513
0.6181358859265866 0.12931614879354703
0.7632492068333749 0.35388638344040557
0.2357525653913357 0.6257814094007794
0.09911374352505731 0.7355855004257634
0.5430914435768934 0.1785827024327804
0.5239359096148668 0.45417681428870194
0.4394223375713191 0.3676323947788478
0.16304697163755888 0.22940370803922705
0.4278219739679856 0.6859899622377776
0.3514093003203498 0.9745169758217578
0.3635247874376468 0.5482390571972053
0.9491787135204786 0.7984395721720443
0.14544700638872965 0.5561119642251786
0.06816825868605547 0.08996492679084866
0.6154793859348604 0.2560154543911688
0.6775758635395219 0.3266097944962445
0.8701737663809423 0.9086678613510213
0.484172131706492 0.8158506551098308
0.769984284649015 0.016048528812253826
0.2751967547218108 0.9595656523280176
0.8815217954650167 0.9447414664971401
0.2954330350660732 0.5497363627779708
0.42750055529482234 0.11550921325002772
0.8740825131768404 0.3982960441495005
0.02279705109727881 0.29107039139800395
0.20370730399986714 0.7736228942553081
0.3635709832050136 0.3636333059037613
0.3680452769353295 0.1726883422894563
0.6412724408302601 0.4168499546527882
0.3796479457645232 0.12461912712731782
0.013421419313063954 0.2159997768455133
0.480087274638904 0.2805706529549368
0.6958599802005088 0.8388366926984088
0.6648634336525681 0.7288013168298448
0.2517203544412958 0.2950207269879379
0.025070919692161242 0.8398604607883358
0.9465314647631804 0.47548346387460083
0.07337924257398365 0.7036711168731455
0.1421424371779676 0.0340986928095206
0.2653912668453249 0.30509603973549204
0.24905518425715711 0.7230748843531261
0.9594015575809671 0.9540545767448074
0.1362601944372719 0.7442304513934099
0.07232010134290401 0.791214173764011
0.6850486103463966 0.6792015107511278
0.9441372601865812 0.7424740738023643
0.7312367316257224 0.6198732745004345
0.16124785851692502 0.5332379998774905
0.3248394916373307 0.3437562381089305
0.9453851911322533 0.30208384901393437
0.9660040720808223 0.750418485522484
0.25705265046087367 0.6333656051333709
0.8535021089665116 0.299723482467823
0.3550582629285408 0.522778843723549
0.05216974657014295 0.3130817912121491
0.13984596348395772 0.06283152535360403
0.45566788576922224 0.12144785892499921
0.352156210908676 0.8931834246235091
0.4715082865947111 0.03313042286757195
0.29338744111185466 0.9489819197516036
0.6538384124587113 0.7626286464285283
0.29298867058032285 0.6501440074705502
0.512840378507303 0.5741482597579091
0.839869376961474 0.6550620343935003
0.6129567906946005 0.3977295735808506
0.5214996955642901 0.12857910889890567
0.2317209513032139 0.20972534044716462
0.19620046707140304 0.05745063970471431
0.887299155818702 0.963879529098199
0.06001488759119522 0.6688460877017446
0.9292304165382606 0.5957822952548275
0.474628166381303 0.9389096811169646
0.5379499771198313 0.4719121819112273
0.21656025069281326 0.5113008868581763
0.7645237919753392 0.29593521667952927
0.7036852232210158 0.796335748752115
0.14470950866166343 0.9554144028440159
0.24513720808151684 0.5503893353106251
0.797400923992267 0.17784716057594907
0.9432222955717897 0.8679591813471341
0.45659649228789356 0.7610337591259202
0.7736954764510404 0.33716526984685524
0.9001950012094939 0.7924117845528129
0.05545751520186637 0.49164275802913604
0.5737723225694169 0.20103856601932124
0.7881749695545153 0.48747216965100315
0.28858862158389864 0.8282018210780258
0.9024182962294076 0.054013248680528925
0.5796083238591474 0.5472901808582618
0.8504383030819145 0.5439405382346338
0.3874499185580136 0.4169063694258224
0.20156956646870205 0.7575654598081487
0.298507891193855 0.24058816000611616
0.4145295701956435 0.6948519779411779
0.11696125370247068 0.5129997728480049
0.578370133080039 0.07829329671228269
0.2886215262111238 0.6602124228614961
0.24067459027757998 0.3560286890608684
0.39483543412066546 0.5240689111898311
0.18822420062061673 0.43333908393874543
0.5251827699544991 0.15446286881684013
0.15016599826845867 0.16538132468377453
0.7294626789649139 0.4241995784887411
0.5263684507344988 0.4216421217744968
0.45939276758468983 0.10517663510746122
0.49164311863040067 0.36759502135758737
0.9307794569821379 0.2208174605323847
0.21074208286901808 0.9416844680214513
0.09731874408883523 0.28248856051919424
0.14171336872357965 0.059768700019599885
0.057145333179971614 0.3741403421568379
0.5618460514616379 0.05374651600636304
0.4665642154794063 0.9437892999380395
0.024887848126063927 0.17995311887718057
0.9641720218098333 0.36474375644664225
0.8426581180756121 0.08437584514089003
0.3775498741858996 0.33181794666863507
0.14103921011579956 0.882257256299096
0.037337973831115256 0.39678648997286525
0.39154496874590605 0.15809088736666288
0.3316843495343289 0.8750869430925186
0.9120205402876176 0.4529325273682496
0.9298527974768609 0.43080640808280135
0.9783762214789442 0.5686733917192317
0.5585776213232894 0.060294165250784015
0.9919807569159433 0.3643233187503985
0.3161225183736329 0.5558556528906493
0.40256350346260894 0.6935490343021218
0.7028571482379655 0.6652663719067797
0.45778452630584665 0.6945745147556408
0.19293704063605666 0.05717329402634075
0.05056736434254505 0.5987831760471343
0.47360978428998557 0.6667683774730353
0.8733149075995914 0.10967472029854597
0.36766991315784736 0.5579573385523502
0.9936736239143333 0.6173030499385843
0.6018158873597088 0.8135257076625735
0.8263531394087458 0.9579032802071641
0.3698646702756725 0.6286353466384913
0.8605413784741756 0.43960461248350047
0.07287926718608917 0.8832660716459348
0.896712656617755 0.5814836265391063
0.002355442070908209 0.7237564029081724
0.4770281418241715 0.7751464190041573
0.04626221430761501 0.4255080311840287
0.7744367076262269 0.7354942660397292
0.6605842364773886 0.8389641179775962
0.31559383210496583 0.09563825556738004
0.6110162341205658 0.40342819578032496
0.13476120723967622 0.8410330545559206
0.22226097820909851 0.883341662843873
0.038614762433468286 0.7238499580341351
0.26466505786573413 0.008611807313685382
0.3749604195683145 0.32771075533298055
0.3142850331392719 0.9373371522441851
0.5520965038819932 0.26050354686968147
0.8707769776861096 0.2768871908050312
0.005116425406037628 0.4636072238817426
0.1409065156575735 0.15710202866073097
0.9161575285366979 0.66758406655876
0.9776509567430445 0.2554147101687283
0.803945084250588 0.47590120246805623
0.09520834690323765 0.5088362773708057
0.8192864240166773 0.44869103087844286
0.3259798986775162 0.4925316840522609
0.39594383812484724 0.8429212341863308
0.786258556325155 0.31000251767608633
0.14971174117542674 0.08049558229923992
0.26697704236401676 0.9882817469859686
0.7339163547925716 0.09777511787690907
0.4236619151058483 0.11921028672568124
0.8100689171063271 0.5498946241903282
0.7349237811307827 0.012877352544714116
0.7772673654930615 0.38056186609927045
0.9830355735106597 0.43846670355547257
0.58599481306953 0.11815161852772293
0.9484173719243705 0.5617965847377229
0.04544161260380286 0.28791133288496695
0.19589162871626775 0.4685910378615561
0.9884537344810653 0.808862364944519
0.6416836340647731 0.1909135565215736
0.08399704610694081 0.9013382209198861
0.018827982443182067 0.7059732523552424
0.43450925305175003 0.5583911859497879
0.7343924732687415 0.9282818689849994
0.6717541450959938 0.7554005269971824
0.3571618942841055 0.14172906902731763
0.40392473771819914 0.3976488999996919
0.996977804701145 0.9366862451259128
0.6373621975450976 0.6861281084836099
0.14642868588663283 0.4338627507728581
0.0879592113180041 0.19982268580624707
0.8214421651677017 0.6164055320327237
0.48616971495190286 0.8575367510166911
0.38402952306946214 0.8021116993288626
0.4313265124576118 0.8683987905208534
0.8465782792384349 0.7441687373013635
0.505397036181096 0.5827888162190695
0.9877241980492677 0.5402812981987937
0.5396663888318542 0.7316890398998979
0.6144458354501876 0.8349099202617796
0.9107222162123705 0.42808396742180377
0.42077447596627704 0.07999855580267656
0.32790670681152934 0.882747500040473
0.7966757156343809 0.7239787762770487
0.2105497199612718 0.26344167058074186
0.4448707849871212 0.8037876322428956
0.14570873671295792 0.6913522190168624
0.8680124266501237 0.4477168202116302
0.8940196237152827 0.5380398078962303
0.4770222630203782 0.1015841671008586
0.79129549562416 0.1733944890173602
0.5567696819929677 0.1651413026807309
0.6572886885791718 0.6789565508481687
0.17035159516652976 0.5480281368766888
0.0608080796880468 0.3086033086342379
0.7169470451007458 0.7715755781343865
0.37978083471708657 0.2894187142788298
0.8368903984368474 0.5712354225186014
0.6342977067924642 0.5419899317229686
0.0641612280065087 0.08893785933396581
0.25443240696850977 0.14457390714809426
0.026535177489569906 0.9471967997107633
0.870420803685414 0.2597167316089257
0.48864070200101417 0.9686561378722838
0.5578832688635025 0.8287141486723206
0.6943049186674874 0.9424459101847211
0.23982155179470022 0.5966979805220929
0.1076270695857342 0.9802783583819348
0.20176449197151092 0.9019276710599933
0.8494980549584772 0.10528162643474337
0.5713844272971509 0.08750635100811865
0.8861274543273918 0.9622879169664398
0.3038709423326438 0.5991015817694119
0.37009558341638016 0.7563230687002109
0.9595869285397303 0.1176169280951389
0.05434283750348379 0.536271523130432
0.9825153664708903 0.8691594034337693
0.1649301803550829 0.15040690337884022
0.09460001121734196 0.17113770766290837
0.3691815957661875 0.1931604206090589
0.004736863775500533 0.48572107203691073
0.19827924690650134 0.9013284638922565
0.02226366861875695 0.2846377412118164
0.7250981991362437 0.9185753136879173
0.42163688084255035 0.8316654051812082
0.48262376849005784 0.3793860501626005
0.030997841235062662 0.9174150040354292
0.10479693207282659 0.05950354772941924
0.009426517319333305 0.1576428741997371
0.2372538383982632 0.6742985398882861
0.17492773322011534 0.2835787223555051
0.7766677502700767 0.6838288323175428
0.742111126473094 0.7156717021554959
0.011852778022303445 0.8483433300741761
0.5096948054175505 0.6730175316581173
0.9354683000924942 0.9313472870819222
0.8663588499492245 0.2486306204178228
0.47376424226898517 0.16485005531812114
0.2242632416352761 0.513488965930315
0.7639750643796985 0.4808369875921563
0.789243570024837 0.010091107549225153
0.6269108836861099 0.5059274824858191
0.021874291959635972 0.8672151333361484
0.7637679271832147 0.2951921716826371
0.8981835453392335 0.6628775501183983
0.772745050797097 0.5272892583931315
0.8900187239287767 0.41790759448585546
0.11856554089112259 0.38748645203188903
0.42443913404001754 0.07434957129033681
0.8066897956201666 0.7703927325069517
0.562588918939618 0.21319772461312692
0.2528101845488653 0.5521751952747338
0.5767736865167206 0.8737388544166833
0.6139396416962737 0.43053321493228447
0.5939999145502624 0.8658886423116137
0.281881416702517 0.08990924839845515
0.10137270253459496 0.18123205151792976
0.9001381575673466 0.2408304944071198
0.6099754913085134 0.7401906936453209
0.5297289550023849 0.5203365970232245
0.019977681629219868 0.8276309497701664
0.9940904900788585 0.5725145078743488
0.8980726391498022 0.1877162581571883
0.11881956858250309 0.28108070719433376
0.7445544707802234 0.03428566963754398
0.9074238171590319 0.44930238147163504
0.71285081422701 0.6901068212876704
0.2517461947552744 0.9842343700291019
0.5998397913484996 0.4190371781112201
0.22455135788181257 0.6017614107525677
0.9532138616534878 0.603878145909386
0.5980566016958253 0.7552544759535751
0.6655362904329898 0.03739360297160643
0.9456192225211499 0.28552479660858165
0.7533250255461963 0.637114571345055
0.4013217421129114 0.0402519752524928
0.4078317472734825 0.2692403908516545
0.7442098156909416 0.22575759507087323
0.22696723462643575 0.35364506382826133
0.15329653154182954 0.2411595456761051
0.493924244603166 0.043162290131009806
0.34718541267061465 0.6986973433114043
0.9725350849994627 0.7323212835217616
0.4646520484320371 0.34393673120127777
0.6864671920867076 0.32908304539820166
0.7896835874884729 0.04363181763113255
0.35757227861718044 0.9902453876262556
0.5417885912287577 0.1230809310883283
0.8516858839037691 0.8098036757097329
0.8542466299668603 0.6761739314865258
0.18773454876286277 0.26165383294311595
0.49839419667040885 0.6557262411013727
0.29790262999993544 0.7649262366062226
0.49085270487898813 0.4612711992457992
0.4187348669420894 0.4320515751399865
0.4601468024673425 0.25246411138043046
0.14329477208886066 0.9398851908557024
0.027004240350167352 0.1740470863011363
0.8540606964765147 0.36235622178849236
0.2230235650860093 0.0934845017994288
0.04164632567311255 0.11810208241576414
0.5833411297617732 0.10089355500595065
0.6342903863412075 0.5905820810620221
0.36682191763477023 0.35219184434690964
0.9427488311218182 0.4585936526837153
0.7997026911860114 0.6371147472151795
0.5821271103965344 0.0020077714422790383
0.07628089464320231 0.29494241882784933
0.7401916398078932 0.648539223103644
0.7557106913838436 0.6931741064499293
0.023559269184409537 0.4701640869936856
0.7443730857356865 0.4921147816770901
0.12917425649935765 0.3363893840256571
0.9873733979588915 0.06318172253693555
0.2748214095142656 0.4922458153589242
0.9699438749874838 0.47707747020506197
0.5807841020082798 0.4480095964062283
0.5225547477959944 0.1958593741624599
0.4577197945930711 0.03335426991754553
0.4293559501160722 0.43695965945973936
0.33475367347364404 0.27565677679879896
0.2487813564661181 0.23951386328813284
0.21260453716173577 0.5497393343832175
0.8281487574224609 0.6318859808806758
0.9673410603139156 0.1451308394946249
0.623091285927849 0.8005391210850161
0.5287513464757689 0.6730925500865754
0.12142853675915921 0.14347427305023874
0.5679995671358506 0.3195002715612101
0.3521296905987217 0.7179016083237406
0.22299239752115207 0.48132773645775595
0.9541225203758785 0.09062923008538148
0.7681358562643623 0.6465411519491413
0.6257510390543137 0.6900030148997025
0.7514772361142166 0.5042969174224416
0.05949316396818127 0.20337109697869393
0.03496899910960005 0.7802008323740859
0.8711786170559783 0.674041185871946
0.05995052510252874 0.8449830878929392
0.2523591678584045 0.35911167922710874
0.27039434826674724 0.5906382827505405
0.6676996338030436 0.15045627627922564
0.37580201947060954 0.019929992112833306
0.7009045517018133 0.723514381351879
0.9004616721476046 0.2770518084324225
0.4565845330231031 0.6384174012650166
0.3404595767158509 0.3543435607402532
0.23101220223780206 0.04923705025248215
0.8813456158190358 0.18571364537719837
0.0737210706309206 0.06392587841767905
0.9386648181517296 0.9735392014629636
0.513367279425315 0.5961172886500021
0.8685404713190243 0.781393854732116
0.5709856348591631 0.35360909870999446
0.3729639098583797 0.9794656198163825
0.6996678823832607 0.7899434818493529
0.4888496236006161 0.14798836722171216
0.5510516849973688 0.9691114435164929
0.11829787769762401 0.8015357645571275
0.18838026434978672 0.45290299275064116
0.051344309940501986 0.46733801404929
0.02892753137162818 0.6034333193974959
0.9339294027582687 0.8639826816389513
0.8653460864312221 0.5573465259767443
0.003556113608911282 0.9449316092102138
0.8053073880846064 0.765289365771507
0.00641406673346534 0.7146211301996586
0.2019083142542737 0.3597323271457036
