10 8 100 4
333 920 569 588 968 897 791 262 675 297
285 325 339 500 1897 266 534 708 251 506
1096 252 484 1507 1806 1954 372 505 493 758
696 1091 1643 1356 1298 1225 1199 745 721 852
551 1738 1390 1530 1913 1519 1802 1899 451 942
1801 1672 1315 1731 1836 1838 1926 2045 1674 378
744 1403 1754 1493 1578 1257 1567 1476 663 816
246 544 1497 1322 1252 1231 1493 378 1015 955
281 643 967 1574 1600 1221 1030 539 573 291
552 740 518 874 1253 286 387 1091 366 615
2 0
4 7
7 4
9 4
7 6
1 8
9 9
6 5
0.9762954134486876 0.8140218101105512 0.6886401246869613 0.3049883821240476 0.34983367115313674
0.3664623400591971 0.5682442988486405 0.513494087526065 0.9759012888295027 0.3681711354195476
0.518759748848728 0.5047544783443125 0.610993629996581 0.9900747833817296 0.3995452817225743
0.7804937546645425 0.9709680789555704 0.8559927311348923 0.9100281451786414 0.37918834111462363
0.38672427695022144 0.7526506744411072 0.7700390724909687 0.6267183489067818 0.1051718000566365
0.7922453418737659 0.4846845763585717 0.6714288899332969 0.9422279617598075 0.1877815826099387
0.6846212058492342 0.968387358405645 0.3070530615933412 0.5306222268996746 0.424532120186916
0.46246599321496795 0.47182480897862167
0.135536500796138 0.34900637899201037
0.7687771280114426 0.0054015804868239314
0.835766015980046 0.3040665060171386
0.401119713180913 0.6503494113927439
0.11662966187223556 0.44082693234711323
0.32084485845826927 0.6714016768430491
0.9296811513338945 0.14990537487913036
0.03885542818687093 0.38438363299151024
0.6710228930266828 0.24066391269896892
0.857497709059956 0.8198475064422148
0.2900741129633917 0.49878428006515496
0.29931271577538854 0.7256879103378011
0.6649474082800217 0.43285214520828674
0.1181825166251631 0.8399516102375415
0.4486005094065535 0.7969186769894636
0.7667117341735261 0.08873497583193868
0.9606912934866965 0.4148153232332721
0.7086011586455276 0.2098137364852679
0.20895071862230186 0.2950789509296676
0.7240551271255826 0.21250732972230968
0.81233070586451 0.025796870582192266
0.6963642827471155 0.8612623190820885
0.852793464349977 0.838512031301182
0.98327097845413 0.14535669957396702
0.3951766703219364 0.2859444352257592
0.5824622667563923 0.5688433523925542
0.3053946520753823 0.7482786382250113
0.29241422390196004 0.15008749522289144
0.7163423786174106 0.20610767381936035
0.007396087586022171 0.642599010886685
0.10302889697694129 0.24334941432829638
0.13531363694791643 0.1938265638347374
0.8324567309047157 0.4676196580310341
0.09438370800676288 0.6706666073311764
0.7574819099458545 0.9264492416167589
0.3734910982810373 0.4972395447716096
0.4498361543005138 0.21939838073314455
0.019152784213093632 0.6103754873441134
0.3525766166226445 0.8859053589372781
0.6477628519378342 0.04648329690247044
0.7458211028478485 0.5018250187703968
0.7917387077071039 0.952366645281163
0.08166636867472854 0.1954223677191569
0.6653093230953522 0.08827766968521034
0.28079667972169386 0.3682202421605971
0.5897164403429989 0.7914731085533981
0.5001543080587045 0.7493332099410464
0.2319225817183821 0.5889728245758523
0.17107817110686807 0.11744195909367972
0.5637924844876006 0.9971156049629768
0.3417575296636066 0.40418196661378847
0.8214505886332282 0.1251675913557242
0.5913004753461717 0.19429936244548918
0.7368124538039815 0.14736736752547674
0.13035003897061603 0.551881361186255
0.34474347258908433 0.012421820634390679
0.3018683589687041 0.9197920035492504
0.9161932542525153 0.23274296855858845
0.6289862900098879 0.876707055300459
0.658401918277693 0.21534610863517645
0.865042826033775 0.20420555857507838
0.7793221242339874 0.6037648385772112
0.8973787486127138 0.9765605103645445
0.235273148014286 0.0443814677467087
0.994938323897143 0.6975228218200757
0.31699304786316174 0.34956209929235205
0.12612127173562904 0.8739586732709665
0.21624935817587665 0.715460498138051
0.8656951729404656 0.12280307855899442
0.3028019540480722 0.187154379676985
0.6575980791042919 0.34379564011922037
0.4191688433191212 0.15022533113450653
0.6278188731147123 0.9743596367212783
0.3771155938174391 0.5559660099708008
0.007461094429858761 0.5640875121758382
0.6611655305838289 0.24391573883206474
0.06702534594141207 0.5030157267324982
0.028748930347963997 0.2869778912653822
0.47062139113983226 0.7769009012274071
0.6211903795252285 0.8443739247532451
0.07384418960751526 0.7144696552132923
0.9240045300430082 0.3733363272078192
0.39728505074789777 0.64180280421298
0.4353902534629319 0.7017719801952504
0.07900518932879685 0.8002006161264421
0.5696228982044194 0.11162971928997334
0.23734877947268385 0.37832110003559327
0.7098871126132547 0.6270565315891508
0.3623790882246929 0.2062401824630855
0.9344367920310703 0.3351618242669674
0.9909362841210054 0.9888890248396363
0.14684171366558774 0.7618209662968323
0.24164913748087957 0.18440502170305195
0.8421099172938189 0.6000459810319188
0.08862602198089053 0.6988185658428256
0.2826054440895971 0.816951709417929
0.7967733308320191 0.05196758957785419
0.7885871029606579 0.6409877475053225
0.6893442105216034 0.2630667131574731
0.7972301910426443 0.785345554948295
0.6103756283143187 0.7090357854039793
0.92815471575959 0.1384754549538849
0.5031874955089506 0.4642817780236377
0.9719422517065179 0.14384890106825265
0.3659830194198652 0.15193453839110416
0.5503412915536237 0.531720138238515
0.25255904404764684 0.013125435384257367
0.8472892123478291 0.40314499536256054
0.2445521360806422 0.2843820372443886
0.9015914784677879 0.1344513617208134
0.9053539638227763 0.8133863834068662
0.29573313332818274 0.9586990463761935
0.39935947690527906 0.2549068764468232
0.8350382814398725 0.4333360171779801
0.7199631720578501 0.4574245632172622
0.9015993831239035 0.6362689660064107
0.07690893518594599 0.1058750175000478
0.6872849884814385 0.2448314947243344
0.730648155891122 0.7680527278613509
0.23357038056342594 0.09861956024977525
0.5367798796154526 0.3344274871470527
0.7343324018032868 0.05052042226692266
0.8397169802721369 0.20923008852469316
0.4503769567303013 0.9755323883979585
0.9688459600586905 0.3158830307448741
0.6371366115680723 0.697343376719705
0.0514043594413951 0.30144083706446745
0.6810892095162826 0.052833003419471725
0.4687083048403087 0.013167818512921148
0.44255328919601156 0.24699956720391492
0.888096351542867 0.01539752493076052
0.22363556017234343 0.04484207877270241
0.9958226225092286 0.4351374111149069
0.1910821640888929 0.9656912545929912
0.8361603030966258 0.9919753236419389
0.8283296090551568 0.2862954041100936
0.1881036467047701 0.14332058074078935
0.25931312472178236 0.9202470307162443
0.8797560322445048 0.4622042426642998
0.10707429344126274 0.4367948965112205
0.39563437311259664 0.2928444771856782
0.3221315459288825 0.5184300188178081
0.9384432110656753 0.29677470290109165
0.6361647265078729 0.15681487669442684
0.644883424124786 0.9258572194913566
0.301862226197124 0.9204302770016368
0.8654261330153012 0.2674592758083838
0.4654059383814846 0.3747267442075075
0.28365597226694694 0.7121273563656363
0.043794010746377676 0.5841583815887497
0.5042522695064693 0.69131511701705
0.15235822146097933 0.234746889357611
0.47046275220518874 0.9683632958140995
0.8320443702953904 0.342321401476964
0.953198440068227 0.05596597805649561
0.2083421625597559 0.23646820448468153
0.008506326742804271 0.653278660839081
0.7272458213494686 0.5282679431074766
0.632033329527093 0.9719070636137155
0.8115003740088786 0.7110768611086757
0.06753871844035242 0.32948527069274247
0.7124523848129594 0.11123113260599604
0.018359899948509062 0.8492820881813476
0.28169392717663877 0.11332655398032832
0.6958267655715662 0.6088827689619349
0.7263779613407033 0.7739902190515853
0.6667156918636252 0.8190205366109211
0.3905808681520846 0.22269275919093445
0.4631849843100919 0.35021108589921823
0.7217446984373963 0.271746539701069
0.048873164397065905 0.6243268836778493
0.7287254475646074 0.9850033786177455
0.5773390537660046 0.9788333925605537
0.4955279157048178 0.9428330525639816
0.35951818355271414 0.6479523087756727
0.9781252817284329 0.771458155990159
0.02984951408754588 0.8719353072566018
0.5210183080407556 0.5657441164416612
0.4771220584975233 0.5729894140466096
0.19839269522038006 0.41269610671136125
0.7016901586953577 0.11136540276461981
0.13514446457161222 0.7738310842444889
0.22233393307966698 0.7306112931721631
0.8351573203129519 0.313207030143388
0.575862711554574 0.011922555257459999
0.6392075158191266 0.7374231857250446
0.40651240869908145 0.05919109277046286
0.5437914878941825 0.4990371446478419
0.7527938040594182 0.8306791839118326
0.054311087283734905 0.7138090304297557
0.5756694245504312 0.5333384277079556
0.7994996879879612 0.5817405069225021
0.8264228873267065 0.030811436908405376
0.6991781632341743 0.7455910978290612
0.9253672078101081 0.8410045785280797
0.05462005992745844 0.38062031936682894
0.7315616677843899 0.6079375576236801
0.4839600710978027 0.25139537969538384
0.8524639811313988 0.33603926067058554
0.43491362374340525 0.44627347761095093
0.7999718453338451 0.7149573120427435
0.011407054169935149 0.4155127912237402
0.3229507621319143 0.6794326042420891
0.6693422428746969 0.9462095059038218
0.6818534944045709 0.4938122326024721
0.8020277117869836 0.31387456295985183
0.22249578749474486 0.2248140129001941
0.5506192409960315 0.5813914068327293
0.03185726398282562 0.05907470817824967
0.19436546495953522 0.22862722832090232
0.1804091506589618 0.16072370151911386
0.3921879287407899 0.819535751419348
0.7124692129296206 0.08533844477271568
0.04544922288596598 0.3423806227333164
0.4438572314362006 0.46725266538898014
0.9955204603355159 0.09207758200868787
0.11615442942303389 0.015325999267489232
0.5773798441177207 0.8343721603381025
0.13718529796531054 0.7412163366294469
0.07721121988020241 0.0010231147827339804
0.7017620775048126 0.6476448668452923
0.17688200418941924 0.6859823876981899
0.8133317301095442 0.3593164264092208
0.6247552546049009 0.7524212137408506
0.8164613314957627 0.2392224878718474
0.33873852850535613 0.6793438211850793
0.06787853225886309 0.48886890599000843
0.787581888265074 0.0004515878124764505
0.24033659007978403 0.6018186960478538
0.5692586210048998 0.3156124048525051
0.71660254381435 0.2594257120678951
0.36454148649046725 0.8477409132451599
0.3300776933172582 0.26993943361656325
0.740772352197751 0.82038252654915
0.13043716365016222 0.027765566711364098
0.16009057599559284 0.8036491485840391
0.8700578917491812 0.5026531275312862
0.5598698242525835 0.1824176596935425
0.7157086373592805 0.1630839882079813
0.1272764330084888 0.33567250895114187
0.09700676683372977 0.5039273813273255
0.5151517844940097 0.8232155365281322
0.694617194863695 0.41197726239306043
0.8651119448341773 0.7187555953526756
0.8752663768527429 0.4144820023831117
0.447972136633662 0.03199944666612842
0.049820975372268705 0.9309259600380491
0.6963217125285985 0.9430312173007411
0.5729203656843209 0.5771984488849988
0.051105363516711355 0.6490709567616717
0.10403958208983544 0.16763608335594893
0.08981344720798856 0.5088479420763923
0.9678353637889883 0.8144649043650847
0.9893097228968206 0.7279597737509569
0.29354954037597336 0.10876682666792914
0.5535043550354297 0.9889574652251532
0.46810016062918436 0.4788515493593355
0.6093693951639467 0.7466050407744806
0.020343068787705754 0.4655200209944632
0.5758918728462399 0.7626245095872066
0.317248987629569 0.9979337856198236
0.5217599920999747 0.37518851078601645
0.15733005306685532 0.34383974417861785
0.49485447900225354 0.3429793494472593
0.9757588179876695 0.5668257295238408
0.29450060128484634 0.18573037484899735
0.20007450337256372 0.6431164167103864
0.915767108620229 0.6820503387005266
0.30408017471534343 0.537261604502282
0.0001568437247885246 0.6294957091740971
0.6257556543219116 0.7189208202477189
0.4623101730072343 0.9895340802902644
0.1450111766929738 0.5510231086600454
0.6662892067433446 0.1838207523109514
0.13607560282677578 0.9056878664924379
0.8069516600275515 0.5028314301503412
0.26833318977039733 0.9521768607095387
0.20270854206916922 0.15038913393847952
0.135224218039115 0.6621311270967896
0.9002723385181333 0.14472430319929175
0.23576006935418747 0.48690054717318776
0.720082239761908 0.5566660177709772
0.7145001616514575 0.792042840955455
0.830308802537032 0.6875720739573552
0.2022043683088155 0.7377091295400375
0.9394990993255894 0.1504440645269547
0.5833626894402604 0.08610782403559392
0.3660926211663247 0.4676271537409804
0.20603577377459148 0.9924186862733564
0.39645293811384064 0.9598464980324168
0.6107323009957648 0.0016386245843087455
0.9292764251581453 0.2579737277592842
0.10577739174468137 0.6403653412637136
0.8600578188187178 0.6040639215883747
0.09617530033323951 0.1289374141007591
0.45175840385377564 0.989771634874911
0.6751434562168905 0.21810835209437274
0.022541247863261837 0.8087417077994694
0.11438635526575114 0.7050975402545245
0.8057797364684758 0.30682996283991426
0.4220883929707582 0.34274511135591834
0.8631154304700137 0.21893133358473849
0.020123199615390108 0.3282065513778134
0.9145755583889874 0.7274808482337247
0.027881968034089155 0.3171980280611344
0.04982801097395306 0.0469318795985223
0.09889354176507825 0.7338120971945443
0.08905972484506997 0.9292825216706304
0.7025641079106446 0.14166995534211368
0.545169355243031 0.6896426646004088
0.9453511493675479 0.425091376764289
0.1725283162952831 0.18940674928820256
0.764679992269985 0.07117388219512666
0.02337617567900052 0.7252537072775656
0.3259967109198454 0.7137082390411538
0.3199654311924731 0.8355708407749984
0.2952550384149575 0.9215017311205251
0.2015982408519339 0.021447240390104483
0.7622961150512051 0.8125222434732251
0.8099492875698153 0.5936002347187468
0.9772166607777071 0.9261813512956456
0.6093195517117573 0.623131107029266
0.1373675802124954 0.5830479209037294
0.9879374084242298 0.9639768504348394
0.27927323541543503 0.7034159666365136
0.756749182182036 0.1818092875815367
0.4004066246693916 0.521083331037518
0.8125369831148277 0.3894529697042197
0.20937279344611803 0.37700456469607446
0.9469864867732383 0.6310214955498894
0.4146874861487082 0.20673299647075605
0.8099855868773471 0.3653882635121304
0.5663628678411243 0.986711462294457
0.5988729252020337 0.7597196961683181
0.5199974864278316 0.4283026710579405
0.9828447056147418 0.5032413792177237
0.8528420220232924 0.9048640533144461
0.6604578108794701 0.8659788153536467
0.4071981260028841 0.29422083775948193
0.4195302015246669 0.09323725480256129
0.2649767268293606 0.011689488284965854
0.6916422273649687 0.591091816725104
0.9576927596828084 0.9853387375432185
0.12030402501018944 0.25713569631547495
0.22853979584754835 0.5897878000392274
0.7708536309185383 0.4192616087411156
0.8211669502422767 0.8492457451081619
0.8238664615312863 0.34908061654148814
0.14478021717620693 0.06769467071036472
0.4217063176069036 0.7128475104672154
0.6650872435716686 0.5053775214355472
0.263667819616604 0.8989470255488308
0.9462477525934736 0.2488448215245862
0.04042199725404494 0.3404686452871375
0.29837259928952964 0.6851764703896923
0.08251062364019468 0.9000864547546912
0.48910374662126754 0.1708063619613971
0.3490490947493532 0.3269916716170085
0.25192375845665516 0.12482998321902539
0.4420816097342961 0.7507446036376255
0.9650582209061453 0.4252438085056429
0.11768132487500504 0.9940365947186705
0.8011334109219099 0.022849817772953696
0.5643725201879939 0.22072924247705883
0.9116727322912497 0.7616565440450527
0.1303560306209377 0.12173137721975436
0.7358795446255735 0.046101493990980735
0.3653439544861401 0.8187710102724037
0.20489536634648098 0.09285081267559958
0.2605528457277402 0.41902056394575204
0.5209719633340442 0.6400331754418986
0.31781809977315145 0.7200735865835985
0.4936593715400819 0.2682863687241477
0.47197510827250233 0.8527103639777072
0.23464395381203063 0.6918979181801912
0.45721695477423907 0.26304473548422247
0.14751638500233843 0.5846516216059623
0.12858829060109422 0.03691979509248733
0.4064907443222743 0.3399962792740967
0.9049596804866207 0.8259999648825436
0.20763601082016736 0.18996653080238857
0.5976105686786712 0.9533404756591202
0.8914558568032402 0.07697293944853967
0.6837141412858945 0.5842862090056358
0.4319852018610666 0.8209714544454438
0.16478909105530937 0.6438537083986828
0.7526500003651171 0.9363059459035183
0.950427200892447 0.05145670044180184
0.08756916093331202 0.15981427316938057
0.4907350779912254 0.3956908928987102
0.17692601345863967 0.12534423663195815
0.8222867965036529 0.4954529608143412
0.5166914397702822 0.5866640241169638
0.3158609316385732 0.5375061515857198
0.9975333851308139 0.7285436510483683
0.3276839501019648 0.4092627801416042
0.6723317916669576 0.7532062835045799
0.026611708714794124 0.8473002763509734
0.5879479042476363 0.8028214759528283
0.5428679994393695 0.3807005342850278
0.6743961088616648 0.679389401383881
0.23719987679088717 0.21996705749600953
0.927413609525451 0.45691144239055137
0.9636628568698551 0.07577653430774633
0.9221440804898939 0.7716377885860721
0.9356912562191748 0.48814461419121
0.8737699183996921 0.5673051724233633
0.5035163385796062 0.7610997717407095
0.7642627166605489 0.09407106846573199
0.09242111062380931 0.17356937560699848
0.7113051168466946 0.0865296634847248
0.09417345550139866 0.39780772273194986
0.7185266768014371 0.25546553319424326
0.5390806079902879 0.0117925518683768
0.05627821405379585 0.792817441757371
0.5390157723276423 0.673379967329649
0.8300250986564202 0.7694650173739834
0.8051425051364187 0.19477020017707258
0.12172129215328642 0.011477587911659759
0.39983202116791916 0.41520682301789225
0.5467292670735735 0.08553505796533867
0.3529277430403348 0.07562681007177363
0.812540399516323 0.05958054950753855
0.385014344969417 0.7687679537270338
0.4909151447215401 0.9924359979478612
0.4836217393615374 0.726908349574803
0.9436451287680734 0.13272579754247005
0.5131303998934877 0.23345593727205394
0.5866541154648384 0.16605739741530923
0.7715714417088524 0.5902540210958809
0.6631697985835232 0.24289058319993062
0.23079769653875393 0.38005497281753886
0.8218709962086619 0.32700879254163584
0.2867045469064389 0.633031944858184
0.6467677463587278 0.10112173105291422
0.19938955716579576 0.5520672097370587
0.8027168750754037 0.11667860580246203
0.7260603491110889 0.5839126711476563
0.45425657820274945 0.14731740667234305
0.9705605894747842 0.9556900198168474
0.31819229359672563 0.1471074398098231
0.08978247826471142 0.3289833616626321
0.032518390196813796 0.6437831488489656
0.5081090637077121 0.8819011531640146
0.2920378161217021 0.7091572660531513
0.7830420982603221 0.7700712899089497
0.04269458536450643 0.030026162335950568
0.733969248170738 0.8576624013160892
0.7733986763675964 0.9028917445977513
0.0037966874163100073 0.20617459778676173
0.7160988223745564 0.8712778823879441
0.7719172002494246 0.615640172751003
0.06011556959352271 0.6022483750202985
0.0023381649516796 0.9213541251993793
0.7307482587847438 0.2877238965363389
0.7965877050227679 0.8361632172757127
0.8505560947853665 0.5676650282699971
0.9767280566885748 0.04250362473263558
0.8372603415929785 0.008993209894909704
0.5223341048089001 0.7833398103981668
0.9813908411648586 0.3752417026611916
0.09057808997902073 0.4622522594138516
0.3579324890724207 0.9239381355252321
0.7435977050455309 0.4323073733266465
0.5599705652441738 0.45734525563299044
0.8799251854088748 0.3615842808301568
0.4866624331048166 0.882902464517606
0.746522857537979 0.08336173536566638
0.46635520483282566 0.4196379647607351
0.78587205463835 0.5925100816536624
0.6551842764803606 0.7426764179184788
0.23719112289376842 0.7470176408862548
0.013269997468434713 0.983362506879423
0.677397568017768 0.9508424541465545
0.3131576047384572 0.561681248719025
0.6615909852797517 0.9179363882866094
0.2545329199869566 0.7838763589897344
0.7354943437913004 0.9006519793849064
0.11939527816853546 0.9368048924123522
0.6681929471727048 0.7427938141640749
0.5005592811481325 0.8147585683959271
0.18287171534267976 0.514122259102394
0.6689594721395391 0.7402787712274783
0.5266827395922586 0.502320186198995
0.8453697832937617 0.5522347370703005
0.5097814495926412 0.23723953583254054
0.3622725613425628 0.6103662597948689
0.58824215542412 0.46477569827951326
0.4190863413187287 0.8902785346984641
0.8226924585194073 0.5323454317715464
0.5174139588092199 0.3364992826821378
0.3349203134580174 0.059549297006872726
0.7662231418513652 0.9981500560867802
0.8488281654359702 0.3672558370961123
0.5242740985425725 0.31579535364321365
0.6069329606454685 0.19519604037145566
0.6667380276756874 0.5804817363268924
0.28655225783481497 0.4221447663021227
0.7246663473039892 0.7614574584183973
0.25057473730630275 0.6957372546319172
0.19178433841003217 0.17448941054588807
0.5364892774798904 0.5013685714786431
0.26327381139166217 0.016869276853501702
0.8144353499703911 0.5461202992015419
0.5568777532646547 0.6370197035142795
0.9473570067815524 0.9833622230385752
0.743856112204883 0.5316117491302146
0.4324517120205582 0.45710600952516045
0.3338158040653354 0.692179720219287
0.9870577960323039 0.6583915370256317
0.6831379944281666 0.704512394761627
0.05143915031274582 0.6837484687771487
0.20080884843268043 0.019642414229278815
0.20693947928948275 0.545958957666121
0.2827021365965523 0.8873891058430214
0.24040920875341731 0.6230047928974412
0.13210949699987973 0.7652189762114163
0.7775815155438612 0.9735209987596751
0.9008557416110385 0.6859944000696425
0.5656395723837437 0.46457533616123126
0.008178671963617656 0.7030825296317424
0.9226310951228465 0.3537727282875367
0.027043536841474758 0.007433732000890814
0.48062538187236137 0.668071969712339
0.41974880388483893 0.17189954370249172
0.6441267004313802 0.7455263757967294
0.48661218879128065 0.6416171883175812
0.049381369413057596 0.499200401462893
0.032682428780307804 0.11382809909195912
0.7748230002550931 0.531133530425391
0.9850843083459284 0.06045219449483308
0.8944040421879773 0.7710473390741164
0.12551061015228626 0.3876327227985852
0.8068259250362317 0.07177167929275585
0.5201977755343961 0.9057820036825122
0.12234807295852801 0.8146704085175493
0.6726420925204724 0.8799948791974528
0.7081783208406938 0.12586943588515886
0.6394534948910291 0.3038782157451274
0.2561209549922767 0.7280403030572047
0.883069932527683 0.04731145556500205
0.9772026933770122 0.9133845739089475
0.5129387020411897 0.9131274903920452
0.09748188466979313 0.07553923335762436
0.2860441211027598 0.6814044866047109
0.5707319178391637 0.025255716147251306
0.5247324413445666 0.994789883626094
0.7463937896388206 0.05556969007363932
0.8944505455961134 0.03136562964806133
0.7438909190971446 0.4149657072469255
0.2382214197921504 0.37296093221127524
0.6642100899945478 0.19045894333136082
0.27455426395929816 0.5220869745323564
0.8703557928749817 0.8523650019592408
0.47923864845920705 0.25161316832684055
0.03394479643211401 0.23192975912782554
0.8330380360276124 0.7530764180300946
0.5832090493304674 0.7370532151840616
0.7700146624775219 0.7655773047000878
0.7537756565656604 0.8099685014137736
0.6819047549463333 0.7691813332527189
0.642255854345023 0.3641625728207116
0.7937679113558789 0.8952901550146297
0.9113986010545456 0.8672847273799584
0.5891214234483182 0.126097669994351
0.23898324394043757 0.6013160392109052
0.6644057256269551 0.17748640720518205
0.7172874396438247 0.8621494407716779
0.3473137010926315 0.4148438403523491
0.7865118638386468 0.903519453826112
0.7429850095306012 0.1732213538170193
0.9124326060452195 0.9326181030777592
0.1405994433983393 0.21667400399245174
0.20434738143842646 0.3965516285435773
0.2864384294290585 0.3690706484599726
0.4333549978170417 0.879636419139399
0.6896386535245786 0.40432636487533613
0.03270661390437679 0.5721350142786328
0.5340760250357759 0.02005006561739986
0.7879490478873152 0.35127100483033824
0.6980001462282426 0.1639508920002466
0.27977571061563045 0.1328244442144495
0.07216788899697013 0.7404141240630149
0.44109285228806105 0.8894163737992096
0.668191592527452 0.5963562779306102
0.14253664444427194 0.06585226244020315
0.7530016891935325 0.8558805069719055
0.8009300638030445 0.354703669771006
0.020854148586521903 0.45432815032390583
0.1633871115377421 0.30324981463751244
0.9926444566744064 0.23943773916701394
0.7730652168345189 0.9240411654094616
0.12932877830217215 0.5331256247266194
0.2649595423460258 0.539301125498032
0.8546491653540302 0.0728609106191398
0.18523570508717246 0.9125336016263959
0.34204127518998106 0.1506737496017092
0.3508777114018946 0.3119258496578372
0.8855775180958783 0.18973469711311064
0.14675432706268388 0.9808776624119877
0.3820137030777917 0.3862602428595512
0.153486484458645 0.7207818271572299
0.9016404532763085 0.22342529472927963
0.7636201984203055 0.6995869816531539
0.1436814438199825 0.01468472552669553
0.21766068911104286 0.18918656336407635
0.5285750418671651 0.1582864025790358
0.9012166719912884 0.4133794136332718
0.024870160270874297 0.06565595147749748
0.37313351056164246 0.9855807663650307
0.7181755655258868 0.056581106174594886
0.3357329137276519 0.3102848929019999
0.8358404121808753 0.873717383158723
0.5124678085493446 0.18294263513288223
0.38833067956211664 0.9666204548881023
0.6092033907192669 0.6025058889698998
0.7027029436635461 0.4073152356042886
0.28332295300204424 0.6129581255990217
0.55175550246895 0.5305325695400511
0.054144893061147226 0.8214899604287744
0.10470540545825235 0.9733631865291468
0.4662652645901204 0.4003662498089593
0.049381302425205664 0.668220188817225
0.9726241833754685 0.45138169657278193
0.05317109929943675 0.9141161296983529
0.5427545883018758 0.04976311255688559
0.11303052791335966 0.8885894272495796
0.2933076558370715 0.6308450794948133
0.9879956073440486 0.7742825005444958
0.964666397387369 0.05519323368369844
0.7575629411767373 0.713854324307722
0.6464236532268381 0.8962136290450538
0.008497588523057376 0.31319000670463826
0.9572438415908235 0.8534534030872447
0.7185166348140373 0.7962909936721803
0.9112015581345478 0.45837266331243987
0.7804982573982255 0.5943532792779578
0.7397047353380553 0.3369919381578659
0.38466796666200187 0.05813816334541966
0.8857243690069889 0.7025859861298975
0.7443201082036295 0.8627781096640521
0.6258333798080802 0.6634394895408833
0.890056848274724 0.005996445028366049
0.9912796810717635 0.8469308636567172
0.6677481928752478 0.48946048923214946
0.24812233439480158 0.5029743191321856
0.08123772583176736 0.39669318601406256
0.9012677132883851 0.7230325007947958
0.4196884607382054 0.05737415833349924
0.07807910558362519 0.34193653636507615
0.3341365945528383 0.11538324920838328
0.9615886331882413 0.8428951223146941
0.2451355779440827 0.32331032690524064
0.8276740382248948 0.9280057600609206
0.7790979589760072 0.4654245959720431
0.05868124425170107 0.7582629712107736
0.041710657951615104 0.989953939886046
0.08785527750761712 0.2981517057746659
0.27612958648975017 0.1873455206610115
0.6054143012964557 0.5329994021272493
0.23577739476794402 0.48151656549587707
0.8608940100157021 0.9732497349171716
0.18782776759615794 0.3902155758715815
0.1933765957099216 0.5099709413323819
0.0576461716954646 0.00477119100886636
0.6592925022721368 0.43238070654800853
0.14995417455103222 0.9129527275189686
0.1404536521327966 0.41953639695265554
0.25685575220081036 0.10686450007683224
0.909929286088129 0.32822298382958204
0.2943791577943238 0.6551771794029009
0.46221843831476983 0.09925188988326905
0.6660452079351957 0.517744404724467
0.8724891969892816 0.8572267048170856
0.6869683682777066 0.4507467073343103
0.9362313104795503 0.7116240174446358
0.1991044096933825 0.8463587541665041
0.49512562204485966 0.9458191773947138
0.319591990485671 0.38873384057680926
0.3404330210368358 0.8216618327358765
0.8609599860253172 0.3179731911769126
0.6826383530649232 0.46332392139227396
0.22106684184093384 0.9847254046962552
0.4478809562281494 0.2644335317447033
0.24640989806311753 0.565539411485037
0.839880931813314 0.5282758241853314
0.43329546216855785 0.06892251866705013
0.4439316552119055 0.8216883826629979
0.05546593656784293 0.3835052641424941
0.49027919035224343 0.9430506595266523
0.9255856502688105 0.9056413836021713
0.2335968202148433 0.127069793485314
0.08790139645705697 0.833397355484268
0.7173702684223264 0.443232146339013
0.7557877155233799 0.2813760791016273
0.4818484203829858 0.7395690189153781
0.3358797538880247 0.9699924790547818
0.6965134248926168 0.5560928732164054
0.12261480705855843 0.23662250978510757
