10 7 100 5
640 1118 697 1029 1085 902 713 673 1206 591
618 1067 951 618 554 584 1268 810 636 1095
578 778 638 924 863 959 796 1081 646 961
656 998 550 851 655 741 675 686 1051 716
905 549 886 1246 1103 938 666 716 798 919
562 655 957 905 1201 800 905 858 1403 1007
781 718 1160 1321 881 1401 1393 1002 905 901
665 826 1343 1321 1706 925 1184 1063 1219 1254
668 1295 1542 1417 1951 1603 1354 1093 1278 1442
1116 806 1690 1582 1830 1036 1405 1464 1380 1442
9 8
7 5
3 9
5 9
9 2
0 7
5 6
0.9216347310287951 0.4834343294853226 0.6665324497567235 0.6365175861236045 0.19874255135495897
0.6568477002143553 0.5357297735200977 0.9939140576281109 0.698067516414948 0.2164049787096964
0.9955504613955783 0.3110471904037741 0.43151632338678775 0.9803524600707183 0.11378002063600406
0.46631741069990484 0.3898844005941413 0.7782876792597595 0.8487391824009414 0.15471721786775394
0.9375092473512505 0.5710392995749829 0.49862276402881944 0.3573418106999072 0.4208257755442689
0.3506994044625152 0.5463718109357507 0.6860418968955324 0.3987406926613052 0.26685620074294847
0.27098131262908387 0.09084609870027394
0.12276644662238057 0.15297791167249253
0.9967695758666197 0.3851955083363783
0.3728034336179278 0.8094812988303861
0.7233929165886381 0.31457041772489536
0.6282198684358098 0.23958053624458464
0.7394680822046775 0.5909891364400222
0.576286159539158 0.08287069862344465
0.6762360116119253 0.6028389076121412
0.18555367084759955 0.5900145340392577
0.4866678802410507 0.4098011156281225
0.1982386910291387 0.514847135499769
0.04860803379537071 0.9399061191034477
0.6214584275997812 0.5202025792938116
0.058941221926440246 0.6324589654278128
0.6206964082845288 0.09334048308416798
0.8756068617530843 0.06552351150332902
0.4130394590992448 0.47949481458225485
0.27853321042241785 0.36795976384124707
0.23206474523748888 0.46921360885621444
0.08640893117837867 0.8867654673143133
0.1925332183295858 0.7573514817831746
0.876454647615118 0.6093545287733162
0.27215452479776614 0.6409242111995701
0.31009661869860494 0.24812794077345512
0.0327592593330015 0.21316440973176976
0.6865929205290255 0.9917193757932179
0.37798337712690055 0.37965900132898245
0.15913874823434515 0.5905530870632607
0.0304572238022911 0.25293416013658465
0.32504081665183127 0.638231523778048
0.5932661427571335 0.31977492358875237
0.8399298350098077 0.9617572519003328
0.6418119352510707 0.37915442110357844
0.5333375849578899 0.4641428728387329
0.19172533747321618 0.9228457221144819
0.6431278713131714 0.7660198917054439
0.9920156271983469 0.850882361095473
0.2316685000445895 0.2840097254089782
0.8874584399842951 0.5206455730150281
0.5965379247488016 0.9046552923251816
0.7429104864957219 0.534136024295726
0.5924425006680196 0.3053530716476829
0.7677949089711604 0.3183487737134545
0.20159689168221728 0.974155512374985
0.6572532727623335 0.16337426380022935
0.11197275601722345 0.5841246525419677
0.9636198449301532 0.9789887532511052
0.10052958717692584 0.7378446918960246
0.9403039144929146 0.5283233260601583
0.33752418289108665 0.2585652210502445
0.020600438598044946 0.6730013100767747
0.00043182355340953826 0.12610158673327376
0.19705876269056954 0.7691473063340046
0.26636144069119205 0.4839047718080802
0.04604004002661455 0.23075063933444473
0.7813767260926123 0.5890064285979979
0.29618361986071484 0.9323680738369544
0.9876461454032266 0.5926218247106252
0.6962811847000927 0.6213172931742383
0.2450618178215036 0.9146885987521982
0.25379089771508956 0.923362927813342
0.23637858523123212 0.07863027938006262
0.2528331485683881 0.20242427183817302
0.17766205254603884 0.5416016128704848
0.3758612753612345 0.4123681655750877
0.5302290150366598 0.4224156279627749
0.5897965452454967 0.7175121272027603
0.33587865883965984 0.7776133458863146
0.6502631684271432 0.3534946980784843
0.6512780692621896 0.11887886247933199
0.27649848266710064 0.41178942003042507
0.05578200443303438 0.7861185654176777
0.26171907913393966 0.8278073256160896
0.6592624011224459 0.6233301368457915
0.330254064501984 0.180046121807099
0.5815215744564401 0.473871949025221
0.2812505116486943 0.5699087152793085
0.6994181491395557 0.15363973877743442
0.8171466898226416 0.5481577283928807
0.8248056364450052 0.9084621642526809
0.18384977487628418 0.18379899928231302
0.46160793016690005 0.1841214848934647
0.9727882956492273 0.36338187120449494
0.01656442654960122 0.9042552183899712
0.056834077846071196 0.6358775315366023
0.25047752991507366 0.003852856966448437
0.1989803631021203 0.5000479052645626
0.32389165171948964 0.8006106676455957
0.7537226338698515 0.9633625190125239
0.7772915334940595 0.5940703970227159
0.09884058829321618 0.15734645458662144
0.7655956755555042 0.48312505572103537
0.6853849415550497 0.7367470158303018
0.2935322708470005 0.44901009392217195
0.6271075437358558 0.40146618950300783
0.08874518995917913 0.8231973690073251
0.4380932611931956 0.8036387556463318
0.5042802271494469 0.5097543803228055
0.9158865481102003 0.961920199042233
0.7459355988738561 0.7728472481193003
0.03580760063656174 0.4596652732332236
0.6363884262446269 0.3241549622820983
0.1439278870012053 0.6806249326423846
0.6091225672024394 0.34852802309582365
0.16753863810410374 0.9391793125191314
0.260780026257053 0.7862824865090532
0.812095367661636 0.025273887393927774
0.6923762755660525 0.34410193487121465
0.008642485543959522 0.21081648388091723
0.20689787543681315 0.2719946465184466
0.9621298203682371 0.6224581015989321
0.8248761145805352 0.7678680137279028
0.19353499808925534 0.9309447091492737
0.7567142016860091 0.8255299435258838
0.9614481997171616 0.8168868698731406
0.6928099093268076 0.12083242631272983
0.25631803908768824 0.4766381225759446
0.6935083864782481 0.28674226494346433
0.8423372476286204 0.4219993156365396
0.5722414403891789 0.19305667434758966
0.46007809299042735 0.10139326460727172
0.8494381239497364 0.23495362584678547
0.13316501122091795 0.6078542984679636
0.27259251275729546 0.03527018820236405
0.39261166329890473 0.9580472167047911
0.9684083813032247 0.9754161266065333
0.05107810246232458 0.8268585146847061
0.5028777293657818 0.397389728025775
0.3364729404570479 0.6458436057142878
0.05880841954260729 0.9071823720353451
0.9963993586065103 0.37566621615020934
0.30278037152690884 0.4647350368880063
0.8064675153464951 0.7874730461409483
0.6696136816986415 0.739848659655806
0.9020564163564195 0.7822568923103128
0.9256977042592731 0.979738980079581
0.7879119871561044 0.04664257552290563
0.6545666531096637 0.8938414142425826
0.06641191866513174 0.30973352048648684
0.018295236588508734 0.25393005419246895
0.28723447717154227 0.2135169857121979
0.45754855105365655 0.6383244204188034
0.44010818984805655 0.6782648309280506
0.33206749986503836 0.8811668555258219
0.6619166888414609 0.20339750617943997
0.4019613360028407 0.5908607698094681
0.4511596905419779 0.20240677285876463
0.31827588078958313 0.9774475041160975
0.8481573394998514 0.7897863233859568
0.556859643482218 0.7716848177220186
0.2105321885697755 0.5450346882497785
0.8442788815438398 0.8531839278031053
0.5550818401732547 0.7366175796404282
0.9576686391905131 0.9046636989036843
0.46192391018709533 0.3827041177889374
0.8543705508523216 0.5723631695336018
0.1118077817226697 0.49934995349973876
0.18646018777912854 0.6089127272258525
0.43576730954138565 0.1997204316515142
0.8384629168708289 0.8607948189096237
0.5172009947271894 0.6617057679589988
0.2924878020977595 0.6863823205598163
0.8548052849819823 0.5080449138061702
0.43302152808620087 0.5803063559286905
0.28834312935798145 0.47498589180133033
0.9601761605613142 0.15750096428090843
0.9356752315396424 0.2706082471074531
0.7142347048049034 0.9799843850842203
0.4042687700350731 0.021423994556259318
0.40543615308550796 0.8351915042458131
0.7311635336377207 0.8381073078882744
0.43944316999678357 0.6783923023033493
0.4710772029894168 0.38848038228306203
0.9379700832823497 0.37624345244473956
0.91605814634603 0.19682056937176173
0.46149402179174337 0.6138581573390822
0.25759497958122646 0.3864894416104492
0.32467184841257346 0.6528636132705159
0.9433457102259561 0.7663333657122684
0.23358046528850251 0.6265697077193855
0.50190866489334 0.8798783823632454
0.1696429129101229 0.03883554364262953
0.9101750984821806 0.6338804485958045
0.6805195271620141 0.42984071612411
0.8340164208386198 0.8425825470413031
0.052982532027431084 0.13505988553140424
0.5674763673669996 0.6895224236918724
0.867838441344003 0.8668088487339871
0.5693268337862054 0.5040374586675485
0.26699647479101407 0.14530118179331675
0.7161826945171483 0.04168864170129227
0.5449908860903938 0.3024320627650694
0.6498089890363525 0.15486222218674572
0.9020465425167461 0.5308388111603304
0.1352937984688669 0.33652608383677607
0.572128352174311 0.6249050721601739
0.5896574926355149 0.5312220154449621
0.14362596530339178 0.4010370642542236
0.8856126077599253 0.44305524867097645
0.6265678208199212 0.4712977540796681
0.35893278868116685 0.9542273756767801
0.32409708653795466 0.3188979092391879
0.646799492822179 0.07857160806812424
0.4069863261246567 0.20769917509671187
0.24792552225619247 0.6619074686888258
0.012212841490362836 0.40786805135988646
0.8242157853738392 0.3948183569845143
0.3016410042487214 0.5083011456872104
0.5151357673446038 0.365066672641434
0.8256161103853188 0.12426068211007157
0.371516581478895 0.8365275246789465
0.0871320286760433 0.5432937211056561
0.8373405891221515 0.8026538236776006
0.8440400726622506 0.41951770879060235
0.8596232957061647 0.49122114889936586
0.16489039331536626 0.6263214821642371
0.6057332791968546 0.3548406687361081
0.8639915617381715 0.16986070353736138
0.1518369385764562 0.7668183254805583
0.7775692861631598 0.178396677373444
0.4167196796275978 0.5994181482678798
0.9298633975704298 0.7969584044786806
0.09686618418239878 0.23330523312650087
0.8747291388085103 0.015030535523310018
0.6461580250608505 0.8205988609266746
0.12633672244315286 0.8622528501869999
0.3828593352187384 0.7779844707548569
0.5117908243986486 0.31864047331929424
0.47853449723621977 0.23230577491045357
0.296018903653112 0.14113952653287987
0.7620071330107732 0.3169409340412779
0.7500849883707472 0.2390824403521623
0.6198514430260191 0.3253617757532732
0.6136689499201284 0.08106426803692268
0.874503342573435 0.8904950037660524
0.15032031032783877 0.9445669079074006
0.49371879153269504 0.5332189912226246
0.06735614350049701 0.853243771170676
0.9797301823024034 0.8750032942931794
0.5603425019983264 0.9252869267756814
0.503033283539301 0.10168561463412207
0.6659464658948919 0.7526174623775952
0.8082369896422643 0.7750795035703439
0.07910871950194309 0.007420061880998086
0.23117409090960117 0.16008312706940653
0.34345748930166886 0.6250029656924356
0.1859610344366569 0.6799230732120574
0.1670288232445325 0.19956698215461244
0.05741989988598184 0.4906076810204709
0.25114367726689246 0.3958953601200308
0.8707213442081743 0.12585237069225252
0.8051825232895176 0.9551331129962619
0.14846963768145405 0.8920357234230827
0.4701558720272607 0.8520349569181618
0.468975230520547 0.17594766141999774
0.6432342169762002 0.28103115593344263
0.09095151766811815 0.17869599350216991
0.9763575411108965 0.5025792049717379
0.7841322540725058 0.7236481279867899
0.47087333666634623 0.5149945840049981
0.5883952360989071 0.4375775756532716
0.12971822821142798 0.11465980258383035
0.989706318284715 0.7073551878406563
0.31847488534025614 0.8674018076142616
0.8809978840962625 0.080392249851992
0.7944353753041056 0.3934366317613722
0.9760159633078129 0.19844615225690276
0.259890753566524 0.29446193508485874
0.5302332278391162 0.8519815897873562
0.19965192969011158 0.07132822722436893
0.02133023153124869 0.6918188673807435
0.5001245821553577 0.42896454213704915
0.8185521035532017 0.7667084551787813
0.8841738782047817 0.5182420809219794
0.11523402384149772 0.49965080363684433
0.5695157714814847 0.8518241621039777
0.4657742252572441 0.14104384775029621
0.30191791685865677 0.08213542746205116
0.49725496837705974 0.4465363129186528
0.7796177981618246 0.5017178660149999
0.7135988048204966 0.36325086547636265
0.1515053667806845 0.2828966026620652
0.8444266224798469 0.9898125655563048
0.8739225950488378 0.8297747696647875
0.8290910166639558 0.9113255017130995
0.9487193557306566 0.04764545276522081
0.6081551984894977 0.860786248894365
0.7062622464588129 0.6376607417309565
0.7863966847947474 0.19123883858693724
0.041250279298934434 0.10575822849637428
0.5597067700454217 0.9182443997967664
0.1609791786704271 0.2961188435048985
0.8799931957992218 0.3922904017079283
0.9588099621607873 0.7875910818958534
0.3181102563603302 0.4328830301137421
0.9345135839843941 0.8187780686569097
0.6106584985536663 0.714998214905433
0.4681072718613275 0.5919911831967006
0.03509556168078021 0.5286847677053224
0.16931252384727102 0.09782395430814272
0.3085099633504398 0.956460696525266
0.9185751769125488 0.3308616845687311
0.8514084516486835 0.05401134752458847
0.9703789887936038 0.08570414069699406
0.048823521347684196 0.7418510069522155
0.39685537815306926 0.9773135731610256
0.876988889311823 0.8340684729030405
0.3203449858063496 0.9730386964819826
0.6162413009782166 0.8722549053190607
0.2507914274401444 0.2612223430765821
0.31134230080510417 0.1531575203667599
0.24459599674780796 0.5479014108605822
0.639332431563435 0.6147202710137223
0.16426653930090884 0.9941744013159681
0.8470894734130658 0.8535564215181939
0.5986112277318831 0.48255306262973385
0.3956437073146555 0.4183860156380299
0.8328849599851416 0.3290016235199711
0.37126604573672073 0.48267245885737875
0.27507590034075635 0.10828861576758908
0.4278638309708349 0.691331528411935
0.9871208577660542 0.9211407082066125
0.2742409193350861 0.11838066087051025
0.4151397256278584 0.9881496348714609
0.5271715562504504 0.7203660857687242
0.05102359874540707 0.35261018566573643
0.5713557431214096 0.38778266698580355
0.08051739124564872 0.035782957677134464
0.1143367436191165 0.5249909753912587
0.5072773968342081 0.28318442289697
0.9642538683973287 0.6443474581171202
0.36663467202040856 0.3959813732440467
0.8190183377675972 0.9901004527378112
0.4395296128863766 0.2382073115129102
0.3081680998161025 0.062211792572704816
0.1404346664224292 0.2107055105651816
0.10971678811192698 0.8909519495714275
0.712197961945789 0.059238662769805384
0.2317726911470137 0.07133708818072826
0.31516265094599394 0.3870145219775931
0.2521103256922339 0.5818335679056248
0.7941232524246673 0.00255074881833095
0.2349250810932455 0.8422036661191243
0.11391674202102786 0.2638662842757138
0.48083392598141006 0.3487679739802989
0.8827604920607475 0.8272706208771772
0.17650400309928593 0.1847985788177724
0.0274077519735354 0.6546111164129507
0.39928604555860825 0.821261573017102
0.7113632920296853 0.7163435253462296
0.05739727837945807 0.023852229943439385
0.6010506158843592 0.39296784140213115
0.4851471899419886 0.5444204699053681
0.7703193610005259 0.5823054541425099
0.7664300524105294 0.7807002161005856
0.08168401564431971 0.19633612629812602
0.9044434372817163 0.6821267615498219
0.031881532328454476 0.8967125929047215
0.8902787656472841 0.6638099908554356
0.4938989265879854 0.9062153257641197
0.5006895274803913 0.6583954123898046
0.8283347080495855 0.6578440042927374
0.3049088161934992 0.035319308407101735
0.6159576371766169 0.14944032636479654
0.06961470336559383 0.6274254022249508
0.2617284749368878 0.0791282962965556
0.011133972448194696 0.0464654853053994
0.8743859608995419 0.8971444760105416
0.8570861606312723 0.01018707319732326
0.5496305209702566 0.27518076451378026
0.1779488019257054 0.5935610110964451
0.21196313790459587 0.7713303353107097
0.8876064164243358 0.10113738697883101
0.5655857322743643 0.055403881488870876
0.8506476880203024 0.36134396646965294
0.4786344569794103 0.25325232443612355
0.10188060448258773 0.8196029438040513
0.5188803519123577 0.46040091305861175
0.8004161900207549 0.9900541612275913
0.6811295623223494 0.18974861919050157
0.344376407059219 0.19798810187858673
0.4263991592187075 0.5648689252939056
0.09958014380788516 0.9676334226376873
0.5037639078952489 0.19076614333977826
0.8302652364206533 0.9329056071429815
0.4812560819884546 0.08418436325408196
0.3667428414286016 0.33109062606053485
0.47525380462372646 0.5082055552682101
0.08514512095015214 0.5547782323731238
0.0938246967416847 0.4513926480447832
0.5830916868163605 0.7853402436819468
0.3055514595588451 0.15947507025833674
0.9713305434056891 0.22122677928008883
0.8840001928928771 0.17732324044736147
0.9403707151089897 0.8830949005919158
0.5620991626930594 0.9786773629419041
0.832257369029012 0.8499518255297096
0.08507261457290372 0.728915140024113
0.6803880246507883 0.23305310142370517
0.32638697667098304 0.9361738114302918
0.02076256918174768 0.6271409554461442
0.35258832827029907 0.6938169673030734
0.39743270672031406 0.3187873804204555
0.2439742008886856 0.9353061834639829
0.9383075505556528 0.24578019967016185
0.03492712347012916 0.6588167946867902
0.7090356323030902 0.5299808853474994
0.5363652240956136 0.17852039077152737
0.9655282175726474 0.5101308974951582
0.1361363479343647 0.1388571253532953
0.26069413021831633 0.7605800487993366
0.6629807492329207 0.7143469738199164
0.6860776944606886 0.898374226618627
0.552484740391159 0.4589945174194887
0.7839336512014055 0.13118310759570329
0.3589535545673397 0.11811175445177513
0.2853659479329471 0.7280484499802986
0.4295600288671704 0.30422362245862167
0.6206211077005934 0.9446357970914725
0.6634930943800479 0.6780407013468845
0.29580022011949336 0.3478752450579956
0.4557558153948442 0.21348287793018983
0.944079090116384 0.8385670428151346
0.07717160477469753 0.8184634548947658
0.15282270608805115 0.0499423784581674
0.6185096706040656 0.03864146758244824
0.45064240869833583 0.11880060202142562
0.4485949092923365 0.4433965832562836
0.9567762333799177 0.7388539208872846
0.1060407083344761 0.647148730463847
0.04244611123687303 0.7864131923751954
0.985309317496839 0.2751371372735625
0.8538529195391908 0.32139129870608274
0.6933957570935245 0.17525154984051672
0.04073655339914839 0.005336831998876912
0.049217855278048006 0.3571344768802227
0.09419702559743848 0.6111739647204424
0.6056634862822738 0.8760068472322395
0.5274786667667077 0.745462406763072
0.33526174451805146 0.5959386212811459
0.5207935834786961 0.4390068234201414
0.12676877441518575 0.7020064533838464
0.9676125694776305 0.9515983801327326
0.7014241180947827 0.9488318700030378
0.8323263374047729 0.9247943391889215
0.1553402065389844 0.029048091688590905
0.11103767993231739 0.5823730379531045
0.019646738160291388 0.387562142137547
0.7903139526333398 0.775612345663689
0.3397228283455367 0.6671791449585076
0.5367493752910373 0.8711927865163411
0.359461946894968 0.5369944285988877
0.8957509742106069 0.8924700106634145
0.8083695398076689 0.08671279962575618
0.9587995283974287 0.9704754571525409
0.8616004317815444 0.8482687358526588
0.02220311533590036 0.021070449930337798
0.3901402955079549 0.5509868391948973
0.9884905210708825 0.06549119531873804
0.8891780684740931 0.04747348608262847
0.9681792538664427 0.2241829800405586
0.36708274229765125 0.9178943082703088
0.08966547946689318 0.017796406644898122
0.17062753911514927 0.3264206990800844
0.6853057824175579 0.576109454516627
0.973308899428746 0.1540887756758551
0.9649798651339334 0.5585185780073694
0.4483149763968164 0.05000118996878644
0.8650938255079077 0.09935866414062855
0.7939510451017051 0.41199229244285296
0.9265417827659128 0.8839997939039728
0.5700110110440606 0.44871807257221485
0.981531406107756 0.6568385591945753
0.9266843569350907 0.4862971812983099
0.6408769591361283 0.7215372748829465
0.5604190441288195 0.659075366157611
0.7960632146482498 0.10236859364417827
0.4535955830926883 0.373428363170476
0.6305361722592544 0.24798139352717152
0.007276025577491074 0.7579826234153517
0.6920164702006075 0.8576100726117253
0.05910654582757657 0.4473991214485802
0.8044659084998116 0.12045663912491134
0.6645621772149453 0.11019534257882468
0.5180253509118917 0.027543441739235508
0.40425336710386217 0.5176430835585677
0.704364752371248 0.6804257850114452
0.9426623903008182 0.2532671259239474
0.14898929818860895 0.7993749585753105
0.9294894030070324 0.9338563254997327
0.13213417803978578 0.07342085913385321
0.9810161790793237 0.011493812682072058
0.420207948777815 0.7377571549471318
0.9990407749060488 0.11714257164103148
0.6150868477592975 0.19982657107969448
0.8389657586965544 0.75249274154778
0.4406401569457181 0.5581347922839397
0.4578104414473665 0.24533610788671112
0.5354336138356766 0.049545676133728955
0.33172140497328373 0.3294181139909036
0.7717312765831563 0.7672567241736523
0.6691383166248708 0.7790966480846055
0.060669655327831196 0.9897105263816055
0.2496863525419437 0.8165479767666957
0.15805029664617987 0.014279720132940099
0.20133291479956128 0.9069102044136617
0.6408879119284827 0.744874832794924
0.05377581904523199 0.6093948757190584
0.32959915593538014 0.07820000274282135
0.32843881387626284 0.8990700411323165
0.12552535320902014 0.05310200812393551
0.4452787297433569 0.4106569167675833
0.774024075207959 0.9311140122688883
0.9143127843004273 0.23869567158497929
0.43341037909859637 0.6626485291895308
0.6420793311521074 0.9850640298718327
0.569996295459501 0.03655245427805087
0.8194877197847543 0.221892179560909
0.4241404488080496 0.46246964462901463
0.015164050664117745 0.8145754800654708
0.8430001015756308 0.31606303353455445
0.8364296079869087 0.3764931518767438
0.7286518021439059 0.8904015547601645
0.45148927000354 0.2130755364922674
0.8123608775010991 0.18821583032371736
0.09445073007502591 0.6688865680806195
0.6875725163759547 0.25520938156010886
0.2659980413394125 0.9996093110521895
0.8784287616623645 0.9591596411175249
0.5179281728394867 0.5534751148318962
0.22133182631706672 0.9916091602617225
0.6744368408501178 0.2468324171274454
0.5796633159704003 0.345705264787451
0.7051059924062182 0.7533045192772203
0.8346073211322045 0.2185127603908006
0.9810050264516079 0.6998170109263488
0.8646366755441708 0.053468434003276055
0.9288269278903365 0.5438313885320896
0.3930108075286918 0.7364789342733102
0.6844971767914132 0.7897303697588518
0.9065756167449155 0.13476456891263067
0.5153735468229981 0.5649488242538594
0.5713592187586432 0.426412710949305
0.3477935514643642 0.4963871220703542
0.34556139248850704 0.5114312898466891
0.8915594725393488 0.6673413073956758
0.037729801382268224 0.5269522368095885
0.9297506707399408 0.9212832918954232
0.183705451799415 0.34970017940416365
0.6545375037567602 0.8903036897415502
0.7561835454016288 0.11525982691955572
0.19717064266494755 0.795664008101423
0.7867570423454531 0.2284057830089583
0.9627933743698001 0.6416341423830789
0.3772026955987011 0.07263169087177501
0.03270826380699554 0.46262072745941785
0.8740330202493869 0.8616655124275003
0.38689191529045663 0.06357165592406933
0.5342748264302282 0.855129054649276
0.4734888263048431 0.5341817109289748
0.556960724683975 0.9570949100774611
0.5519773241305657 0.5778400977152034
0.5665227502403296 0.38703832611766886
0.8478342315915293 0.7882449837413694
0.02989047609538753 0.2764228844719605
0.46974122967225407 0.599637678213109
0.9409672290049031 0.6490980953061414
0.8003573587589299 0.6530001029756238
0.9799468153641167 0.45321458764272515
0.8034510859678974 0.23749279298904735
0.10521034478296243 0.8169190640561637
0.021548814465319754 0.8447185838353721
0.07591812323816471 0.7458180327283919
0.25404117135323423 0.28955222276649883
0.21206253971341282 0.9860552097566535
0.19802609131354854 0.8375211864575198
0.7634564545543385 0.8691765394324067
0.5879002077162558 0.9893761500356735
0.1372839676864137 0.2414575060438524
0.8088141217633591 0.39889781167572314
0.1293167195666145 0.23958709106830356
0.7961560554022007 0.8730366398019478
0.5278224324331109 0.21781471041838696
0.5648859926218064 0.2565967226467629
0.6737186630051581 0.3271814819639338
0.267252526112139 0.804446558409353
0.9000405907553246 0.8965087160923859
0.8240122130465237 0.6585360131254325
0.24126119799355994 0.28258108581153296
0.4265971922129188 0.845884728534523
0.3048825138975908 0.7570915866776429
0.2565768646652469 0.514636331516575
0.5105077047894706 0.8735477702564878
0.3778300944616442 0.04758472824413662
0.25020477951050135 0.5774040741277928
0.11552019346401865 0.1832635558557869
0.34935117568601304 0.009702660926107498
0.7007082961397149 0.28296865515960046
0.0012935065238013355 0.2118298726369099
