10 3 100 3
560 725 467 778 779 801 797 725 730 850
854 523 866 511 623 532 657 762 998 749
787 480 817 846 917 909 854 775 844 967
803 673 742 982 1038 1044 1151 1001 706 850
921 877 957 934 912 1316 1033 1348 1389 1052
563 1183 1122 1041 1089 982 1197 1135 1345 1192
607 875 959 1091 1364 1365 1349 1313 1578 1218
598 865 972 1051 1222 1208 1491 1407 2043 1811
517 1220 897 1117 1048 1410 1086 1448 1629 1455
505 869 1065 930 1348 1022 1223 1108 1533 1122
5 1
1 7
6 5
0.41735584514608604 0.4946928212139918 0.7781685540770058 0.8147644435914911 0.3629063921214166
0.4309223074560687 0.5027170920863768 0.4490385525575743 0.6926816396792026 0.19095829098820155
0.5115849619079667 0.7789226168036276
0.663695375622015 0.013073183189449056
0.9295885498426122 0.6442769431750719
0.7734484527010212 0.10379320840529771
0.4861518918762522 0.6890204567367182
0.3704930368177559 0.46388381775286014
0.5864707919999257 0.6062942607620931
0.015036975793948804 0.7182122054195836
0.15844283798471026 0.048307019247507466
0.33817456346509633 0.5613448603060549
0.5241220848089401 0.6891831396007058
0.5523399005424836 0.6075633471261375
0.9285413805317153 0.8647597969545306
0.35800075823295163 0.5925256264280381
0.15037708546069584 0.2895735142805289
0.7620170208946324 0.21969792740820782
0.03711073019121747 0.021830767867788925
0.4238281878246972 0.7213303117420289
0.5082977687050894 0.6291879790001527
0.465703038127806 0.7407032340828854
0.5658579259173304 0.5295824911957205
0.06847958027085976 0.45073920253953914
0.5746971974246093 0.1961802784277269
0.17478494883025375 0.19710955446905687
0.9336430395772464 0.4110249046282153
0.5523507780605368 0.5587197892081026
0.5294214288977139 0.3294273061179813
0.7601856742461457 0.7295694797926813
0.5341928527112192 0.3597417131083256
0.016324542396334962 0.35691177274490204
0.009243014682676076 0.12134534406044284
0.40647287031374923 0.858466668026731
0.5765691120525718 0.5891924199855574
0.09358607422167053 0.5223397268578043
0.499604205002937 0.6763935613685461
0.8911867051833056 0.8647808631022422
0.8592202076994975 0.3730863132575437
0.5722805330601755 0.8046643330436074
0.0777331299667623 0.051316573605990845
0.01600324780621376 0.9330376677531247
0.7262110623648717 0.31534567982817574
0.4101412566398748 0.42818983213112927
0.10744334336694616 0.9463046464715867
0.5522156627972579 0.12940812767827992
0.15364294661255018 0.15783724403759924
0.24812981464799622 0.3969544308240949
0.316070166832233 0.7978550668820199
0.9990513897925326 0.03464891393042402
0.8394438874908243 0.9186522403896151
0.9926835991096494 0.9139506214339317
0.8772638006479598 0.4627739310856078
0.5104927816002507 0.43136700645574244
0.30485349531692707 0.8075838487344151
0.22509196450626923 0.7879063598016653
0.0196193562832212 0.19711462596594176
0.5554828036214754 0.7697840373748581
0.1345358289244214 0.9531186179033182
0.21095701772736608 0.5599337949281464
0.8507916226933074 0.894750948456468
0.20800949606249275 0.8263058435569821
0.1733597875488242 0.024125485413986958
0.16128895346938976 0.1170315694498012
0.8749668086095683 0.34075580712903863
0.4820626819283733 0.3974679639046115
0.7121654609128591 0.35156656843124834
0.18936158446678975 0.7940141025928684
0.39852088831247934 0.954054628648852
0.49999733695511783 0.4339338658719969
0.365278767066586 0.8266670665680524
0.10333068763838349 0.0984986240078718
0.702748898224959 0.06755182265821724
0.5288748397257761 0.5160343944019765
0.18679758007198366 0.8867219867254339
0.5347461320965372 0.31907500349496276
0.6689386874731413 0.025427028509893868
0.9617171969436866 0.6968067481783529
0.7107660403251057 0.7262388053233211
0.8582457357730835 0.002539941656219291
0.23920913327731297 0.6360784337470744
0.2798048452579087 0.3345811291847238
0.21172576191595627 0.47199122705245444
0.24733893598935963 0.4980579867273829
0.7388116293832463 0.8609821118659198
0.8440870729080154 0.07285151940982115
0.6819807086826695 0.9615340534340033
0.7045566267179268 0.6547582637547664
0.43560100580595496 0.9425875804881667
0.31931419836804453 0.3094567201746907
0.10651932614320092 0.45599969085577374
0.5399937477770052 0.5141929513570147
0.9889409006445709 0.254320459421278
0.27880160574470825 0.5681528537512663
0.7374959758050808 0.5302153834996823
0.3331490599892273 0.48798804814646135
0.09659320455654719 0.7327452546938606
0.837715132834163 0.19814714011134615
0.7923206633355881 0.6853300719945867
0.6284663423462571 0.9914600232565725
0.8571906006448142 0.6179546702452228
0.007592225116877849 0.832355352443515
0.668844079788256 0.35000105697055384
0.181922407903653 0.0994939717361989
0.009221959778814792 0.44438183934385767
0.4307054708176201 0.6687748552892268
0.7513690214301576 0.7284071707228015
0.33268007323434223 0.17609541532103723
0.9670599712299155 0.4878835109770121
0.8509860204425401 0.2672510896179723
0.47879297558598877 0.013406844973203214
0.80121995521649 0.23693635990164386
0.861835406673148 0.4670636589108492
0.4929458932235975 0.14172229066196662
0.8723169587793722 0.24091749286780662
0.8773697896673323 0.8939681900818259
0.9032954681205201 0.6278132131035867
0.9664957272496622 0.7938408108326478
0.3826355380679405 0.8177036731549043
0.6641110668835128 0.041614515724150314
0.4965357440318052 0.5606988092685516
0.8217429174194693 0.49473718508164066
0.35532200493406596 0.8002452713908821
0.8450757453480309 0.9235177353301449
0.03807307248504488 0.9284352678331518
0.07539132728932563 0.08925607602777652
0.32825245014133 0.005074337436145715
0.7780536655827568 0.4374591740929046
0.25703635272594005 0.014778197705805463
0.7262596092711098 0.720376416819936
0.2452115314078791 0.845216953878184
0.4654032557639489 0.6849104069397427
0.15443790752364794 0.2108142163536877
0.4869492903042876 0.18151146816044617
0.9154018963759227 0.6679285806858803
0.12298305167091472 0.4630374716431882
0.4955035727956083 0.309484325062086
0.08321434996719979 0.935362581054545
0.14095066253655708 0.5794542342627274
0.9726027071474903 0.47718940171141444
0.6065712654935769 0.378668998206648
0.12390199307788508 0.42370791204319325
0.2126001807069311 0.5551356330539823
0.1523639759833939 0.9465631313932406
0.22964350934356226 0.22619553515860402
0.15970562880196826 0.8883137575950588
0.48228351970533234 0.2948591919192969
0.5365722803281299 0.3880120554075648
0.40167497161921584 0.9622343787605705
0.7619155992491995 0.33836748612295153
0.8882233344985855 0.5111145535090438
0.10644807244698495 0.032959367923521166
0.7183095242639137 0.7489407888590864
0.16586081844868406 0.03877918216511378
0.3108461472266424 0.5647786440947737
0.36341280771880946 0.8143461007076054
0.3238971848093768 0.6670867529432172
0.5629212938063297 0.8231382196833872
0.855087671522367 0.7825792466762453
0.6267328631769522 0.5764880584734664
0.7255767085652807 0.49961831667690415
0.9286007969161134 0.6155477845460686
0.4285126382803377 0.5929392260157882
0.28080750547202915 0.027348085591417437
0.7194005168706299 0.814181284789782
0.8761178972729244 0.7497343298977011
0.8538644486700893 0.8762761081475092
0.5120953335014189 0.9396146035874886
0.6668597966109959 0.5737015676573354
0.46070203143320576 0.4556914641172374
0.7517398013495684 0.7615750596433037
0.9886614135305358 0.2149733051589897
0.879613212509492 0.05178236399949365
0.7921871909006748 0.10133195333212996
0.9980442789626067 0.6773783665644886
0.06156571047383652 0.21763395357871085
0.0595639063706741 0.23960937059560283
0.08069762715878381 0.9335399470667203
0.3842827591154232 0.2721683958399641
0.45661296392105255 0.9466066728428588
0.9033432644722297 0.46083704938736414
0.9652044077652777 0.08417548476961345
0.851422984730241 0.63165072977779
0.9429243385864738 0.713341207152054
0.285422566551899 0.026826670213327963
0.28440231843459407 0.5774500293592344
0.2448361822518077 0.550586855325683
0.29421988550797007 0.04472882332506711
0.1187408374259642 0.5705371469868419
0.45724976314600774 0.19950889378786174
0.19346641511543727 0.9855493090926772
0.5774621309506529 0.17526767643418384
0.8922888491019636 0.4202677558292429
0.7928854594438555 0.48004693845440394
0.8627184498784135 0.5833139119501409
0.20282600400376638 0.6598442031741119
0.6091834265320655 0.9500027976181604
0.6755596302118823 0.17160563287425257
0.0025361900362026457 0.314389129579151
0.3952027457242393 0.7023396296640865
0.9930484913889097 0.4815450196682669
0.04827634545246706 0.659398790302653
