10 6 100 3
938 844 843 1179 1167 1343 1176 1245 1117 912
724 860 911 973 1256 1243 1332 1218 1338 1100
796 1044 1117 1124 1280 1472 1639 1319 1291 976
974 802 875 1043 1326 1460 1542 1342 1233 966
875 982 851 926 1265 1362 1234 1325 1201 1054
828 821 846 978 1074 1104 1186 968 955 980
849 887 858 940 829 998 1069 934 927 792
800 695 851 788 779 857 1019 786 982 951
831 698 765 883 712 972 1002 837 907 777
830 606 908 792 772 864 704 837 676 881
1 0
7 7
8 0
0 9
3 2
3 3
0.8683994294273494 0.8571028593978769 0.5382150231214882 0.7854507688479734 0.31682023200454223
0.32938036278386673 0.899025027753914 0.9262309159771587 0.8029241024932943 0.25124808718521285
0.6039317995823719 0.741162297707399 0.8522313228042915 0.7012522114164353 0.21501804918996248
0.5491755698113002 0.5157373265942451 0.6803749343490451 0.8595443793395592 0.16668606506913922
0.8834262243327957 0.5021613357502743 0.3913679190573156 0.905845030784669 0.1681649584777981
0.5878052895205532 0.5296025907385491
0.8740178235693443 0.24671818746230167
0.5657000870101052 0.25858625603248453
0.739459471792868 0.372570123278267
0.3517475522896354 0.08074527199513137
0.22426293974906453 0.15665409824730103
0.6870792397700625 0.7518220650013745
0.7594361366887403 0.8468669927196242
0.1761447858253089 0.6817551174354439
0.6003007119732668 0.23513887175664472
0.5343780860180531 0.13008012196013796
0.5633869225037087 0.3953767128677843
0.295096231857332 0.7210269733676475
0.9176044555350191 0.2419652705114217
0.30419148205217095 0.39092758440356845
0.27045867238756016 0.880264110258046
0.0818733452722642 0.3142372316773592
0.9239870903611953 0.12642219956861878
0.5849550507197532 0.7076098431376503
0.998526028851294 0.10581781883129437
0.19446353803561522 0.9601341072234655
0.25543798295480435 0.8966121404620702
0.4232906263724927 0.47535547729975947
0.7937480953549989 0.3722302245299314
0.3153638252369504 0.22162761864039182
0.35031160192609256 0.352174422988897
0.8377612368557545 0.9909481246371841
0.7142068799057575 0.9368969724142382
0.6567877861020965 0.42838388130701355
0.23603743627200213 0.05756562764815243
0.4163870611390128 0.7854475813573298
0.5685045801145887 0.9776340226069373
0.3339907351874578 0.2769606406238039
0.8187489079015777 0.9828245797868733
0.539470669247248 0.7271489795699857
0.9166647753322015 0.4930608841700075
0.41902384918776736 0.28090632026066986
0.09536210551509527 0.3250615678910258
0.5238100174055296 0.3861773110518465
0.9319859873932836 0.4922388280419667
0.22815901432659302 0.2060380123986405
0.8784122171105722 0.7766959367057127
0.6274232849304333 0.08589008548900146
0.5099109536141129 0.8590582609641231
0.08841193491882682 0.217949036922243
0.31147032985875267 0.42569572636979625
0.6213809580884391 0.5318654198503665
0.5809391136204658 0.8044783047134023
0.9824579805609515 0.7243646600220568
0.6971676959496609 0.8630041297442934
0.27704511752833216 0.023969559934815976
0.24056578904735382 0.6090862546344256
0.8006304601848839 0.325184806619365
0.8542555225389394 0.19257334657969039
0.6947166248861056 0.8653010593031374
0.6162446079725108 0.5634515093704482
0.02640715966180851 0.44541113607410954
0.24648571082200665 0.8311396937722553
0.09808977869358149 0.16519074363447595
0.2190563205282845 0.5184613275148351
0.6496825435018965 0.6367774265032577
0.36980974458074223 0.6483158584707354
0.8560798912613514 0.9906227898384619
0.7473250922360803 0.417720197022418
0.4321633300404195 0.8607617419048521
0.4034770505355678 0.7364200965134198
0.340215572167351 0.24313297028261238
0.8419261889199186 0.05330927330720958
0.4909037662855398 0.43266266990351254
0.9315333980542249 0.04924220461778961
0.011971354237409138 0.7951203801472042
0.3880941958153383 0.8019306563255868
0.11655426095921051 0.2423997882968436
0.3618801147842805 0.8763454980045917
0.790598784521579 0.7427364070343097
0.9089381572197208 0.6254952883928973
0.26103717706646035 0.865175883911498
0.04839736002445094 0.8022730119166093
0.17561673580510817 0.25885885048205814
0.3064521778042635 0.5523978483046663
0.15786513605612718 0.8879358037238736
0.31136586617943074 0.9259371310686979
0.28437853391792145 0.794485600023404
0.7666482390625411 0.9246027337854383
0.16241342104645295 0.014815077918360453
0.3701743920456133 0.5607422385926717
0.49753400409258375 0.7665407510703859
0.2050029849522359 0.03161437571383474
0.591483711274295 0.6707664272175495
0.5754247316609895 0.9843069849817923
0.7150762234992123 0.8100477301034983
0.10579751955635319 0.953883298390571
0.6950090931525164 0.198158081806594
0.30708435056623107 0.18025255039915966
0.9921522007670796 0.014136187888839524
0.5717841962345951 0.5031114253079725
0.5974574996411748 0.10322940804219094
0.9946557247327152 0.9611362304834741
0.1754916509477693 0.20699235509701563
0.6759129337954324 0.4584268896028665
0.46881154955973203 0.26465750300282775
0.5189242042456308 0.05564399081503546
0.9412868463016417 0.2550146880033175
0.36240126105996406 0.7048121948605326
0.06902689558238229 0.647280851010821
0.14687797888109877 0.017698487681687025
0.44018379509043504 0.397960835592857
0.9055466166072648 0.36803508805463614
0.30625953999711686 0.7617344368650862
0.0034831704074105296 0.31482335268100936
0.34154488294210616 0.16288994773205578
0.8270603685902269 0.6171964900107796
0.012475947807440324 0.47955450842039404
0.8582172888695498 0.20429013694678244
0.3844948389039693 0.4713416695773587
0.690052416884569 0.026013976973869868
0.35251037193497514 0.734139731024021
0.8930642665077031 0.5426940472686128
0.38772658498253953 0.5506521000107232
0.24723774894607908 0.7315370115075874
0.5505789707724136 0.7742165847432738
0.23084771827633066 0.48623774951031695
0.662091058789327 0.39969579598468585
0.7871509715855345 0.49261972644926866
0.488443014055687 0.20975903310161215
0.2748994402865139 0.4244586859122734
0.689253853844839 0.5888843105350388
0.48434955545864167 0.44908092329195104
0.4662327489748128 0.48200127721451236
0.34816002723620487 0.5337090345078292
0.5665801742683845 0.10302070358517446
0.36963597843600726 0.30997281471738525
0.5381361515565031 0.2937321427055608
0.4149169318317094 0.7866790090813716
0.027497415134370096 0.579693223176607
0.329764318273537 0.32568318832880716
0.3624637870861567 0.2090717890627911
0.47780773755625305 0.4880620852678166
0.19028393486521167 0.40252653991158804
0.5349655514742648 0.9420056450445506
0.21307217650740307 0.38061937077244434
0.17150679011762904 0.021028339493093018
0.6217348484267273 0.966541140775804
0.621848015467301 0.2744415163535747
0.027202114321933868 0.28066355070200855
0.4044981274550692 0.7147526472566066
0.4716447503633199 0.3895260796071818
0.46825566583297507 0.7010090018593385
0.737132116421207 0.8610639286607944
0.8365768398247688 0.5024337704245951
0.12677528853038367 0.4193358914670977
0.9035132086166782 0.07213602442543166
0.5701827626840779 0.984804819626401
0.4396169847170286 0.8507991056840596
0.7852345342527021 0.16161492597533367
0.2919262796223385 0.8438801427281317
0.6485144733827657 0.7811217381087556
0.15987835663396188 0.056699810090634406
0.7534412961506236 0.6531707197033352
0.5611685324075448 0.5778616802230336
0.40113726374856773 0.7317843915380084
0.7228113696464644 0.20884856434606136
0.20859635870706428 0.9218309176964548
0.23877147626593476 0.9324831916445868
0.6361467062463204 0.5535312174897551
0.16975744399404546 0.24531130852781202
0.9812116429111966 0.39628195276653044
0.7706815014634043 0.9922223977798532
0.40339720674700175 0.41821755669983474
0.9218654796374972 0.10323022846492158
0.679040537408933 0.2204734311353631
0.6139422404142825 0.6477323181587515
0.8435057767022505 0.7228207970287548
0.38226009699256536 0.8641564323709663
0.18751170816972706 0.0794921131589803
0.9274116330697535 0.513696462647701
0.49057976815417614 0.9964683203608442
0.12172714408741481 0.6921295603411026
0.5026915209915364 0.552669986725365
0.8472917425165418 0.9347085451974779
0.9064925008674178 0.2169020246167075
0.6071510957536035 0.940489173932501
0.3587731076299008 0.2495127235482022
0.5844159441818992 0.9615561443897589
0.7473248719879138 0.055091551111360326
0.22714268592661901 0.7924751630099167
0.4365785609066821 0.10906343538032726
0.39444392886325685 0.17345316722940685
0.5174161341342485 0.6099497208687421
0.6610731285345031 0.2048579144373046
0.04443113897405482 0.7844194170144481
0.053025609513366545 0.20171703491813808
0.6129717932000782 0.3497981035027127
0.24743947367486574 0.237752798344546
0.9546211055365867 0.9590224676902381
0.8882796573463105 0.371535686418651
0.367943125219103 0.48164100668681775
0.38803974968392474 0.803216219905412
0.7458300909668467 0.6349581293197046
0.41045932743342584 0.32754469945539655
0.5326892370686989 0.6516516219456696
0.9971889427084482 0.5662052176314933
0.8155401924788186 0.49070515469027054
0.422740279416699 0.19045735281828335
0.4549845425619692 0.062688424061637
0.9879054123664517 0.21713785005259933
0.8538849825541106 0.42967367680650703
0.5543681684362367 0.23902689957504664
0.42163959604442014 0.12991220016928495
0.7159798654783689 0.8630443610195577
0.7235757850307218 0.1419673459329911
0.22124145568161646 0.32301407737861365
0.7050418065675337 0.1596521269395632
0.5454355593428406 0.8989672498254653
0.2506796800985793 0.398461113411098
0.1696655458286307 0.6573333712213532
0.9501872289205975 0.5929760460136946
0.3632430044582009 0.6991167550469657
0.40178158721471235 0.6111294738010642
0.8856314943524779 0.7900192021110413
0.4227458948008407 0.5944601215066891
0.9314312039764867 0.9033185362096701
0.3004558368625856 0.4139023420223378
0.06447310747939428 0.5405036785429749
0.616462436892764 0.9430049739442423
0.10141770416866636 0.18813477923712996
0.4350775750200382 0.5628157428950387
0.6662482271627705 0.6098743209403859
0.533663558230014 0.710944286327565
0.5406686820529907 0.7223990678006853
0.5321858032285656 0.07768534332306554
0.460974955738475 0.832741725321571
0.9871873647515099 0.9577467593521289
0.8615444892155089 0.43279777666526575
0.9047323137614631 0.7067165744349104
0.9692917562854106 0.2760602311060252
0.06873299780074715 0.8680124135809626
0.15032705191733076 0.9171905800281597
0.9586970338724319 0.18789248972133588
0.14329662336681226 0.04094640409920847
0.2923620144023604 0.44751911036161895
0.7351837748692232 0.5607255102962774
0.5480882275986394 0.4873031710501292
0.49558645800400525 0.22803422155896946
0.061930135862768854 0.2608927929845277
0.748896137754226 0.8741121401160816
0.01825144298396708 0.2230376181420446
0.42661000301137864 0.7004521575329941
0.04741832216687536 0.5538148868362869
0.12367042272524276 0.15023497735835534
0.12063156576337208 0.5395089297637123
0.8605161101371446 0.38811833740269575
0.4571852784921575 0.12357796048982461
0.34079643374342816 0.22640895654382764
0.47889315141223054 0.22524939386317255
0.24148232966062677 0.44595188688546594
0.45380939949637256 0.010228102119727467
0.03867003247437406 0.537063352411802
0.9049540113605354 0.17829192040298847
0.3782206215229207 0.26431167836075176
0.4813703217962204 0.7561983518129467
0.27802281046217336 0.2710706380797874
0.2637571728818533 0.9399931152781213
0.6503996868156032 0.30685696149612807
0.9598848733886449 0.5281507255787155
0.5447384653055134 0.5619511199908389
0.790992006791752 0.6403476607141048
0.5747215171782147 0.11374524340281034
0.21194837535264477 0.189844820883996
0.658473549347711 0.465876923830266
0.8912464201934065 0.48046267727454506
0.625805326147598 0.8371493688742673
0.33607172320933576 0.15579067264957036
0.7691459096029625 0.38112649485895034
0.932584719312801 0.4848773443161145
0.5554467502192648 0.5292640974777998
0.4935826187126948 0.1602055908925697
0.9546254089962503 0.5106013780785317
0.9731138950424636 0.2731225397107142
0.37464287563834286 0.8081946361323413
0.822169843113461 0.29278803882672033
0.4493292278348524 0.7602785513973285
0.7000093440166288 0.8605002433967988
0.7702900884055206 0.9716709885874031
0.9561235718190031 0.37272914458029516
0.3356076291575467 0.554770763100122
0.00013590154562481693 0.450904698288777
0.2804704311184927 0.2819694854992001
0.973369827438022 0.5427831657177002
0.7109254696029566 0.1968660246168772
0.11561078820652204 0.2935571638950465
0.5802991940728297 0.21017518680068492
0.8454545044956159 0.23578162498362198
0.007841325105487407 0.22119400891786034
0.8313199122935135 0.5674836842196964
0.4365675420480317 0.12969299078653207
0.12694821208469897 0.09947847048974356
0.6724486425401361 0.16486119478380257
0.9641884822045852 0.8274523065371371
0.7359588164011699 0.6725364592581446
0.6817781985697076 0.9014539252667912
0.24181062486749094 0.6434019923879444
0.580771450120259 0.6871776712386883
0.8233534428325304 0.7627717535830205
0.6386471465384962 0.8111245758699261
0.9714185449200161 0.5760581848484856
0.5650885366548661 0.8617058916728191
0.6806840825297655 0.551261307786048
0.15045276710394373 0.23567765488623404
0.8829713574812996 0.7654599614392854
0.49947154199249666 0.4844462954652695
0.4484122558796422 0.2429243993219532
0.7474126726663601 0.3469440712993712
0.291116157243261 0.5729733844201435
0.14857051182690562 0.6834527406787403
0.7756560041267355 0.752798864584211
0.8864489214569207 0.12882935831862308
0.9282325018307689 0.5158742801685172
0.8569680144119405 0.10559418636346307
0.6636148260230672 0.030283854575964275
0.2479677549128727 0.04929253680199186
0.11139183597559832 0.8162406861222091
0.10976531895696362 0.433712997216791
0.12399687615408617 0.11196791667732953
0.3790260991438117 0.6439959192646485
0.40062776854655957 0.7315040082036459
0.31053290452867066 0.3375211306140431
0.4479822829159832 0.9372209550235726
0.24578902516450696 0.14877878287030266
0.06361160070266125 0.14523451109062124
0.43043117203077186 0.6268660399792065
0.3384392823332789 0.5739801516301664
0.9050204536933197 0.5973953100519391
0.7044236468498255 0.1698416348563465
0.7295075793279933 0.5188807853840813
0.937859229348081 0.14940070274009876
0.3117019969222885 0.7240943375616127
0.9571969694964109 0.7529521590754382
0.16887340889057278 0.06001873985145223
0.5582451335293743 0.5326326101281937
0.7830854726887642 0.3263869193051929
0.21725300040582374 0.19269420730554265
0.5846337254051053 0.6368010078435504
0.38969323457130334 0.4815862923685208
0.1273364646407933 0.22204615393860472
0.20763486626556316 0.32654953666029196
0.988791917253367 0.14860036215551964
0.6367564593566293 0.7418090305220981
0.40797391633996294 0.21649083213794595
0.877699259694928 0.8674560274621661
0.9160547193423523 0.3543714984516404
0.19101250413638482 0.712321681414865
0.7387786812696242 0.9641695178833045
0.8002629369501564 0.5514204699457916
0.9223936017059098 0.4487413626568768
0.7538085898416067 0.7780426918354688
0.13780261740482147 0.9937057104621021
0.3695215186276519 0.7863738489028638
0.3201386513953801 0.09230905656642974
0.09384538378233276 0.8737207628744901
0.8040757098407179 0.4115455867608415
0.5296586918710369 0.32571791733440114
0.25719122814798645 0.24241519006321832
0.9931402498142907 0.7498176434364165
0.07304450223487002 0.3499506386246305
0.5033249838698135 0.61636941738228
0.4017016918236187 0.2610646368979861
0.0276043979952163 0.5881816014976455
0.13670634806624826 0.2914243176165974
0.7119034849543671 0.2149948894306608
0.5915421872443631 0.5018844714801356
0.6694077681940103 0.6244943334509663
0.985310657098508 0.3675948663527959
0.1469209476808191 0.6786551841183757
0.9021704422196073 0.6740783303906426
0.7510426257099587 0.9223469638960946
0.8550097997288617 0.010634520552535331
0.8265536414203996 0.9238621552854631
0.5221788844082156 0.4917940217154335
0.8385627668807847 0.49028011172381136
0.8179509198935337 0.5598427797670924
0.12290740896038543 0.8063406161338584
0.3233926537142018 0.5316236612596086
0.5261834753131045 0.7156387539977604
0.40750430150484207 0.4254380445306243
0.03191699744489096 0.5058256151303553
0.5548156801117434 0.2677601354111725
0.07767008223600547 0.4630400466216289
0.5768183434889638 0.8981852562739445
0.3894092889689251 0.9672277285363324
0.8160177181705537 0.51981509723499
0.7755008764101534 0.4006364822709316
0.5130809269335956 0.687837608408792
0.957742640280135 0.07105336095973103
0.3305219536221913 0.7608393313612867
0.5657650783493229 0.6323340473822727
0.11321113655059634 0.47164652734079304
0.330343729782135 0.5418374021649603
0.03678125149966438 0.28747238397459407
0.8473224653813967 0.020620735993507555
0.7491533862706785 0.7083055476566904
0.7548802101656082 0.7801771187922253
0.37308117877871383 0.7207577501764768
0.5334663114200795 0.7954555190253698
0.4164650086707167 0.7001417219290236
0.3156880554154282 0.5419019110028871
0.8309439458053083 0.4206110097492135
0.5483375950328642 0.6051397475665035
0.5189646644476058 0.3892404299508103
0.6120957897541452 0.303477231615056
0.12742241529222342 0.8904980011436079
0.4273562546492593 0.7435654462634116
0.4570802813648329 0.059662525957691726
0.44380048279319073 0.2421689651872876
0.9498058330796253 0.13177009489908653
0.4594167231803059 0.09299342452051196
0.5630092302722498 0.40520397368437644
0.06759709807917869 0.9729575318220927
0.16232537096578348 0.4899825983794093
0.18596332347090372 0.4358508881822689
0.8446860203785433 0.004660574863599942
0.3796568782032914 0.9074879887250398
0.76575017849901 0.0768742880522637
0.35816096109962214 0.7360433264652266
0.2160212207346457 0.47233488291842063
0.4230483805707277 0.6950774338749228
0.8096800180435586 0.9078748620939832
0.1470294156169909 0.24114907014759024
0.2408705355759777 0.37100388638146176
0.017348671637418267 0.3114225293625943
0.7225479488032287 0.24614669097676933
0.7948193860502575 0.7405841960450836
0.5635663722781841 0.4615799991795868
0.9164849675657207 0.6574447248137762
0.02072903425033501 0.1445332676446036
0.12481357860718179 0.7129744394054272
0.813715567597169 0.417906564969029
0.05964769710313256 0.7215998420434973
0.600539269790415 0.6776672261268868
0.1089362982581481 0.7684064082696747
0.24924229564274447 0.12936604601937352
0.5005898252361238 0.5237962407586576
0.6793154941324919 0.4195843164694504
0.9785016786798457 0.5488733294639765
0.4585264188564049 0.8674273306912246
0.3886190088059125 0.17800652248761284
0.819909070787104 0.6549782140644307
0.9029925082871362 0.3475289299055051
0.2021624023223394 0.2410651020370329
0.9857416860305448 0.9495359811317652
0.5909146126460609 0.7440133536990259
0.7550770264885425 0.7313043248703086
0.9534318010379359 0.6449026979846999
0.10825440273502762 0.5807802302765783
0.07279256223448494 0.11717296624904194
0.3744301003486743 0.4512348972409985
0.4562313671465037 0.2142634752178023
0.5698980905414 0.47176779805751723
0.5541564959100866 0.4092538185107255
0.2071751676966389 0.9035793935781073
0.2501461122047621 0.9438166327211954
0.6486397410649594 0.01771457629665041
0.8226589609410482 0.07287310878325437
0.49525697552455483 0.0026517296388199885
0.035010268389511934 0.8433757836416989
0.8965649901121819 0.5610506313384471
0.21941485892896972 0.9375685374159255
0.2752981743656142 0.09923689605840469
0.0792976890359034 0.0813559323855928
0.21211869218641088 0.5986698043558807
0.6116571902955539 0.4043495756920872
0.009550950120759794 0.61039817766753
0.7612522517164959 0.6887596747219424
0.7004916963074923 0.9329886036276827
0.5179279495895404 0.887136616873591
0.9650764758903907 0.09093837608196331
0.06191424834484005 0.04795192126661507
0.34967081930063015 0.7445570171715523
0.002456545335439264 0.5058591499218226
0.5082318446043983 0.942238583092448
0.6888049787384076 0.40724967675594614
0.1721385671824105 0.7016009920732513
0.5124572052910881 0.7211337512721865
0.05543484262358733 0.058800464974335
0.4122035171613365 0.01164912079998337
0.11058993236378778 0.887552162126608
0.4032920105677411 0.43180898126550793
0.10346114928365635 0.896206607288762
0.46466673584984064 0.15319300768066868
0.8653579036077967 0.012585826214155382
0.5575530134547775 0.02341612534505355
0.18434069241440687 0.4838416336467757
0.3853727478341924 0.006848934664356765
0.9347796777211419 0.6868478641541287
0.8099770214343898 0.18373786230077616
0.08926817198689774 0.35548674497231625
0.6917828528173346 0.2365180150433499
0.6266429072035289 0.769107990225431
0.2303540099505168 0.030783780814352513
0.5989674325619125 0.7586620671688398
