10 6 100 2
1220 710 932 1030 984 648 1079 703 749 924
741 672 606 692 975 877 594 821 1093 711
1172 670 1084 584 706 1125 601 706 600 701
1035 1090 1228 730 712 1056 1077 1162 581 758
778 606 1197 1148 1000 953 1136 842 1084 616
846 1053 891 856 1001 1137 745 1104 607 1088
778 804 770 581 1123 1052 1229 1329 1250 1825
1202 1015 1016 913 627 1092 1674 1230 1774 1242
620 844 925 763 1119 952 1220 1685 1767 1495
951 909 1215 1194 898 1183 1799 1741 1569 1798
4 7
8 7
5 7
8 8
4 0
1 7
0.6463294463707332 0.8311454483541796 0.7247914524769277 0.7001098449434291 0.30172094537317595
0.4720386736333242 0.3987900490028208 0.3009516560181201 0.32450784274608346 0.24224112096646
0.6100417524210506 0.5210129680050976 0.8354281686205134 0.3811143869712889 0.4955349369006675
0.9038705860360077 0.7397661247643774 0.5485919475736781 0.5468753328058262 0.47990383834975325
0.48587101899887136 0.7525583700816624 0.6452281074390689 0.689453105632813 0.2851768742887627
0.7358566316381396 0.28265221553721886
0.8249860287243087 0.8455645437329165
0.838456403181788 0.09337510599562404
0.3752790062132656 0.18159337001628084
0.7810834505070803 0.7727911480699785
0.9415918528372877 0.09539006644935721
0.5791046176251093 0.9286770363266832
0.44855146377267996 0.9191549512800101
0.18731598031853447 0.7138099586631508
0.03737619032845085 0.23178245505748274
0.4109736744700023 0.5826552851821347
0.2799424192359694 0.6377197019338581
0.22058586148560266 0.8874006256057911
0.7280866065677694 0.6426280819141137
0.22727961049854706 0.4522494875567711
0.47645929197650694 0.8075759121475123
0.04560240590360953 0.19176097818164073
0.6167591541498578 0.6706207413875511
0.20623806796350763 0.22944314072882155
0.8499836486698591 0.37312166348728004
0.8900015970143433 0.5700799940925636
0.6266040089735143 0.3373525952377179
0.046379483168816904 0.9247039019512746
0.8135343120847103 0.7019754443487336
0.9037566780071347 0.37169743603613603
0.28801586403315005 0.5501779926620527
0.5808090880617967 0.1974890649764638
0.4869982666850303 0.555260851061308
0.3333713358353423 0.6616179305908476
0.43378900198520864 0.371735569842923
0.8341999141439822 0.5823807623242665
0.9633241741865524 0.4784246168302102
0.7047276750185938 0.9272974920525656
0.9951176603921572 0.29005585811924317
0.9028619339100603 0.5570822815021306
0.5439417230167953 0.5036062344468506
0.26067507555211544 0.5461329937849784
0.12959899861454427 0.9333207702618187
0.7567148880865033 0.29021700292055375
0.747823667362238 0.024966576083897074
0.49723003716586156 0.020347865368078644
0.9020893457677681 0.08348660343056791
0.4117263347164326 0.9663954263257166
0.717873793227481 0.8350856122874082
0.41622323443905396 0.8004576054298509
0.6302534659361871 0.8439670699548287
0.637749709527599 0.7887891088137542
0.14939445965178821 0.7177357178351642
0.040830228995925255 0.77556476427685
0.2910427567078375 0.001821729348680634
0.8804042740306892 0.4795056707250538
0.10088550538372476 0.7466795474500292
0.9560989403903983 0.9760519862984267
0.3325595350708146 0.37670340074007513
0.6563532842684772 0.09088084327230139
0.7916451442767467 0.6439002496735573
0.032164542080716174 0.7158444952806899
0.4107753648147907 0.8572982585558311
0.7314391875182364 0.20184962438602394
0.284766815494524 0.5457566636861915
0.10366392306849503 0.506652531974261
0.3524506217180199 0.3644980110601188
0.4522047635944271 0.43875212335895664
0.9701902245451026 0.6474173287402356
0.7314065594978307 0.6666109095433381
0.16861261878368805 0.9757075687849899
0.9758596437156963 0.378613688220794
0.3223306468264706 0.5132103446966993
0.4277931621401583 0.9757753732477212
0.5153699770962412 0.6548834905881615
0.8880668947308876 0.22526381103172333
0.14398038596264562 0.7290821686529958
0.7300142191441374 0.4861488823187152
0.44988268381436547 0.008124978353313494
0.7169809536996625 0.20708242481356898
0.5571653576139333 0.9591152381038366
0.3888635536768339 0.9948884333581025
0.8716035464234031 0.7268589456591281
0.20269894888256212 0.14685600757241568
0.9427619227362543 0.275063501265179
0.15769367412241353 0.7746964250659272
0.8757105318212581 0.9945653292489482
0.6447640163022033 0.8170622416956705
0.09769488906371526 0.981220877109277
0.6440594287121013 0.1723517332455955
0.913255913271813 0.34628716170070195
0.9511962003855376 0.4931971263280843
0.2165833189089359 0.48619088655639686
0.3568568789710429 0.26784164340357175
0.9657938892404356 0.545096882278093
0.1369932964271643 0.8270068473369465
0.39367242757553655 0.8428926463733577
0.43670508243581674 0.6225091674689198
0.8617907085485084 0.5808624616901552
0.8611150887292043 0.0003591062217853658
0.9591372300278533 0.3024214428248364
0.7955202716383118 0.7712994077266677
0.5367357395211245 0.3022193337522343
0.7143728964821618 0.8457494043960141
0.13715564589827456 0.9102303056950616
0.14300883877769954 0.9652377007023527
0.5116464729531194 0.4085909094224731
0.45311870991414915 0.7414039420263525
0.046195449527828725 0.8199316677272055
0.9031308036264214 0.7072187954941414
0.6464928709876279 0.15383305211089526
0.6633149119180366 0.560757127608899
0.31014720163146814 0.35180822343190976
0.5414338963661858 0.2941892263356103
0.07331835336922077 0.8075814715993417
0.200236828235282 0.43528823387273996
0.6405699030683643 0.29683182853273804
0.7376679500779473 0.32292178997178644
0.2105594487593485 0.6293552237334672
0.5319776212984322 0.3181434542680619
0.9837131534529489 0.9265480332677671
0.7212800387709135 0.6788372198031198
0.0037865225019713122 0.48229864643756604
0.97948295802628 0.47889551673225705
0.4936510795824052 0.20442641844366283
0.7413191068671274 0.37276696109275975
0.7108731573060492 0.09108552779220713
0.8222004817776636 0.0956304410263864
0.05400594068412179 0.19512688827961266
0.5086005837731296 0.26639695574887123
0.7812549766175294 0.9010133702893917
0.3576598538618927 0.1587125475163358
0.43496570299603143 0.45505442598815415
0.3619028019756292 0.7980221636644473
0.7066282373048562 0.24397890855871918
0.14038061435645854 0.751826413083327
0.5285661179673231 0.7471724017720716
0.5315686127814678 0.38655801415118085
0.5758085378146007 0.9632311420137347
0.40470965809419424 0.6415398268692081
0.30130596103864593 0.6471357589483513
0.05687583936522689 0.8200999025474003
0.2878946563717395 0.3378584401674132
0.11700351470902692 0.3878400612679105
0.8314880691923414 0.6118688829244643
0.35173739480962385 0.009597246888014332
0.6343149340584873 0.30539396872250046
0.06410827608518654 0.620407144959642
0.5734249924636019 0.3832504362904412
0.4509790713853714 0.5482228211834212
0.22633857144698877 0.26183457389941367
0.4765118107761528 0.25873560263951845
0.1448197761452903 0.03227028404397658
0.10411881797083478 0.10848840623429701
0.6454604045744645 0.7163933762177106
0.9803593756222257 0.6247226012767368
0.3416357144994213 0.5752641919781474
0.6718855788644724 0.48321235978554355
0.34945027307320453 0.6114780569298321
0.15289197396767595 0.48771166904289776
0.49089475826881923 0.8129114257383088
0.1639186084082589 0.5390291331642811
0.08829987745640211 0.34624799080129764
0.5252707323012649 0.9051234262569183
0.6574336043598044 0.4297983183970504
0.48898808886219824 0.24056215389127344
0.30554921236828103 0.9661843905653904
0.589194865955635 0.34527133768836404
0.22018034540684894 0.04236698141735529
0.9902635958846382 0.5066567649382563
0.6740401599063086 0.8562330000067322
0.03535107884934141 0.13287979635456337
0.03788185361163565 0.6289252929056923
0.2336262655919501 0.9203912517969315
0.26376419244310756 0.5829678567332359
0.6802985443792731 0.2515547247062164
0.2052000823464104 0.19630366364400365
0.6002497965983491 0.3412224780358657
0.2022341816334552 0.43451965512486
0.8830246770894696 0.07093513507042215
0.4539302124972999 0.8743194426852716
0.9362868010993812 0.7921542338789342
0.9604959885776079 0.4843696825743473
0.4472644579456999 0.056246386672021975
0.019248854152150052 0.18898661486148716
0.9340998554786071 0.21396918756505023
0.6463652544724061 0.7673249885228537
0.4145155791885029 0.04886436531293903
0.36143026150599633 0.694063268499417
0.8451873028505914 0.1580848296017643
0.87351238353416 0.18566178572855652
0.2972747869299699 0.6501303125374893
0.8531303811313247 0.6656590571863654
0.8640722453050458 0.9804301384804592
0.06285970335256219 0.6361670711546026
0.005384295447494081 0.6168456626538625
0.7882239211316491 0.14548455945232797
0.6722018644721617 0.6480961802761989
0.8419799586320376 0.7732788274570479
0.7144921249218428 0.21618624315977764
0.3902316442254996 0.17020199553026072
0.8787684097674966 0.4167092634095324
0.7896520771297255 0.2871310858778946
0.7945737635087828 0.9769948227456127
0.1987051605359389 0.1808741486725658
0.7119772213099942 0.9232965094316765
0.4854649213877391 0.8672941155259404
0.7137295139739348 0.16992693767064582
0.13761695155770548 0.21785735659529148
0.6883571626261076 0.7977008864464317
0.03446160614199023 0.3071034212772632
0.20910701879215643 0.18717629984161221
0.9284845865304066 0.009735322803308577
0.42200732808496744 0.13620916667353855
0.6064234174019969 0.3581703774659646
0.7826842322052667 0.872899068191076
0.13112441367869465 0.32093962908574114
0.45785727174022783 0.35552776253928586
0.6811007937362814 0.200339590314641
0.2672711173634079 0.5044163924816338
0.7234068355552714 0.6666881071047208
0.4328572721501751 0.06687368188335308
0.3179496811541731 0.6736113947885414
0.6860623030167619 0.6583816194200507
0.12664165685366324 0.1324444996423937
0.2799626556846102 0.7889384694517356
0.9901674591358878 0.0602102611065336
0.3559633163786451 0.8149207378232832
0.6097023031959301 0.35499102900943025
0.8586755713971868 0.8427346141603855
0.658278184046186 0.8076597650472319
0.154267163528355 0.4848118673954984
0.6117559392363232 0.0001673145577623103
0.6255381298972329 0.3697324464711176
0.22600717812193816 0.6740350640361097
0.35582409420764094 0.7700545830169041
0.7529016469503895 0.8548605566470371
0.6682441327702326 0.6258415997690214
0.02103450552524677 0.1532606653689801
0.7544869821768998 0.22845380110551017
0.9398409977417062 0.7383546137954984
0.38347486128985375 0.9094148115639078
0.9903758084116312 0.2448607334548245
0.1974678965972836 0.8583520178751354
0.64428483711509 0.36022872493073566
0.3833961414335556 0.849225449024867
0.48880859396070675 0.7643049188477062
0.7677763883885314 0.37297798638751667
0.8988141707784554 0.8820910416620931
0.2890088031790785 0.24191518243580146
0.22946253032482322 0.9490677988761385
0.7741316523455446 0.07326985873751424
0.9693999444458818 0.5462068858915414
0.16416106418063792 0.052287404162010276
0.7040529094151475 0.7233326045046715
0.9385420668234448 0.5573698170332655
0.6832456406197671 0.6966248341536014
0.3378833499169209 0.04899518963343441
0.523258372056776 0.2157464955019044
0.8604186193911354 0.6476305298103728
0.9461135793957738 0.6576056522990905
0.747551634303828 0.263433351759359
0.29312351818114646 0.8753731203697164
0.9850576269513358 0.7134159361921926
0.9186093830160602 0.3774260384916015
0.31617735626349197 0.21388039287823424
0.14096243589340207 0.7276728290713115
0.9262855885151491 0.49422506761822693
0.781386283277689 0.0214260583469843
0.7227080491897162 0.6756705325644219
0.4384446318002755 0.4806348646246472
0.3656692942326769 0.0686686589964578
0.23994613421911737 0.009272709130189627
0.41315420789700474 0.15809064857193822
0.20987235335898635 0.8598350326823998
0.0033441210144116162 0.0784791881346536
0.20708817012244962 0.7003871086223994
0.23186146947767372 0.9090279091363784
0.2645560718827502 0.7661336927145248
0.30094715842784825 0.016015737978316125
0.5312759962785529 0.8670108486043042
0.9626256567470612 0.2355649080916431
0.9505915591574703 0.5317679292745594
0.20653024493920946 0.8463368912794209
0.5357107817825788 0.8959780740489016
0.13010675481181377 0.8931763086885698
0.6380559654953686 0.9104319564864127
0.622251525404921 0.7854789261371746
0.1456820226976887 0.03951600311383152
0.8077523827445445 0.7633016523297707
0.5447328637241549 0.826143107234212
0.6870914702340729 0.13452399042238805
0.5800930450448449 0.1808441626392825
0.5914670444034218 0.71917718240766
0.5137024589202388 0.1189611700307398
0.5302963090316584 0.9628626228913386
0.41273079389331824 0.6779013277387944
0.536678670722657 0.1386257351930118
0.4267036796195407 0.741731271829996
0.03770428703378981 0.39597369979343755
0.10906321651201689 0.7596436039434389
0.8117943292405709 0.712453402262208
0.8398309770653454 0.38183229437059385
0.6311370452397334 0.9033558608086414
0.40050656657332695 0.37676171060581565
0.5126905392733598 0.5017950980856325
0.32578001106336174 0.9622394672295367
0.3195267145452769 0.8372333821763756
0.4632705924880829 0.7633568312428196
0.07661610676832775 0.1358815378455982
0.7261723299393086 0.9285900038292574
0.2504612276645162 0.048124448312569124
0.017582299437693516 0.45725981292702533
0.6384387902441324 0.7103669114297118
0.19961002165668207 0.6764702228450865
0.6324969888017837 0.5857328012782397
0.913220984211438 0.9850796667087673
0.8995381837383047 0.390703713283052
0.4859008804516669 0.9566613373859978
0.449095990793154 0.06841869096509123
0.03966211703475886 0.09125738097246328
0.31416270391233114 0.11234007671124857
0.04832176598551552 0.16814162150913803
0.27702680000938207 0.00946393005896451
0.9246291428841167 0.909203774273186
0.39869180753620026 0.6070880488068322
0.8573227008302322 0.9458213498955899
0.12818864715207412 0.9129195288864411
0.3204351553935523 0.5482653541687941
0.049050103012069135 0.033944165640697355
0.24897379415365006 0.47112418661183764
0.13431423229308304 0.9050151540313596
0.09823498151175736 0.9220004327146987
0.7448152703263924 0.6237020168316414
0.2710282362551464 0.7561224222438745
0.04987819501780133 0.6797280975584372
0.7537914348488419 0.04393103052282066
0.3475495590551827 0.7773059338415715
0.600792682809351 0.2650375035226604
0.1673368580958534 0.7644134645897191
0.9791059907247215 0.06034712255909369
0.4383722935339287 0.09209388316607603
0.933219678948304 0.007044450240194067
0.8475520329172344 0.3401959234148506
0.7262556543970455 0.06775334897291474
0.8917983820830311 0.25209178603301363
0.24534737388566397 0.08900652358476857
0.5105373920900294 0.06573527235819254
0.1316063297761676 0.25285531740029543
0.5114740638563557 0.5294826076549868
0.5712194613466997 0.4605327365939864
0.9402438667852875 0.7278191846853805
0.44026225995053436 0.7719871577225574
0.5841387820366553 0.49468890934160337
0.9439301661288182 0.8723811556418282
0.3701985182336758 0.20144940087579188
0.04221208795799147 0.06941534773842939
0.0015211610989913638 0.10015025013780399
0.23333691506127763 0.07967452608662762
0.22115848033553132 0.9961512216111621
0.14370113432539555 0.7005778635563602
0.005944476396759768 0.9119088431535978
0.16957809732023144 0.14466780968451043
0.2638276250500635 0.6651064842432146
0.3666505675348668 0.6662728619624623
0.35216388987042535 0.1555064577392733
0.11172738734432541 0.48022238134250395
0.4597020617812331 0.7071502461208481
0.6956340172902324 0.0562181265174142
0.18145186894878496 0.34471860718797087
0.9152777749851091 0.6562806709241225
0.6880307351628185 0.5643259689424627
0.0015907229921943156 0.253446427941717
0.6620763810041055 0.743915130307462
0.25409446717969963 0.6135489636503602
0.4817594850109781 0.6345101667429525
0.2744627482195845 0.7825751620991117
0.9044707189299106 0.12115407051492211
0.5714992068354101 0.7196786676922811
0.3397478784224113 0.4952622167875391
0.10323822800110838 0.12289452582875415
0.9452104144812412 0.5267786804414223
0.9166799761433682 0.8807697628319138
0.4214161106144436 0.03495912110816435
0.16469360070640793 0.04371324557343437
0.10775152812054944 0.4544166295072698
0.5869266103325024 0.003921181001777629
0.8389736948486799 0.025157800363608374
0.05536470714848596 0.5289302567156813
0.5963282142520823 0.2548303242391319
0.5314436920225021 0.33417675981368133
0.9333417515834739 0.06067033841395819
0.41188981552214887 0.4178436129971601
0.040238866147644714 0.5378055660860048
0.6284247908030856 0.03988832251776109
0.433184122065168 0.24748653865985437
0.6522074816065511 0.7531872491600824
0.5575604264218599 0.26269967674328143
0.8990495132561545 0.33122538468001217
0.33615978787208434 0.5146609286855797
0.60401223538465 0.8185839078625448
0.5462842540984303 0.7708966843355667
0.8676955785074527 0.4184731465676468
0.016240259733746543 0.689638241858731
0.09524405610262576 0.8360523892096707
0.6709758661273852 0.9733102745370268
0.6636269643013673 0.3970106049896527
0.7254769728180483 0.3051812277497703
0.1806796889659501 0.26996757907602476
0.7779094832190772 0.6174909749818649
0.2393665807190164 0.6217068969467303
0.8029210946263963 0.4844885646415218
0.822428990109783 0.29057921572944356
0.9528151797918949 0.21180628508046384
0.09359374526137954 0.39555707687851016
0.5392971894346912 0.8702815105796793
0.8490921960774225 0.8528662271745902
0.41633968325231363 0.8603085873910754
0.8794608614697921 0.11903517970861088
0.4744191975109473 0.5690100535807368
0.2253486635915074 0.14179726844695129
0.19616495133379286 0.9042424512716236
0.4120059003883747 0.2209787649726378
0.9638824701192474 0.41673875992690124
0.2024608271319095 0.10825439642012324
0.8809174671531017 0.6107451708001208
0.3159218355317617 0.2649079937237877
0.24068023799719573 0.21091322027089232
0.21203825949121802 0.7386939328742805
0.698061808712156 0.3303027401223315
0.46870662245758976 0.11350236061746988
0.29611521243977634 0.511427580508423
0.5777090671674212 0.1915219680375193
0.7258124581429768 0.1294208800043566
0.8607520923147305 0.10830968754482306
0.6530868904092595 0.1856851620433304
0.9225396291838683 0.21746160355456023
0.5983186765148156 0.07605913503982409
0.1963145435378626 0.12393336014446477
0.10570231048541068 0.0942351027458681
0.520781109619878 0.3738373634177603
0.6460269438984669 0.6224288765964321
0.012902842496515188 0.33392260497292847
0.645687609688407 0.8508766136505461
0.8659785431382525 0.7398814544048451
0.1386342864646517 0.35548762430840375
0.26819228619530877 0.5536414546698072
0.2743264685310163 0.29610357093059103
0.16642056328286525 0.49819764111903075
0.5947884653070932 0.16874462974748705
0.15833226884883445 0.04511747799223431
0.647328807115856 0.8171212697852741
0.26968287923454826 0.5234861657349381
0.8777011900921079 0.7620066498876998
0.3876201389952214 0.005949946262248318
0.8459142483522464 0.3191222655018904
0.8868410734900494 0.26810522112226387
0.9798228569189653 0.2218471254352239
0.520260617845496 0.49038082863669463
0.8872545134326844 0.6838204587291086
0.967407594377383 0.7661714551567553
0.4643401446438513 0.9418367137085202
0.7291093481131876 0.40807535883006274
0.9988985828868189 0.9458149756652448
0.8431136814417899 0.04227146927229608
0.8815736538124084 0.4573267657062796
0.6330113893853875 0.26567530246196047
0.09835361171301238 0.33566377898594046
0.20789986220853973 0.714858787660656
0.43483857427880857 0.3865833044547007
0.18952175765398493 0.9816446738891815
0.18149617517555616 0.17388310545976227
0.13265665513455382 0.6068350881991851
0.5239154870268741 0.028312852842461655
0.8705515872361935 0.23757983620856016
0.642622942140683 0.08534780401868813
0.23265180534635554 0.21357374089928172
0.9165745587411132 0.8655156973705407
0.7882152581155579 0.45001078401407524
0.3407334341031696 0.23927182862292584
0.050314660274572764 0.09259917906755377
0.707511011010405 0.9234542398008541
0.9066625380166737 0.34089432666604247
0.89899134647098 0.2851777032618483
0.5961125839571839 0.688010489612751
0.9748568286396779 0.5916519659274915
0.3338945970460565 0.7463871256789187
0.7080505529475858 0.03243138927652489
0.18963427990190795 0.13571070802135043
0.19527629752945264 0.04711120794693335
0.8535853095906221 0.15159430814143438
0.16370196887826127 0.19996530273600954
0.5380991068042245 0.6489608449685498
0.07156550843175613 0.7937649572555656
0.4827693188112514 0.4930485351298888
0.8727194305500823 0.1351550817348961
0.8190580912394974 0.312250749319805
0.8512233708679253 0.37401646948168055
0.9159471703875326 0.869209080643708
0.8627118880759894 0.9209502802708978
0.6438703538582642 0.9013380067031145
0.7368258252418312 0.12039829934001256
0.8014439031336325 0.039541589065788196
0.7223214943932206 0.876439667246514
0.7619227623088936 0.7546538719104712
