10 2 100 5
882 802 847 1052 850 865 997 911 678 975
979 678 877 899 786 916 995 1022 1008 821
716 808 990 978 864 973 890 1077 1006 1064
684 884 986 693 987 1017 1074 775 1043 811
1059 1045 669 788 718 845 927 934 1019 906
945 1073 999 752 918 1181 875 853 878 1103
1026 870 979 1061 1349 1305 1466 1016 959 1097
714 963 932 1478 1357 1284 1271 1409 893 779
885 1057 1109 1429 1499 1046 1033 1020 1282 662
970 1210 1480 1355 1354 1407 1029 1037 1130 1151
6 3
2 4
0.8004866630833385 0.8154505821072093 0.49880695362099525 0.572876107715929 0.26928325422481647
0.9115687131898833 0.0018001105957461405
0.5604335535553118 0.25970288939128694
0.023362035914282542 0.9003853937881838
0.5448438810667366 0.533266933772574
0.5041649328492761 0.9567111031341236
0.8856067012050195 0.21334107237514144
0.5470165691706399 0.8221903931428001
0.9488302639314605 0.46680494199842304
0.4800309409146233 0.8781029930028792
0.7044310086359629 0.5368778133765391
0.4673718748954203 0.6010212611596186
0.6750599816709069 0.6085838546804501
0.4007375942618221 0.36074955630726113
0.6469027832741641 0.6535103015760448
0.7637111987855345 0.19214211497817923
0.40592733123032 0.8141975349783503
0.04584124617454566 0.3570519774548673
0.84284912456334 0.2717465778659096
0.5534772472769023 0.45793606360150063
0.14298735177430344 0.6784408103344648
0.13726140711450596 0.6360982953521586
0.12094336841836695 0.6048966525458399
0.9828689031527316 0.8202966610158393
0.6117231428168406 0.07568615645161714
0.28808804426320345 0.7080109101344132
0.18454302352616425 0.400970783666164
0.4777983138704571 0.8740358493929667
0.7411351204278736 0.917872539627367
0.9307281294504945 0.42264157498374577
0.9189426963081591 0.42684054368718316
0.8878623566634964 0.5793239617541759
0.14877316278374098 0.038264880976270454
0.5428674382089458 0.13386854137970405
0.4003657941429306 0.3902140961399543
0.3809909013321713 0.0020822558485369402
0.5166097471057685 0.14071880536450831
0.623850741334991 0.9494314102921504
0.7911013819091373 0.5618006298951064
0.5428662783967024 0.9493462872023879
0.7206659354216207 0.4031395761135119
0.6906094194239092 0.5371493551695274
0.45556986253875187 0.12942179615864946
0.5856231481274607 0.8635572364920352
0.6307509785401546 0.6708907748629269
0.9115592004117599 0.8878772326645512
0.6818185131074788 0.4163354939747368
0.1180551719011067 0.839712776358106
0.9776670956967124 0.7797723078811716
0.6647691032821685 0.09583076015866077
0.9235622920112658 0.7462881357771913
0.5852865186320011 0.4105320970414912
0.6689945912124626 0.09485877083163308
0.8898922540129564 0.14634268915951298
0.3433951326728122 0.2240632711924826
0.4556741327928602 0.9976343115925748
0.9556140895484033 0.016133501529961736
0.31871633973800995 0.1457570885118913
0.8188902762753203 0.7077743957832521
0.14314561984998275 0.3639074755911811
0.8832411819123027 0.3441471625572483
0.7721101118385056 0.8907322962828121
0.5278903824716019 0.30754623513208634
0.34878352360509846 0.3607853456125514
0.04313203492698925 0.12791509559023417
0.10799565643854181 0.44262144495423894
0.1148292587604367 0.8333279456718272
0.043541313736567666 0.11791660195931852
0.4154390845876683 0.9078997172344532
0.34678376132609556 0.8724128462182736
0.10489632682748984 0.05964903576719682
0.009954318405355878 0.914466781884119
0.7390974273726836 0.14239919747302676
0.11029064159451285 0.9909642947692592
0.7189150776004463 0.7064895237480457
0.21401935833538666 0.9001704087190585
0.6685563159785834 0.7275878557448787
0.011434143786875905 0.9107212689491542
0.8940065893420581 0.8900916393100453
0.22381524203803727 0.9263875703165814
0.7301715695880648 0.7108062917096589
0.6004043170374407 0.08927205406036509
0.04644361331114055 0.4171282000793761
0.9118177955662674 0.13939569733629553
0.5326661141253175 0.8427377948935499
0.8086074752893406 0.5986990063701738
0.608225021583757 0.606906233016258
0.0073864452911838185 0.9328478854698283
0.2542797349010033 0.4457294346516163
0.7934161518029952 0.08035821282017785
0.8413974054004405 0.7902848275309027
0.27048072440226245 0.9893348467640541
0.9442817972901529 0.367435587677416
0.9756408913767027 0.9713194701673946
0.2671386406335472 0.2766831006378465
0.3212602179322914 0.5849494693771993
0.029347988589828677 0.8813582085784946
0.12268211523476746 0.5896489499584185
0.192881760180728 0.9020500821151709
0.5012504183994457 0.2272846834032205
0.15518911633848687 0.20859916458401995
