10 5 100 4
1051 1958 873 1441 1680 1851 654 665 820 857
1584 502 1920 373 1362 994 1503 368 659 2029
683 732 406 1128 1877 338 1627 679 722 2025
690 440 774 2006 1082 391 1805 1090 1226 1876
1891 518 547 1879 1078 1142 352 1520 1007 856
2022 975 821 1034 521 1139 652 516 465 880
523 548 564 1791 680 943 389 1399 542 395
543 346 601 657 464 1020 352 1704 1532 1671
685 653 1880 581 1075 833 463 449 623 423
845 428 1834 429 753 1937 1588 337 1408 1556
9 9
9 3
7 8
1 2
0 7
0.523908505008847 0.38114433364213274 0.994311086214112 0.8753712127543916 0.4427437909969416
0.7606181570965342 0.34431385806295567 0.7254100069055112 0.32741093161049367 0.41036890643917256
0.9989779774093992 0.8770833305443135 0.8353966277881888 0.9287333992626947 0.22581052070257554
0.5247247945815227 0.6670374535961308 0.6711682924958462 0.673636518439297 0.4666504121037143
0.9280873229656836 0.4822439005872281
0.12422116264828298 0.8078886738736508
0.8975989273304468 0.11493374545075574
0.46600411565822 0.617195850070019
0.5216009985104209 0.5513276923305999
0.44539966359693683 0.516722701410768
0.9580581145504734 0.4705729669109191
0.6160627203971993 0.9262291083928833
0.7013699413369592 0.6038207938143547
0.5845389244037125 0.0356680521207573
0.9012653045891659 0.6131508120267477
0.40008424686200716 0.9826757068293197
0.6011200813563806 0.03991880230807343
0.5392231591701364 0.31870396968307046
0.3519956083194131 0.3146449459947165
0.2888659265301887 0.5933003060579127
0.29719827403720034 0.6649793710154803
0.33420540976743784 0.7137398124566734
0.19430601745321963 0.932247980931419
0.6065287904208787 0.024820191170639827
0.008800410913788026 0.7576852286600766
0.2980893234376467 0.09591597568989774
0.3797543642792449 0.5814608141371693
0.34632937182741674 0.5642741231505637
0.3068473731555079 0.40776474910348015
0.6471134794742517 0.7490240624194013
0.3559808781030045 0.8943099213350092
0.5758589895347752 0.18045815570113422
0.2935306125841979 0.9773812095153702
0.5010244099963221 0.5718965218348155
0.7835446739525547 0.681021482158555
0.999286655093347 0.9368208192695939
0.4766828113797319 0.7987715294390587
0.5384439216676025 0.936263192549672
0.09592115635172238 0.9348038924600686
0.05876478964717613 0.13557481831356122
0.2626930342274896 0.59748415177945
0.1135687002204353 0.8456244980860101
0.8092694134863265 0.7752627999019395
0.6612901654353425 0.5083237549411213
0.8595354311498566 0.10170826402776378
0.30918842196944185 0.6271811306555231
0.7528211588115865 0.10070357902613658
0.08506117096937071 0.01753559377743419
0.18805128973872698 0.06747915177067587
0.6140041171039132 0.5621572560551775
0.3998835374854104 0.2545146707957118
0.8894536268564288 0.04216918627841437
0.852252154206188 0.42984284666347383
0.5580173465251024 0.7186534865717433
0.262459446649268 0.7181941015947662
0.8359620906120693 0.5058048135720932
0.9121386527212012 0.9313122387589041
0.1427113050517521 0.20641350158251193
0.7769866196990347 0.30832797908269294
0.1324327954829292 0.010565615499700254
0.7735208047797337 0.1648447491144398
0.4123370011394829 0.963525451518058
0.9487957726838709 0.7547479020815455
0.6955983381411597 0.33673224594360973
0.7716738391726721 0.17273843676781375
0.4174791731452563 0.86062134172853
0.11387260083826956 0.07674755563428293
0.17291265803732903 0.7722611900305574
0.08392543644897388 0.6295873226667486
0.7393968720256259 0.2931998581716273
0.2719284487574385 0.908997866013399
0.08047396598832379 0.0053293862129548675
0.9155028178443707 0.08540249110892573
0.9844817557128698 0.4677848794070272
0.82013053733148 0.5231728524338761
0.7493301623206472 0.7041543915243158
0.9777045723762463 0.8910580480394081
0.40592556831461146 0.010258150150201262
0.4408635093520592 0.795981022859994
0.4614699823954218 0.17839018296120135
0.08732700029770046 0.12981531913008526
0.11044858085295473 0.8710718352865281
0.1155431869753123 0.8037452901481854
0.17965054330942265 0.9010075125639578
0.971059519271839 0.6485195754034914
0.7109575204288494 0.8591856200550845
0.9412175116515207 0.30340190611496
0.33466305957762343 0.6864432446865893
0.996439752268288 0.22245951811727105
0.25370964534228246 0.3635951278517242
0.8208981488025502 0.937354522136596
0.22918689659812697 0.5954943835175117
0.6698863160553781 0.6910620366804447
0.5148282521181717 0.31309181112529094
0.8707028453894359 0.4585914631026111
0.11573848372864104 0.8718584094825996
0.5677981195668169 0.45595667997746525
0.2919105488832654 0.6921909555122947
0.43932152290712856 0.3387393194072761
0.7194375423697765 0.5816894994249766
0.5959465984106807 0.31378563955786976
0.8466943608880837 0.43596257401452676
0.9613562793550008 0.7379805503433439
0.7094145284188433 0.2131429857578404
0.09568193670679914 0.12675415806757195
0.6675909932660937 0.9784938425261567
0.484668044400979 0.2988676287078458
0.08747740705441087 0.4957485323110793
0.40857069383931766 0.19722990039586752
0.035399591135539366 0.19556073719250033
0.7547628189822986 0.08772793081667185
0.1506414807228651 0.08461524233890749
0.8396985305062283 0.7853417443856039
0.5627325962545606 0.2629920639066934
0.42638738565877965 0.18824318030154163
0.23066963382434924 0.8318983831665152
0.7478098152500665 0.7807032832322018
0.3114937232735524 0.7306827911255114
0.500832568982565 0.5544507203871454
0.7030335231953777 0.9207965811709709
0.22333972429436066 0.714531675565232
0.03332037546411448 0.4113577866478719
0.5501739231943763 0.2338828830675974
0.34621090013649924 0.19207207074383215
0.9742867274326554 0.3357807198118088
0.6991282892881823 0.09859344130549186
0.4856851643365032 0.8532311740500664
0.41396966068414054 0.6607168640400469
0.5484715967558096 0.3083202330835233
0.05224206377890783 0.33381373499821065
0.9112053222054166 0.08347668361492677
0.2029028431619746 0.20405272114616713
0.5474896104323677 0.08648975624607957
0.11206737411214696 0.8854074779097847
0.023607069476230036 0.046130394032965594
0.042235445860848264 0.6548271291766132
0.036657158126589984 0.6020658862196062
0.5144092181958402 0.10822560641059487
0.9727838977465 0.9390020035103612
0.13148416414380448 0.03493249359664974
0.7976462345554551 0.7976823006765312
0.857220351433422 0.7375913260119134
0.5682957352874178 0.7333352566442823
0.7939751440489577 0.7078876146167086
0.7987263688018438 0.40491572046485547
0.7577812729714353 0.3658195477024935
0.17578194780936318 0.6986735990956365
0.6051381703893723 0.8021994145795515
0.3306569786070124 0.9490487883559251
0.936604061812828 0.9665992982111398
0.5759566753053009 0.30569895368301814
0.041656563560744875 0.3395217908100039
0.19113604315554977 0.8667917594464574
0.6394779570824809 0.811393444673699
0.05078391687187267 0.501166314898398
0.033432001019434665 0.11394789690343332
0.6568535086276632 0.7081430894779608
0.15108024977924028 0.4574006060137421
0.3666503721845007 0.8109272197572606
0.048328668674699315 0.1734268777659007
0.08734319524075196 0.07845392312202337
0.41777880714541227 0.46829598909340375
0.2681728995436856 0.750869018801144
0.23384704871685136 0.8265649510726312
0.39241039087857765 0.9278243568880442
0.36136800708407546 0.9628053885810184
0.29859145256521313 0.22190330236566358
0.7571573832136747 0.7950148548382818
0.07718800091306677 0.26138922970575185
0.6547051667831947 0.6141899160393829
0.2906205413648859 0.5371861430514064
0.1645583239654258 0.3852547200652019
0.6751032911300592 0.619222899529321
0.13399319086472317 0.696365246538668
0.8896770006175645 0.47259519781333514
0.5882098097172013 0.6049760217902715
0.30932010810085453 0.2964351742505762
0.6515351710956694 0.33216971771294657
0.06417088434126583 0.7311208913636762
0.7032315028402609 0.9399467755488029
0.14775338994181486 0.7572463777975276
0.5543377008514756 0.2161097299572523
0.1329145285123423 0.7459874240670354
0.5410977800529695 0.2745133566226443
0.9454758803772108 0.9174644840646093
0.8482015370308482 0.41610069028131824
0.43436076346761276 0.5042514767030764
0.9341937174102437 0.34169210112925263
0.39805418269473347 0.11600235414442706
0.09577429209257704 0.6636988240561654
0.9539833070904753 0.7188771066571149
0.3070201139602351 0.06984363405625027
0.31002661391864317 0.9954371214620961
0.20176280381827238 0.24492603951123337
0.013199107488541362 0.8622118498726021
0.8069753852937667 0.9045643281566307
0.929210007195211 0.24986547655181668
0.6707372189214125 0.7823097216568775
0.36925562034520754 0.058019701499543164
0.4093848245239715 0.5232613931760153
0.48355178595587667 0.8252849563368576
0.8541673478641385 0.4024563445671423
0.13192109023472387 0.13985186984402076
0.05585190195410927 0.25870300585271977
0.3011964704394172 0.522645729994712
0.7780402656896976 0.9604329709224815
0.474300503850285 0.7061437510690063
0.592710721363277 0.25846309355498853
0.6792425022798441 0.6269799570976169
0.3108250360772036 0.6742751957143132
0.6473230538100978 0.11858570081913777
0.6723861158294735 0.944112657505302
0.8169258084828717 0.1974500839028832
0.23610245873256885 0.9274583956814513
0.9364824518067434 0.851333933440531
0.6334337751088732 0.6715587650924746
0.15046170519436397 0.6652820959441716
0.4320643140818021 0.6764918794299879
0.858877241036351 0.7993575190132722
0.9329225061796989 0.7169732286435515
0.5547403862135636 0.5469178142268538
0.34023370004961695 0.6981191299585261
0.14272142924690012 0.34542951099275787
0.6625285119603359 0.7511474033087406
0.5540020680029338 0.15143637020533096
0.39690052687728916 0.8079999328229177
0.752031840054685 0.9185116920904091
0.8879508376263512 0.695255113341877
0.2061714621950923 0.5792236668770987
0.7349551803531975 0.9548378603435095
0.3516774387987358 0.08462464831443883
0.2652873923726178 0.05000560127482312
0.3875220073550778 0.5723237991169725
0.49266363925768064 0.9545401535538731
0.7388953517255155 0.12200029668950263
0.8610843019102157 0.6833674431558974
0.7154233213922943 0.7456445709988138
0.7124168373177586 0.9109154617747324
0.4045994905059125 0.6971505248007088
0.8879233614093047 0.9017010367537361
0.4121296241117669 0.15895250736902589
0.9793255043343654 0.9851986751458359
0.4296681960329265 0.7338830823060525
0.8980307396604912 0.9891867897865003
0.898337326804602 0.9016394162757251
0.8143596273993057 0.41899312439496406
0.548461641874034 0.2754727325659456
0.6345921998340072 0.7000842201342914
0.12553661891036105 0.3432510712023207
0.5974469215180456 0.03195829057593724
0.6296231007557713 0.44970282825799024
0.8256834969203526 0.943321419686616
0.24011188081010215 0.5793250367853693
0.8132171317704588 0.951562203912292
0.1486775794419617 0.5765236089441712
0.8764685604783697 0.8358561107044888
0.07954393479132649 0.5545359141982946
0.6662683349506875 0.4666824630815716
0.9752853493930163 0.783997302367418
0.4914031721559107 0.11643408336304262
0.7020553828775022 0.7801272669363701
0.7581731910703478 0.27780227899611964
0.06866736145437247 0.8371117525136995
0.6683893572921404 0.40545279928682887
0.663439026522253 0.026869689254664486
0.2052592025844142 0.31397944177356796
0.4190177692338606 0.19803475379944713
0.32091237039923937 0.8613721448899585
0.34128679515855076 0.12638747753674862
0.6328850385054796 0.9825158603639481
0.058837507263005184 0.6774129726555076
0.4108402990645943 0.6985682250344178
0.19543324047361144 0.5479572710481548
0.729219287522703 0.34130908587259623
0.9902011267240864 0.09973619766355202
0.33816778390476987 0.3988360274560607
0.002433495049696477 0.5968679197368536
0.5580427881815964 0.9048514416604148
0.9618048231647613 0.4935413806164164
0.3630160268417584 0.7419317190518815
0.13060919810121074 0.5874807619308728
0.5594536823957015 0.7267223031666816
0.23058040139279834 0.10731692752471744
0.2623650213327742 0.49096242600427775
0.06617940908799813 0.5721038418152391
0.6697048630559024 0.21229269263308037
0.9986490160066612 0.7385373360481966
0.12191043254730549 0.8771529909301432
0.7360252319281462 0.793584641870086
0.36858236141291334 0.576180099608474
0.8584690070261267 0.060953957175677864
0.19669478841694144 0.11862369492026081
0.8043808974851294 0.7333321930474617
0.3163609307995465 0.14652847059046348
0.04558734698903155 0.8527135081032471
0.7080027568641536 0.04274665138395295
0.5132887099843952 0.08561990516833973
0.9333652570000499 0.9819789880523453
0.45999677227822233 0.8017321923759022
0.7146260686943648 0.7108493728882761
0.5945567143215349 0.5273549366890438
0.51366761268382 0.5489502938688922
0.9849755526563244 0.6730199565912485
0.07706729595498696 0.3479930018444246
0.4851783297376264 0.006761149707816605
0.20920524553138753 0.8565761972050523
0.9064773875279852 0.11250720489451016
0.05636294661938224 0.8412643535914985
0.10710901450438426 0.611263372719713
0.7986448936342962 0.6777474979238971
0.9584159661498657 0.6979879109595033
0.8859704015605523 0.3316729457694887
0.5186156219258824 0.06949594408544657
0.4803889916228936 0.577126924727084
0.08144256372935033 0.3307055422509051
0.5866490065345409 0.3207469818874813
0.13717798084747712 0.29494069478217466
0.8943432444538042 0.7837561988490991
0.7127086191267011 0.48670275566192767
0.9537999924158282 0.4959236883010405
0.7943889509247024 0.21897628903150856
0.4438809347213635 0.4103663693300299
0.5591366563331659 0.7365277582676053
0.6305625924250191 0.43377347376698605
0.6948397795512713 0.4829013896762999
0.9982806821383052 0.8636315598562643
0.8151284507999133 0.9508698155176791
0.5785497668113051 0.30296837093617346
0.02251639008164097 0.5684795971968957
0.8465408477106995 0.4918941541630637
0.1412847020177126 0.30725986840656816
0.8521681923604614 0.3049217142003362
0.39955698137174567 0.7993454395016903
0.5811683023180998 0.9777520074785337
0.016438376384565023 0.5437082180548021
0.16402646616922856 0.9569631432830012
0.38485005542139006 0.37765336035720454
0.9954788997457935 0.3914684783449245
0.20887227202954395 0.25048958527698884
0.23711523146611135 0.43809340923588036
0.3493566108133461 0.6459225333307839
0.2824023021516493 0.2287592688347082
0.5794437890480475 0.11670438743997913
0.9285400604047462 0.28957377680647167
0.302358789453292 0.7827751814626394
0.07986531908217942 0.09645734763967395
0.6706625357666807 0.08869186219928915
0.13345994236741432 0.07728771464551198
0.2274960378696329 0.005583031135193428
0.5422170097809675 0.494997448222839
0.4525432993562706 0.09330536475534679
0.05762254408888445 0.24040464520551907
0.44066849081469894 0.8801554894922998
0.9987154370222837 0.7961406118630086
0.7952318374169034 0.8610853417313766
0.3251337300050914 0.7033586240005885
0.9057844236504404 0.7760575323758008
0.3266562087088405 0.0394426128769112
0.6126582342452982 0.32408647374345145
0.2801375586229884 0.19774566800562154
0.5818383521967117 0.6521625182807766
0.15487329913505343 0.7109804975496821
0.9334924116410073 0.7936741085952479
0.32039399971697424 0.19950813958949531
0.8805469645868587 0.16857548537605394
0.31956850683115 0.8180987314304313
0.7834872958770782 0.5217962816955419
0.4546805874329318 0.3909829655649306
0.4043869882125122 0.24794419288803882
0.8883546975362464 0.006601125006100883
0.7468511092085486 0.6970801614655779
0.12205564526270063 0.7188466295609495
0.9356327963585798 0.3664552942909085
0.78132972089739 0.39909712081067816
0.5100243026312359 0.4285555534271701
0.7118629979513689 0.06766474343272622
0.5071714383757053 0.7715341961178981
0.10104922551341078 0.22233452045652835
0.721766395819059 0.6634736164918251
0.4191918137478774 0.7601556388527206
0.9857250855368427 0.4933512862741467
0.7112381325743375 0.43215394602637414
0.8712027886903202 0.7394615990681652
0.8614616898395739 0.015911099854086563
0.23848708158870457 0.22823813662977344
0.7546341261230822 0.22570173615312084
0.09744064491801674 0.22720635150180124
0.9804884888252599 0.4268933228784497
0.623351842393961 0.5573996080687884
0.10537717036200744 0.5223081082946037
0.9955222804740917 0.8688752022432245
0.2738072537158742 0.03564646533392479
0.46597386163266385 0.17028370819975502
0.6193357982028769 0.11959373713059773
0.04597541809526273 0.9021133082351713
0.2567008510440212 0.5609600104174091
0.1807986492362912 0.8720726409329391
0.9380687526809353 0.9473394443412402
0.37372172862714614 0.47186825992557524
0.5078133353293641 0.9245253406089475
0.028588215101100323 0.4948407486814228
0.06934666000898293 0.38299918528723054
0.5729066427984282 0.6912930157703281
0.28497201207923184 0.7117756421757371
