10 6 100 4
749 763 782 802 824 849 878 912 954 1002
764 782 800 823 850 877 913 955 1004 1063
780 802 824 849 879 913 954 1003 1062 1137
802 822 850 880 913 955 1002 1062 1136 1231
824 850 880 914 954 1002 1061 1137 1232 1358
850 878 914 955 1003 1063 1136 1231 1358 1534
880 912 955 1003 1063 1137 1232 1358 1533 1796
850 878 913 955 1003 1063 1137 1232 1358 1534
824 850 879 914 955 1004 1062 1137 1232 1358
802 823 850 880 914 954 1003 1063 1137 1231
6 0
1 7
5 8
6 6
8 6
2 1
0.7986348537282636 0.5879812298027789 0.9485149956401684 0.9697208288567214 0.32460093797475087
0.8058084870895104 0.38578052300260524 0.43328672732785845 0.8118500778771556 0.32966331908456004
0.5847362448145366 0.8556557350697798 0.38607574648561666 0.49086603745894164 0.28683186967721697
0.43876376885821644 0.5580798960512916 0.7354781641035313 0.8682775616457308 0.3923639225360639
0.7574759765967924 0.5772421051890777 0.6647816932429063 0.8360467979580932 0.39874008815599393
0.525008366788613 0.5073127593322935
0.7537558798597399 0.9911367881984741
0.450875379689057 0.3707431630696949
0.808827994507614 0.7586986793123165
0.3691970047464743 0.49447782252705497
0.15147798123723533 0.4493563487408021
0.14244154011453425 0.37307304781951345
0.09327763756233187 0.599142060580117
0.13520077918845508 0.17164820312277507
0.3672681558850779 0.778193270584699
0.7079813242904229 0.13262033262431872
0.47123220163816226 0.6738003167531341
0.6682467574040734 0.7326536850854715
0.361384289307336 0.3506494811954832
0.9647419259980259 0.5642472183578133
0.2601707354831395 0.3458167652048658
0.8812235463614644 0.777417947382764
0.7068104119825611 0.28371772287775676
0.18840250462210006 0.7973415161429529
0.819598663984719 0.27304318771013447
0.293816008760325 0.1506590106173089
0.07265915842228732 0.8507693387403812
0.1481405352578853 0.9622420470909014
0.7053779805844098 0.38672292743272374
0.36943656943467773 0.26504288447638213
0.6337629220708583 0.4582263008556162
0.8129671687848639 0.006514022010046583
0.4251179137470631 0.6390980858846256
0.5826757771219495 0.5113029603530035
0.952646898267099 0.0642082141196183
0.21540837902126686 0.3468096952053208
0.3563970666831442 0.7322570913841511
0.28610113603773146 0.9489495786219106
0.1751976553548824 0.2913105498129742
0.7460047752430945 0.51581343369338
0.37579586859299385 0.914283972400258
0.30078759575168124 0.40288980318440926
0.3053696824519294 0.5847321438822768
0.0275575065087601 0.06172860589927032
0.2885412303198378 0.8820009309647081
0.05352818033608586 0.22688482820670153
0.6922844278646263 0.47934229458387523
0.6418605302912321 0.005142319369137338
0.730490082954312 0.34584063374185825
0.194767690621384 0.5876939938253456
0.5316041896178885 0.4370409121463934
0.21533263280070103 0.568090333371595
0.029827973354359383 0.152436113874443
0.02165581062693689 0.3665341594698901
0.23239390800741844 0.6301631140648158
0.706023045617908 0.22209770744588497
0.35973783661032366 0.7904469492400645
0.3191128224800921 0.00688372919766711
0.6766414787094117 0.44010820322478317
0.6480355921257317 0.31761953144978605
0.334396794948044 0.03768044354090616
0.15625883712329625 0.7695513943015477
0.08728840781101965 0.8822148618611234
0.3646254036718184 0.16855785091360276
0.4946257576814217 0.17747909998071032
0.07890940817691061 0.42326409091442985
0.6514856143176728 0.6788284195611083
0.5935524617139407 0.32569842260423854
0.23058377929232066 0.2527218218525482
0.11344218050933996 0.05063878986862447
0.021637381934753952 0.9498523553767462
0.6823099855052335 0.3859751691269693
0.046411156955391775 0.3539713357290464
0.926615592676375 0.4433253572331024
0.7082165390621189 0.8964295904070836
0.5487191113570924 0.2649500603866237
0.3032444009192876 0.5310019116348139
0.3393579564268543 0.7490904228537856
0.17728091684449665 0.018238134163216735
0.17888965019060543 0.5450373655679275
0.2603774346330281 0.9552138427187613
0.3736004661329886 0.30299877854231094
0.6450048494707952 0.00025568213248550187
0.1330170823343786 0.19870568697618696
0.9846164920098215 0.5067505254388267
0.7881707601324388 0.6986553632430608
0.8683523017432464 0.5401765672925558
0.1715862078941739 0.37398947430000384
0.0421550955981842 0.4523781021467379
0.27167318065563073 0.4509698037537362
0.6745695540624397 0.9383336440871402
0.24344110919689999 0.6360290501803938
0.00804907105976893 0.8011726518884568
0.2465882596516622 0.0784273565285667
0.9063784638611856 0.5339491260587705
0.2105432473376896 0.8739244421422909
0.24822026375865147 0.8396370795373367
0.8892666255258259 0.04788356763867019
0.47768275404482297 0.14888403028981712
0.38949180074563006 0.14312372311207966
0.584682912941447 0.6792118615333835
0.021840274162296502 0.580199314571588
0.006323158800637163 0.472989562717274
0.121550671619987 0.27920350498926694
0.6717082795224472 0.7687946271436548
0.1276059955592852 0.10549462563786327
0.7803674049647038 0.06459840995182664
0.8569697372068996 0.6580341689671965
0.4278766389500943 0.19565918997404252
0.26588468167293944 0.002117404481036589
0.4376055228187343 0.34251649116454375
0.49777063688694234 0.633269858615678
0.0299726114009633 0.7698808944249884
0.7876568622624514 0.7641790973581224
0.835984551575343 0.5594212305422694
0.2174914326903925 0.6922348463588179
0.8634235328583724 0.24059536467845866
0.6012595331665416 0.33417392306528826
0.40879448034306054 0.02174391909171014
0.36995932318905367 0.3742839950345569
0.6059401691203896 0.5072801640907336
0.26398214710791335 0.1658314222347279
0.7256842516263009 0.6325749893212007
0.7263134031916394 0.2138607510592474
0.06374863015979182 0.45772020394335367
0.9518898726937657 0.18838787244411836
0.11778978443754551 0.43592030969678497
0.4141738516414206 0.045969548815705474
0.4871466752890192 0.8334041389610227
0.9668692159342434 0.4513793393231571
0.4165725154859188 0.43782745444173843
0.5793081019029298 0.8613040752333521
0.25346424893635344 0.5191712748106121
0.5125955983108397 0.7175722385656995
0.2850679790488593 0.8080441557293614
0.9744984843673439 0.8291721735001834
0.3035376287110336 0.8154021514678247
0.5358842044860714 0.3242915784410292
0.8002832749786124 0.4747940488796585
0.9889415606040433 0.6543667621049465
0.2455134443792808 0.23588254325346703
0.28389505753335054 0.17267563328401625
0.8262767148515147 0.7040456027674915
0.17482274539629072 0.003304259593255976
0.8437301552297005 0.4871731686493408
0.7780881877827852 0.17367373393474939
0.23766588934607924 0.38392783847700507
0.2582020045767299 0.9560539118899716
0.46857916140348843 0.1140814526924201
0.5898829387908182 0.1724585124775997
0.4942943181026145 0.2651132253693005
0.7044823799136235 0.5290209783611532
0.39308453318600134 0.12247442525368002
0.11352024098939384 0.662133445812902
0.10529880911674039 0.0814337395069562
0.27557949828711625 0.14815134490214277
0.7231337966026186 0.5492508310708308
0.07657512640886388 0.6494084024264826
0.49444270405598334 0.3171121410187294
0.06138139166457468 0.047214433594910066
0.35562034985442703 0.8761038558879919
0.8242734851816271 0.43616330073327614
0.740847400871584 0.023446817658306474
0.9177674825270516 0.2713051468138885
0.020911904349181443 0.3824057898752071
0.4888111509080819 0.8594242845594173
0.24146564647127633 0.6097988862162516
0.30892408114893466 0.657888444689867
0.8392449481267272 0.8314211884990108
0.9760422991661151 0.636569812741753
0.583417366432756 0.9365647319772261
0.2528535729006425 0.37220159457480984
0.8548316018977884 0.7617643631161684
0.5450509936850401 0.35063496228536706
0.8831638574158334 0.1832044940493729
0.3646237978804412 0.1415087293878745
0.12588691847641575 0.39824506938412796
0.699800720391706 0.5152542278561973
0.4504019337189673 0.7083913589710755
0.5246737981127654 0.5319850147926055
0.019016266647036817 0.25226494994687454
0.7073019175034145 0.7808268500176647
0.8811473323070029 0.5801255373666139
0.853307458799448 0.304851322374881
0.3817959321744884 0.42223702837308896
0.9279539813775384 0.7305154230538866
0.9529378348066133 0.5507043927257049
0.6449654408592658 0.32072172409126853
0.32160484740430584 0.9892467732437842
0.9173331312167741 0.007364098101791505
0.9797260040466325 0.5269364817878686
0.6152937174012161 0.9846388586062949
0.9241860905559325 0.22116604027611042
0.4689935717017286 0.04443178064627906
0.9921829004083511 0.33054307354890455
0.35459994760588587 0.0880179007847437
0.54875108243246 0.03200737160243983
0.39608706744503386 0.5406368302746765
0.7830077171441456 0.4903282226357022
0.33478084873319136 0.2789561830187006
0.3577209771370977 0.6523152694508594
0.37393065257218927 0.8314721358796167
0.34799713453166126 0.06925712995106914
0.05977520772205214 0.9540868096207131
0.4470480020879035 0.4570599769003918
0.17927752734612556 0.9409861830130983
0.2739711957806923 0.11772207866299333
0.0837073112358031 0.9532794918108154
0.36442953210492646 0.3526811274580268
0.11947849061259719 0.23031691255104314
0.3004935885441653 0.3862963815784928
0.7804790277748264 0.13374136788438395
0.0076227589354378456 0.4605858295307974
0.4945700894738523 0.3894431582504767
0.06448615242724154 0.1916076440266481
0.40894316246217066 0.14671315552097175
0.6711423573832631 0.22472811246262792
0.5090492349239759 0.79137541100104
0.2797022431073277 0.16186644710900544
0.26592849619205317 0.8409726054186539
0.6353752121968248 0.4207219000232445
0.8611024109551642 0.8868175001378171
0.6563008375218096 0.7792481204093307
0.2622612024340052 0.39305831918985024
0.14665175988962398 0.5365977390785353
0.12209737241878749 0.7223689342760415
0.8983644129075581 0.5519843342818926
0.9524609789368286 0.3593522799970359
0.6583708126544416 0.7744225512114975
0.5419132341742652 0.8355736591222247
0.2692495740539669 0.8130380085545252
0.4331019318026641 0.9574532603768124
0.02821352501907204 0.508914501821552
0.554128075603159 0.42317217529432827
0.3752441303724432 0.7568327041756548
0.8358518864607642 0.7305491578541197
0.5250962721842427 0.46136510241174755
0.2723089368774221 0.1803128261889022
0.23210235147816016 0.041978968671841255
0.6833573650698179 0.119183511590635
0.2162545808113907 0.5713091595984239
0.4542675368131899 0.44884472356821203
0.06679449053216668 0.1723623861841499
0.2942050883821812 0.04779836533853432
0.5523732510599726 0.7992768186745633
0.6972767602857992 0.6737613480174702
0.16308673972772625 0.6711267416991467
0.14851967262559151 0.28087071653760054
0.16504848017306406 0.7603060741586853
0.23901133958437404 0.1452985985885178
0.45668291191736166 0.3839306074690325
0.4189083387986021 0.7558550696825557
0.7941858090523417 0.7442028168571375
0.30422116777556396 0.03995802633698853
0.03550050258127335 0.04445705211590312
0.5981935357286736 0.5029593022947896
0.30853799327635834 0.9914285731769823
0.7205434726514268 0.6415027913775093
0.8205863342446535 0.6065434702426671
0.03557960004259608 0.8995141898970977
0.7280863635550405 0.6647674626423499
0.6012159350420874 0.2325436855695806
0.8446756677181224 0.35750519299278993
0.3484007927960606 0.5737255244076154
0.03394558028764627 0.6779854825050124
0.5946451577795255 0.18467713117143947
0.9614760867593362 0.45560671450055623
0.28213194961509536 0.22845479636198252
0.6511272936284531 0.7330530404925524
0.02173280151042145 0.1563261534692455
0.34588441015208504 0.5905810265887175
0.5062237333219639 0.9054837082920071
0.8587876668439338 0.6700835940469729
0.16206440557790747 0.1600836113988513
0.2674283659965524 0.9150201019608939
0.7914528909903662 0.17041239648817985
0.4966201835938795 0.45014091766213205
0.4997854164820643 0.7776152399542322
0.429905518345143 0.47726520782209736
0.9575047827820862 0.9104539385486248
0.019299870889005977 0.5841347703319992
0.5319641721027983 0.8781220825829334
0.6509168772078071 0.8589648302533035
0.3089381570148275 0.6946614923828336
0.26455971456079896 0.5766540044093689
0.2999254740333621 0.9502904261696095
0.8424886780217096 0.8702600094068296
0.675603604966803 0.613703110058994
0.5459007903937176 0.46178111330483174
0.4363291062809713 0.28640309785892937
0.8324717156699273 0.3312520866243549
0.4448697785104372 0.3990307653677725
0.1617616841627194 0.5998943277912532
0.47261034869605467 0.7907940761478538
0.7283273100629521 0.8531054413002541
0.8760487046937222 0.568728314055301
0.5887980395176553 0.4568543814501642
0.5338536052750542 0.6147017307610381
0.7553693137939963 0.8131090291732079
0.573139911706398 0.03648847786129927
0.40918953605979835 0.5537748778754286
0.5768592505636654 0.1302916474901461
0.6583086027587324 0.14112432100152827
0.6059553659013794 0.3070883729624905
0.03994282728293852 0.7471255439984541
0.6961384693582287 0.48821530931832013
0.5089282511815498 0.9573232062139763
0.40562562912363287 0.242370913922775
0.8032166818837179 0.9058457024052129
0.26093335995078215 0.25917281074428455
0.161963208918255 0.05437276141540748
0.4598216525361387 0.17334590620194112
0.16464460965434302 0.11574021995251327
0.44081445477666037 0.16222591754808735
0.22438793238272337 0.40137198596335044
0.030871316130857585 0.6145835531943016
0.39128866264817574 0.4002079992724996
0.29889754244734457 0.46151352529128253
0.9876368488600644 0.1371210263191165
0.05196683103785449 0.150262140642482
0.44993808979955974 0.5632366795822499
0.49430312602800863 0.9016691931713887
0.16772619261960187 0.3658465633874548
0.9254080041001875 0.4922924914142215
0.4764425789582374 0.5838298751924316
0.7965743857170065 0.48279691197070784
0.35612897834628643 0.5688113286202048
0.7031554582320894 0.35258249761900484
0.8722158768844777 0.5104604481766961
0.18653192054678613 0.3097264530609576
0.5175658456969985 0.8662172126764609
0.6814412764310074 0.17925389503999312
0.4660984339734988 0.30406972366319684
0.1086405533515098 0.036754870359988034
0.8417464267120947 0.7401300015606562
0.29489176334708933 0.34689486569104444
0.6250511435255572 0.25663728805106323
0.3948170195204326 0.8808912034833396
0.09694052205347359 0.8370283337937496
0.10064834555602409 0.7678361750783036
0.057975496127100845 0.8201127846908096
0.2758258860995315 0.20867106150048587
0.02609981409630846 0.26322400207077257
0.15620919630057184 0.6365613431326329
0.8137481556444848 0.5518731036329361
0.6004769174652789 0.23597960554212039
0.9693753225534074 0.8305616722647438
0.6239065145041223 0.5160432260677934
0.9127522631866607 0.3094402867902104
0.08121523648706219 0.8001984776145958
0.6967226183271804 0.5369643819375607
0.052318406485833524 0.9532011275911141
0.40173033213577836 0.27562983521278306
0.2423376334511027 0.5490563836537057
0.15565568621061798 0.5889854667799335
0.6932090315322263 0.736292194799905
0.7294172094741835 0.8702069863673718
0.9401739619474077 0.013159148846524138
0.25189474094587805 0.15070338703984976
0.9216248385192733 0.016505261448131137
0.5005399094285041 0.24187026324207328
0.5526449071055572 0.6421788238123958
0.8943384071910812 0.5618052094216825
0.6101576978236853 0.19937263220148638
0.8703771213007734 0.5982245300696987
0.19498582413101295 0.34421817251922926
0.07661300708766094 0.6191915665465642
0.8026890104246587 0.16306258296720366
0.8878932840159655 0.6820929168204117
0.7339725520324225 0.687580342864649
0.981074661274584 0.1797253948979165
0.1938041096078691 0.9760830073344173
0.7095307639278148 0.8050770145074042
0.08465220475504953 0.2542605824666737
0.7204311679045667 0.916972066548464
0.27527183612541917 0.5439403779874055
0.7621237525632536 0.7742665319608106
0.19349680600154517 0.2421856064814405
0.5319476016063953 0.2987884991597729
0.27421323175572754 0.9734315997607352
0.14967028651263936 0.49822994621565475
0.1745807909546555 0.19570235950610781
0.6401490431369423 0.9466930007276662
0.7040831027209067 0.33221706849416255
0.3239515781064839 0.5578042247383592
0.9073476395576077 0.9833995884154398
0.012597243646425005 0.9607543035379391
0.751063881184695 0.03259141687328526
0.29032510919912147 0.6994158998239912
0.6142926020278849 0.7767548075936819
0.4229555434508985 0.2935756813828745
0.4650485173988337 0.17173407615505099
0.9603809430634667 0.10181863762261267
0.9153783228292494 0.9355898036161829
0.803303987435638 0.7108008680153461
0.17659182805575102 0.6603307549893065
0.049630538462678064 0.5941179584968457
0.8929044699395083 0.7287630239032528
0.4576459893213187 0.29308162215425604
0.3809788383965711 0.4296484959040161
0.27227378376779443 0.812121815210201
0.416530299042714 0.8165050462712635
0.3888436157900823 0.6746139145504948
0.2866381175834314 0.45216460177298434
0.19731270537967416 0.6713373346645901
0.4133552676599761 0.40486821194345723
0.9954879383461996 0.8397629808357874
0.44585402956134446 0.17322296985877905
0.07117271321078333 0.390425510180165
0.6880379187568197 0.21901773218414688
0.4117032488666752 0.1514925036877517
0.9200255862809994 0.5809876601889721
0.07459214972114814 0.1974629266205632
0.9139584806028951 0.44561986914832663
0.5254151658834676 0.9818195392877784
0.45855067451214215 0.11016601548038385
0.06511665576809733 0.497389246441722
0.918633734406159 0.43631331480735147
0.9195909438066556 0.1504892966298763
0.40652840400042267 0.43532594325747964
0.6625903519355039 0.5845870699550599
0.8084604452853654 0.8002198072092215
0.6066131399073635 0.8215183040000513
0.24038900843460875 0.07119622992137398
0.013034604962854468 0.2180440601192981
0.640768824385086 0.08149416697468714
0.12907644211043245 0.6841634183948335
0.1652788631655211 0.4661476266412077
0.03198725579484929 0.8101642563248033
0.20621255650493842 0.24479458397706066
0.29863811716295974 0.2337211262087897
0.44056534621513443 0.9217781761214054
0.9319979133828289 0.658888652481455
0.9152986325589549 0.21576984364721707
0.05569621442848893 0.2764188278196811
0.6363912397646585 0.7626808482299134
0.5783335505244855 0.17879267949822664
0.061942220607599685 0.589129741294796
0.22150817450151883 0.5740559884134797
0.14262604723753847 0.09509188509429234
0.2784945879758347 0.9374372834549496
0.6494258735035214 0.6277534310388035
0.2873080707886291 0.07928522601128685
0.7197791183770883 0.025289342124677372
0.9319219146973827 0.48126193874869316
0.9540763548265361 0.59715112484931
0.6314676298194088 0.021116997788063863
0.8866829128819858 0.9618378144696234
0.7461065596175047 0.7735372168546457
0.966392757703908 0.18319264401723667
0.6496178705896112 0.4452078975755669
0.005235974747885841 0.06405644783965903
0.747060852032648 0.20633407937794757
0.7398075897665308 0.4814682484303008
0.9104453744552496 0.043316822354570794
0.8983307541552765 0.658491095651978
0.927649872509283 0.09805482698971124
0.994512472198622 0.5377192267105082
0.9362101934601694 0.6824815630598509
0.5801637695497603 0.07637767992770672
0.13913943639901527 0.25112137561003456
0.3859413471557398 0.06637809124431504
0.011229779405402374 0.045336340410851106
0.7947507863717884 0.9008639356499488
0.6922312692238122 0.05419320087448276
0.1638924542284852 0.3234733831159393
0.875603783694574 0.8766471444958563
0.5105434695160975 0.2197407350584477
0.007413557107000646 0.0902165356303104
0.04196009320064964 0.9711035677054258
0.6028724705723776 0.6338146655787888
0.4264940846389629 0.3244645023147412
0.7818056161938682 0.06642511582471644
0.7617852604620972 0.1935102738205534
0.5824254464608778 0.7430799279818068
0.8433804700348546 0.2775257455142577
0.9534619528622874 0.38945008838158834
0.7690650683623457 0.33940778479399114
0.29082871056600124 0.5539073328157644
0.8768543662136032 0.1986848426391734
0.31385135897860983 0.9002594838026241
0.26732993652673454 0.18470272003159294
0.8760350421664891 0.3588818248961838
0.35679642468456363 0.889311655879542
0.614274142646972 0.9092425668763304
0.7004236698195729 0.23085798764520593
0.6269715302894712 0.8663585217967806
0.41582588277011645 0.0811788625425407
0.8726942366366379 0.9474328653844641
0.8531745192194402 0.9175557493204674
0.27272693724954644 0.8893285315822519
0.36724271407519615 0.6176956023042277
0.8998179929016086 0.690585135425879
0.5305384476256805 0.10320157297320609
0.7535718088186201 0.904049530857387
0.008743119361804164 0.8794784111437006
0.436164408592727 0.11504369810121706
0.41132150768465703 0.6024312847147204
0.584402552427066 0.7190431820174319
0.31640426730285376 0.4504250727281647
0.4939794109353597 0.4464566390215259
0.0735038751434709 0.7402002024727716
0.8002787098386657 0.1708333548324834
0.8930810086437315 0.42271093812339733
0.13741609335421567 0.3654304878349599
