10 5 100 1
450 555 414 451 468 717 789 661 810 747
396 464 471 503 664 848 742 966 866 988
531 384 531 712 720 911 997 1131 992 1156
506 468 642 801 756 1012 1169 1155 1336 1333
477 647 691 864 936 1204 1204 1490 1524 1648
631 529 641 813 946 1245 1305 1607 1693 1807
555 604 650 1030 1165 1338 1388 1732 1814 1929
607 621 647 939 1094 1364 1503 1719 1749 1778
573 693 637 869 1030 1342 1480 1755 1883 1804
621 702 610 768 1120 1170 1402 1632 1753 1815
0 9
7 7
5 0
9 8
2 7
0.873175571263973 0.8758148953281324 0.6568633093310012 0.7782548678208548 0.13818289574695664
0.8303183595393129 0.33839526548795185 0.612826668164587 0.63821729136103 0.15299761502586345
0.5008215845282524 0.8186570002086417 0.6468741350396647 0.35110616462087496 0.23491489616969805
0.4016037708880432 0.9122060794514748 0.9801703787271427 0.6016763883432399 0.27733350165428483
0.3568229712888997 0.8844173847202104
0.6348955306594026 0.9981545430282557
0.39288120182919584 0.9641219207307303
0.22352317819539946 0.5331566682805335
0.17805063447096137 0.6394447992988319
0.9201158365702466 0.2051156922182873
0.718377530910226 0.3690390128418013
0.9823430170429133 0.2525982540006997
0.1600311487400492 0.1290687279385032
0.309137404752557 0.7862738734323425
0.5541811879574385 0.4195578695717681
0.7990906868030028 0.5904212298447911
0.8182757814176222 0.08363667986804679
0.730014640320003 0.4654734335863513
0.9490081084179611 0.07702378748906913
0.6095795162493127 0.275980354563893
0.41247000221630836 0.01360892884162368
0.4120967813113354 0.16481216080147165
0.05735695644251115 0.833839668470572
0.9773705556999761 0.15929819104688692
0.7930733324466166 0.6732820832872171
0.015497787781915351 0.1786419432393036
0.02092610571747766 0.6392532155693418
0.9571468313804561 0.806202165326219
0.9558502533740743 0.5447080382430889
0.7855753441536126 0.669138683408804
0.793599858913876 0.3562069573785547
0.7023855968005963 0.8786051450658041
0.7148032046371313 0.10915846839852827
0.014918681236497644 0.12720775088927616
0.4108333897477159 0.7492562991628928
0.3112735630096446 0.2091526245239801
0.20563977748602258 0.08215616730067321
0.6772048037159895 0.9511660241028321
0.8469514907890703 0.4010976399952484
0.7372541190798434 0.17320767862095843
0.6801296941584412 0.8688139628186706
0.2362091913677382 0.7593455841266761
0.8799867712482381 0.012852113141533339
0.8607886714853805 0.6543163030787116
0.8683869191150868 0.7729732967430107
0.7823468262408786 0.15234336211061494
0.7325602843677601 0.12232316132980503
0.7328380045809262 0.7365843223288273
0.0040113878593301955 0.841271092646303
0.18889142291432215 0.5419492066007612
0.7042608460167143 0.40217792387279894
0.9757927822385699 0.9900737070141572
0.7982164035101378 0.4770121702791674
0.7354599862801605 0.011318949128796385
0.833390660214935 0.5014540542570327
0.3166041188593971 0.8552642929010223
0.802455946976877 0.2741295443194909
0.824658717381457 0.057856006556881834
0.3727996149290398 0.8673339909137467
0.913544994007401 0.9073840255576211
0.29635848852029567 0.7843195574128723
0.19767735908352546 0.9509521849481868
0.586593998495728 0.49208009361015725
0.28844876875254677 0.9241599428163552
0.851839875871969 0.5754520830824594
0.130874214497253 0.3227738001899598
0.6335846401327445 0.7972150085551095
0.4127528318709386 0.8481199053637563
0.22264944726930302 0.423611962647543
0.6387625530552927 0.3412750599043537
0.8184960840053508 0.9471751953685872
0.5976596819671871 0.6861891852569986
0.45334951556096637 0.9738039088343866
0.17064741286590857 0.8253208102418799
0.7339736771251255 0.042636036850954184
0.20840626863760758 0.8881814498230172
0.45934133474100647 0.612604368569833
0.4265427855677726 0.5781693403373604
0.32201105554584397 0.8749422042336996
0.041967848441745614 0.37580853402095604
0.784188424498562 0.7894012045332492
0.16424244426829127 0.5589030555921746
0.4519266725706437 0.07641484879804139
0.2705925932899018 0.05051696951315421
0.9228348097213848 0.3508995536457131
0.27545192671585217 0.9443433583176344
0.8638496225213412 0.6533406840738676
0.5464022010613367 0.7749264684059174
0.16668941173922458 0.966483609331249
0.8044972792202385 0.7114823272487649
0.8208952067935995 0.754780705061924
0.6705626363364079 0.787327413353816
0.9606618269969829 0.6781578239999331
0.5060348493141811 0.8437793585548248
0.29830931905541047 0.32456742238030967
0.82567648614652 0.653024234642186
0.4480869142532611 0.0029837187603749538
0.09122617488646201 0.45003824900796996
0.2559228742108186 0.8111304525820862
0.6862327278216469 0.26904803240878894
0.7615676344681488 0.5803689805252048
0.9519993030227341 0.51973479012558
0.7119873060557733 0.6452510627030876
0.4898259232031519 0.40225280418863796
0.0883722881236455 0.3554085571740737
0.9570484812146947 0.5439834944443447
0.6001613345919639 0.18584893026062854
0.012057306755408836 0.41955257176029304
0.7844887219164511 0.7499636721568583
0.1571541141806727 0.9433452779062308
0.13581669370381788 0.8396075505209335
0.010084872100057263 0.28123510375983085
0.4284292424570617 0.4982584906770353
0.4952663522754335 0.7617156381258641
0.7553854157297561 0.893263738800919
0.24736813897874144 0.2834584360082757
0.7829374247923575 0.7492737220774082
0.018556632011836438 0.7788568261477369
0.016333669896538616 0.2965617290046627
0.9288111643029633 0.9256828891628761
0.058066279510712526 0.8674919936630168
0.14194536923248502 0.09471076151051672
0.8441000362631528 0.5092571802827159
0.8545213143402977 0.297969244222436
0.015933024618836722 0.3970398951557417
0.5504126669646541 0.07260642814956086
0.8678539824972671 0.4312758026768999
0.8211093707082036 0.5506648099676907
0.7756569469737131 0.28818162188556573
0.7033720300038664 0.8860815546231886
0.33414268091628463 0.04160621353323002
0.3948450268887369 0.3885412859286588
0.61428960851693 0.7142436935811951
0.056823944099344326 0.23555101910102527
0.9212225939830121 0.9149811126821015
0.40756247069158924 0.7991510464535947
0.5422344468050411 0.8315180332635839
0.5917975777422351 0.6365591338237981
0.9138572986513205 0.003213362801769426
0.16773862941908613 0.11502889008326189
0.3083623077724249 0.753381988833562
0.8592514101415794 0.2931371493659729
0.5274515710086916 0.3710326277382612
0.31800450192168306 0.2977897661279165
0.7164724214564644 0.7527503411788143
0.11194065110535689 0.09439377712058561
0.06831745345597229 0.44529082329004255
0.02574224235303557 0.8833293053753053
0.31766073322445254 0.4012117323188529
0.428402770216987 0.43501551875956346
0.2826435252571784 0.2525901098036394
0.5176311276087187 0.7464551294309483
0.05131790506028766 0.3609509677158371
0.943188953983241 0.5970369857515778
0.9957825391601158 0.032602494511399405
0.24201497776159653 0.23562232963314056
0.8957112435355299 0.8561019748633949
0.5288252347917524 0.2292251729973498
0.5626214598778467 0.42745409450601524
0.026063304848409574 0.42082094716923746
0.5639374955431089 0.038682431734188505
0.7740249849056804 0.16687946297801393
0.877299168120379 0.15841464928039772
0.1077737312318281 0.20410235059685378
0.8140977634071853 0.11014958690774956
0.5700003336703847 0.2006506303324782
0.799932471897415 0.20623040284299154
0.0899261479275748 0.07493384763869981
0.13893556569220467 0.35795336648638476
0.1976962314479147 0.10401878652999841
0.45165092199679235 0.2541290197159247
0.7685188616636294 0.8497253659277006
0.6621486868638351 0.7709512135890686
0.8020904108067493 0.6576284412694835
0.26948270723724455 0.050124667454931604
0.45151105668663294 0.043968646863258076
0.9554717627939271 0.6745847782595664
0.9541920417316698 0.9765822273964178
0.20197009902275753 0.9877634240397788
0.9149018741775605 0.8443338249177093
0.8362271505828824 0.1292530408215833
0.4619291621419199 0.2789585301297608
0.3375341592769898 0.6975452997665803
0.7271756837716596 0.9289465431329011
0.49205753658232987 0.7347479208753602
0.30091384808700683 0.3556961740249829
0.1118111051538917 0.854426173614415
0.09370593039341646 0.7562726058646665
0.08116104883779385 0.017166481868791772
0.4915781090278377 0.7935871011699558
0.34517940999553276 0.409171130655577
0.9693384302810044 0.31939958435001325
0.4145768913018042 0.5024626882451204
0.8102608818835955 0.19242533952579444
0.9430146887647686 0.5956238909864036
0.9032433907000428 0.8784507558227328
0.6267340664677086 0.8169658868210101
0.763898625871966 0.8120688931508877
0.895455789660633 0.25763089698999586
0.6389041897744494 0.44275518054621177
0.6233735840171599 0.6447444563388653
0.97408377741196 0.5061694759884312
0.03480622559150248 0.4645609674959399
0.6964549435371463 0.5228515692295941
0.19934568177841117 0.5638351100538785
0.12204408738351358 0.2896429323075118
0.4431757708815094 0.8173175966513688
0.43165202801402724 0.7010150005412261
0.12814477033862115 0.15866941410390867
0.7770354154683645 0.23873604549742833
0.28268144162309095 0.04504542848172366
0.03628365072211048 0.7195427708102311
0.7075768432039671 0.3945751889265956
0.45884771644744204 0.6683663103977355
0.5976959845744838 0.3809626868799847
0.3552113690840777 0.5107109043398563
0.4452285992117688 0.42841292987386836
0.2911147428844856 0.4944394310576521
0.5751002108906598 0.26589121204676935
0.1889598144646769 0.22567864932520965
0.8440628608487943 0.0832609231967083
0.8238281930476254 0.32998314063085643
0.8088196314200526 0.19857194183370597
0.3847322396657462 0.16190564491571124
0.8383454761564186 0.05312115077900548
0.25750239400062447 0.37043027866580425
0.42320309747287244 0.43342577921308867
0.7090151285585207 0.763208353206354
0.35911633681257116 0.06486361463921853
0.5865232076172837 0.449616028313621
0.4053119945528607 0.6035370304013037
0.15376766662364139 0.7410140660063631
0.6923955250622196 0.2763087480550088
0.003188101705348112 0.251952543018489
0.006659845665777819 0.6343460809443546
0.8308514553411217 0.0007462719186164257
0.25665612434654306 0.26485727086530564
0.9363475055287127 0.06557346277205767
0.32137065305082824 0.023838817124706146
0.15150375192162158 0.13386794487239784
0.05725709227673614 0.21603241311702104
0.971129447058551 0.9638438125715261
0.9305853319670907 0.3442685461036419
0.3313612062923941 0.8163786508003845
0.8080444190020246 0.46756687926763263
0.5260777707136279 0.6815368950528011
0.31573515951409337 0.64156957083727
0.6916533179924631 0.16647122058315733
0.24485649069350868 0.8740857457464652
0.728693795835293 0.12710558967479657
0.6961880931977369 0.289298850037762
0.49987604749889636 0.6964321672658345
0.7161498435575131 0.49055604360867
0.01822909711831522 0.11754359730975272
0.11600934632691184 0.30957465666105954
0.5287754320001756 0.1567768110347818
0.5053036748432447 0.21003333887467246
0.896803678856116 0.603121393719205
0.7584322398711556 0.7207168992470709
0.5759978583782739 0.31599326287901985
0.7620941929886491 0.5082683218379642
0.02168670133903272 0.023015941193280653
0.9559640403346807 0.22091445671820864
0.3260260748317809 0.670146755234736
0.11775041703502653 0.5334901907754745
0.5984604082192619 0.694759028079071
0.25574574137882733 0.5160005914689527
0.37592703803441707 0.17300464950399363
0.5318304043004096 0.01669980018294348
0.6861384476014529 0.1916854860334707
0.940997620859666 0.05974966750512234
0.14104184679297926 0.3291318655850426
0.06637106561278627 0.10904875884122123
0.6876462897981652 0.219200939816806
0.6903348059129739 0.26385431698251005
0.9478893123518919 0.14042696956228484
0.5365038991754829 0.8634321217618353
0.3055637146255299 0.308453549545757
0.2593528268396079 0.057948080246287725
0.22294313675046817 0.4674484853995726
0.5215995173147243 0.8703125293402392
0.45278023914469445 0.33422732603166416
0.8177902726200212 0.16000711828263436
0.003955997475156403 0.6126108740631397
0.652933733225701 0.5926575556473141
0.9885908829681838 0.24742145068468724
0.8166129469692653 0.4897906285501139
0.14587620441503324 0.7431256007562024
0.6631470333414475 0.31470726778063174
0.4366193529169411 0.6022983397441939
0.27223697220998866 0.681815232725389
0.8486039010067086 0.5138932298594254
0.28700693712511005 0.5106039271428329
0.4230716788368776 0.8642160408435919
0.14163205010838675 0.8995664590125263
0.7512041595372547 0.9264729601188701
0.6180262234230718 0.21200690389341248
0.19161801546803203 0.8340739975673959
0.5784597795247393 0.7937960263769481
0.7286742002719819 0.7904042759580043
0.5915888474950164 0.9583460797648837
0.8951149549307487 0.6043887106155936
0.4645961296878449 0.47293840513278274
0.08000559927016915 0.5317731232724041
0.02096373684722974 0.6175521357875517
0.1887907733964529 0.4228875583690568
0.4466400166797533 0.8816678467246579
0.3520398954510173 0.15427646438793574
0.9613678374714729 0.2707730848318777
0.352573369290472 0.4297720794286206
0.3433030782059341 0.40161751892635533
0.5978483749748735 0.4377314793149656
0.5843668386035126 0.9432497077289326
0.7437975494676368 0.11494754596525891
0.8082482268958295 0.31249465550702804
0.30779063400246165 0.31032527867020687
0.5265389158770843 0.46021663822638303
0.921350439320435 0.6204081698765977
0.8378614349197462 0.28012454800641695
0.629567855645965 0.4544332408656804
0.9628209769658678 0.14432024311608793
0.6055715150844496 0.643320715376843
0.9694440070020001 0.10020673921606282
0.5508549545657877 0.6094633552213402
0.6401589478683289 0.7819044376799198
0.5761829586217073 0.9552442512236896
0.7211740449816981 0.12670375403130008
0.8998110152377832 0.8416888606303534
0.07470784722720003 0.833019453505653
0.38148361065733205 0.7541417090675184
0.7055178880284254 0.21948299451182662
0.010996499317363906 0.11558597405470561
0.8782598447513463 0.7983162182307606
0.5257951085795614 0.44281963534160096
0.7575090123781205 0.8293802822285614
0.6340696802584997 0.9334151757012432
0.20804816581201635 0.3958379179839582
0.9598169097817895 0.6566980660916488
0.7521449489237235 0.9891297612527652
0.45075659425826653 0.5436270246854931
0.34494666136590824 0.06737048801513379
0.18505314633754155 0.4843466796835625
0.9436976903017706 0.5150874967084478
0.9309878372043663 0.3122052805007598
0.6725314494233721 0.7345462747751028
0.12079532652740799 0.3669959439687531
0.34476084892349745 0.4237320987671396
0.36759796635504927 0.5547266708739202
0.6574951833009097 0.9415522114686619
0.3793147917164774 0.1635964230864395
0.07087821751428236 0.4286236479046248
0.30114952270346507 0.7178783979690189
0.11273508618310313 0.21360778697531746
0.15853607871197406 0.030026535030672763
0.34435950249590985 0.47500217731507655
0.5642617744805458 0.7622078021347283
0.6910083175829973 0.23174712994180058
0.15099768142033354 0.8904634809057086
0.16429126720810094 0.6860715354310916
0.008679381278644094 0.5078442560681018
0.9347690394759263 0.46633725718053287
0.892974240988434 0.6590360474699415
0.28986222150430563 0.21829553066767815
0.6458243253244049 0.7570065748968267
0.15300398223059508 0.9112002792276788
0.23767034366327788 0.3801306054857627
0.38225400888476946 0.8328776181861122
0.3153070990871132 0.6998753310179606
0.7393800841448619 0.052337048047902845
0.7790538808499872 0.31173785239561713
0.31916297123988735 0.979848254075045
0.47035547876992423 0.2065095363878564
0.3505649084566349 0.44818894824324085
0.24893056138542025 0.10033301346893175
0.5932132131058505 0.3265618118303708
0.7730832164718426 0.7461316709355112
0.35197103686400166 0.5892559015369523
0.9012690003143105 0.2025815041311605
0.7327600442983031 0.708639051050383
0.13545468014942452 0.5371793920579833
0.7950667840027812 0.7227072721170305
0.10723850885209685 0.12522540717888941
0.5796795057711226 0.7333081745000443
0.10230149743180283 0.6002054363293123
0.2929189479109604 0.6694907624723756
0.32054487314147284 0.6156280573583011
0.9265919249510604 0.1618707733544691
0.18542641752072853 0.6944888149622019
0.03165993173396675 0.1539424764988846
0.5240920343744111 0.476183891839008
0.11761259918010003 0.35848341550904816
0.4722367292177927 0.7546128806384589
0.258939925480405 0.8506341812962808
0.7095068738955845 0.40083936087876504
0.013835977404703437 0.8937767017189715
0.013994826332860422 0.08197245177319634
0.9121968371835558 0.2293685290676195
0.5570465227589523 0.8591083108766555
0.6807471280386943 0.5327805449884209
0.8770579270302452 0.5797565448821822
0.2585329164465042 0.3055654934865282
0.976945294744292 0.7256693259591609
0.604688876260665 0.4414302177786269
0.4753626311342498 0.5967308964937077
