10 2 100 2
842 853 869 986 987 979 1095 1022 947 875
843 931 913 1067 1081 1132 1229 1096 942 917
874 937 996 1001 994 1108 1132 1024 939 919
894 884 976 1086 1027 1043 1029 993 949 879
909 933 979 1092 1031 980 1058 999 923 881
923 948 1057 1203 1080 1080 1053 970 926 836
949 1033 1153 1307 1118 1103 1031 935 915 885
994 1124 1265 1532 1261 1140 1100 1025 913 826
889 1034 1121 1248 1167 1038 957 919 832 815
877 907 965 1061 1003 966 936 837 841 827
3 9
4 5
0.7380484013578227 0.6275733628793219 0.9023151436753323 0.8738444684309488 0.1528184321119982
0.1637773934758 0.011723185614700427
0.5174905452234586 0.6676015470357162
0.41158603352495415 0.22502165489151227
0.8096152322927459 0.9196749763323242
0.9644918105127491 0.8937754247709933
0.3853701939253886 0.6063912292542828
0.1576622375598664 0.15219002090593547
0.9666991390917856 0.970930249676613
0.8845354938254488 0.40940680443238864
0.4794471858528957 0.24878084190494332
0.3418837383062454 0.12240956924878454
0.7172613908085361 0.37605400951038637
0.23333080249169558 0.6681149505863675
0.1855483188855278 0.2953999423196034
0.6203875447807148 0.9145236343946979
0.39431446157739924 0.177561669098093
0.5063015427333537 0.8656537805315476
0.27859934993663904 0.0462552458713279
0.1531766722415684 0.2109987963815536
0.7176088420891675 0.8756758783430665
0.45742041988807114 0.6413600825861685
0.6425653603038464 0.7398457745792681
0.2575220607572144 0.6281563568072741
0.02674211222552514 0.9711828980714803
0.8443151712819259 0.7878637799817252
0.7155543991918685 0.05091943611633987
0.5610340538686798 0.030398967416431555
0.9944811021744591 0.6998543097381655
0.5411508726111862 0.9939103846012514
0.9970234022455271 0.43771466845947926
0.37559680101050685 0.7101642029265214
0.8937931611615455 0.06493362565543781
0.9864510061531058 0.4655193674408382
0.6479590243632967 0.16891211555001484
0.7667175053844371 0.8043945026479105
0.07554858229510786 0.9141180315203328
0.04152289508107576 0.30255350904983924
0.5982147786985343 0.48943725101428526
0.227723852180717 0.4336170533525887
0.6013904481840229 0.02860133400106246
0.9131025925420428 0.11540777533409496
0.31127598303486037 0.7144644777435243
0.3194390719840059 0.8872738639319038
0.4024754683578087 0.8042079895193686
0.42430661022757876 0.940444852521894
0.5379318876461403 0.9742600579402054
0.8159812287292294 0.08613195158527875
0.1648425261137887 0.9246085185600761
0.3578089788374017 0.8794988499131133
0.30717956757843234 0.689537859827273
0.10714849076954303 0.7910528311661809
0.5301247090502985 0.1764768147157314
0.7472398583443076 0.6186877658016658
0.5452284649249994 0.9359314080919932
0.9305200451683739 0.6483032397828032
0.41774490445538404 0.8907242074866029
0.03831272822051868 0.0070376418167983346
0.418872609696201 0.7890102017516296
0.3570483648355973 0.8342585007799614
0.3866481901390608 0.19677536679573016
0.7836196410861307 0.6251444705742688
0.78862850763486 0.4048669685663595
0.3821419295401802 0.6805836059802328
0.9824865423408358 0.8249656505554233
0.26533892159261896 0.7365922515074896
0.8772307124688423 0.7967580670392225
0.7483544112745386 0.8631425988560177
0.20288777759457322 0.6309942316878678
0.8246511541071222 0.6375825046206891
0.6287271738321105 0.6843219187077256
0.5780938874393668 0.6720332758635434
0.9089957212832658 0.4864906398208029
0.1707475607681781 0.5067714073192315
0.8926747712682863 0.0541808165969091
0.0243447687458882 0.11762976041076523
0.7925874510398558 0.49989051680614627
0.9075667378313041 0.6078282175529601
0.5250448949827333 0.792157339040729
0.8564589546982313 0.7161416348100722
0.13131118995900337 0.8229429355937077
0.6806578789504414 0.24297399180754975
0.040119729270935434 0.15729660547555246
0.24282163269048418 0.7741924981136687
0.1434772325689384 0.889241436992322
0.2096754596932633 0.7396116453252124
0.05655224171121298 0.5118383358355327
0.9246194131539993 0.3089728080567533
0.5138758792590121 0.2930196421238316
0.2876766379048339 0.78177570552264
0.48374320149929617 0.22381718386885696
0.7566461590472544 0.8257638844721158
0.21024957492282215 0.12996253156285453
0.5334714722973648 0.20352376677052653
0.688527908052232 0.22795741983556606
0.09790024967909505 0.7282347469122479
0.7275443170817308 0.03099368665793345
0.4110678521111739 0.1524009444989094
0.5660677339798186 0.20765426758506322
0.7842019060141192 0.3848704445948963
0.8043445540884309 0.9399298485370811
