10 3 100 5
550 544 654 834 1033 989 1003 898 842 804
580 610 914 997 1105 1160 1311 1145 981 997
621 774 954 1205 1354 1455 1393 1320 1207 1019
701 884 977 1204 1451 1342 1455 1342 1309 1173
717 756 924 1130 1360 1466 1460 1383 1378 1094
602 845 1043 1094 1261 1441 1467 1476 1263 1198
543 701 974 1157 1179 1350 1302 1224 1187 1067
581 695 904 961 1137 1077 1127 1218 999 878
535 677 703 911 947 898 1049 919 967 854
478 440 553 631 833 890 761 728 805 711
2 2
8 1
4 7
0.9114164359610102 0.7915157883337509 0.4141244248773258 0.8839180347104023 0.2775834031147759
0.5257023593554677 0.5961184923490264 0.925237291390107 0.4165233651659018 0.10872117295568673
0.2503962729309088 0.17853915890103367
0.5385124103402488 0.7887720603328618
0.8861184312656643 0.7493071533242559
0.7243398745281229 0.1644914730748348
0.648875700204395 0.3961316708594076
0.7011921666785783 0.2016669827791615
0.8670096357920811 0.06329045281542878
0.5050102277298727 0.02060176608174258
0.1822763945173722 0.48829644117435045
0.7140198504658042 0.9509594244530599
0.6328785811319915 0.6476277611538748
0.23106853554383933 0.7475550521242562
0.8928536541589822 0.14251495890743415
0.3320153431419315 0.36991505163074656
0.72751281427138 0.7029727622116599
0.5918979734017626 0.8228457493220507
0.9006697552663943 0.026941420222945878
0.3738180752116693 0.41884800740518013
0.27516736063290015 0.14064856580784157
0.37493353521406436 0.0051326188568623365
0.3664960859520956 0.33048123883908076
0.9618838907928233 0.9026386652361083
0.4621994182755531 0.4208538054936819
0.4023975408059841 0.1766816090387089
0.9294870130667765 0.7177663938402963
0.7919338290064408 0.8335482052140668
0.6546101842162093 0.865323110091992
0.3885890165204555 0.22086249236953592
0.9262459020938636 0.5300060593513956
0.2955918439724581 0.2284669708480842
0.6404983964798416 0.24873381453429166
0.5478045488784327 0.5521407048677456
0.9653554015104031 0.6184949365285803
0.8557446869177594 0.7172448740521735
0.9790866458127219 0.720824272252309
0.8102583455261834 0.657199751481649
0.7297870646391462 0.7945577256599632
0.6163233312956584 0.9314588895676137
0.5734817931925518 0.8502240437889239
0.5495949422437958 0.05304912654257565
0.9024133480461618 0.6718529330833034
0.7345839780276424 0.7421121152337722
0.337825167556143 0.6642936222647466
0.5927504623537345 0.2850618241595586
0.9180342212090375 0.4083077624043745
0.6000967695304693 0.7322856044038333
0.04761233241202767 0.4989654329994959
0.3100115989686816 0.770238077609144
0.2309545167168705 0.27317060010114846
0.8011917866429017 0.6717929666938001
0.18662895775585842 0.4715572447726677
0.5644291894484406 0.23734331469971237
0.8716418745780616 0.9667534681574375
0.0567955216658973 0.9495614121032601
0.16968174792473456 0.21847071835760512
0.47572471650475556 0.6544261121531074
0.7145302215434222 0.42860426531427587
0.9734401775310406 0.5332224279294764
0.9585460336200626 0.667479199938418
0.06468350522442012 0.5639223038429735
0.7289381673038038 0.43364398670089477
0.07362168007286884 0.0879969349233003
0.25342311150666363 0.4863775670540358
0.020980321980915262 0.8769846443879237
0.8358967728732152 0.5115620165938586
0.7176727692063778 0.34569082269658424
0.27133053963280185 0.19802868101437965
0.2928093960317486 0.16839817079624186
0.9854259774688543 0.7458864443834261
0.9418755301889508 0.18462379881530455
0.2822277520436087 0.5617009079270703
0.8871101058945188 0.07003052684555078
0.48810249158984087 0.06298961199482322
0.4461167007498199 0.8958636976026655
0.9648157906548178 0.1735929334277817
0.8314250115176189 0.9835203714141623
0.9188123465698927 0.6166538941579791
0.9651590558496412 0.5911511576058592
0.629785605227378 0.9420933893408414
0.959963515916519 0.9788073058709199
0.7943145043934341 0.6748838002772877
0.10435229851715988 0.15146492976992976
0.8179292335526438 0.2457291468128977
0.5332528834744512 0.961236810945685
0.8974751569857129 0.2962313969136312
0.03869738734185679 0.0065313094112120496
0.6977606674935615 0.8989300539982996
0.003665566151755506 0.8973475719361885
0.7457862209546615 0.3026677967823914
0.9851753938674679 0.629665028760741
0.04856124186719102 0.8327374254704198
0.16004445659821998 0.5327688638339774
0.6576088962302402 0.6105446567443966
0.5189919527862679 0.32707359654631785
0.4538321263655176 0.3938093810501264
0.898318468898154 0.10558933628387113
0.8765486991219804 0.9506437381128929
0.3522991074846129 0.26389869585279846
0.32065212601400095 0.08305428534619197
0.39038470316268414 0.528398150671745
0.9421343786103951 0.6367533246118726
0.61644165989161 0.19397078402408963
0.40178000717238693 0.1917368852977801
0.7812585439062683 0.6894150644764738
0.914133520726131 0.9883683748950918
0.3015076036929827 0.10556574409066499
0.36010345246594344 0.8424372539627702
0.7695413297233815 0.3600229421078285
0.3439674602422518 0.25151403147112483
0.071582687402725 0.4541356382536963
0.735197909238078 0.6975491273336722
0.7546890095791672 0.9898897191785643
0.4659988964092421 0.04255634914747186
0.9312216301214449 0.9852862034590417
0.08840013584951345 0.7504665209350703
0.9274180961649146 0.202061820155794
0.7659845493493178 0.9436932643083373
0.7541108551031652 0.5715914904909067
0.9939117471441044 0.7471841601997797
0.28604254005459717 0.051082641761848624
0.5636204310202619 0.2186892873489117
0.6601439703916263 0.3552641428805705
0.5784152009878052 0.6763059919039851
0.7025771702416501 0.3841532826491565
0.19351285166780108 0.915147349926497
0.4350755048656878 0.31909294083693074
0.9691065269769932 0.2947331060361995
0.7651247716880525 0.6324635930196418
0.16212986292396048 0.13647126560621525
0.8903374272520703 0.22760122464082788
0.21373144259442078 0.4899860676488843
0.59012331463643 0.0022427458822971147
0.4618355398076315 0.10701880653965179
0.3256049256187854 0.5945310950675922
0.13016920983287839 0.43154526051187303
0.1408082493694751 0.42565831811503707
0.22167650687487983 0.8934674369757167
0.6602265533960581 0.6638661353473176
0.33891143319842554 0.8758384336781122
0.5497647742898688 0.6185364196325918
0.2887022725996944 0.27874924562164805
0.654592460215832 0.30517688554312095
0.8344680392839632 0.6666513749439986
0.9927647443424783 0.4904815521805481
0.609001900384718 0.02116911526022691
0.11482618326546046 0.21402831378411435
0.43165871194856287 0.8712036110612273
0.5303051650967383 0.21854605769625546
0.7201648224780701 0.7823393797754383
0.2802873950515292 0.23746401643804815
0.18290684045627326 0.02254167400007967
0.5796142720898072 0.5462128086837075
0.1804758544528542 0.5339366743166327
0.9538036369670411 0.21316226802965788
0.8641978476444416 0.033281364638853006
0.6150591413269713 0.2120711402871489
0.20558839722379196 0.8695544643478557
0.14806423781201428 0.2515045197202346
0.6629750676236927 0.02331570860128318
0.05245582515755931 0.5445034654944967
0.7888157069427315 0.21415496071910667
0.09922978544151073 0.29509122968514667
0.14316129491942609 0.05879478610366551
0.6696947466805294 0.335702170566454
0.4846720279762624 0.7971934428283753
0.3453926734571271 0.9050941868805247
0.752236497791879 0.4797200403694388
0.3001138199258968 0.18120858415323204
0.1748202946715085 0.5693468979188134
0.7876128592521878 0.11521662438406932
0.622032676530232 0.6021418412378352
0.007546202184176787 0.1419556986072683
0.25897173475006396 0.9724530205279596
0.782951479268414 0.009739760158899102
0.00969457517976724 0.24414745368626756
0.6919487515588421 0.6298991447389404
0.095509964105428 0.6680139013215938
0.011101888827066864 0.6057747208506421
0.7366995423269005 0.21876316016332664
0.18757502152865646 0.95011708310008
0.7077396930066195 0.3006322070644958
0.4245992836755308 0.5265655629435968
0.6644104141886698 0.5558269961237483
0.8384466212014479 0.5390123394006101
0.2798010391221306 0.6532646292063733
0.4078594456222717 0.1871286088101165
0.6467128529469137 0.7666772851219923
0.4080534676835499 0.6134343530165569
0.9700200582986009 0.8693505051331618
0.020746017448970644 0.5434624645415684
0.8903204831260572 0.16108129144839922
0.4857735117045723 0.8542700471434181
0.19122349015078344 0.848949109524771
0.36625678033137765 0.1180392302592983
0.727503060638331 0.8864340973914202
0.4637806378155771 0.874420833406643
0.9974494061160568 0.20859996958299654
0.352849282610028 0.8878815308916537
0.8386417840890459 0.6838461036099215
0.37219273746933634 0.7912492302577838
