10 8 100 1
988 1483 1050 1152 765 703 1765 688 1303 701
589 533 1387 1024 654 1088 456 1041 481 1220
457 690 1840 1896 1013 474 428 1052 910 1913
1435 686 798 755 594 516 1753 548 705 496
1314 1376 569 1590 1349 781 1464 1305 1098 1315
1598 771 1915 807 1446 538 1405 431 961 434
690 1038 1299 700 1728 896 1112 424 701 1169
1349 552 586 635 1074 1022 899 1464 496 1128
718 515 744 1194 1104 1527 1343 575 1345 489
1455 683 1105 1880 1050 651 1163 1183 487 1330
9 7
3 5
1 9
1 6
1 8
4 9
6 1
3 9
0.5852335086603195 0.7693974735576714 0.7022576216234484 0.5377692302429249 0.2936058613826711
0.851968579450094 0.6404540783627957 0.8633312149315646 0.8470649144105389 0.4421041884057625
0.4333333260383322 0.6206978579297966 0.49867448386539903 0.8089336925444994 0.4229869251876668
0.40396579201960525 0.41718439131837437 0.49735885336472335 0.7498709612193213 0.19252531804381823
0.5619443240127986 0.943627806859962 0.4423683237719565 0.6081728102060882 0.10622812621190354
0.3184180223551088 0.5948452445314913 0.7630726430529033 0.5246313591088982 0.28374954467549407
0.9136028945737094 0.6336425875793058 0.9732170899912043 0.43617841819578346 0.119553693129855
0.005836629518185088 0.8140876871450884
0.5029443134651723 0.3725381929949887
0.6941833152115247 0.677478787128561
0.041716339323865315 0.7173741692727806
0.6356493005833947 0.5388206719480246
0.09878749747478333 0.7217107355066892
0.9570115597578317 0.8149674259311985
0.8904169027214022 0.5151039777805237
0.22788086391592133 0.7944706145160105
0.8648380715486452 0.17733892430310605
0.5819180305090905 0.2302794693761392
0.9953832567838747 0.3720003847708826
0.5167181644980976 0.6670016447696883
0.5068557219037215 0.42653876788660483
0.9503935281399667 0.943283395914992
0.16144421591257196 0.42462480022999527
0.8635565813730772 0.836129989481001
0.7465973028524426 0.26981420058622874
0.1129146530937708 0.3047598529850628
0.25780709197366924 0.6560248615148259
0.5766637225364117 0.30525377615428684
0.1489624001441867 0.6626677024833514
0.5193288789531634 0.8665278964972745
0.845763600583892 0.8157755972348666
0.6505079631223227 0.6704944636175645
0.5117531934244084 0.8046557298737957
0.3741185559451965 0.0144408442365207
0.5119017857097701 0.5003637605687743
0.5140300116426431 0.37828258301646644
0.11720524031764068 0.707838175354121
0.8489731534590643 0.6467895618591915
0.3705507309304781 0.23092603987674165
0.6892309612036123 0.34867594444675465
0.8790353451081365 0.17828124792190447
0.8517076146066622 0.5113742952247937
0.9161366300478964 0.2531339972747597
0.3801955194200888 0.35382236847422543
0.7392465764398288 0.010948236998981953
0.7478025357563991 0.3062961281032306
0.12998715216188628 0.5114955982882008
0.486413147109104 0.4450687340129147
0.5970900490389186 0.047601247497378596
0.7428200543109111 0.5036836307691543
0.36769957933951325 0.9183593687386009
0.572839202135965 0.8150647838454828
0.3338340783067175 0.7838911969395752
0.6870632874604161 0.4645257155505924
0.2475284321797313 0.7916153360354512
0.7702403102567696 0.844650332175513
0.41521646295251946 0.25401877242034576
0.692110303086308 0.2487959528317334
0.1648935348331384 0.6727619429000622
0.2981231418442565 0.16944462068462185
0.4599129466027734 0.7373330005336649
0.6679486738511953 0.11511025045805345
0.3894863212929598 0.7332656714988113
0.892597106402157 0.5231810354057331
0.6588104930247229 0.9630893968847687
0.2604257112146322 0.25707379487296045
0.9687739149309058 0.16480009490431935
0.18722709426058293 0.869877088350024
0.6205129094496047 0.42549950090720734
0.3327814360309369 0.8021756160361444
0.23047180323169614 0.5568139084057075
0.18146416443270508 0.42597184090980966
0.4522152310324543 0.6644940758206057
0.2019689993619409 0.06108505901218564
0.78008718662673 0.6807039231499841
0.9795751585735566 0.5460428128629662
0.3550706390404754 0.25137932192007795
0.7957477469938807 0.3023948598086621
0.047921288299271225 0.710914386479973
0.03454490836990676 0.5304896765379015
0.18098533661771432 0.6018373735218894
0.6764885006418171 0.7767496494555495
0.19379826655321786 0.06956529803286782
0.5618505707319503 0.06088309839656825
0.441343063416751 0.8309853649181249
0.2528340649135239 0.34341668355046906
0.28700421688684385 0.25158816648668036
0.3740105159235265 0.5637561641511926
0.7188646853680478 0.9753815527203531
0.29843838700265235 0.5613386025618716
0.6373513664533166 0.7192532744154063
0.7761167987523994 0.9999821246183147
0.4738211174879319 0.39467003203851436
0.10888796655440358 0.48667146157947916
0.8769577312333188 0.8752751289840714
0.9143915568679499 0.9066182732798169
0.5004302204016549 0.9346886408360253
0.48063647663222464 0.23818961333947009
0.13214143527568845 0.36541172348994544
0.43918415506423747 0.29739822425205276
0.1830818374157166 0.37906152431374895
0.3515898822382284 0.49743489047936795
0.5497935273947554 0.5292381474689829
0.08901237649180804 0.20326540743637955
0.9040661360080606 0.4576934744022141
0.07193828487737464 0.8087739150253246
0.486010908970975 0.8823210108822774
0.73478523956456 0.14114711032406424
0.30422579869327904 0.2641043334687565
0.9715551551593071 0.8947217539067942
0.41934433175920693 0.06113758549384851
0.11075448922311604 0.7379944482966116
0.9710478311568211 0.3434218347019713
0.36158775634569795 0.6539670239079036
0.5722731156372041 0.36671495539733145
0.5015624453158043 0.15576155578404238
0.610385445525143 0.16282298116019178
0.647508726939906 0.3933068630125811
0.04429484507691872 0.6942255495965237
0.08652832878437766 0.08481003161024625
0.17332141337100504 0.5979152326170953
0.2644013872967452 0.44231245146831255
0.516095846775015 0.8633170635581395
0.27643020343907 0.7204062152017767
0.8209102668821284 0.675938555439348
0.03353313770809807 0.5385623517085958
0.38875141840031024 0.7175952216206298
0.9644019118115759 0.9481953566684984
0.7439061977763382 0.6531937025858903
0.19980218178108156 0.16844970215865906
0.9182952241677271 0.8430568860832035
0.5174596488284933 0.049980767145842986
0.48013302190017093 0.738400824637365
0.6594745584592194 0.944253288728252
0.748381038673843 0.6903258923835183
0.7649196496040287 0.8818604966786459
0.9200859551571559 0.40173259311833975
0.08291257360741255 0.9922646774636201
0.2679882477233786 0.43589355126917506
0.11367221100630776 0.9579739984282694
0.35179056654183927 0.15313705714526527
0.7595819333969411 0.3123732825390888
0.3978969963978469 0.2882970783899603
0.42573882380437 0.38941452160492984
0.6555137440549412 0.8507231738058612
0.34301764654894895 0.13743339705355195
0.029137661161884543 0.19674413177778405
0.569355272705969 0.4984905416288512
0.38969550188884905 0.7801181726923025
0.8253981108934276 0.4635001140097772
0.6582390190169978 0.0357121116445116
0.5740318507871554 0.4736873728483304
0.35563967899506 0.742846083936515
0.4001414596464763 0.5186347842267163
0.8060172478235814 0.629897468690706
0.9016330108970021 0.3165193295283344
0.944756953985654 0.11277431895858903
0.8670743770686442 0.4504255896488376
0.4233429767851933 0.5166264809661509
0.8056338596405501 0.06372322117118934
0.4032127670829708 0.5994061593368829
0.1322198259162941 0.18308952600780204
0.546609485593994 0.9212440681286111
0.9515801552307066 0.7947806908708055
0.5557653456606939 0.8817393076931948
0.024485008554863352 0.034236131035311645
0.6770841092714188 0.5655340191648457
0.2792220651774675 0.19624889640495735
0.43659678725595463 0.21302224861665997
0.19753166923361576 0.3351566383085052
0.7366691453302376 0.47162652992195664
0.7142631839961304 0.19780304719814956
0.8689271419164626 0.03672658631203851
0.18538236318050272 0.6417754837895908
0.5568630514737796 0.17474774705624663
0.41354864486143406 0.22594275389087248
0.07780129918636547 0.07729584176815663
0.48925391419076525 0.6518036572943944
0.9009722915968768 0.8539860595324111
0.9474182112927914 0.3147191369375788
0.7394897666057443 0.1101662240019512
0.3868217562630998 0.8946975856717152
0.911400425526246 0.4550590756489752
0.20514745812539914 0.03170037392797598
0.801521921144773 0.28837379972342236
0.09545268600159207 0.5607174057107474
0.5174666580825793 0.9704618914158423
0.024199665103689982 0.317445847131012
0.8926617995603847 0.5652172512576374
0.24039940944294957 0.5111270353149555
0.875754405292335 0.2650744172766577
0.5732115532919722 0.48550729175131124
0.4303795087532969 0.3245343814487076
0.24381888890518888 0.4570833655510642
0.9786359439077836 0.27325213514871916
0.6274260626402357 0.9519520279794127
0.8682752262695455 0.18062526121494415
0.6376460928297285 0.2646517744488086
0.37660771238506907 0.44001016357223244
0.2525378378297014 0.45967969077114934
0.09108888456849695 0.4621784371862534
0.6598510359652217 0.6235748495843147
0.10994010650073416 0.16752833212104679
0.6946541337490435 0.8940743520173797
0.9768820449084659 0.7879573528392343
0.742056053900491 0.7642254135563287
0.5488806585137926 0.7794696619584185
0.2548321133934637 0.5940105260518711
0.9321272645970422 0.6199908965656715
0.3541589188784624 0.8450940551336046
0.6570373992142247 0.8833714944113591
0.8572087981580438 0.9578639723048301
0.2785890045653976 0.23345108264518766
0.004504594788442562 0.45575278751753423
0.08022861345143517 0.01900803504263382
0.5257589009818131 0.9615592391275969
0.08389002111921884 0.9825653987617737
0.6967669472480604 0.6696633509605676
0.729992512401689 0.9305447841895884
0.02061675955866682 0.09398026062413489
0.30324543511041835 0.44886726551477873
0.2807070185306064 0.5698305903298759
0.34565088007005773 0.9789984476825002
0.7731839410653474 0.06553768775229307
0.2596462549045737 0.31159550092976795
0.6120345570089085 0.5603572201538238
0.003791385011496562 0.047524177416076396
0.5734455034042683 0.2840680910074145
0.5863547241616038 0.23026092591132996
0.030931292480969264 0.8548569419381797
0.23601171259906173 0.389317071974691
0.6218568896950478 0.582518909851099
0.8282366934281695 0.12653330105175087
0.4687831456568097 0.19201594571379688
0.3593155731752109 0.4834158651906917
0.5144433364019529 0.521681154945772
0.46423349405757497 0.4519490569122142
0.12459345564905733 0.5838401116274785
0.12640160915004728 0.8706735496773281
0.4726671960704205 0.38871043195598265
0.6731144149593749 0.8741313886578024
0.7415669382854331 0.3743446657126226
0.8496573821057831 0.7915700606643192
0.13788800623321107 0.06850173534176918
0.6712382578277576 0.04134936555930002
0.8478559557958376 0.024072357735094307
0.49857266931256006 0.0018391564720257048
0.7724303774975021 0.7936251257371116
0.44358641372573104 0.3329913242654601
0.2700947420240545 0.10149750521863443
0.2703535120382974 0.614072026872234
0.7604060481647119 0.35594101487908714
0.7181187359956369 0.3316507488882925
0.6138847657356292 0.7297756066045806
0.99249497403991 0.9359727687402615
0.8242914119200366 0.05105753464020801
0.007839414385268917 0.11446571888468093
0.4222392177828651 0.8343042465508312
0.7120445830696556 0.6117862188642273
0.34468718365141027 0.39979651704822516
0.9042145687515952 0.9338487747008981
0.6817170502948011 0.13349268296755246
0.4882071465391531 0.20125350034943512
0.24862945587726637 0.7664397198462172
0.5385571329909469 0.8916403298444344
0.730187838828017 0.48839979889622454
0.7427124609416127 0.07678016800569298
0.8486536649607099 0.30898673316053427
0.3865772823783782 0.8699193617494352
0.16254757875877246 0.0630681160249893
0.3989562871018535 0.8041932316048122
0.6227601012588277 0.9965923973086297
0.30014445636156695 0.28438461993211006
0.6867253808655154 0.4657739065785649
0.03409987025549044 0.726520850252659
0.10983016996242889 0.32604177704188486
0.6209485364103986 0.9473144178179829
0.727533145909308 0.021919417928998763
0.9017632864403167 0.6423892964405329
0.6868968657279755 0.004944865647020347
0.3541437896538 0.8772707663456174
0.6485614301010516 0.6205638124777411
0.17958251207525988 0.9857463908674908
0.4094794701451254 0.8177862215683367
0.6546104022136419 0.2693337478764253
0.3957204754523922 0.14354846543909194
0.6421626397718745 0.5877369205446701
0.8084605914751652 0.03834317382495134
0.33499769686191305 0.49639552001463105
0.7367704152124002 0.16950426236686988
0.49268631918714534 0.08458661185696381
0.2197453217451637 0.19273370768441067
0.07021283066051565 0.3547061229169779
0.9117253218500343 0.7669070414455157
0.27246902428166164 0.6861439637321833
0.27819001952979017 0.5787347754589935
0.7863207250499376 0.04332647251077826
0.6927984557208413 0.7098339005598229
0.8366277241216413 0.6540892411326684
0.9166892987691424 0.7818108120406779
0.10664271211755305 0.887821066225962
0.728036501199492 0.254512878757988
0.7695235668054285 0.4481487966247595
0.4994090022258799 0.7640109892676332
0.04368349888387968 0.5991094880810994
0.5120803792458399 0.4364491556164849
0.48641063412258 0.31937136130618815
0.014342420850367299 0.06393415524655355
0.9332786571833864 0.2035908023204036
0.5063746844085211 0.11427865394339354
0.6455946351449875 0.8095207688853185
0.9244865722287992 0.0430081661144357
0.7269420616476185 0.7072455300597678
0.2888782069121216 0.42251352441816503
0.22651886829445012 0.40698058325281306
0.5118523034468943 0.01209662914016385
0.593001913677587 0.44673265134170936
0.1548912451681308 0.6871008577244548
0.052878940015757436 0.42254796090016633
0.7053103944808663 0.29932711500313713
0.6682065512967523 0.9279149034059959
0.018798379570943657 0.28317203717754413
0.6810470347986266 0.8008460218596474
0.15451136250858188 0.909033946118194
0.992579675105342 0.684976477511418
0.4780680878929153 0.3660666820342062
0.22142760293744912 0.03880690053593172
0.9055213113512377 0.772950274986623
0.46780632242035525 0.361252252768713
0.009349247425763707 0.8547929906124034
0.057083992849285226 0.9475551002661982
0.683366278758673 0.25009761198066793
0.6658302027477536 0.17668852894549314
0.4717682489895092 0.3569733893187981
0.18131499385243943 0.34561965389798743
0.5588832164725472 0.5828041233168648
0.7257969834852118 0.858216634911209
0.4401786822512157 0.9321116283268029
0.3390212104426549 0.3672211721037606
0.5066093331028385 0.4944190682729981
0.5365068128545474 0.597915792300997
0.012720475562554512 0.23607117768488717
0.6863124051788536 0.9307031628628815
0.04679123364659343 0.28085308444900736
0.1323109319451159 0.3506077162923149
0.26949916012709174 0.03176509341178835
0.7871062817522152 0.7151896258813513
0.6477700694261403 0.9011658208381601
0.20008313818162282 0.776456784772311
0.7946615041493994 0.16162607073212576
0.5140362408154262 0.7009080423015464
0.6939904691219896 0.4819096685972355
0.5838107542374813 0.3031125034799087
0.10492123038428058 0.04674858643346025
0.028403221033718395 0.4907085962930662
0.5075160134288237 0.739069795584989
0.44067028902299277 0.28919280346717646
0.7009973949853843 0.08138637165160478
0.9652342650154384 0.992007643120276
0.16001540505299316 0.5366026011633254
0.379990172503893 0.6704134961191073
0.8165579638521698 0.40367785556001
0.7241983113357455 0.8799917472919614
0.05822031229825586 0.06288007303712373
0.40867095152078203 0.5544655010255326
0.5340597748782163 0.672415416642981
0.6866638817076267 0.5485670755912457
0.2629784329638687 0.5820471326296195
0.4303243108160659 0.8201274260596996
0.8768646309192543 0.6550960968119746
0.8052334078976107 0.8692475653178322
0.23479617563173316 0.7904896183350476
0.2592963604724883 0.46485354109004207
0.9675998426955961 0.28277632382214946
0.9518976911279602 0.10461548993428216
0.24591252492349613 0.6350465026031316
0.1539776064877172 0.2921658135363956
0.3254301585703676 0.5989407799235598
0.9234700434768746 0.9045557785754514
0.3208250556622112 0.8505471339288924
0.3948797057301736 0.14742385606517883
0.2291779164466885 0.928551055952578
0.030886238026395008 0.3634746249732794
0.7775113633019421 0.9190737589097222
0.10799145517006936 0.25294555300096055
0.7952392682577925 0.044951097965782116
0.6465705964327579 0.07635357756337657
0.3293355220436984 0.9412448133934057
0.2575942265085627 0.23679574055429864
0.013246382659555689 0.672176836538968
0.4119323920650986 0.674849333157701
0.020806427172069153 0.9656388162841092
0.5566027940300089 0.009691096322129056
0.20114944925894584 0.25164281427726376
0.6659570930475138 0.028372715245832847
0.12244552757592175 0.5746566438420591
0.892256415910877 0.28674942482147214
0.0690021580832405 0.8414051138431091
0.44653033417396415 0.6978475222610356
0.31712389058799606 0.020733477380665777
0.4563082815644559 0.30792767422329015
0.8968418844346002 0.9636464908244493
0.37102596177585867 0.0573737255885578
0.17265222411043246 0.5852725825308376
0.922606888411732 0.9328275383661444
0.9042459700792378 0.2371683611650386
0.4317443368785918 0.1790339833543786
0.0017386212252692435 0.29145336447131154
0.056969316874477816 0.8594661220951938
0.6996437200924144 0.33026797845349676
0.012214824565507598 0.047244831858315184
0.9710964295957294 0.08025736452453924
0.12384362425248319 0.064560542624446
0.46609945623384963 0.9518245503448006
0.18690587665688696 0.842475372284061
0.27857890690791565 0.1452844240505149
0.6239289839568778 0.4812722061094665
0.4539700588163158 0.2322880429450176
0.8136788899393876 0.12717489707430296
0.5303433801952944 0.9346343195820099
0.7648619690558105 0.8393025020929772
0.9947480929315995 0.9188085472167844
0.6243615330064416 0.9028308145981381
0.1623759767917532 0.2705854394975149
0.5222639482571323 0.3328520256523284
0.05274872918554907 0.6245462244244298
0.7907922197050203 0.4397595988888874
0.6025862254221137 0.45976990310639887
0.7565267257666428 0.6243642995188483
0.7524942380927664 0.8214976581715379
0.1718856619421698 0.8396193524633038
0.39861973376243354 0.28209240804939784
0.30974306732980317 0.33152733218936503
0.05649752848962142 0.11564813487152281
0.27338834873173234 0.8981190491737532
0.2760763170661247 0.03954147928815499
0.14413020603141358 0.9886193571656654
0.07110486778904712 0.24647294730204017
0.5359730362029078 0.7375569455199404
0.9149132219928042 0.8180833976238229
0.21766004006075157 0.9171267365109834
0.24449265825160182 0.22128179383329627
0.33518928917365165 0.2950075641312262
0.9709368275674752 0.10674200078882223
0.024247703423135647 0.8410246978071712
0.20314882538189427 0.6415405416114577
0.6549789168589712 0.3523614731159568
0.4011018643833215 0.6359751536565077
0.41029278406550196 0.4949214329936025
0.49415564297874104 0.2759553121567857
0.5533261086328314 0.04905087396331331
0.9964060323969659 0.7999322279863024
0.9791839855390654 0.14043623479194922
0.5432842791764025 0.9199875417263021
0.16218868892941485 0.9365505979782258
0.5723273427977196 0.3431960653637698
0.08849757600001862 0.6638384807840076
0.4289387460704097 0.5341918238745549
0.7965521376675284 0.14707881622286134
0.8624014980439707 0.7301822392352824
0.10374661199227053 0.5178553876580341
0.2725591449292004 0.20675463356086743
0.9875195478528676 0.5509289406796494
0.19175779305582763 0.6179883346626769
0.1780388995768225 0.06486981016434745
0.07412473925373297 0.7109970204801535
0.6007665285736612 0.547995075787882
0.8003237793100118 0.6058064864276962
0.514055861228935 0.8858043621102254
0.5743755833900981 0.47323832948088307
0.5768461428203473 0.7113226246439428
0.3312114916676059 0.7613616279143884
0.6607558531457842 0.7220160295755407
0.2940778461837421 0.5355907822892418
0.7269542241993778 0.9687436095068598
0.7858434008763118 0.28544672303646657
0.07446192996843948 0.2672240300001272
0.7690577708598496 0.2675284686563961
0.5248841250599174 0.8814356058758577
0.5610522524774495 0.6407720933896357
0.06961791208227175 0.9276882664035371
0.3615106917439348 0.16824318913752934
0.49816763015252263 0.8008186184498929
0.017982189330545406 0.3544127320611725
0.06358216743392986 0.7697808059996816
0.15768005770251103 0.919406911968083
0.14700409581139895 0.02035320665807694
0.29641258616869814 0.28291060525524236
0.5446828828956662 0.816453149487312
0.05336674281477927 0.8318570639676812
0.20499299609766353 0.6347734950825428
0.9695435451469572 0.7457120133162749
0.21647280432550642 0.13966382052464676
0.760170733016623 0.6085365066797315
0.07099820822365221 0.8249835981358526
0.09049421517877976 0.8850289766861488
0.12828716869491696 0.4501584730750028
0.05639321395692498 0.1346674488601043
0.04173429520543581 0.19570255303431705
0.3640172349313331 0.6814477757203476
0.68638491875189 0.6436967646646905
0.21093395335545484 0.9630939742703148
0.20495526925047125 0.26099743447173074
0.9699362891865351 0.4661482891068218
0.8094347337879519 0.6875689733658659
0.43671186758183733 0.8860797879737294
0.49027104302504876 0.8731605262790207
0.5117878966670499 0.7954926817032126
0.8204219581283312 0.677827840819542
0.7739865758435205 0.5994376425822516
0.34687308729026745 0.8075699195543355
0.6508115448905876 0.8657774489874319
0.6897961560927051 0.11074849919292395
0.27757132563222475 0.04801110218696358
0.38316845028038626 0.8083965300431253
0.36785620245672 0.6093641908685974
0.756757683660318 0.7323535037200328
0.7373235250184536 0.0991812641670049
0.1431779334319483 0.6663713186238951
0.19013955824442497 0.22539025816468938
0.5217304347959486 0.5009424005177618
0.35741020876688157 0.029455358992556357
0.30153353749657397 0.4032046702658181
0.30013832469557555 0.7156891351668131
0.09833433007637904 0.88518206348201
0.7740384109660179 0.17528061762234715
0.6742194054989616 0.6521229984918016
0.5211427799737289 0.31415566515739757
0.19007870152428552 0.6700258007162982
0.41145103914886305 0.8505448914674005
0.17344863114131148 0.3940347405673754
0.19037859826221237 0.177066696070721
0.07970932801546016 0.2994725672954681
0.7251433006959029 0.35238704719032277
0.13332794995808994 0.37230859543301054
0.08294564590467646 0.4027993139847408
0.3675004390540275 0.23333026158451387
0.20367346225395289 0.9134596237073085
0.03766590312052509 0.006827926571798759
0.036933099582833195 0.7419603821726728
0.6900431608432767 0.8673379257976139
0.21950496209132275 0.3661866800114826
0.8280548106488235 0.29025757755873594
0.4079557338354094 0.25533214524550574
0.3299419838111106 0.8935575378921334
0.2672074208261417 0.1838009758937187
0.6471393122697111 0.599190071657367
0.9926743039962931 0.7542698041034759
0.09368688252773638 0.9746279047614361
0.8604389674485922 0.44820767612325474
0.2538090376740083 0.9527965646343894
0.4054663658332396 0.5546526417711504
0.3404706955519434 0.5178252887673829
0.6810590103732814 0.4459028715037212
0.43315261449778286 0.06935635499021209
0.8973068298729463 0.9859402890321349
0.810606235146502 0.335100118117021
0.023156673974025876 0.518765672479921
0.14478613758293601 0.2122967245797429
0.9037950297867328 0.287515809812265
0.2526576853851723 0.9883265792967277
0.44810793478346 0.8635223395466407
0.6497873772802969 0.0468565840610915
0.3393204800357241 0.09835165844268201
0.6383267705857969 0.6328629992566908
0.1745060365952722 0.27269326833556784
0.33362567502737206 0.12549209235355563
0.6234689278737293 0.9057661186940047
0.8476575954796144 0.6216674957683068
0.5340757720024789 0.5572862554499074
0.591943644766525 0.7111444183055331
0.040858443541504696 0.8396227386528625
0.4900974179899189 0.6374780470652683
0.0667428420365841 0.8721198975026068
0.6981951542121083 0.4347159599824668
0.07350573059084375 0.7243383577744964
0.9466854893098069 0.8943013651536356
0.8634144935984718 0.17019097757645119
0.3057189243530698 0.7339641244899047
0.3030894156666364 0.8069201998231426
0.40277124700854783 0.2215114168021437
0.3518246398309335 0.48336144118689095
0.13076569299485397 0.44787332308434746
0.5275747400498503 0.20082330255287717
0.9409344717571686 0.10579384988323692
0.1901333076805285 0.6311689930681217
0.8775792974591106 0.1585594885784567
0.5539220601310455 0.8540760610850453
0.8068602666537406 0.7788130029568323
0.5853447563790584 0.3186630936737145
0.879883126244628 0.6377973536329393
0.7140243409962215 0.28580453881384993
0.9897292574207313 0.691077868816524
0.5243264961467182 0.723915963557332
0.3533117664237526 0.776045166246681
0.42457963401818155 0.7127021189346192
0.439120210630217 0.7366383439278816
0.7405458644245921 0.7930707681810583
0.5769376803393078 0.28076831814192404
0.9690748261243085 0.8208637683563995
0.6164116270607616 0.06944932313999175
0.7858464965150282 0.39411235355674923
0.8235303837868122 0.781939533767616
0.1218672673589829 0.92614620030061
0.7789675786122248 0.22147736981367894
0.7907203571977497 0.95403227962777
0.9080508678749915 0.49746877047444804
0.9087852055745236 0.44671449081235304
0.11672342456886997 0.8604180546555964
0.8170580023850806 0.11908083351883803
0.7697649201719958 0.3414798395023173
0.9562927859916532 0.03497363032488798
0.27369195346033415 0.4073631867871559
0.7059185597145987 0.6963186163358119
0.9795605792154858 0.3882236010900322
0.87409159124615 0.7466737879176506
0.901804449916064 0.8376570052888381
0.548808796390506 0.6947963467883271
0.7052859398464186 0.1701559534499093
0.4882975847276745 0.030623872253257467
0.3641193022152829 0.16059028610302906
0.23376350225619436 0.6179306512120715
0.8030108246748198 0.9704442178620731
0.7674656171907486 0.991367006210905
0.6605818774582186 0.7982421395584935
0.1841803984017949 0.47680650933172
0.8300516088810361 0.07885631112027292
0.46360440362412425 0.7911703005342019
0.13179572189429134 0.5305465826491795
0.40829395713176475 0.3682607165922387
0.5674771343338141 0.5839550073803634
0.651402368431204 0.897467771408115
0.8686542127466479 0.758104683660084
0.29045128594828995 0.7770074379748615
0.20174434803229535 0.36056105495904456
0.13996497362455185 0.3661994289848214
0.7044704341154733 0.24157591334905537
0.7961491391964499 0.8677702793295772
0.9410850952102956 0.7974072335743976
0.11203294810530173 0.006427742271611692
0.6806572610648176 0.3566347491225701
0.7150564333367377 0.8995981706802259
0.554883644838307 0.27153320342987364
0.08718791823517136 0.38737006663163265
0.39734404570219284 0.0643482458763438
0.14396858910477972 0.8850114800263424
0.5958772499069918 0.10220282491779242
0.4075638235751584 0.22039783953741865
0.4180663300045051 0.19829866126639972
0.060775643599236595 0.9435803007728543
0.7902708915642722 0.9567482019136722
0.7047104788188097 0.8677798033045963
0.40289278653763083 0.7908143865396899
0.4385917079305417 0.21010405346708283
0.16302752335588844 0.4325348607273578
0.6724321770182444 0.630765249241031
0.14905931468526457 0.06441516693357108
0.48449735814174266 0.5425404378115535
0.5849571942780354 0.03366114382613272
0.6956019015487895 0.2062977274278479
0.8283262308793804 0.7719541207561054
0.9184595265339766 0.7790345820517879
0.6822119594608502 0.8601908733043093
0.5960084460890853 0.8551903400409824
0.44913026945208223 0.43961005248029794
0.37270325925078507 0.5127086838165607
0.08962743999030143 0.9481429418884306
0.7201719556448138 0.764334288236618
0.9517296496842249 0.1500005704822247
0.8403880249450006 0.5786899990856957
0.5156593366221747 0.4497282102591105
0.4261323519149569 0.9793138142685862
0.603521861593056 0.047946700107890816
0.33924469593760587 0.05599262899044377
0.14629136995188885 0.2430238662640638
0.2696201325006089 0.35746463841568255
0.4258519397185019 0.3560385433432023
0.08576587917084844 0.510104353483583
0.8039367938685078 0.208353117715945
0.627340218879346 0.10586089501916152
0.5359448984937587 0.2688938458543857
0.4725670033739917 0.4974379872586956
0.5250236701936115 0.7610384929531777
0.022722065645341294 0.31247557577417107
0.8251372498724283 0.39705538504514704
0.26218681317999804 0.5362886621199858
0.47394372859541445 0.10812898168491891
0.6180211911787765 0.16907551675615484
0.4530515390145833 0.1147859540030467
0.03902038788715512 0.7365351339567958
0.5669471832793813 0.9832741401948537
0.312426209571661 0.532402512176632
0.41210580728945145 0.19391893392759796
0.9492900503648538 0.5866298711901539
0.6130636963520957 0.31212954984018326
0.8729313787815851 0.32602105912898693
0.8219690878804011 0.17440486375467312
0.2383937949573478 0.04389500082366515
0.49646226999707577 0.8627700743017823
0.5754710575893593 0.3779782991868177
0.8503746489190047 0.14875652419751084
0.7548285628216742 0.015506604864840678
0.5910264783892731 0.3318170450803608
0.6778759062995547 0.9332566308767085
0.8823013631392418 0.04013115111076271
0.2375685904830147 0.46655184512066716
0.5882311729318377 0.1519677967248103
