10 5 100 4
1222 1171 1712 2622 1686 1185 1218 843 935 905
1011 1411 1714 1854 1378 1297 1280 886 852 1113
1032 951 1370 1569 1074 1147 907 767 1148 725
860 934 890 1174 1298 978 827 895 861 760
1065 853 1048 1076 923 1050 1199 1176 656 821
844 979 1089 1034 1193 935 1135 956 767 842
960 1106 953 915 1048 851 725 1025 819 852
804 810 1011 1005 1052 1007 690 800 810 610
779 595 814 740 797 653 786 584 898 893
1032 990 794 597 1023 853 671 913 623 1009
0 5
8 9
4 6
1 2
8 0
0.5173320337889684 0.6882531084455377 0.42833888889113386 0.5702564827805814 0.21225787605910906
0.46219958896144275 0.8277405609733892 0.688904328444414 0.3788753356623278 0.39188006680773846
0.6118678144557396 0.887856853671972 0.6216853936770681 0.34585578804446465 0.259728434057503
0.9316046676607783 0.44994370180135446 0.886431703285063 0.6262851226385099 0.4184706613730117
0.7477929210548444 0.9647370907695383
0.5772317237697062 0.9876191310456865
0.20851617146000012 0.6213187415251673
0.12444168597974992 0.3275414254679725
0.23722211152252082 0.31682441352163626
0.17885480711122814 0.6572352299001853
0.1791978840536248 0.16663220008186275
0.26103588343541473 0.645233440700048
0.8005080139413703 0.29356148086950284
0.44473004874943833 0.9814037754254357
0.35020553540785726 0.6571904695818676
0.4633148277432677 0.10208867937557597
0.13106830043148876 0.5018933034530331
0.35930442802434226 0.5174810074687934
0.8563549310999345 0.7098529871047485
0.0030250152904995886 0.3766581481987432
0.6231041721533277 0.08897474520693094
0.8678366959724697 0.4921292434815683
0.33728176260845744 0.5862221093860698
0.3133484325559981 0.7895527028082403
0.0400653612369366 0.766854467731594
0.8800508001962866 0.7700882139130396
0.3910549940562138 0.4529091507206713
0.19192206922541977 0.3481664841589758
0.23897867522102478 0.04813004869759374
0.8016169324017861 0.5750548624117813
0.5691264145090766 0.6685831339548904
0.07044855216038348 0.758358844071098
0.5055008766795874 0.628577275586603
0.5406827843927766 0.6434055843353728
0.22565369229230337 0.5211008328782263
0.9996873178617716 0.803569585981158
0.0173297865114459 0.5741387234444366
0.2784032818580726 0.6977944854610154
0.8906457164998463 0.019486913561042485
0.39776426524794184 0.9515771547946625
0.44783000831132225 0.5381251118207939
0.06129680929622405 0.7250350762223765
0.12645639698527833 0.6391304776153155
0.26642883250904714 0.09414845379500059
0.08367259351254464 0.36269413531311345
0.8126823858822176 0.2987711009766463
0.2525813039499951 0.30983156128718736
0.3679776542852953 0.09789214733603857
0.6509971083095749 0.7741526580530083
0.4709824918531411 0.15738339446676552
0.5315921559428163 0.7417704930270796
0.03678905905018004 0.39987698635311886
0.9751817103658964 0.01833105223256415
0.47545337889498285 0.44790478283156143
0.726929924618597 0.15245471438105174
0.592885586229865 0.3024451865482647
0.7585645242046033 0.6722963608250045
0.41310463473556824 0.5934650840996176
0.9547081799904353 0.11544937366686758
0.4628958184605947 0.8316362186840609
0.31640815556960855 0.29087584686504186
0.70935884375446 0.40974565919401673
0.42663539735934597 0.15736544987968837
0.6318482628517499 0.27464614986220637
0.38105966170581484 0.7107576473621393
0.6751976532639008 0.23414716615273656
0.25331807446187216 0.7713528414286097
0.5058318452326112 0.9710812923346492
0.3350876693425413 0.8886719246283081
0.8357602191001028 0.319359468155028
0.8414393981396457 0.5607262715125243
0.07311284251845218 0.6741732419310238
0.1163020961993515 0.4694064913715974
0.8185661052522641 0.22213284623568397
0.01817438733599963 0.27977640373855084
0.38164757915812886 0.9581506247135891
0.9221184614346793 0.19494059738896174
0.7111356532585553 0.35268625973068146
0.9788781779224058 0.9835085238300714
0.5783959911396848 0.08818131745519642
0.18173208284443465 0.08015992241030734
0.9905816269900316 0.37106120795107467
0.6390357349836906 0.3178403367324085
0.5866833619727547 0.5839916650463666
0.7201833987069393 0.7635796404546606
0.8380923913641787 0.1996104176689888
0.7115722189682989 0.9202454538548566
0.5177951706834354 0.772465168615545
0.4575758312389353 0.7708136635779252
0.9909861565315607 0.8639409902808397
0.3627211412137916 0.8871694966323209
0.637359054376057 0.9792162159687678
0.5859346111471249 0.4801123815925086
0.9837901687297206 0.8203441092223696
0.26798662653009253 0.7149530359550229
0.3938234899857862 0.4740817080229862
0.3612761832701328 0.9224487113108075
0.8457482722802836 0.02655354414667488
0.1205876942431916 0.11148339607060986
0.7186157416403194 0.7556008947266744
0.28549288154813945 0.5628288202663025
0.30231622201597186 0.0864432641659787
0.7494699830002869 0.8541239211094243
0.49166473900741736 0.2598545630584712
0.03431471917972995 0.4016375319442538
0.49724498933994576 0.4091664116346767
0.3496976499249347 0.09900969506760471
0.46643882734658737 0.5153175888724821
0.8079626350264344 0.5416476406601609
0.0034352208116297245 0.9930395091068678
0.9514570120572019 0.3117515863100966
0.4239333403996952 0.8860625390096526
0.34707904361383246 0.34435424505892964
0.1562552486491171 0.09423041203267224
0.1775414572991143 0.4954850775600781
0.8506802636508033 0.48654964914550614
0.10651050039725662 0.460488721633447
0.0158860922800379 0.2674301970397599
0.8791133629814691 0.24528365559026
0.946297016414577 0.6415550212621004
0.9612862163103539 0.5742033746158004
0.19457367137733095 0.6996160922509118
0.040235676378083784 0.19930999762478385
0.6224081203037559 0.5235944943642579
0.5600783493415467 0.13298792453157926
0.3550287318180221 0.4255059622154189
0.11626447221104197 0.4977687658637395
0.30123176202137714 0.9147818917085724
0.6427957726898492 0.5982676491697931
0.39128092404752013 0.014234799846215118
0.9645317342052371 0.942691986416845
0.5766772703083158 0.06007550499684733
0.3554866854527585 0.66804747505144
0.6111705837335335 0.5974544536833668
0.2856858308717487 0.60143149141125
0.7813226048315558 0.615725710504591
0.671451754007983 0.8694996885337059
0.5753505931062444 0.8670377692945594
0.3653002740700786 0.23623424455838826
0.049324553834200646 0.7164346380458189
0.02982897021454267 0.40170232934249417
0.5998686862235463 0.4697916545343539
0.10721472826386513 0.874138477170685
0.8778875597157441 0.5182828066535248
0.26284988577782187 0.488318238991297
0.533340006917211 0.3562161980714329
0.23383718758256555 0.12986359219059418
0.27906418407894984 0.6507874044174766
0.021353792176751707 0.2078201663654362
0.6464845668751926 0.6571690592469506
0.897202418408962 0.3489679880793082
0.14819458606919356 0.8920873230677058
0.3385267382693047 0.7521471331048548
0.5496721044377635 0.8810845631769582
0.21709736819393854 0.503587556920359
0.007107917606752556 0.027089353402158123
0.5899344868878542 0.9330075726976781
0.013919372519574091 0.28562133099944886
0.8414974133365878 0.25969563303067544
0.2609252571148668 0.2548193887059955
0.5810355198995778 0.9223282801951862
0.4382456549428324 0.6843181844655215
0.2577922164164206 0.37152407111754226
0.29082980883836607 0.13436604822346432
0.18525614776079014 0.4897263287965026
0.6109895086170294 0.8276608544024089
0.9570605633360749 0.10929499043455393
0.8717524460272386 0.7853011431147923
0.6506257723104227 0.6073297010566969
0.15997169158816393 0.12753091750599288
0.37173274300426473 0.880456376558818
0.9111972201317236 0.5646140305577094
0.2519073796441673 0.05140349755116924
0.6849000508844356 0.5566955394491206
0.8964530015745673 0.728542395902354
0.45602588581444414 0.9044725182463094
0.13789496240276344 0.2081906382917138
0.05364602868045476 0.19053101102928238
0.19858504232066387 0.8344186877415984
0.5563686459674777 0.7891164371758121
0.6702903379496261 0.5315633118920962
0.419091057838175 0.6094202262647466
0.6252585398900763 0.7257801214044248
0.8719691832800169 0.14253493883128043
0.3761923518859336 0.480980177327504
0.5486116468228193 0.9820959989896232
0.45170195607237074 0.5043242623753577
0.5440194204247815 0.5553875614580632
0.7221821628467717 0.9503216559594232
0.5882072752856815 0.6306026673949874
0.9231512620970299 0.7776399173764053
0.14236218723550875 0.07662887410988617
0.8907315984726651 0.11985552561631696
0.2235115428830099 0.41365776061236637
0.12327687770226037 0.7227936086432694
0.8356924192778539 0.38738263809634477
0.538895773730401 0.8863084870940738
0.10930281012079557 0.7838378383103297
0.18226241428714762 0.9325390690030457
0.5446080096309753 0.3576438249857403
0.5761082287014347 0.7555756019566962
0.9334484447544864 0.5792295739561488
0.018085363865499637 0.6993293215838272
0.059696332965460064 0.04099902318319648
0.4982694403697998 0.8556386347407674
0.8606923625301981 0.09279952903694011
0.7055288423284436 0.012877512096389099
0.6651889473231349 0.2219229499233022
0.6649157992641674 0.12051177907310584
0.23666163850214628 0.29554215080918067
0.8335394524383799 0.04426133191461945
0.5618749630700797 0.5745093029957717
0.3368789829844938 0.36299162637454163
0.005621789375324315 0.7285712064084431
0.6190095251648109 0.40644316391523105
0.24206111591697477 0.7296266531149076
0.6174712359396684 0.631295394304672
0.1894717920720741 0.6939001123639559
0.972194708268646 0.9217919104239065
0.304431858596788 0.44688511685659105
0.6985610198890062 0.35605433026828437
0.8176044077690345 0.40960592818978747
0.7687244555936859 0.5948606455534071
0.8768887027690744 0.716862217389399
0.9038055709882322 0.16915716565559413
0.5768171616712676 0.07918396430025121
0.2489815456621316 0.4191014112191229
0.509485228161362 0.8138168703632529
0.3619764190384396 0.8368440519838829
0.3346324168803858 0.30528888189130887
0.02301590621378713 0.17140322538356534
0.20975056409986603 0.45223796037682784
0.6592633373048937 0.8745318946723439
0.9836809108228315 0.0670894341478756
0.7780471937940312 0.14740592148323994
0.2623396669673941 0.12353711157267488
0.3403090548035619 0.7252504410802441
0.12369618215093436 0.8700071780066216
0.507408050766412 0.8314992963319858
0.054442582126132066 0.12173022800001343
0.8817003292985715 0.14433038493225347
0.7971922091909551 0.7457807143783617
0.2233563902437865 0.9587384675131678
0.8013064218952735 0.34329287648252826
0.999514298487914 0.22717412502576217
0.7787398703717252 0.2955618684853296
0.3816980322905339 0.304906927206821
0.5834821439516518 0.7397250368654553
0.47686746597066443 0.12958385698194852
0.973126507707984 0.08150646612812151
0.7883882223122065 0.7595720677589557
0.040110568595227436 0.7555058536101438
0.7327551516635953 0.5531372244047408
0.08081390768804209 0.5476675338677572
0.8360874391894266 0.15377384859696108
0.7979419649601911 0.35180961278960066
0.7802753908979132 0.529542593513834
0.8132831807894072 0.5455226297683
0.08826979821595415 0.19444710481382255
0.39651741051808576 0.7168359772894586
0.04194846897121263 0.3685031913817227
0.39899697830733505 0.41218599800246336
0.21708689452401675 0.6685333141084144
0.5479132475076656 0.6729768334576234
0.3932180684783886 0.032190199940111075
0.21008678557225813 0.19056366979837902
0.07799871730405639 0.7567865337056452
0.8442892494826046 0.08206075101324872
0.6620828285166407 0.5432006926140625
0.4796395634253723 0.6051829548257921
0.3686152029293208 0.3189861207157776
0.5789107394457955 0.01036505158212031
0.3688781335966429 0.26428341803534394
0.9488515969052365 0.45132660090922894
0.13785920784060535 0.9687301713008238
0.6775121959721 0.39794235733575345
0.10184496089668604 0.786441927491089
0.11989734910310945 0.8254089112971352
0.9311713930312153 0.0002829764444303162
0.6415140839371047 0.6348712484331838
0.4021906218259734 0.1683936662371921
0.3832860469601347 0.4575666196232113
0.8287665825859871 0.8210196793145397
0.47642865081653873 0.05638770118462788
0.02594561003408935 0.00560217044899014
0.5352223493727868 0.5005765356449918
0.2716366263210661 0.01033527686408453
0.982322703287726 0.9441258383599178
0.3691221929943249 0.20321070602858837
0.8136600061259862 0.435520651906091
0.04878745910792759 0.734845464444561
0.5378099436403485 0.7337806299145084
0.32209159047718283 0.7081420478085572
0.08420196938275581 0.5928856443067414
0.9532087780782228 0.7537889786280947
0.6500235855077183 0.7908387683102214
0.44808996075251395 0.6210963884622502
0.7931674624032707 0.49174607292534644
0.5855948761542713 0.2571643262454222
0.8692336002781138 0.7181944856658855
0.3949389809480752 0.04617951120497321
0.7873385333731517 0.5499187606279199
0.15462877695386879 0.5823305136474666
0.3125950619913258 0.7933094115253567
0.928917874185488 0.3807109485764655
0.40110894605385417 0.6467084996790722
0.33995911069419127 0.2071643138943029
0.31506867384415904 0.048143778282043526
0.23533118004094145 0.17486217733357434
0.6009705697677807 0.5503874301972822
0.6120853272764026 0.9553033783770284
0.3409783761879399 0.7281120018710736
0.3713934005306523 0.1884816709920052
0.38807322133588396 0.5722836198540291
0.47720190840815935 0.6401476668290209
0.7348801960110798 0.7355157624156501
0.33737209000838875 0.6892633740017908
0.8836931002686506 0.5830525202665904
0.7630293547368197 0.8878981939093722
0.7752888502112956 0.17495587606656704
0.7428413650204537 0.13369643391016006
0.7096345095011043 0.9082736770069941
0.34489576984022086 0.28858499802503434
0.7307315157748389 0.8276248684302556
0.33104924966999194 0.2972030805561068
0.05531194444458176 0.5364172587796188
0.5507092433217202 0.5912401534156486
0.7843356865373856 0.7051947738676985
0.5502342006132022 0.46981609078488074
0.23460432436584866 0.40601093011789047
0.17546121488145294 0.8376468322545112
0.022615822279388187 0.7730722120513263
0.3080608633636561 0.8120027084867114
0.9949654151030656 0.17884263050651406
0.1871471796261006 0.6668656447569994
0.9595421979313172 0.0929000717323365
0.41350384185211797 0.4046187651109865
0.38202403923956063 0.7479623519733074
0.7407634620693246 0.5058842988866765
0.2421191267363696 0.39620276024341616
0.20242017008285274 0.17629041047427108
0.5680729511578353 0.1799004236288566
0.3818715992413946 0.7587387626145101
0.04012953756099891 0.44085211894227516
0.9787310342344795 0.9229736783150919
0.07770414288072724 0.7179434493017018
0.32790265171644695 0.8695988404118289
0.3754754479423177 0.9850310905075355
0.808322221002709 0.06235267000041156
0.21923529006452047 0.47056111204410334
0.24252194947367234 0.737849223166446
0.6796638503992658 0.07119958495963119
0.5028507119181396 0.027643412894143626
0.16214850104778566 0.9174840414971392
0.4922521275821752 0.39000014507854486
0.923445011517128 0.579014586904506
0.15367844208380177 0.25077910233387146
0.4613884663701229 0.6702842722898907
0.49391721651250586 0.5173297122270062
0.5883846906741452 0.37767528793821925
0.01652694947807376 0.2528349316391616
0.5419860735517348 0.8209616055903484
0.809153490374765 0.43565254290490785
0.17461106811042915 0.4676815800866849
0.10495102704862203 0.4581463193454669
0.4728339445711305 0.9216330227637346
0.7341719838232239 0.8444112238664241
0.8149845678053373 0.7510044055256451
0.612194294339863 0.789660500147775
0.41881566770938017 0.262041414014899
0.8130221996699303 0.6927292303966419
0.844493810132793 0.8992236753772851
0.2694452574975277 0.4931723126707974
0.5911166378519417 0.670824726059625
0.7657157807951125 0.31436267945632523
0.00566601863089522 0.7130907602756293
0.8964248061286952 0.6382767830607445
0.6990165611815711 0.9468359217975639
0.9989358567090338 0.9321948150227881
0.8378851927030799 0.10644639739357231
0.10704791454889562 0.812752251619741
0.06726031197461291 0.6983847562093668
0.4435671475956944 0.4144149345462713
0.43129630827162346 0.896770707934132
0.7215996118051848 0.5565813739605345
0.8709487282018387 0.11621249166397662
0.7979622110583822 0.7958341417865045
0.724050296782782 0.15101695467330467
0.6314433358942995 0.8777576816757375
0.4349203564421005 0.974444344174763
0.6271206338824984 0.2487814248118616
0.5363768071132138 0.18966386913162125
0.4860602496229274 0.04289996791205364
0.7804737893835794 0.4887878650359059
0.16077557123225716 0.2341731933398825
0.6768700749135603 0.06023714899909649
0.5057927351130833 0.21395711584748534
0.25930783293197335 0.7733906513161655
0.5663179093714632 0.39207929103600114
0.7224409749690053 0.7641022900766472
0.4229069980822282 0.6215714114826727
0.8777626897353721 0.5443499400420388
0.5439749663793607 0.26943943366696077
0.9897806691863411 0.2944397598858164
