10 5 100 1
734 606 1903 1500 775 411 1692 1751 1219 719
1277 1642 1917 882 636 610 1974 940 704 533
819 776 683 1313 669 445 941 599 1144 1314
1367 442 482 499 1796 527 813 1649 781 595
451 488 710 521 460 533 1507 1155 1749 616
1163 1170 621 1084 965 421 1664 586 413 1673
559 1566 595 1209 877 661 1505 727 512 397
426 1096 1242 1630 826 1766 924 1037 469 775
1823 700 1040 1649 993 1730 537 536 629 467
1066 510 1885 576 1666 1705 1850 630 1504 1676
4 8
0 6
1 3
9 2
2 0
0.7064385323737048 0.3226715124150192 0.44040675652424327 0.36286442624877524 0.31083548697617536
0.7173877091265071 0.695606254721069 0.8382036232179655 0.7036775739599013 0.4631124943156262
0.40195620942291455 0.9238039927008914 0.7612691309601277 0.4877822171482903 0.3743184447623439
0.33872283466705677 0.5835035627879321 0.5608353008779325 0.8735163460902295 0.3595887353729572
0.7965272633822558 0.9228761078133318
0.4285663393832544 0.6328015601030226
0.7046179516858913 0.6353096765000081
0.803660819919567 0.6878743106446086
0.04977990636615748 0.046318612395586545
0.12391031374485295 0.3968829927762807
0.9930246974025807 0.8223167595391159
0.8674381348042619 0.1420162697266767
0.9990565308628536 0.756915140874437
0.59492831254722 0.22554786909839275
0.3635017418787454 0.5534749552407967
0.9605974665418753 0.786091387149533
0.008229629141866868 0.4147856074624292
0.3268388131377189 0.798896893863142
0.24123671448304496 0.1447192947162519
0.6631638080609092 0.29117296471232246
0.5706302066188349 0.9839938430924176
0.11652460637705842 0.0834850093841133
0.6904874726545305 0.2502857934828615
0.4149588881386941 0.7038052296473702
0.5537304051082208 0.0008124181236026651
0.08182038636001043 0.975900607915918
0.1747214682917897 0.42677641008286016
0.9917506324901979 0.3260554775388125
0.9575369032724903 0.6927624127948835
0.05354969443503754 0.528983903010622
0.5462174097535553 0.14332889389677694
0.6815891604506237 0.5398260904749212
0.6802550002686727 0.4693123302675719
0.6900970851808765 0.5058837094738302
0.21277693537650766 0.11623378585173105
0.15158971799608079 0.5875306881091882
0.47175386849654277 0.7114460943816812
0.13671773952229826 0.2715830326652109
0.3876537833979441 0.5574495321424524
0.15517374817100382 0.18810407703177412
0.7399011534184372 0.37187196711077797
0.848614164716593 0.16110996208388562
0.464266805760321 0.9956744296780755
0.9509030240385834 0.6964889169602999
0.6095274520266152 0.45222556404967085
0.9357347185499802 0.4564363047356359
0.5306583899111685 0.9513210811824497
0.9081084851994492 0.11370514114775987
0.26209091437543686 0.12084737886756436
0.7156878488092351 0.23469252872656687
0.5581587683783005 0.7333835970220366
0.861335400956664 0.8445252289254832
0.45465719948241445 0.47581257406155686
0.006807978111032842 0.29424140043174507
0.054034411854553044 0.8161443465184961
0.027660484478224667 0.32147586974536013
0.5157179225073285 0.4923705433470673
0.9830549779849329 0.23499411111021207
0.5561095214985692 0.49856452714209154
0.42611713389774675 0.1488753437975281
0.4936777596198978 0.45304208017587944
0.35310298031638454 0.18361860443528522
0.5552282763838952 0.9470160564188894
0.5949404484962977 0.8339456199474085
0.38628257928625676 0.4958470617316435
0.8737412712856136 0.14790464978957685
0.035507076732745 0.14540649302267084
0.8806372916168437 0.9742964506177825
0.49890946499809563 0.49747305820554044
0.307843570156346 0.8477328582756609
0.7127246536369816 0.6101947158071535
0.40264778634939735 0.6829644439167402
0.33539279141432465 0.30462900945556504
0.09183797313332365 0.6967414009401198
0.8947018653727512 0.6982485544450057
0.8180755080158952 0.23998264494452703
0.5580460503343991 0.3375573685210458
0.5694091654292144 0.14478764379631626
0.039854760974916026 0.07792728454312403
0.8378872842016181 0.022527691188255483
0.6663403794481368 0.11466898715384177
0.5903025700945843 0.5333840801426541
0.3543700341169149 0.8106800351844066
0.11977534127260658 0.8256566098821181
0.6244982032795829 0.6067427194169566
0.8829637779564967 0.30182186324892957
0.22326011296226622 0.8430724643627441
0.5600959804225623 0.6302949517887484
0.10947734161875977 0.5534803338498304
0.9963397724071075 0.5674886991672017
0.3889523849782659 0.33068142746280715
0.2032464788515984 0.7962233847908291
0.27022663120904467 0.362013998533526
0.15180977927467199 0.7928292401723092
0.610759886761862 0.20442892072982222
0.6118447141301633 0.3349653708150855
0.4880178464612497 0.25897314601616994
0.745094952850804 0.5343941496100166
0.47870341841822683 0.5031764096707145
0.5569742448135242 0.4979093159805166
0.8235032483817466 0.19605498241787123
0.2083957656064488 0.3852493275858657
0.662606634218105 0.6139937395900392
0.9143456429742649 0.9703192276541011
0.23900457420352317 0.1354532635090091
0.19160183235560146 0.33261367439701006
0.2115362859842198 0.14488489255925963
0.9004769790680758 0.11539173561406879
0.5032086863807537 0.5301472238868514
0.06425530356995202 0.2543394451321741
0.22437433176217692 0.007485036955639401
0.08305233665844547 0.7051388758951889
0.8600229265490218 0.6251524597366462
0.08183418858642821 0.38316552509322466
0.5130948177023764 0.7071029786385754
0.39641806742397345 0.09335192143627791
0.4539704885482483 0.2866876122051254
0.3187392760359633 0.4714155775120694
0.07939373346530476 0.20597451319317717
0.42731581705190314 0.006203337504487871
0.5947833273715106 0.5007885537710881
0.7711197659152715 0.08977182240322157
0.7487608573129263 0.7457266600974635
0.8530354780930287 0.03284276903489247
0.7596784444087914 0.6217138738403607
0.8722467121329993 0.9833280426081117
0.9833811472155358 0.42072375290424646
0.27844028100911156 0.5913149947432861
0.35369692369657946 0.09133499207620632
0.044795787163380174 0.13562788374753199
0.030892956844054797 0.4277906565558176
0.4521338148996239 0.8549542044777678
0.35154826091898816 0.8928486732610375
0.8407814428055691 0.6818412524947215
0.5287363570498038 0.22835656047704944
0.13525523674228146 0.589196881880115
0.017459166303249285 0.2027391941675778
0.7757162170913019 0.5120861895494793
0.08326290683692061 0.04636113759253058
0.9907926455823775 0.304561728682625
0.11591460280261945 0.6169968182294194
0.701749540369047 0.8810070743905571
0.5080623400864765 0.2973734810107691
0.143517478014501 0.9547190714852025
0.7121631252557301 0.5977436981832598
0.9388674902812346 0.5060890848108184
0.6284125292232909 0.5709549744998972
0.07352677017362552 0.8009370942998455
0.9724740307273849 0.04155065080068532
0.5951081483920639 0.6069748270999684
0.18484156869103896 0.2744823105404637
0.7834693956853807 0.7633949234062203
0.36358825408477746 0.6917297214662366
0.533891915197473 0.07715902801592223
0.9696213576535642 0.7959549327220912
0.5802699980181716 0.9649708444163576
0.3544839531021766 0.3145384379287208
0.3069385760015988 0.16937134728610248
0.9376479938873998 0.2109116922143306
0.09964108848573328 0.9554200461162206
0.20319879280335784 0.19035582838047893
0.6356713276864188 0.8274933483144318
0.7915131949036109 0.12018970497940851
0.8710350859057969 0.14587395474147846
0.7944035522869779 0.17963969515031586
0.17528127201624377 0.1699202397116506
0.6963691873355726 0.3964894479945238
0.8753229846367587 0.9408434863884323
0.1071907821121929 0.47460632940760816
0.9165618758283725 0.6671617243882553
0.8744403192102834 0.6410830966604564
0.9136058851371462 0.3803752717802571
0.8109546205651192 0.21949587050455222
0.3937779101749239 0.46919147556460405
0.20190993799599366 0.053012626783468075
0.29203242523427475 0.9037769921503236
0.17475661041739565 0.7436228608381314
0.8075099149240508 0.46562355756169804
0.9067706127635236 0.46413943212280606
0.46444141408392015 0.2721696822592703
0.8701887928871013 0.14459869750179588
0.31766558700017455 0.1721582982271641
0.15504209129312363 0.8800111420431382
0.4977159032024274 0.900584682871826
0.10357255896299722 0.9887718686892237
0.5074772253741167 0.504702788589722
0.6872821172377006 0.44807878470547813
0.4309891314502585 0.8340747203990375
0.07688770345306817 0.3187058676604202
0.6157154693678115 0.8686601090171941
0.4054610868224233 0.9321603495015487
0.8312559267588138 0.07285875066395175
0.00930707612463788 0.7465034963966168
0.8674946379472712 0.01548565333201024
0.8128675269573857 0.5165231541741302
0.47836015193063774 0.42788232922141356
0.419442952826796 0.9437410277328415
0.310062948538429 0.11169182900855201
0.3237016055536266 0.9973543166173904
0.024142948960042876 0.31037997971253195
0.16836891052665015 0.526940979373022
0.4088106820417643 0.9541446383011261
0.7795476983078871 0.04612212945342664
0.10329982015855954 0.20106945647261032
0.4294102961525095 0.24796508378339777
0.29635163455740665 0.7896836324819856
0.3691236568420948 0.5102639213812705
0.37889228056304836 0.49215819496549673
0.6205573129463995 0.9998820396041894
0.5737252585543648 0.025632614671602383
0.0067740777533402685 0.8357257649261203
0.44190513952053845 0.4339338703148903
0.18520998933255184 0.48395228715190775
0.2569000234370018 0.3972570077281379
0.07661311441211027 0.3873850612236358
0.9078296876681096 0.6911413429767792
0.5004712797820956 0.84922565800802
0.4510291433519138 0.9898460659270716
0.1494743154559237 0.4302992002355801
0.8000421071705288 0.3982926916504024
0.2777786374455804 0.9436711777808267
0.8712823742434266 0.6647515965083564
0.7713558675386774 0.932252642369793
0.5831603680233632 0.42331352945639944
0.21493453148884845 0.6130450655662074
0.42311308613236487 0.5329580224100678
0.31429579558993836 0.4193716183863003
0.17114174124055292 0.5327765704801894
0.023437685728907587 0.5388439851717268
0.0666284297714872 0.7824589216835756
0.5465503963058851 0.6686879769022807
0.547776897998075 0.46630256262786185
0.08782660818254762 0.6293140314582151
0.17087118978473748 0.8179989755292172
0.5279165108334707 0.8193022998111856
0.9784065301335652 0.9560778427620658
0.2618908546632337 0.05975504114599728
0.38807953913425197 0.037181255862549945
0.27393856455565424 0.5544741507125237
0.28263397788230327 0.12882093008102213
0.9181208660155817 0.1801071063521682
0.3931600466189171 0.1971106807714036
0.20521076740629396 0.40238098997031924
0.9609002554539723 0.5318488755669017
0.545537909507918 0.7783684436947826
0.9965764907996437 0.525763939772478
0.888986084805967 0.5609966985118318
0.5593219765294337 0.194444586350758
0.1612500185097996 0.8151200257705817
0.42433705837566893 0.49806071627526216
0.9823413106715795 0.6935010987657795
0.6685089212829032 0.14270505036069947
0.525655268652965 0.8525808488209028
0.03052133997922457 0.5081900968072537
0.941268623160912 0.08622406208412925
0.5012389681017559 0.9801956285825342
0.8459978413138787 0.5873432769263074
0.9070853851527261 0.7507891959389092
0.7218211860643768 0.1960700407294078
0.7195274087612484 0.5456487029494643
0.08790314471454974 0.7614420877107846
0.15814214376496216 0.12192164457712695
0.32412215875052275 0.3682745387583839
0.519667095504533 0.6929425994444287
0.7463679962418635 0.6439464842486369
0.7836117254724906 0.5954657771164982
0.11726378384306946 0.3750698849507901
0.699059523011798 0.5244526775121843
0.43062741472502997 0.651397593438958
0.825485791478751 0.7204412883758973
0.8055316059650455 0.7338673350787444
0.44915781955993017 0.2769156201488636
0.004745206696951998 0.39508703784689736
0.38242875657037034 0.44955982362486324
0.8872533385509982 0.5145634111519133
0.18856380259119376 0.3210500847879807
0.6627193678353493 0.8671391267728525
0.9085816247457696 0.22372272798309467
0.5636811573798617 0.8124444653925791
0.9571115484557 0.8960740050867384
0.7385990693794027 0.13018994457857125
0.20455472938496122 0.1895043737897617
0.14712262080529692 0.6501515695476361
0.9978032960549093 0.39045925677088356
0.17856736203940593 0.08145954592123439
0.9761298247494128 0.36191969728090156
0.9819624546599577 0.3909066838462052
0.431561475794753 0.5405993792153545
0.3701144653556878 0.17752562574523378
0.9090608233942052 0.8160499347223991
0.11426795378770627 0.3826898161062755
0.1251365092119736 0.46317142682739876
0.866041441794531 0.01362900895698882
0.3215958511931085 0.8959333731514914
0.16037574184478487 0.8090003865165416
0.376352527336661 0.5098884049163743
0.7070447853407629 0.4061854110040348
0.5160794130258632 0.5720283877676084
0.6996231640649035 0.5820015458907175
0.8132485339568991 0.8443370334705422
0.8722324772950734 0.955140171698003
0.4097383999934754 0.37995872728195446
0.02642225620711125 0.7612243085825674
0.031989055651424625 0.0658341702479166
0.6106433340867905 0.8226830736627011
0.06629061839954598 0.8039799154683342
0.5263558953890963 0.8108669201853378
0.5916770743609314 0.9955990206198471
0.1016056777569394 0.7469345861579761
0.02598959813286683 0.09483625169785648
0.04041598565358462 0.09546693161107678
0.5134702448732562 0.6868127929385992
0.4974677075243301 0.9407340988883661
0.9210676110136717 0.13813075629088867
0.1747274479644918 0.9117648504662879
0.06714449102290687 0.08213282546663936
0.24790033023382674 0.6821031074428241
0.7957387651744219 0.7938799007231858
0.48458266528354255 0.018214359047248774
0.3850567222545851 0.16960175123090226
0.43723513760247723 0.4393712282020519
0.8227759715276188 0.4131298348566197
0.9878198216020675 0.5064671876002669
0.6141231376107534 0.015781175384365742
0.5363136923891423 0.7811549434514722
0.8679322565854031 0.8285492105133212
0.1852229578239415 0.04846468392941938
0.5139147709130862 0.3158118143966049
0.9375527568772919 0.21850522415641715
0.5228795054833435 0.618163250428444
0.29468607495613686 0.5344446317496034
0.9807394623384729 0.9577171150458497
0.8382982761759743 0.3594846686041264
0.2314600402786482 0.5409304063589289
0.3302098939856233 0.4279874692346566
0.6354530386071242 0.6178089272974019
0.4862005006908543 0.16301454655875114
0.729837564135553 0.3925302801360582
0.8014906793306391 0.1368330509181377
0.799337122755094 0.06136164946175371
0.19647116835339462 0.18716420532966582
0.3841446115572791 0.45393960937223987
0.6167462582310834 0.6076440385681372
0.2309741838814936 0.8979004937597568
0.9814188920588867 0.5580167446167457
0.7825765044515203 0.20635724969305125
0.8788168696018364 0.9437108571297677
0.7385561779047289 0.5301823608560456
0.40209955922742324 0.6543851286370395
0.2233519309322647 0.8416045574170423
0.1284596897473198 0.526299730239419
0.3378069563555106 0.9274157371683831
0.5406470295920758 0.944580633635959
0.8791603310300622 0.3258357911228109
0.07321601657825338 0.22044193021432745
0.8546282342392786 0.16362470026043763
0.8379002584183004 0.7228138568932259
0.238508324341552 0.6355569119319471
0.9535313879104945 0.572978848681349
0.17714025159497382 0.3757621925064478
0.6339980864524972 0.09390187652243442
0.33665084744587603 0.8449730574580181
0.9009889378922835 0.07043087065857079
0.3866647583934566 0.5910170455875328
0.4851029883454745 0.4848197228164779
0.45649556506331024 0.2258834007203523
0.5257831636437937 0.553110437908104
0.5088585911621901 0.5185741179321159
0.8490056363757053 0.037103607316336884
0.3791001038457027 0.9018803124587951
0.9617811664376839 0.3697892356595125
0.45306749697965265 0.31927159085332835
0.37135147702072313 0.5603150660276783
0.8745515005437263 0.7840044310157379
0.5288522340667696 0.3368745546113363
0.6783832583165983 0.16998778192746933
0.3237154583802049 0.6013989641482032
0.5007207717619313 0.6028941923090261
0.31025723328235677 0.2695031596693731
0.604687921114373 0.3818675895144763
0.6848439363940482 0.7687056449881027
0.9123335419098344 0.39900900259112704
0.14673096553013742 0.840716484856598
0.29652468283244127 0.30661665971848806
0.2836728612444721 0.3146214632857063
0.8237396107703019 0.5162286445618378
0.1523912622782062 0.06830853419849392
0.2620452376352682 0.8741644912707236
0.4148224473716493 0.6487226511547752
0.8654075434464417 0.6462993473915397
0.16100841913521546 0.1879883817479655
0.9375199568999582 0.18141372069431982
0.9514937918269502 0.16652826677280008
0.3832815403920482 0.11580528197460471
0.705356704971509 0.6998124436423039
0.028866991562545907 0.5984874607365653
0.32534965064831844 0.7683724828689453
0.9877129612679654 0.23133027189920763
0.05072264629470147 0.7231183670795585
0.7019646952308705 0.5743367890015576
0.4579236436000882 0.055017021792904464
0.9619434900477037 0.5221635472239643
0.14097508220818122 0.14813614715857093
0.4162386716391766 0.09021892619170413
