10 2 100 4
691 541 1113 474 1518 634 1114 1441 971 571
1257 1186 573 509 510 723 1058 660 1272 1178
1024 639 1416 1226 1522 756 1200 1262 963 1260
1295 1115 786 1119 1370 715 578 1355 879 1168
1115 683 1553 1293 816 915 528 967 1190 1379
713 750 891 544 1148 1062 1207 1275 992 839
792 1366 936 644 926 836 949 1223 1259 564
1217 1060 869 1377 713 1408 1469 1389 788 1399
1131 1153 1073 1354 775 676 1048 594 852 725
724 1066 1340 964 1285 1121 1318 596 596 923
5 8
0 9
0.8069095667854047 0.3189643683815861 0.5669631420654198 0.42649786196499084 0.40145987091537316
0.8187153044919295 0.4012560724077636
0.3786163461758618 0.9002010061195485
0.053171798161513406 0.043589967534684027
0.8464327629632937 0.32695603523762196
0.28427521774263687 0.46904492070041437
0.863607340714607 0.8635027390003565
0.6445591298378566 0.3865220527004769
0.7583411840882732 0.24363638386622677
0.7676216539557641 0.17188905348493844
0.19848675312327435 0.6497540339433263
0.391973342370717 0.7664314781451296
0.3331095167889291 0.005736236799422034
0.0768699691126633 0.335223091979151
0.06288648134733132 0.7445609871753167
0.7163490215092898 0.085460063715604
0.21708248470236624 0.28860899870557466
0.21970827347491806 0.7142150637190208
0.7864855317251993 0.30851083079029284
0.5910482117411267 0.2128502107322099
0.3965034054632359 0.876308179555574
0.01802399127047538 0.3576258609913534
0.09751080446295357 0.9047210346366645
0.9290344071981897 0.2687242430966026
0.7874682900868972 0.405711564035667
0.5890155618474413 0.022684234389492408
0.12654159783308283 0.16234248867530376
0.1299083545622739 0.9232139152835168
0.13773041271217812 0.8423993674509194
0.1975937787048616 0.31214132803149286
0.4264114816402311 0.19771572463552123
0.8191026227541496 0.42515108868157814
0.7246473355325229 0.8122049649782068
0.4447563760809474 0.8701988387503641
0.08501050182241321 0.06656880442801527
0.6276315842997762 0.6177430534323751
0.7775083019721118 0.17392690296125335
0.8629410360609004 0.40410386797906117
0.26522700730309445 0.4311240186099805
0.9839820883242603 0.8526585367949757
0.24784666049248094 0.7971081849972352
0.4376182045944448 0.21932311592153608
0.5516979664106927 0.758742451497703
0.36528841665137035 0.5771242530655463
0.28662501952698416 0.10685655859217635
0.20190506908257455 0.747103275295186
0.9405854498788602 0.6766343842492404
0.6648131374444075 0.7806542746601222
0.9507421708393375 0.3775590729253493
0.6454980013509792 0.12746011767970433
0.19854695022277524 0.615126552177647
0.37556542712553465 0.3808385676506494
0.8867877964948168 0.4991204405847358
0.9413499494030362 0.6823497077002121
0.1469037575545009 0.7805702966218708
0.3394463013827631 0.7069513599004131
0.9118693224803269 0.6745479263166219
0.45299860428871863 0.001759713086004977
0.189891192635808 0.28612900366889304
0.6770583647331394 0.7445465342091233
0.01031942100654093 0.4221894625781577
0.6280060160535024 0.4475505244809028
0.28113481888303804 0.6831396952308366
0.537169442691291 0.779058792906901
0.8970420447359044 0.6613139091509097
0.5893072987021539 0.9787745455529608
0.5344469475547806 0.5023959985881901
0.36787562514573335 0.5012277031856871
0.5832848333213418 0.9812713945035021
0.347488701387759 0.6122844438285007
0.8038387688752635 0.4585905932864571
0.3828908708156218 0.5245821543387692
0.35183653503366785 0.6794880069942617
0.24096936526767054 0.760570066366592
0.0854313060033931 0.5922905022120881
0.2473642219134331 0.3109868907122888
0.8939847551182545 0.24140202627873775
0.8833474546470608 0.813724056365954
0.6500077478937893 0.35295380844206803
0.27177509659089405 0.3499694343673472
0.0333780261344967 0.7059076818756298
0.875661308101199 0.5146275396897002
0.4548126262346486 0.472050164331308
0.7710260342112973 0.7713567736316873
0.9794008779270176 0.9279023969558404
0.6807834410512572 0.6112026390754377
0.20582927206670942 0.441192395745831
0.9744574657790395 0.8878066414545314
0.4037139680149733 0.254514254601373
0.8239645652201852 0.09848062828204673
0.6382758992503523 0.9880431977611539
0.28704201015406783 0.513620151515471
0.9453902372562812 0.5465311405279822
0.710450888472894 0.9755757195620411
0.9613184540310553 0.3741903200035315
0.7670887665982564 0.22166767155349887
0.12605105284702645 0.5925190181407989
0.36437484939070774 0.30305141448153683
0.3227317820446507 0.8781949486845564
0.8074257134734439 0.3647836317505462
0.4702360011162545 0.00566898306349195
