10 8 100 5
1061 1819 3601 4599 3566 1700 898 806 779 866
917 1436 2813 3584 2778 1245 1027 590 856 737
703 808 1482 1551 1457 1031 752 862 961 610
952 673 673 898 971 813 946 912 759 778
628 707 958 655 662 835 854 815 869 700
743 938 614 743 806 810 722 690 907 817
918 937 782 835 681 806 612 614 883 617
920 597 706 627 797 632 574 792 886 893
644 979 682 634 748 641 676 689 813 659
802 803 946 833 677 756 665 661 855 985
8 6
7 2
2 4
3 9
3 4
2 9
6 9
8 2
0.7575872072872816 0.3703321728561765 0.7893739634222268 0.3689289274026625 0.49708655264486
0.45660528546874285 0.3508199244809852 0.49693406240711047 0.4972638453265701 0.26779574447334675
0.6713352423891157 0.9017006791323279 0.7617641359721361 0.9436677987237225 0.190553219744207
0.5052050708484358 0.6756143096597715 0.35142750437749576 0.637294569307234 0.3714878376815587
0.865440777299326 0.46969468423031874 0.36001290142349973 0.6964403750035195 0.4707345088240603
0.5949376700009466 0.7956136475719423 0.8513491183469872 0.3633507944050175 0.3501890479007347
0.9900289408892176 0.7880627670896206 0.46450181241229377 0.32741729873596154 0.45337903543216473
0.2243979475855027 0.47749371368838034
0.42498404618348995 0.025888322123680085
0.1497158240491634 0.5531572278420429
0.17901298873509308 0.5889105574651812
0.45083024166497965 0.20424831130954213
0.2647321191527532 0.7378541684278435
0.7172244807937711 0.014086285768132534
0.34762699804968133 0.29647694076670517
0.34499884362583355 0.9890450094909662
0.9165983302148115 0.4387890790248046
0.42672550137127874 0.8712533445819861
0.97507062388358 0.33237134116066147
0.47409531157120277 0.7095733317917752
0.7080207299576577 0.7931025825090225
0.16203186370098255 0.2214236609101281
0.05107349392300953 0.5524346413948844
0.464360213280653 0.23427758943595633
0.5859760754276544 0.9143857215302706
0.7056891569280279 0.06634090563085815
0.8514592325592607 0.9719810085424729
0.36970249881819717 0.4333045202478585
0.29728868845055634 0.39657757997904075
0.42980623737113555 0.17334952454901553
0.15561204900460424 0.1844039087509992
0.7027197721128986 0.29799391969659794
0.8202645154639872 0.8992486963631858
0.7234941101783259 0.9790476680085929
0.7662148930286745 0.7222276480881573
0.9912794636812945 0.869549531922061
0.9775117600102399 0.5408049065820901
0.9530886004018388 0.5123908716106131
0.9658454897898039 0.3325108226760536
0.7627799710045311 0.6603563948052087
0.07042395308357507 0.612220039589848
0.983499284756685 0.6756544626736558
0.5117649268583015 0.0585056598986351
0.9576050161985514 0.4675270360159922
0.3700939879945495 0.6906860673812605
0.9660523923881563 0.40879907694352413
0.05461907431001101 0.8443286778445624
0.4092614037694786 0.977820746911745
0.7471045708588033 0.0886674622629573
0.47107866272340004 0.7811202060669775
0.4304063909795697 0.00530244751975939
0.8230705546279895 0.0791099186431492
0.9633819958792997 0.8244051966942956
0.9460162121373754 0.28143586997417236
0.24505979925604104 0.2727900884964318
0.032067999035092276 0.4172517666773512
0.26567108173852483 0.3865161818962297
0.1069546613601644 0.2898303668377433
0.5957090187241099 0.6750128310130781
0.9792067044227408 0.638822329677488
0.14001638364500169 0.8780697612726442
0.7942191346698666 0.4135671292065286
0.28417360209722853 0.5618061072526206
0.35822991800629445 0.6986840835986783
0.12472019220374464 0.4347111128656822
0.9359393457756862 0.4508620682517863
0.771540306022144 0.5217899243029833
0.6969953619163975 0.2309380700260204
0.40515600886375247 0.7745550854636631
0.7829734866701079 0.5330977541629711
0.36758698760609443 0.8999143042499287
0.43660828358800186 0.36371248280753443
0.8747313532119436 0.4279424353086867
0.2624470535422305 0.32117946543602693
0.4320406816876401 0.266497332572899
0.8262601095477538 0.017920841611200666
0.13879399940755532 0.4543419937961082
0.7103830684857924 0.0417955298942041
0.4934628908816201 0.5958929711120455
0.3673398027187138 0.9440776181839048
0.1528211455953712 0.946673758661057
0.6947919556259641 0.3384850266957904
0.47755280196252814 0.8673657772395897
0.32311676548119217 0.7676086754456279
0.20362520859022726 0.8271732783465298
0.49384620232210863 0.49349460804457435
0.888465847092778 0.15205298783008092
0.25259254296767786 0.4452754206918139
0.17732429977174702 0.12203352189829841
0.7820133779456448 0.7007443617660825
0.7636373605529636 0.6651470824691079
0.10386091569371603 0.863619574869215
0.7986431419628446 0.3161581302783605
0.999793147076615 0.14613968982709435
0.8842846201082408 0.5888133278799057
0.0649126015286492 0.4793450436131732
0.5351422480138732 0.273291112205333
0.18935797448581027 0.766451155779289
0.9826074536730625 0.2535484108553905
0.8571234453659675 0.07279646737764733
0.9967264380669891 0.3227148925097427
0.954333937933761 0.13235652178931034
0.24168373793238063 0.07408591680733068
0.6800650654072253 0.16871257311003585
0.7775105779254539 0.289688969639311
0.06858635563637638 0.5149773016284886
0.6051709591635306 0.3019449866518713
0.22648920822959218 0.7289328168821549
0.5805293126841578 0.5942661037564232
0.23332329520840323 0.27728458514482934
0.955695530131851 0.7202712076221223
0.8397542673933942 0.3988536033104646
0.01770459182706885 0.2430188039375587
0.7004094862276713 0.01793948603803197
0.3061633397426995 0.238494516250624
0.06414787223678076 0.3085844613644255
0.8882087820983648 0.9135043535502465
0.714587026146025 0.16772201974120704
0.2811324239240178 0.9764913296686764
0.9363811195370177 0.8519067935644193
0.24633891229862726 0.31799965921418605
0.18361876903730145 0.09998277508487274
0.9324394899656419 0.192907833713305
0.5263900033658624 0.29895225219889365
0.6901343108856157 0.23070232945556723
0.029030704188326206 0.5215219850675461
0.08982513003113857 0.4337575856872462
0.7048696714339298 0.9834600666699769
0.7809364291963754 0.7123362347764737
0.3951814334601431 0.04198943643771713
0.4637466665363723 0.9181597140639324
0.09688147013158499 0.61477671143257
0.539613585162189 0.21112710275399071
0.6132315957182086 0.8844218678376061
0.32834342419142515 0.3832725892464002
0.6633319046684332 0.6316806280124867
0.02412154110907294 0.41282163036263997
0.7979746974177759 0.8008023495249137
0.0025896708850685624 0.000007141036934665834
0.2399382470961744 0.251495448634814
0.14340312291150248 0.9384420881232098
0.8818958463419959 0.9193154830516665
0.5009951733353251 0.4015076179068615
0.9957778719931154 0.9243540053279342
0.9113282673690628 0.5619155919891263
0.5831338001897148 0.31269648784621373
0.4855229574534128 0.16322927796905762
0.23067023645244578 0.2370238635009969
0.239141973383316 0.8154705926439136
0.36973950550178225 0.1512592796195944
0.42215423601931334 0.3721168148453391
0.4275466022645613 0.28235070631752435
0.47193943572550356 0.8123219689416601
0.3947727408955397 0.4518916992638553
0.03678030020005307 0.06885937659552321
0.44834003404451983 0.5893766129608278
0.8890737055811313 0.5116269235238768
0.5177735837992201 0.9906215391230069
0.6914061636292712 0.8803679518807943
0.23209524325596798 0.2557232869338619
0.7733558090826906 0.4951428158251532
0.7238199757643735 0.3487948703257
0.19536402532281394 0.8700768151799954
0.764522974621012 0.8235735090643537
0.8682794256802187 0.6266890309224855
0.32745995558281127 0.5076717897598375
0.059391656325071596 0.8674310491360113
0.6496124295389234 0.008760875673927027
0.0089718799794678 0.5565802986303403
0.7711541664898391 0.04159985951985745
0.20684005535112182 0.969558214462177
0.21736459576145384 0.5062862181238363
0.4978946807775311 0.3785229609186198
0.11493327178901169 0.4582789864438306
0.7305182359738762 0.4248760473999389
0.5582164366793936 0.25999484431893416
0.09831869956539441 0.21313179919201808
0.30717308640219687 0.13365715808050083
0.28226557828169363 0.6675601333879106
0.41522857551789083 0.5169257465616772
0.2368686597042533 0.9171117488780762
0.42988990506414315 0.8425820095347323
0.2523599596758317 0.38732411465101135
0.3000515417726859 0.32738249129716146
0.7464749093341148 0.646158249742339
0.047182851345386245 0.6447386237526713
0.14961416452813592 0.22491038572454092
0.666252192502296 0.9240063372063021
0.0900105737127106 0.722514414552685
0.10910394386515243 0.6350474095341425
0.4035191785332215 0.3013821015447051
0.003585417150798964 0.1753830289670426
0.2444745236353063 0.1259951277552085
0.9520708564602716 0.4895950406827507
0.44093682472365914 0.5212101351251561
0.9675195458903023 0.48801178501844045
0.10641201727018412 0.6581786697268093
0.8669841476063322 0.18793797409381874
0.3467992959150936 0.686879640842365
0.052252165853061916 0.8151915271448089
0.534487312005808 0.8423282831336809
0.26144236298676193 0.6818660805697787
0.9202960053839038 0.3070056780794308
0.7515933770408594 0.8416288718539526
0.8978446787569578 0.5031478614326428
0.20111435116601828 0.6047402836990561
0.33796645796743197 0.7303170163301684
0.2125448151996514 0.0862821907056428
0.09575911087109801 0.8591762457709136
0.6975825272348872 0.30346131242665675
0.2826476019140689 0.5679147428478994
0.07950520379318227 0.35493919585065226
0.03044530693971126 0.7734256512797872
0.6712645150985439 0.6535789602591435
0.28179213866307506 0.1814936270436811
0.1500601226989584 0.9005883817483922
0.4466736701076197 0.7347461491215248
0.9861446790214439 0.7707604668945975
0.4597795331979513 0.8814035073169526
0.47388843982255224 0.909106249486914
0.8870409080194417 0.6577882706338276
0.5561176484438592 0.412693758274582
0.22077819212170113 0.6130929209593572
0.9786703184902927 0.312659348108314
0.6724489660750859 0.06423963119219556
0.7668988144286273 0.8289508777517192
0.4310735103898542 0.6151343145194648
0.21028819095228557 0.7232113959767659
0.41018611439897557 0.6381133123554743
0.20761880810830746 0.8940420934469111
0.9383576887411913 0.30602589456045237
0.7139730010380931 0.4284423547967646
0.13103283171089442 0.3765003206078652
0.15724374635700733 0.439178312813999
0.21535148790726755 0.46304719051952037
0.1505382843919727 0.5993349043528096
0.8392975437599088 0.6136755082519703
0.31354208260559213 0.5888404292082958
0.7343441247521867 0.5201809814985057
0.9673557306735596 0.5534297335854637
0.409257633253048 0.05099414255995227
0.8439870231825912 0.9037586589787259
0.6192966363349168 0.6714977028085989
0.3437084691789496 0.2971560465109653
0.7682608320043127 0.07465111221712384
0.27186279898281684 0.35345720008388604
0.8666725396461741 0.1355231284663463
0.6329993973815169 0.5285668821917209
0.8624200802423525 0.7120600873182972
0.6380068370591951 0.04653898852863381
0.009903329827154916 0.4227036981801262
0.42595997610159375 0.2368497169346102
0.0027232457280179645 0.5046960441312547
0.964136556186207 0.6820332425383988
0.5252710919409875 0.2512605527338019
0.9425883763064846 0.5421066934645635
0.20738265496705366 0.16981066612201556
0.14270287081259525 0.6186440022539919
0.27289386841596186 0.9641913637584996
0.45844725989932944 0.17687169039229778
0.11333610303713537 0.45119832590227915
0.9050621208207748 0.78070701919594
0.5146147164465906 0.5743086364443755
0.13569627621483282 0.4516413372196715
0.8907791715857027 0.9866665387338649
0.3831415717734956 0.7319741889509366
0.38498270728493056 0.6719476088332939
0.561869331350757 0.8562537306169371
0.7371983813703924 0.2251373436796924
0.8416649915330809 0.19287046817781706
0.8385559214766682 0.07127867516461528
0.0862441809993093 0.4343984127230558
0.619468436945215 0.1406780713289013
0.31255335827065545 0.44598591247568886
0.9364266564216952 0.27936155331068036
0.17677491352563002 0.22509068873101734
0.30526544054313476 0.421021062903872
0.42559316385754964 0.22384652030054175
0.9373260178727232 0.5946282433335213
0.7007132406148835 0.5944252341955882
0.6455569948712256 0.5117903719056196
0.5281994940892196 0.9514973959839039
0.20047529884028448 0.343002234639721
0.7475518531752998 0.12597210001090708
0.48332881426524965 0.04843830752843692
0.5329706756412234 0.6319793699078411
0.5394116493217209 0.4458502619469502
0.4396780957396458 0.3953044634444496
0.539949396893264 0.7172203917182629
0.7847914850661 0.25678999412495007
0.9832479572979629 0.055058000203119795
0.695576162191621 0.30262363082046195
0.09898781206520613 0.5998048385218293
0.9327889466797183 0.878245647423693
0.44141345456264336 0.6594148716297643
0.0935405794379447 0.21326097231700158
0.9555613885407295 0.44082838739929064
0.46448980525457384 0.2982313644893011
0.03292866482519674 0.7894952844420047
0.6439523839192383 0.5195715414848951
0.6594293666184792 0.28519867837114665
0.4563361462406037 0.8154865612220183
0.009107185383024685 0.49332062538038124
0.09149619473354331 0.43559191684954524
0.2051980660615289 0.9101893908596832
0.9170710485607472 0.18445143935589536
0.12266115350417173 0.38562413686283104
0.26960277495304963 0.851475259101147
0.2287477737770709 0.43697892457661625
0.9927291899504307 0.19559548606486143
0.201665533904704 0.32355562754283773
0.1463955540303501 0.8045638346190591
0.47495983933307606 0.7499719507043663
0.7255533282349889 0.04636216425700268
0.28308421749334856 0.4295388708259793
0.633360149857038 0.9465829917947879
0.1489695079947757 0.9578318011372877
0.7934220679949793 0.2739986927633655
0.9371964187034687 0.5258350914425767
0.32824283360741924 0.33209101210202774
0.8163198217420815 0.9790851007615424
0.5689537681050871 0.9528849640392527
0.6460191407956823 0.01498964557242588
0.6753891538681229 0.3397837590184163
0.853562000356928 0.1632223508085171
0.562103236378394 0.4546171592974466
0.7755753419252058 0.5801187582342799
0.4910881327269181 0.45186264849281654
0.9820597928491597 0.10798298175887622
0.1347715911820213 0.6229660735182909
0.1702497496483668 0.08724966528795108
0.7284406956254921 0.011309109624131786
0.9215062651527999 0.9667063213737062
0.17650973494477196 0.4577758628910962
0.06380863597753894 0.41541296439526976
0.11812699951249761 0.767926931368659
0.4708040541992491 0.6263900026441154
0.7266198851678218 0.3557848057514321
0.7447813695002548 0.4197727334367185
0.8373210736079622 0.9782984854958126
0.553190615410283 0.48579052300537984
0.863066680228745 0.5277163030414309
0.20632287417757933 0.6112612285650487
0.4756964956870675 0.6973908458394535
0.13748351564549188 0.7144824760337671
0.328734544055326 0.5029979171691676
0.5100760539601605 0.5624874580326804
0.7480809268958359 0.6924015415001195
0.5000674448563385 0.5166006045720919
0.015792538624459507 0.8526185031417988
0.022321147301973765 0.6058131232439017
0.28071099912951003 0.701782821387406
0.6835615838827473 0.6970988525623414
0.8904823336694105 0.5322988461632292
0.24420971640128064 0.20028770884672742
0.8683903131706616 0.10111921109506672
0.9086986107413326 0.6726381236727832
0.4284114910221639 0.2999614284131371
0.19665716635113561 0.4943829499804364
0.37475030672420995 0.9733897770022248
0.03927787829344953 0.8120928339807985
0.7802667779752668 0.6965410410169903
0.67786044633048 0.1998668195822093
0.5142761017025725 0.5315380900895479
0.5269299948941035 0.3844151551018855
0.011942321385505883 0.2741470303474034
0.5742609781692398 0.17989406233252003
0.12653880376552817 0.7101740032311472
0.3494081098694599 0.7280899710554674
0.7704843949896623 0.7046163680007507
0.04171218032432278 0.05595668523065633
0.9137495487557983 0.1993640560047265
0.26475689616120324 0.970514669877047
0.7289889927901017 0.6491286104084741
0.1579971620832834 0.9527293317730914
0.36426567992969305 0.8306658831285516
0.8686550473478987 0.3020616743516862
0.5094817250702797 0.8032024216678808
0.6925379701334551 0.9266665288140017
0.7893683827317983 0.989612836386327
0.95665951849695 0.4715106892612564
0.24669548085644855 0.3461538529158288
0.38025716828228884 0.3288870906236778
0.17841630392419594 0.7286377465208624
0.36427424934287433 0.8384425349843536
0.17693854039406132 0.8696949226085102
0.5950712520893242 0.28073271924970955
0.5692941269982148 0.18575612640186967
0.44289006688204435 0.48582437088054675
0.14644366057596203 0.12045321964506361
0.003671804925935218 0.32490887257603873
0.9195278541020213 0.4675481478295329
0.11398795094514225 0.17306550912299135
0.4339107068624444 0.7275838716985803
0.2592545509991486 0.12128106960343521
0.7920161496364713 0.20335841733675597
0.47542113720122536 0.35187723436563334
0.21423059790822996 0.5783600598468621
0.8829395310966064 0.8650833331507835
0.32126858235077416 0.7104850245544387
0.3683993084906818 0.19623887857748734
0.18229795860544762 0.9604292929081735
0.37494719020017553 0.9655056395553339
0.3891814332072756 0.6869860296647925
0.4997323457209504 0.5051537984750356
0.8526164885555028 0.3177589233483533
0.5276177641732533 0.21936297791836878
0.565507533345105 0.3905918582418544
0.08822444379236338 0.746072584168977
0.5959955432887831 0.6397725372386556
0.21769020542065332 0.9889165162628997
0.1084746535242731 0.2466105766412623
0.33712804007116715 0.7608668881257807
0.4706175293417654 0.39903153675896563
0.6572133898611516 0.9707248869602398
0.18880009415043153 0.7572634860641241
0.8810352016427836 0.03339579893681166
0.8143373271000856 0.7463984369663161
0.5060319368306756 0.4355676205839738
0.4798758082558734 0.04172699948659009
0.23436257547451378 0.3904657191695322
0.020769757748083872 0.0002503158992521737
0.3137049373308458 0.5047546817867359
0.28184954335201895 0.2643307616906996
0.088366444888764 0.713626509929354
0.6178744018515003 0.6219666129446759
0.1862560163012632 0.47464889535163635
0.7080441040773753 0.8335116918961989
0.4373382112335449 0.485387161792731
0.025632242988267828 0.5766105693002963
0.3892493193163866 0.7305230370923734
0.09096093248053116 0.991138085241343
0.985958499141435 0.4887935033291053
0.0937369773358081 0.38388285867560223
0.8856649166457069 0.7303602772768749
0.30946457031648866 0.45435494762181317
0.6588956152704206 0.7782227065824656
0.9106293691396077 0.6495135614895107
0.17745871591142315 0.5753934387042996
0.07673687758187953 0.3333600531745069
0.9940252438534829 0.5796509217350707
0.5474264150215451 0.6940419865996972
0.31550405285355354 0.67089259363784
0.672344987127893 0.020623309080006758
0.8917366472600756 0.0857399809217767
0.8016155977559793 0.2919394448539283
0.5159536867722747 0.8046277103829649
0.16571602941387642 0.7407293223480866
0.08167741070472534 0.6131334435567661
0.9730361769000109 0.8288644201937105
0.9617900594518383 0.38615496084045353
0.840027619234089 0.41999514407073724
0.6020414687243432 0.08153639095167908
0.5511264324582636 0.27144247743970373
0.7260799103591649 0.4344249739243584
0.22427865826414917 0.8768024616977945
0.6629598055428823 0.7887650889405158
0.0037344485021844065 0.34174084562484475
0.15256563801099987 0.8556183969110884
0.7789200984205831 0.5319954680072594
0.4359674365038735 0.2148283796078938
0.13476071742936035 0.6514191691889089
0.963080392325171 0.9107475269469645
0.3875891458480316 0.5015589421048836
0.9909238638387714 0.7705804841709016
0.8522581757595784 0.4928139210126885
0.538635024977806 0.26591468361281034
0.9832422152548752 0.45451982733120944
0.8380367059412879 0.28571783914684734
0.11674261181983159 0.2533881500629216
0.29731189033926375 0.6919184531726161
0.4469216150402362 0.8814788528503812
0.7193155763937236 0.08884767244209701
0.009536423036183406 0.6544374171726854
0.6013915086995199 0.15762022876603332
0.8632913635444381 0.7633407246431227
0.5444373959736719 0.2526630267788734
0.2792178758954569 0.1985385849610859
0.0763868927920639 0.03603391951036827
0.6413404798983029 0.9528612753879835
0.28857031947447376 0.1272194593305258
0.29952611010642594 0.8480797178571164
0.756138461105542 0.37279629505340406
0.18819407279348344 0.8288852313150596
0.2634631559794982 0.7663612092031264
0.6652129697137619 0.8223528430166716
0.7838116054010538 0.8527068114210485
0.8197527430293479 0.9600824631233877
0.6485606332353533 0.7650996070621654
0.051630210406563126 0.28545161330679636
0.653861074383641 0.8552584685107447
0.32930561337852216 0.7594738608809612
0.7220918096741753 0.41125563272567844
0.6129589067344818 0.6864475277317301
0.1114442987487625 0.9464069642704211
0.7867719900837493 0.39844924003450743
0.24262388965729098 0.630208374450878
0.30822519724188635 0.35860932589481465
0.24498155538300237 0.23183701593437966
0.7722385954255551 0.8687852858777814
0.48552604825069 0.7225406533458982
0.5439427284224894 0.5044636911381855
0.8446246028608022 0.3292093214346441
0.36897504602241615 0.9897322124591954
0.6492537773765785 0.3263904032902478
0.16592097401053585 0.7054075950966787
0.0994788422806705 0.5102362235264524
0.30549213697093514 0.0021746416981058836
0.041331759310052174 0.8974605593771923
0.9389712574041742 0.11646645881823114
0.979022983608705 0.36747441305652595
0.6781524879653089 0.3599020245875857
0.4187737649007266 0.7118555445670485
0.7445940217981886 0.22023501533721435
0.4860432340617109 0.5723120719641916
0.7423580946171184 0.13780607530114497
0.5822382771295727 0.7765390033012618
0.2265885146493094 0.437746791897591
0.1769418196879302 0.7967183081485716
0.7449705022202469 0.021958752046647323
0.7290810688511293 0.3629947165770706
0.6485020836499904 0.5896113057510404
0.6216213319549428 0.3929552373739167
0.2432471842293924 0.37671281513507804
0.24622089240755574 0.28430006370316296
0.6324925893225224 0.5599168109430714
0.5647672917102353 0.12837785807639324
0.34700500549921554 0.9360728213176257
0.11015839809645356 0.06671638937352053
0.9810278707731279 0.5864742710643995
0.049321209011610634 0.3006106526907444
0.6657754002718268 0.8780471856827277
0.678900900487549 0.4486163995818804
0.6832014396423107 0.6803378156953315
0.39377193255994203 0.970493335073654
0.18473410966481385 0.974350312517102
0.7488641349902054 0.9599131291022773
0.10245183657663692 0.9557256220117485
0.6685467500474074 0.11713477236116154
0.9131802416686952 0.9801924640496298
0.36213086496830127 0.20401922382915028
0.9801422308401058 0.8473971187983611
0.3956168039117771 0.3182483834817642
0.15861041071676185 0.9760920302038398
0.5148587858645401 0.18495955154990695
0.8102274335613215 0.9130494898045145
0.7638228327375607 0.46590515617232864
0.4128380957844009 0.18675710172762172
0.9652365807249839 0.7675556822263541
0.5116731166267332 0.02347236005325204
0.6737412737344257 0.5376871920672166
0.3099920012047659 0.020552113554746843
0.03837383910061587 0.1626222937807975
0.6196222596081555 0.5504993935844527
0.2195003432180529 0.6442375004855692
0.13983511424901107 0.6647707554344116
0.3147094585372072 0.04321536215745825
0.6792411991195619 0.39649509648402725
0.16143476939753199 0.5254841422783294
0.9734028145109908 0.32095767151489674
0.6060296819373061 0.5639867876558737
0.42005818047996213 0.5816986301776572
0.331360081742305 0.9798920947189513
0.6395990261888669 0.37598559693063804
0.26639236305932945 0.24164182527861633
0.26963152482287733 0.5029953666962126
0.9449273237863767 0.10620904900178352
0.23665629891744255 0.46307466948486353
0.9962199951562611 0.033629081723606014
0.21334055519667694 0.05476748123607411
0.23450196346255314 0.6470485324448145
0.24563317934492912 0.6888755917567588
0.9750636999279141 0.008940129106367767
0.7086457205845058 0.7012343239819048
0.543682868350637 0.9917137979839536
0.8403365102478055 0.9966766603493944
0.48752072958891723 0.21904267123097743
0.6438671394869184 0.8997628992847151
0.28343723309849 0.8678771058846297
0.16993489532626982 0.22400568271021126
0.16815629399031407 0.8742051417096606
0.5009581085322603 0.5878571015812986
0.5804173480010313 0.05647940117570083
0.8967291420889612 0.2786664361847371
0.30803279394892513 0.7401066881507374
0.08460398591088558 0.4816575444903042
0.42248100109823783 0.6603226376312445
0.6717724679232013 0.6881550061854658
0.6986835423306552 0.18329543499303336
0.9552724112962847 0.5821722840233983
0.8749433743302515 0.31393047470965874
0.19551918235584775 0.7143896893420156
0.6877866731412057 0.8914031999818828
0.2700528234655357 0.03282181362620418
0.06779912556030987 0.859503066635495
0.5436574692786091 0.3644086886465481
0.6094271521289705 0.19302953489708274
0.3709291832363817 0.9431496407190769
0.6213751311121374 0.056949076723397996
0.33348051276343305 0.3356505855660219
0.2542639774197093 0.16363287980140395
0.12709355206255535 0.6511977312249786
0.16139383514842565 0.5779466225809857
0.3532125158099648 0.7034270771232172
0.13511736744200187 0.28341462937288986
0.12004661493086322 0.4317933541366952
0.32237854939005484 0.9403720622353486
0.9465043647731979 0.1904235469936315
0.5222729120417249 0.73098589540128
0.7409588685968613 0.21333745338977006
0.7065338109516128 0.46560753943871513
0.6950703491816499 0.33769918688167344
0.40772723661207855 0.7119725793867444
0.41068284862239257 0.3471056105842101
0.3712324769561133 0.8778214242424041
0.6004572966290085 0.6385109207626107
0.85716893748136 0.9085960934654511
0.3488222836735746 0.04742651450345359
0.04710137267597103 0.8791567203877071
0.1176689119359835 0.5706593862836875
0.8200206804815136 0.254364493162492
0.31678351743269895 0.022765014736292777
0.07119491672146427 0.17905860416536368
0.9277736193549035 0.6947896155519164
0.570404874556365 0.4480293090183447
0.4756838180599703 0.6519613271142761
0.10727307080662163 0.7393846604790377
0.06592386941904449 0.09688014830116298
0.19970933134066815 0.462602018788679
0.444651344312349 0.865039702777384
0.1988026231023743 0.9589132530043318
0.13541005352668334 0.5796321150833073
0.8175452276384922 0.09037016067802583
0.0028573843799577503 0.7802258792447649
0.8899398990304213 0.3859012509299051
0.5345849144623731 0.9511846899213956
0.15649527310226885 0.8745232157944773
0.7121503856597986 0.6328544967435339
0.23119806040979274 0.8460166143141279
0.9904196599933739 0.34298230185963874
0.8445430711495181 0.7463081788482397
0.34373237922551225 0.0008619106685157085
0.5606886175936365 0.16690119347827115
0.5942459912674289 0.1411100428528418
0.31463999857827196 0.5511943510960775
0.981316603426841 0.6188483474884081
0.42028052755451273 0.48426968444726914
0.5643495356261421 0.12916978824596748
0.32628834006249896 0.5129049199985702
0.2290934275743799 0.5873656997704728
0.8701393134893076 0.7480074784798036
0.6091374633088822 0.938773755871358
0.26589435272382844 0.5640424792373666
0.05653123911997282 0.5958809837248153
0.831416278287602 0.7016544896580501
0.27617392368771254 0.03196260946961704
0.6568293978115098 0.09217993475622177
0.9127397397197581 0.8509216705565732
0.46937939046039046 0.3296683085800014
0.23543396242909354 0.6088817947777503
0.28285436631129235 0.9122999075543881
0.5740920131020653 0.540143799889951
0.6453870242239672 0.7117700471557482
0.8560136636801665 0.9455749731713283
0.1409187316423266 0.83467777810681
0.4661072481569253 0.8781822332213804
0.15480478122747798 0.9084047059933882
0.529439692525413 0.09799852150342692
0.8959280327742336 0.05619438765767537
0.7759097676375277 0.933376998620481
0.8436767332666184 0.33860015178330904
0.5160311255665204 0.526221949578991
0.7376154328176134 0.6210241063722799
0.4430658083575221 0.35736617775379464
0.5903477619338726 0.5778307132878882
0.43472475126459664 0.7372365369291736
0.8717827494432657 0.41768230566447584
0.8369820905194241 0.9662452160111319
0.2295977349351379 0.2115283469944238
0.47275149462073807 0.0313103442117284
0.1626454629686882 0.5090390145775456
0.3899153322550979 0.38208030206163657
0.39484940419017844 0.683789843977723
0.8437777002152951 0.3216166802018223
0.9508719243464174 0.34411019034434775
0.002385965973514814 0.6185805554106201
0.10492655746632429 0.3050962474264338
0.432668135087412 0.5103815982318181
0.05493648861763023 0.5804227591146323
0.9252184865091457 0.747149913849035
0.8610224105073221 0.7214794539889655
0.02599362806331662 0.34503819838172345
0.4935162941968527 0.09096462200771827
0.659879350673132 0.8595212576351845
0.9937923106657882 0.24146121245260832
0.5596124398750242 0.5198991017740169
0.26057954737866185 0.8615306293711309
0.3949252900889768 0.6550936471393618
0.4625075653789401 0.8388107749917815
0.9228490730515437 0.2784007565135562
0.4846418351523947 0.27642561609885696
0.42807475810329887 0.34751910123980045
0.07071721747880377 0.6406854861002542
0.659817102552477 0.34010272188900115
0.584471410290123 0.7504674830052231
0.14033114809841085 0.10163465505527958
0.0817369670108139 0.4420460555623331
