10 3 100 3
751 709 905 1110 620 686 1036 932 808 848
1008 1031 691 925 647 693 908 895 682 676
785 960 1006 1034 982 1002 1038 704 710 991
643 787 956 1067 832 913 736 1006 914 1105
944 1082 774 1048 651 1380 682 1408 776 858
804 913 800 776 943 1098 1748 1136 1254 624
743 632 1101 987 909 1455 1197 1178 1387 1521
793 637 1085 786 1415 1088 1169 1490 1479 1091
1092 873 992 1430 1304 1496 1170 1393 1125 1270
786 799 918 1030 1166 1279 1312 1413 1424 1154
3 5
3 0
7 0
0.4565475827928632 0.9875171649610568 0.5850239125162731 0.496959436371637 0.47509617231919943
0.3065834093253416 0.9110353477428745 0.7432168419313082 0.38649429293268006 0.34214964103902157
0.28981327964868075 0.09415385173319635
0.8889586354283885 0.7503422383729947
0.5996934479326492 0.9576379979195135
0.05269010375172223 0.47280840045896233
0.8955059663542082 0.9106966229179612
0.6286858343361394 0.009191812036060565
0.17033400337594173 0.4110857793656866
0.37817602868015565 0.2619208373080677
0.27712519941438685 0.9123716618863931
0.1955860302179777 0.651642479744525
0.6655712967158518 0.6179675412036212
0.12404577199127265 0.4205071445033737
0.23035403269952082 0.3826835249760503
0.26761399127946395 0.7882698320412378
0.007949158205442508 0.611766613739303
0.382581534758313 0.4616104405546926
0.8299729281078199 0.9610981053891261
0.7005869198638248 0.35443100122423643
0.9105827322210751 0.8894539859006114
0.3672276033218078 0.7704244595722058
0.08514366353347391 0.6262343316853958
0.19368143146775418 0.14668466924530588
0.5199194669460292 0.7746951895997676
0.4804449020358519 0.7234243017565669
0.7799485974285811 0.6975321212904055
0.33223213316691447 0.7497975078188557
0.6923193864625052 0.6261706686787907
0.04822283347124934 0.7868789479600262
0.5842793019256061 0.702353449314089
0.5324878171088268 0.03782354426246681
0.7218519021952254 0.5415850934995587
0.8141562058467171 0.7505214919033876
0.2806851591712518 0.21680149998436105
0.545314141488414 0.20804917012608226
0.1214786672915602 0.9846010586076026
0.6587913419832878 0.5283930152110341
0.8670723282016071 0.15549646767698055
0.1159788130203594 0.024290487236190428
0.8119691832940976 0.3629515994080712
0.4142743363684187 0.6645255111877615
0.8995006605196461 0.11418827314489177
0.1248806309535242 0.43052140833449015
0.8364746411796531 0.9187654745081966
0.38635305071119164 0.4278951582648991
0.32710699497374773 0.20530796016267794
0.10813172666812831 0.6824731171926579
0.2629701958058528 0.21559511540405052
0.49010287483951687 0.3844950694203553
0.782172970450703 0.5024284962643859
0.5457191878732193 0.6515346682267511
0.6634042144740298 0.5912531708348632
0.12742191284375837 0.2140652286078859
0.5260653387355418 0.45468411378588236
0.7586947621066049 0.4992622934984765
0.7259878864941096 0.4252774138002806
0.05780661656687602 0.6289100141386708
0.5767684198672034 0.13410092020977826
0.795142098236431 0.532157096508088
0.11852956574539264 0.5367623833477375
0.9844257581211597 0.4993279282711305
0.5094462877086527 0.20848731559127076
0.5685332409497013 0.025927706816914364
0.5186363201789004 0.4400950490152382
0.24081979183389013 0.7055081993317258
0.09750809277638339 0.11517627008408438
0.13867094001991664 0.2550208017916853
0.08513829438829545 0.30183499480520926
0.20733480231183732 0.6203409654656933
0.12598750515729984 0.22252738492281665
0.5714832229773847 0.26019616765637754
0.9619627866554905 0.09703375941084325
0.5954800226603887 0.6518129098278458
0.05770871499866681 0.30356359252896326
0.7064255506788197 0.9834038995218615
0.9045966492656727 0.1433620543628722
0.7007166065481321 0.26480532518341815
0.4345765249206708 0.5921242325256133
0.25834371862301864 0.3782084982973164
0.6651289761541708 0.6229057439634063
0.5014504308584784 0.3202342609611817
0.44672746002328667 0.7256025519908802
0.8587326062980614 0.6901664182829585
0.21155554481149252 0.30561299775247885
0.14557946610911876 0.570455233675847
0.8983232411577067 0.6335749168431015
0.46881572619558387 0.5973597314890384
0.34329591821898897 0.34283282828737005
0.7356654594773342 0.8833249775624172
0.28477079384575776 0.2925946675884954
0.6121218425130506 0.540595065481883
0.265332536940748 0.5807013469185507
0.120859793744166 0.9316048029988966
0.9257252637728368 0.9704110174812635
0.966314808329261 0.4519110722030779
0.7463512357215547 0.8898447029153109
0.7094061017317332 0.30057680160962086
0.7114547861605098 0.2662189990771171
0.5164647925316495 0.8535673696454724
0.1752619643907274 0.24901043735449968
0.6597940484429408 0.7092737423027438
0.5781863911824141 0.7357331775234126
0.5080138291616394 0.8009424288410845
0.43620062695814577 0.644263917257144
0.8452964762960133 0.8086729915057336
0.20974186649942417 0.5526150056450838
0.5563787470749153 0.4388146895792029
0.8226560440635546 0.18176085083671456
0.18272574083412652 0.5999148317821461
0.46063565749682933 0.47242270075370163
0.9067038740562752 0.8958321631379838
0.19308859144689094 0.3344084715813911
0.9067299891578189 0.6650121379125424
0.1265905299017973 0.9738444068367451
0.7305052410456492 0.21749402692464592
0.5407667641255491 0.4171445695105114
0.8543363983956271 0.8894686129051159
0.5070337336155684 0.36471902100581666
0.42590139215379397 0.07488721000697263
0.40676009410955904 0.6547605481854164
0.8150150894826067 0.9952113125444082
0.30737505720716274 0.24889530484402433
0.7502674175615529 0.7838025040654639
0.20886313472801765 0.5355323466606734
0.9568231851558251 0.7149169958081745
0.09691789082839697 0.7954648218181946
0.08739708512415434 0.5580019663090579
0.19325130571816507 0.7008821849079143
0.7319950895105591 0.3915866408273774
0.18727396344397662 0.3295484803999664
0.716031080617467 0.3694443979124413
0.14577160098548125 0.33286108730552444
0.6996408663354581 0.7054513574899299
0.7786485868222652 0.13997295420077194
0.30037320931580336 0.670047144916303
0.2978337223084082 0.19053701434239945
0.15514544133818164 0.8817958190968214
0.36078073751678086 0.7797575496805866
0.00611892344922782 0.07435589583213353
0.3155173531897475 0.9309314099737189
0.21320855415936357 0.8277007337177844
0.7395192805705477 0.9590766034303579
0.45441862757213514 0.06344052565022262
0.4515472006130974 0.8761168831835522
0.4855012932066447 0.023887841993948333
0.08075908345810512 0.6479913873437266
0.20652987356354058 0.4383372548142419
0.07721600880418134 0.3576470270339296
0.42853228216967443 0.1620521340049239
0.47099627199186034 0.49036166143790694
0.17942485642422468 0.34176047494568174
0.7470543335427324 0.1591431866023747
0.20651298711666133 0.36581317237237077
0.4045110604168962 0.8976904565992627
0.5994024169644385 0.08340160059757884
0.7994236138577413 0.5932029920372206
0.845378222115899 0.7328998176538399
0.49521688561329613 0.029762392724909548
0.9360407190332365 0.9129409317630723
0.03139520010992958 0.5548554623105693
0.3358308336784923 0.589302235465573
0.7858620321676915 0.8252048229246824
0.26043377672531 0.7266587111224474
0.6764490506362382 0.23136492730517344
0.6279108314901389 0.035717058503856425
0.5501147064854819 0.940927386453086
0.4727534967602567 0.5525696563240003
0.7331405951960708 0.6655055822121845
0.3212984471707232 0.47909998856807023
0.8406822591480296 0.5067087409171915
0.27798447695921746 0.41882896223051747
0.33595370779844447 0.4859826803873444
0.2729134756394198 0.0650166482415302
0.5161248394274234 0.327696051000538
0.8609730147129475 0.5719801440455567
0.2768897548952989 0.7005099180224286
0.8937894284592192 0.4786625837348384
0.16112640595545424 0.11727020024459689
0.8305996847812303 0.834796570269305
0.6467492942732087 0.2779795048225764
0.010964723506053486 0.21003364356670717
0.9797851658982137 0.7685980265484236
0.07500012448057003 0.7330628886867872
0.39035036732454853 0.9238361279692515
0.8311411797810382 0.6060415893382181
0.5017331775738569 0.3507618450191079
0.921496804691355 0.04663399468946028
0.861877607550166 0.6805012532646368
0.9757295150176557 0.31844487818674483
0.03613733797166052 0.19261401741723239
0.6814918893254622 0.3832301382553136
0.6788223832363227 0.13807208697014506
0.4007153551475613 0.12305628178742256
0.9067964970656466 0.2395817463324299
0.25053507837904054 0.21437616928116654
0.1403642812369028 0.5205180780344678
0.2896419996574957 0.3078140884071501
0.6394354907521309 0.9011857379029089
0.5781942590579177 0.14512974282390023
0.5637423801657353 0.15826645512248239
0.43011274644266373 0.23220993612040064
