10 3 100 2
690 863 1401 1199 1400 1153 1051 1103 882 717
1165 1104 705 1073 673 1007 714 758 1117 1333
1035 749 875 1225 1305 1028 917 1036 666 1086
1006 1121 1128 1190 936 746 1123 1187 1094 752
1301 988 950 1136 1329 1088 1231 1367 645 720
1364 855 670 1381 1032 1286 1259 1265 986 1262
654 854 908 826 1144 789 1191 1034 924 1193
1407 991 1119 716 663 831 919 1189 766 1328
668 1085 1053 1198 761 1108 808 641 1144 820
619 1074 988 865 708 705 765 788 1051 1277
1 0
0 2
8 3
0.7660761313254245 0.6748057352490613 0.9972750826652457 0.7452821759590672 0.15026116332664996
0.7886954129972146 0.9801137285863659 0.8030142035834122 0.9948867704549251 0.4109905803225694
0.3433125118623983 0.7951383687967752
0.07205220362262321 0.30844415577060635
0.8604335815735369 0.531682430107759
0.2019889778922661 0.6185450809100652
0.7813058561160784 0.3686416282204139
0.5579931509215239 0.5421697604985927
0.23351413304156976 0.9913483347473715
0.39497640269202394 0.3905847995795537
0.37000586796366397 0.2869199717572948
0.5541863841820833 0.3462299745623698
0.08017182031520464 0.7353895931272458
0.1260649304134298 0.9667136728294341
0.8175472772678942 0.017380006857046215
0.05573574201928455 0.7248484322675406
0.6497566097875953 0.4469676862197003
0.8857991074658182 0.32868463200995457
0.27263423149547505 0.32958471862687344
0.6183873211435027 0.004076527056367407
0.31634324098923106 0.5455065873768856
0.22128497147707482 0.8501903154267709
0.897942071020611 0.22139239877925543
0.6351735394121807 0.17872835605449122
0.22205827863018746 0.3395196107882674
0.1725465077810846 0.3130799640910604
0.4363933776331703 0.2786239340986678
0.1398386302326282 0.8897710693518186
0.0016673334092447423 0.10445636284569937
0.7757408484151225 0.505898512254493
0.88430585943862 0.7127479988858205
0.3139610041211456 0.25175895533539405
0.9301501182867049 0.6603559652460493
0.4110807676265793 0.9263132176831874
0.7990416268076952 0.20316801306853383
0.5665639733919816 0.2234978065317228
0.5895256267867117 0.2656393811480473
0.1859726962245416 0.4413818295447798
0.46689563480372476 0.8930672212667061
0.12523520999554516 0.958865503610888
0.25557122124228204 0.133538234360965
0.767938254972353 0.5811727243518441
0.6769003187259801 0.7146413418008319
0.20788186094687244 0.7199437932231945
0.07837983770140733 0.4145993787772151
0.8785138378196453 0.4120786779029846
0.6197231767871563 0.47022685193498015
0.38312817027997315 0.42263881462100095
0.8991914846001308 0.3156734572520883
0.9122064151762688 0.1088704626523247
0.14408314745743445 0.961534798239424
0.2280718186049231 0.009535292360610015
0.35424212487075923 0.19729594598909994
0.6764670772395487 0.34717029745610306
0.400091357512008 0.5778241297347508
0.48071600554035165 0.6199138963182413
0.8237049371242733 0.2688111432334388
0.7074379658447731 0.7975490748584586
0.3245835812224287 0.6052065306735945
0.8824784389289619 0.39114103564407343
0.8688642545088081 0.6121767145202488
0.5064036843689932 0.6636121752031272
0.38876801345031065 0.42961459577256167
0.6224644424418753 0.8464185091815777
0.862635937980794 0.6850201309886264
0.3681311542057839 0.1942144744752532
0.8837948475618906 0.5971411411487726
0.4730258254662134 0.812740576130933
0.4293927042525605 0.6671167002235288
0.02125328079900668 0.7972018973743287
0.7614201172374766 0.9163363084594822
0.9147280622619662 0.053346623600833976
0.8205008329574921 0.9594371725328881
0.7980219223380585 0.3408316097455699
0.7836210206834933 0.7355884998247921
0.2124277864433166 0.7206910119994625
0.6289922132736714 0.7067351462094624
0.5911583185066536 0.4555411248484471
0.8554677375760249 0.8263167820280122
0.37883529331490595 0.27604586285097343
0.5078039840729414 0.1504377620630888
0.9526732476868363 0.6169690738636406
0.40367829106028186 0.7001874998875806
0.34465279275454574 0.26640753217020463
0.581366934940841 0.47689380591870223
0.26945288196057415 0.10092796628039769
0.9667447071332183 0.6755689988026206
0.03717481246177434 0.8534624272391882
0.015014832064967898 0.4300081777009115
0.8171516567421515 0.506180635170606
0.6962869761867618 0.05103841478713611
0.8401553099947165 0.9367384026992149
0.4511150381021096 0.23895983270725818
0.0016387649468427856 0.08608529577966162
0.4466818026269277 0.8761655928994467
0.11853433371152033 0.451343351970358
0.11837621094460071 0.013664190131370546
0.19295458557991552 0.3937806922835887
0.26791632752430616 0.40283521961242563
0.8745416035058011 0.5826517732343772
0.5088018822601297 0.8817788074742017
0.42773637861347624 0.727350335086731
0.4402352352137615 0.07798143992711215
0.27127413427963587 0.5682485620870632
0.6730987441025549 0.38760357871348017
0.20222470155676842 0.6003893305310988
0.9334171538443776 0.8546331190124519
0.48708489037304825 0.9735153578543585
0.318475578450615 0.7733579412705835
0.8611637308106672 0.15240491965718372
0.7753749743426457 0.9107692052126575
0.43149029708033226 0.8306147325357165
0.9740481862286345 0.9293418981477519
0.16012772697579325 0.7246930397286502
0.45672250599749176 0.6674374953909719
0.7376804021284886 0.03719218883946729
0.5563432357451681 0.5698175839866357
0.2541191956240465 0.9825413356633843
0.7151368190745209 0.7662541242830183
0.8150354731507825 0.9854004358744022
0.8416790631020474 0.30278033279040306
0.572542463380656 0.7513284063025463
0.16257205787693474 0.9018421717374847
0.8252258310836906 0.41382715219386057
0.06241882439058477 0.9693845187917656
0.7087987171936552 0.9928384276833322
0.8422166820871944 0.6245040215932065
0.8659399580409397 0.761196709544937
0.14222173138338268 0.34083338158588194
0.2444765338323549 0.8656883091006085
0.8847663951163081 0.9099522094031935
0.5791186319113555 0.3865076922935877
0.8622670005225144 0.11088576680008821
0.2362664327388948 0.04452236650533914
0.9086163549546542 0.9576464510085188
0.5035297457541617 0.15909094102161214
0.42506249828921994 0.9867996075083312
0.9492159541999485 0.2582455412027107
0.5359600448368738 0.16015102887226207
0.7978104328840687 0.24908662531534187
0.2138113837586455 0.8524861465049716
0.024980416621699364 0.6117884501848718
0.905568906864576 0.2465265262658447
0.8198680443237518 0.15449331060629867
0.6921037125009648 0.36517170786885944
0.008576381825130097 0.4218516728748618
0.29936782383391725 0.8642271747609278
0.1464425509519065 0.45828466969396775
0.4401974666063848 0.6165608885769749
0.6841497078940411 0.7519078050478909
0.8502437119508113 0.8691782213428525
0.20714886837098478 0.4974939068544564
0.09654708236262977 0.6926491424552661
0.1534259364781314 0.22075663912088217
0.5176343702335908 0.252198868909568
0.115216225981295 0.7525523732056443
0.6229832007766225 0.7374922509149826
0.763061130518107 0.03265609929631741
0.004641185277466819 0.1335122886876996
0.923662329747629 0.5427546097443756
0.5204516172053835 0.991334601916317
0.8997777242195273 0.7668719533553345
0.7484193215544044 0.42603188421374516
0.32342495741994015 0.3656126070532746
0.3939466340947777 0.8085072666804956
0.7471891655247496 0.04538909529598212
0.12821579529034777 0.1815834528626361
0.9260295700450913 0.41600029168083474
0.2138482563972639 0.34054148316722
0.2423789012490989 0.6271061109897729
0.6275956017113755 0.4898517064431709
0.23690891828837124 0.8537947452351224
0.8784917082346968 0.578934051931852
0.8378259981144158 0.6042165938432049
0.9717773920652721 0.25793337824983453
0.025560352020758126 0.5445474241463584
0.6444212077514389 0.700366601849197
0.3157182932918188 0.5881227047655666
0.5401729551608323 0.06647017677935474
0.6411460750331643 0.921226352248071
0.9977383393979331 0.5501058319700014
0.5910644318683493 0.48856566641050314
0.34553029923007883 0.951491865180905
0.08405672444871204 0.6984903634689033
0.31403990250649416 0.08205977831298572
0.12960003413409615 0.7001225824211113
0.6713944038892867 0.9766699379101931
0.10758856975648956 0.5908962426452624
0.4159106655296021 0.08058271156273156
0.3368023770363957 0.8909662928393134
0.4657147129267747 0.4279694497582569
0.8104757548452224 0.26183381999958044
0.12340245423914564 0.7300817923960143
0.028117648681791785 0.5352334036686812
0.8469639214561628 0.30487721386488587
0.5774490043152194 0.447193121457673
0.3693995514679862 0.9990876442077534
0.635439281251361 0.261168304935109
0.9356115817674724 0.07849725135552443
0.3198173317536004 0.5222521194045251
0.27066840968656813 0.012286267881224777
0.44688468684844906 0.49539553341793696
