10 7 100 5
1498 1690 1488 1312 1373 1100 1164 1107 920 943
1466 1976 1474 1531 1342 1471 1064 1068 813 739
1504 1512 1465 1553 1326 1367 1041 1014 773 783
1328 1217 1035 1251 1121 1021 892 928 844 771
1000 1058 1031 919 885 790 964 822 688 861
973 993 1213 1027 783 1019 914 914 849 832
814 1124 874 789 817 748 999 784 609 781
928 797 887 710 715 830 670 939 795 597
834 1113 1035 879 821 724 763 874 687 638
986 901 962 659 866 888 834 811 804 894
6 1
3 1
0 0
3 0
3 7
2 3
8 6
0.4489444889722963 0.672783880520465 0.7672124060757548 0.47481947067482916 0.3171320541116055
0.4321967095163907 0.6021833456455074 0.776206402556297 0.538732520751218 0.4911979572030075
0.6223144544371464 0.5534565316742946 0.5210918382254799 0.4657778638170759 0.24386555720043487
0.6269064538477548 0.8226455817129712 0.9597555304284371 0.43937218576747133 0.13118691031506557
0.7573586609193672 0.4305931486370136 0.6017218500617701 0.5712098998427306 0.22757737624112356
0.37188298578477613 0.6703880418300527 0.8166658932546158 0.7533217091269965 0.34080849214318665
0.3960125963428067 0.37572599697657894
0.04982636591135492 0.4814709306417646
0.9380160099784591 0.49671509631597943
0.5746781757578476 0.4272748656787311
0.9106751015365058 0.44991670703324904
0.3939976527574478 0.2668669680900648
0.47409767736176844 0.6512742656326189
0.5756940833651154 0.18591073860344665
0.2648269217111747 0.5890479991028923
0.4954025633434571 0.6362636266497803
0.8067522533479412 0.7606026408955089
0.635804594080996 0.28239902217066426
0.5048119270592515 0.7731265467501949
0.687849739339562 0.48994714020939645
0.8706137091901103 0.7562932941948688
0.07108293448129244 0.9893987432729328
0.10645542955051912 0.6723780434138367
0.7908800088278773 0.3036484715789294
0.16840963688243415 0.016572747610113625
0.72230537583079 0.5064108956934208
0.7886962472045882 0.3709242442426606
0.6597120414531821 0.35857882402501984
0.30637403287624476 0.38818308850583993
0.3285478828966102 0.4135987894959958
0.4824829803562891 0.5284296487135374
0.967256287674271 0.5271312513725799
0.6347883187695655 0.1083191539148809
0.636137781558094 0.8026826496452677
0.08199257860552156 0.914195424341044
0.11428429971703769 0.8772099226925323
0.3573658005499982 0.6893317341119132
0.573357400477928 0.8952900433731839
0.04474245656023346 0.05633669951282161
0.3344198530912259 0.7614878590186387
0.5094082077494557 0.6963663170784713
0.8962719597329352 0.9613987995207138
0.460375741878462 0.48716651195284855
0.304236664846367 0.7860843672089095
0.11573683164263437 0.5317339224767048
0.03002412299730306 0.6372071581088925
0.5512702403218941 0.42939904586225386
0.8902030995275054 0.39710402504585485
0.4046360726502858 0.5607807608061108
0.24808090451767795 0.935167040421333
0.0199162589247468 0.5001066488421648
0.8060027786671287 0.5164198829343787
0.6797584421990317 0.9379530907720792
0.848302791142056 0.9873595445333931
0.12002628714598873 0.4480239717501113
0.8526805129897308 0.29748462097774997
0.9317962462441651 0.9437862111749882
0.26776401251965254 0.781184687541963
0.9454256576676539 0.5434166940162046
0.8017330362945445 0.7756077021930614
0.7637620839023185 0.6509232638919711
0.9119610210766096 0.045181808222174435
0.6887444267752663 0.2706723454962101
0.07567016691776018 0.3723090979175032
0.7974838931941153 0.4561239844504841
0.11657141826517736 0.663533847902745
0.1141623513251997 0.9372233420738147
0.3504452719764459 0.5779835150433792
0.11702723595638131 0.3580286430788293
0.6693622565069612 0.3601213021079466
0.3438552778215178 0.724131581188874
0.3706598969332877 0.5067780016729362
0.7270497884710663 0.5149386395396713
0.8269659107537131 0.1668566340626192
0.015019360202399579 0.8656497924787181
0.7945312832176112 0.3215073852627395
0.09056490986410148 0.644673830281673
0.4857374017960887 0.9968105792276079
0.6381120788838777 0.25151753966830825
0.3380455000406668 0.5692448831836208
0.2776867464401045 0.43017425771007245
0.3548135173197322 0.19046573816051904
0.017181205419979806 0.44344364355071586
0.86348726378499 0.8030667365917279
0.33268538947490023 0.6461158081281857
0.3773060744534884 0.2654134291527861
0.7777640407008954 0.08940031211599053
0.180943334589603 0.20515115822525254
0.2729703979862095 0.44313170531725254
0.2576090188720299 0.5735095967586914
0.3981075769169453 0.29006714593481164
0.8346575814779209 0.18540631699702415
0.15349069480506605 0.6505035760316462
0.05832709417900794 0.703587200573208
0.7514990827440509 0.12955889346900995
0.39277336941864327 0.6292868889153485
0.5912473015484034 0.42947563201544736
0.4696418157302775 0.4624624838487834
0.9191356869738159 0.8482603277131635
0.703617222389497 0.5526952698419798
0.9098265087919257 0.8756566813407396
0.9060128714240732 0.06290445124457134
0.3594436078199823 0.9514927604156713
0.30045470044440026 0.5251208792213504
0.8972446326068035 0.28207513104437965
0.7113656520922869 0.7424928404587028
0.12949430010496843 0.537805761721313
0.4069147079491229 0.8390828435465281
0.6881350029401643 0.08304009510629262
0.9671376182377989 0.8995788848269459
0.6806393770127237 0.4675013859445092
0.6564293163230268 0.429255139844974
0.6162041440931847 0.1012092515144738
0.21780662074989854 0.7164694846741986
0.9445400797618766 0.9660242690519469
0.36089128564606154 0.5477950540633176
0.7785620116588752 0.8259606036901002
0.3121664622878608 0.02162795150522112
0.15320372054728826 0.4996318484852409
0.1069646929137511 0.5704743680662405
0.43745841883440195 0.015919049208369618
0.3902326973706869 0.15614753732584252
0.7144751303498074 0.19414087905922206
0.6831911424799102 0.6296246994188
0.08102766493369318 0.06592791614041005
0.8594747268808667 0.29679631586714184
0.8788592390785801 0.6214185922914726
0.34864638554755967 0.09236337731917699
0.15148849799425634 0.6873040306106084
0.03477045971356407 0.20832326706863502
0.5369676944236139 0.14324399636910212
0.34486088784423385 0.7785536273901614
0.9717198866380066 0.25909990385665016
0.8770895087093489 0.4691029081147138
0.5178720530099861 0.31020382234337607
0.017830161397060618 0.6758583131917033
0.6408823291109569 0.35228153656141004
0.8881940739506016 0.3234168874492611
0.676199967197249 0.5948698511260395
0.0877292764575539 0.1420040330181147
0.44705749447333387 0.9559810233150137
0.6676932209856457 0.32973865453968876
0.13213275088685683 0.3625529557073721
0.6568973544392112 0.5193139573447201
0.13738585580205842 0.19493915192557876
0.4029051283481504 0.33359294447796994
0.17825798441198693 0.8441193452157825
0.9856293115936374 0.8456914659012595
0.5838764075993539 0.48428252058026056
0.9845660237353513 0.9386794689921558
0.507059600921814 0.7635942393467765
0.44409297525731906 0.6634951947566599
0.8818852435423472 0.7253843264952009
0.7293330676499905 0.938236298392622
0.8443278696277821 0.9594136558559241
0.06945902292930017 0.4379459710419613
0.4908672639769738 0.4391976255986798
0.9625454350802036 0.43056905959768677
0.31440373065891625 0.4184848926241853
0.16893475468090235 0.8166592886204265
0.8569273504737049 0.02733626357856833
0.8913658684708279 0.2216896019174237
0.6451626190324478 0.7660704437985804
0.21735097485449484 0.20291751922596624
0.26708697505389445 0.3993838066323736
0.22973908143273825 0.4757547373875477
0.020538393235233876 0.6014194030992239
0.3652176407586898 0.1182259934273886
0.8537920851344889 0.33164216367845767
0.2331214213531383 0.552818475999231
0.40043013154543017 0.055364145318727465
0.3209728275076764 0.20613325382659609
0.19851956650085634 0.5638504224630221
0.14752040913101783 0.9547784380132522
0.30739948736632594 0.03315185644766361
0.6579863606646545 0.403961013522699
0.07004120303460848 0.270734960257881
0.21243008541116448 0.4107116091630163
0.9516969860563445 0.21554491767141082
0.028857717737524657 0.4390798053377878
0.5747789714627345 0.638404929270548
0.7408319147449534 0.9844333661273617
0.6776795150932664 0.6179029938274962
0.6210707216116063 0.15671272394458802
0.3695920976966094 0.5708253819082152
0.662447818240784 0.7150359909475805
0.8761005796085783 0.7614809573144179
0.003616871763967522 0.5730297053683375
0.1829640781911499 0.8232301276244613
0.5601256962017556 0.5152215549193033
0.17376242076890502 0.15137981410091705
0.45453742592047286 0.6490866778378828
0.16454830158092815 0.44123096043859666
0.921459416053563 0.7342046667229953
0.4056552931171373 0.5575663365491315
0.9949542943566618 0.1252654175686203
0.1850646419850761 0.8421838172479037
0.5356259081337194 0.34185111666166046
0.22354704829709382 0.8214977435500688
0.2092438062563926 0.31398577223690105
0.16565928148936937 0.8707529238475209
0.1865079955563531 0.36503653080278453
0.8317192309477153 0.2435824939848652
0.7364548862215081 0.38792022968147677
0.7414934426492796 0.36371039576959263
0.7138243279696277 0.04730095185899352
0.03424472664017242 0.4399411809337066
0.5680700812799957 0.37838711783297363
0.7699175984370028 0.4591316212181751
0.3225285533952733 0.6493211534478536
0.8989453994534737 0.902525718638034
0.8166932884050897 0.014660573177467384
0.5324943587886324 0.03550647124466755
0.09711340573431282 0.20924856563865046
0.029699702245401083 0.2757448241839364
0.1459108682943091 0.4561279854138096
0.3514632513438902 0.7483610838045773
0.3514217592466611 0.12168919990157567
0.9597680319406967 0.8945340676513183
0.6056866246667201 0.06042369540314407
0.8999322771910665 0.6440891440400827
0.5396334429510024 0.8082869809036013
0.15902906654350657 0.6822239205844678
0.654138370922904 0.638338131838236
0.1257989222140976 0.6136851207074185
0.6158099443797584 0.7988892455784489
0.10106325035094565 0.4894391048807598
0.25540950051995037 0.2671530407967406
0.9513264350475343 0.9770481186171669
0.7188263054599575 0.6939584159664993
0.26014544710598453 0.4733750204916196
0.6133921617158105 0.7714749617488343
0.18351041966310855 0.7298216818929373
0.9525459342998024 0.5301339326501511
0.5147196783652301 0.27205904280232485
0.34813367785430915 0.7121641842646447
0.324456648664295 0.7917225453535264
0.294414074144306 0.7113743841337381
0.38502694146070615 0.3955314496463842
0.0978030239892329 0.8187321439834558
0.49739366850772115 0.46202023975065565
0.4488257908996456 0.1413556848978177
0.6653932420634789 0.7693285148121898
0.9207084592931167 0.5619812266086832
0.8454109349311869 0.8863427406896027
0.6191467147611169 0.8804308585165364
0.7700689908230836 0.5167748243556651
0.6458149276604239 0.12620094375516522
0.4797830445690867 0.593556103641492
0.6042128791252512 0.4863105799285261
0.7916137155691934 0.5879388124677283
0.5637767862531544 0.030704361298254046
0.8271649945738022 0.13703176703989262
0.7190974287551579 0.9614009067885376
0.2675828790575052 0.21824931055077013
0.18375783793010192 0.22098442812413643
0.252929302143319 0.22182612343698338
0.47165361258442395 0.4049274730259653
0.5959470722765376 0.7785397859635306
0.007003869676377006 0.785199897483134
0.2063894723111095 0.6571649811079554
0.7470168454301964 0.02969653715565146
0.9140601633973222 0.9101502012835159
0.8588097645156314 0.6603724853516899
0.35238303561477324 0.9082542563910219
0.6754553130428429 0.956613877325823
0.12071308353024235 0.224239850852485
0.23036854399412765 0.21436530868715709
0.10789031582577913 0.2496005989830401
0.5811834096113939 0.4947524660916651
0.04175782465939393 0.4586659206781796
0.02552672213652163 0.9746438664775703
0.040817678102386346 0.06388885983104808
0.5442610936489396 0.15905872165396207
0.3443159064128092 0.19877623532285194
0.7341554034360442 0.1571028130539025
0.9399516467223246 0.928870989737363
0.2803041313875003 0.21389312892863255
0.8428746903810791 0.7911457383506453
0.8563555153104381 0.9210441007457038
0.16396171929077896 0.563207839529885
0.7308660017445403 0.4387371337419057
0.7893193177972737 0.589080995229077
0.21764626862426684 0.7973979052381635
0.4670452300120984 0.04847284847915634
0.33446757450484554 0.9249491443401618
0.010523159148924988 0.8559031285909191
0.247808958454522 0.11429108119218867
0.8398678756445082 0.5079164194940677
0.6917652555084153 0.02392654843061992
0.4001669801243908 0.3283524154304709
0.685655963080007 0.36919770485806547
0.507957692072291 0.05853248892224805
0.9908545455959756 0.6053019456167075
0.1782750651981686 0.3606345087352163
0.6145271780893464 0.7581325563681758
0.9893550972184322 0.5282266281418873
0.7392885687588249 0.8680299021984494
0.4883896639552452 0.538981874711369
0.8475098434692336 0.4106093255695007
0.8617248375097435 0.9951858236416271
0.45239847254738264 0.4283059425987359
0.28310530129423706 0.1800040313697404
0.5257485504087285 0.5212331297687616
0.6217062073526727 0.9698529159103078
0.4929554871452715 0.8702522577771756
0.5124523186805043 0.24923016437658574
0.6681222864975185 0.9883311329676903
0.4858511089278812 0.869645872801952
0.617718322905028 0.9165567597523527
0.49833063859615634 0.2430681871993281
0.6222119483153714 0.2756027456587018
0.9812534359211347 0.03817015778121258
0.06348349732279424 0.7020081706799195
0.08093555745255121 0.5558437554122961
0.6022489591318043 0.7439655806991503
0.010641687288124091 0.862683753966657
0.5634454608349788 0.5369008910249824
0.20650566157419736 0.10399742653528277
0.725080475572691 0.507210248399806
0.387152766818609 0.23068541803132026
0.8671704004818448 0.2524884228616806
0.18615339191399416 0.5107531351737251
0.6782457867264959 0.08624804114694862
0.09499069756498679 0.1509018853408728
0.19983973268406952 0.15905530094252684
0.45307109534411216 0.19196560999758505
0.8603202933920144 0.47786063752936525
0.3215901277857811 0.2535939188365368
0.7772620096389289 0.3813847772801231
0.08610938141960323 0.14294747676829367
0.5369710247795372 0.3288374340771696
0.9194611752189366 0.10812162155006177
0.09720416701090406 0.6612568997361374
0.936761640992432 0.12070121902741904
0.1021519153929058 0.6455360000330275
0.7832248735805292 0.7466505102900318
0.12859365532294253 0.2290352218386471
0.17099131868718498 0.30595488586897046
0.6889969404618927 0.32581773070510245
0.2716825614946099 0.4296384555534787
0.3503893927882469 0.2973927477036742
0.6104339484064314 0.5738179994533852
0.9257689439785834 0.16602751874352117
0.6908923084988055 0.3050384991835762
0.3222769668216916 0.5957303574455148
0.7220960884560053 0.5274483990277652
0.2328381067661225 0.4171931790727854
0.45025485137118193 0.919864269664501
0.26565602913647957 0.25377482815922225
0.29789794154887717 0.1958223993459911
0.4378194752422715 0.8140734423410614
0.6296610627957753 0.9408322955937347
0.17500029982687426 0.009060492402147124
0.15762405625150833 0.4403503764571821
0.6138826461419531 0.6404186271662076
0.8345216926746877 0.9094366153382525
0.29935089534183 0.20154414693918765
0.4169335866982913 0.2973016408432554
0.1684999258306481 0.5763485690121877
0.8962146092494598 0.7042059212505294
0.47025739478709094 0.48710386344000134
0.5074801731528904 0.27745900190076767
0.27202239685995244 0.922719016406963
0.3859275340461632 0.960250326469688
0.990762571453397 0.06311103405670182
0.5595310923176149 0.7034768436867618
0.05262962512239744 0.7538976439592595
0.7104480051990119 0.527970774810467
0.7028707435187509 0.9155049552322363
0.29701972625093487 0.012207822563955695
0.7130042829170673 0.34725419789820666
0.5348109632226559 0.0419955843165738
0.9907825966944566 0.8689381930692626
0.5401622619963322 0.861283090042025
0.12157899288101914 0.634119337277042
0.3130030497312746 0.7222623437186753
0.14504749271336626 0.10865875358869337
0.8033318919739052 0.9556019295933387
0.3595019232661243 0.8844158317399542
0.6905199051882944 0.8094550407819543
0.6756467057276618 0.7444855896097593
0.8640259142454945 0.3076468882116281
0.47114904366865296 0.36335877481419065
0.1408348647373039 0.6466819206432513
0.5912874207533492 0.2203076026844457
0.3214315479406342 0.23362187144318924
0.7171670694856882 0.7289638650192392
0.9412142521566815 0.877049500313531
0.37646476697093023 0.3014916409819377
0.6545515810957123 0.8870633835668944
0.5988771132900379 0.8993239879462092
0.07204466307842172 0.6272583972283097
0.12982605473467235 0.7635795185186878
0.1280025527977069 0.2682722224043692
0.05662224951854489 0.47313644280150857
0.9891307987245654 0.9448325596886249
0.8939173136404239 0.8835489919375288
0.1338747415632473 0.8713286841947798
0.8777791994008133 0.3097223271151315
0.7009366653192588 0.8746713960854244
0.1144094049176474 0.6501554113961232
0.05181442954216697 0.5529725714449512
0.35362638255950185 0.12825270728421123
0.776480439272256 0.05994518974571417
0.7703236643085805 0.2829594111302991
0.38344816948221516 0.6415305788552494
0.14104975184394442 0.49809601162627626
0.32523446844865145 0.49100619361792264
0.5660973698235103 0.2433282617972472
0.021196332614024982 0.4118031165659721
0.5756670049899251 0.9879655831705587
0.765567381998673 0.5675268484099152
0.5717097768755524 0.9738797682244345
0.10145553413146402 0.7970552333949819
0.6653013949219131 0.8729267144636566
0.9508044732475751 0.4302153274698097
0.827653043496102 0.750137756219146
0.5474322887609171 0.9704951715669883
0.0012906323010533072 0.9371854136659008
0.18387518254481794 0.609872885475836
0.4818923032450704 0.2701159320406994
0.6877371854031757 0.9273064249765994
0.5375264012849057 0.6882635611283285
0.15931319456943904 0.39262398712667546
0.9656997113108767 0.33276085750354123
0.050882097519312275 0.08855956077128657
0.7478034998864331 0.8400505975786505
0.04005661526175808 0.9491283808192754
0.208033141987642 0.7231331057695021
0.735064706580687 0.45695583421821806
0.004730484966981585 0.42496946559002735
0.6464065727243429 0.7825868347370508
0.000011445250844177579 0.8713788579882542
0.28079506759383577 0.2621853914345178
0.4246524942109351 0.4963839390948992
0.9499977253195175 0.08272944895865386
0.3405660551835068 0.9962032095879778
0.9897349516950855 0.5370674672592666
0.8369638474786187 0.3389606306894273
0.6374624404368217 0.39419097249185
0.9594347244624064 0.042244564180456745
0.7827754664764512 0.4663540862311266
0.9953722197502943 0.2489918550843644
0.2675525902920335 0.1647669485426162
0.7570428793798125 0.4192685377076595
0.9387602575544391 0.2252917564011072
0.010407163449061452 0.40641112231714405
0.20561134007031545 0.4555714096926391
0.18399404392302432 0.9487285790309437
0.20943188507938104 0.1967283928839807
0.09975936024194931 0.9495389980502043
0.3578312668749555 0.41265929443598415
0.41934501904703936 0.6764579414115854
0.8339827257471979 0.9243904705007235
0.4953732291343238 0.8682740919479295
0.6863273129561236 0.8859825329789248
0.168308355728638 0.3368009687410367
0.7250037774537921 0.2986014044689349
0.894280895936092 0.07145214460558957
0.3950526165113273 0.5202599063957516
0.8973051072606144 0.8206406503714907
0.467723812463704 0.7695325499684496
0.7600642562261397 0.33215171857123904
0.0059752599771696335 0.6489295155720358
0.04358066650091974 0.5722584932507184
0.2956928534430914 0.05619557886172477
0.5570458675946788 0.4141942996673462
0.6409512667833126 0.22355769034332496
0.27286661179198024 0.8564215495298491
0.7165935938182884 0.6151780082321479
0.19338399252245786 0.6741974455256532
0.9637114826579232 0.5722445231305671
0.02079426967136766 0.7596418734051849
0.1893717446801766 0.6252080345701168
0.36200342162314514 0.8685925891634463
0.1059224452542662 0.032559160660752706
0.7884165729542771 0.7809282190654316
0.28719967841764116 0.5236983413620417
0.199318408535889 0.7211875414312072
0.2999638667265607 0.6284178870665862
0.9056010753355255 0.20372772030705932
0.20890203965154597 0.7250001539290956
0.5393520168777093 0.8367835684773439
0.012615074968394646 0.624023058088349
0.7956621415550234 0.42661971656725184
0.33437006971954397 0.8894571547634706
0.9505729802218637 0.9692726557731761
0.355422678347755 0.09918339883594918
0.7120434325073 0.3542145195786872
0.22855582346060488 0.33878801579783935
0.4574238121324503 0.8261235311593769
0.8352715487271334 0.8090156750471529
0.20957510370073473 0.578804775911899
0.8424942848939752 0.169205150200334
0.8345343167153909 0.03273444677448545
0.2733549343091968 0.32235146596050956
0.3527787550181378 0.9250124276604279
0.7846438538042437 0.4587689067787388
0.5994467970592254 0.8542631777748171
0.35505669405642926 0.33778847518828625
0.21453092317770617 0.6840396982797705
0.9962286305041763 0.7925631886637132
0.012953112613921514 0.47637175987634883
0.5996454080175044 0.2770866398205134
0.5749826926746562 0.6170091725903972
0.983266536658381 0.525379159398133
0.5025812051370266 0.8696833661392533
0.17988852799912047 0.5629201404131958
0.985922918262051 0.2977047202350387
0.948763053802788 0.1948768804498775
0.6673747097051641 0.04525936980782985
0.4160047894099508 0.42987599715900804
0.2623504018887557 0.22246471760054454
0.32975783182138607 0.7491578409080364
0.3905098541315215 0.9104672413497925
0.28311204850395955 0.7549357036293833
0.5296542094724557 0.0746090998314326
0.9701777839353902 0.4424331507293451
0.333303550189018 0.3678811016091712
0.29889426145088893 0.020881494465937234
0.016043174858171305 0.6673193639802775
0.11462756553145081 0.16007436030032163
0.4469098217173324 0.7323723461419831
0.43067642946814244 0.9322188555364768
0.5870254393047534 0.38513545056768206
0.42262478827039573 0.9178750779361142
0.3946198111642596 0.6293506428953817
0.646768606989512 0.41046914184398675
0.9446237363069749 0.058117134959871475
0.07981694827537322 0.22238461532404408
0.03675033038250497 0.9091527188564219
0.4034820693528103 0.8466393659090705
0.6503334171618034 0.30827091626420366
0.02182098986441372 0.023420178153235494
0.7034476788069124 0.8387140433210294
0.09643551090348002 0.19616519049432557
0.854122490350508 0.8613138230577881
0.38379040956820165 0.40613029914576604
0.3873417308590892 0.24882543428256088
0.9268798581224937 0.992321624967029
0.3520209533050238 0.5597320808127326
0.16795285503214186 0.5794999990820939
0.09940409906686876 0.039616858518207954
0.9716231482021545 0.18594372438611528
0.26664309937971886 0.7519921218569734
0.9346485156889137 0.9796621931215306
0.017444141039518746 0.2700508065349978
0.7854920553960225 0.42566980618258565
0.6896305617354754 0.07839439626083822
0.6941972460194843 0.9993641914002029
0.32854428889051723 0.6629240487333656
0.868682586385598 0.40094956134384985
0.5535515961732456 0.5068897025785841
0.5086508963063563 0.5849777223004129
0.4915091170134769 0.13116912188157448
0.6763593220624267 0.9100294255968031
0.7966838808651495 0.4038956253425747
0.7514773333403537 0.469255079660031
0.5854919725917604 0.05497814966660264
0.2545027878954711 0.8100745797663247
0.987072732829746 0.5262894920691628
0.7932218133832054 0.19908258005357782
0.45913594855049844 0.38576996727035406
0.595484161338159 0.8666791166384864
0.6469724600715723 0.38360469597412084
0.5357973527283109 0.4992640641967985
0.28366614829420844 0.6082475724878005
0.035909085633401006 0.35866388421483375
0.509332432106012 0.2408936046440111
0.17760736548503253 0.05733687975093482
0.722338616005735 0.9678237390849929
0.9539149790606685 0.9509129322117955
0.953471667093037 0.25222558277975593
0.14697452213178597 0.379403907841815
0.4234833835928071 0.613316385291393
0.6223046867858875 0.6702371533384333
0.8763244844522358 0.45973559038776046
0.5508772882156732 0.02016953730291915
0.9791867647358108 0.6136683122382489
0.5351222383942906 0.06862068794641196
0.7943979510912798 0.9021751089152472
0.4125444668839282 0.20324146319173786
0.1260305694333148 0.33865941971038227
0.6315942565670065 0.36195453297946734
0.8107143409556168 0.6084624303641739
0.14845708989269824 0.5288928822582968
0.6161004316090006 0.7173902311053939
0.21630186172138344 0.5496778822042001
0.13420107673569048 0.02403674068230588
0.7037729100339287 0.8667236765581341
0.33576291005241066 0.8127822970243159
0.7053703956268498 0.27893061357247695
0.15971630521421054 0.5951651881925566
0.11186769104361871 0.43065498687455794
0.9303311139805333 0.07937661742046864
0.10214009392039625 0.3426067252465761
0.33442269505540345 0.06718196914887553
0.7777922016388679 0.57901759027034
0.5802358995306449 0.5841268418260079
0.5478161434902546 0.41452753471415194
0.18280662619143917 0.5957640616705517
0.2392156262564662 0.6740149509089761
0.28122944241065984 0.9342143983082276
0.6089543976308229 0.17154037093296348
0.5885152638339946 0.2965941472345206
