10 3 100 2
836 896 842 930 1031 1066 1062 1123 1110 1040
842 768 824 881 1183 1315 1415 1202 1258 1117
766 746 941 981 1178 1260 1480 1442 1360 1243
889 917 878 897 1283 1363 1464 1676 1287 1263
768 854 949 926 976 1254 1371 1416 1361 1108
875 843 885 1030 946 1028 1233 1136 1143 1147
733 722 923 887 990 992 1114 1060 1053 1081
661 692 852 846 867 985 964 939 968 959
658 807 748 789 888 917 884 878 972 854
775 670 825 698 789 770 878 913 824 871
0 3
9 1
7 9
0.47373443369656565 0.7828188422055142 0.4640600955420272 0.9475319955219406 0.30944034791955954
0.8943769998446469 0.5127598429682096 0.522906362276681 0.5933183009052179 0.3672747826054851
0.2059927117305438 0.898482272997257
0.5493551197661561 0.6337400331553809
0.5919388388163609 0.540252430841877
0.411932721218512 0.21882019869751335
0.6764850653724088 0.7805460292175923
0.03618522821547021 0.7534331633931093
0.5997975175155652 0.4519938816829481
0.14317274572830452 0.30506179366974107
0.8153554511497099 0.38149782716877456
0.4827893633119751 0.1864594058294753
0.4866287806555343 0.692056975807257
0.39391091623256846 0.0864368583443007
0.5132747764481478 0.351290527919099
0.8089744858722745 0.7158299673536501
0.805462002454852 0.23029274011437062
0.3558197105630265 0.21902658666585317
0.3070128610926002 0.8964780550470828
0.0547667238127052 0.43811271551499065
0.9804214256144732 0.12568690012292483
0.7683844480871753 0.008276239970687271
0.10016804191059592 0.9642402552633293
0.9108109738485746 0.7600376890857152
0.5842331676516563 0.20695530536932072
0.7219777504377511 0.08852955203648949
0.4892455943063503 0.712359010646872
0.7614921185934398 0.35700285106035445
0.41295896592821846 0.7184840829604473
0.45952481742341145 0.3805153954312903
0.4315135361918272 0.8974851715035226
0.4281219657833215 0.12821044737278475
0.29604050105109714 0.6433085785916317
0.2807110076912285 0.9468438711686873
0.0701143981437311 0.05887306286440097
0.15985955906337135 0.28393308829640773
0.24264931404373047 0.8567201029133789
0.017159639046974817 0.28648501140369786
0.8295534231012014 0.18626447871959084
0.3742281419005635 0.9113059821162959
0.7703505715892589 0.6543177249071486
0.7899788810544768 0.851960943314708
0.7338856639227995 0.7013597371882019
0.8329617238541842 0.020024176120456927
0.26930268081232045 0.09714375863105884
0.7966075079254262 0.2758066665957324
0.6618765448013724 0.7100617173269068
0.6236760353007442 0.07592455387731123
0.5352322991389937 0.4146650003501191
0.6675175612674296 0.4471076539877674
0.07292392685435933 0.062352704692256955
0.7390563811610664 0.19539786657169889
0.5494279098218262 0.8079945204029584
0.31026286761554056 0.32777880884466537
0.389000420606995 0.924597176264061
0.9410829952760862 0.982807994859233
0.07211760665282951 0.038313717306812434
0.669259777551737 0.29997129953594315
0.8449002005258248 0.9618690538177008
0.3232571848073811 0.0190646096751641
0.40337983582951775 0.596880878584304
0.16156157324474685 0.3783747318172379
0.33898090589789587 0.33005326033418636
0.6689651843576492 0.822151347976527
0.3824799571051707 0.1416310381990662
0.05387283163692236 0.15416356443843937
0.9869915324367151 0.8227526786543
0.5400469526504199 0.2264863711226679
0.5791631480054888 0.6574994535332137
0.8515004704651117 0.524635031460005
0.19141370686809256 0.8136850009473533
0.3313553239701781 0.8772063547718809
0.9575484576332864 0.8647443108192228
0.8104141401054652 0.5188965291360337
0.6628906840228213 0.46093851943264386
0.5809403449911335 0.8251178477656349
0.6395717686538942 0.48205060603393535
0.3789312083274763 0.765755491043381
0.07901606566241304 0.23842669405108619
0.39648048087079957 0.018030817846066416
0.9314106584864419 0.017830824540037593
0.7642364122391736 0.15579934740560808
0.7957817864349819 0.714150804238818
0.3000701737995788 0.2326811394827366
0.30032319679905095 0.006665560956018224
0.10215173121843968 0.46946310724827645
0.9518787645522724 0.22404715455368107
0.24718832105208 0.05008815798627042
0.45417760568254906 0.9170507199604812
0.37728722673653237 0.09820374620186745
0.8510895316060121 0.3312943423800412
0.6213601715111701 0.07822546421791232
0.29459202133270956 0.4080353164823525
0.009893017011040062 0.08245654441454842
0.5586382821037998 0.04508167481329717
0.9753215036616927 0.8640066181616055
0.49042234594691214 0.06287484235771701
0.4133700429715952 0.8106591319774259
0.9093881560987902 0.23151227433369015
0.3660199655940024 0.12169599023898403
0.2065612192533972 0.5348982175822505
0.029487887906653354 0.3706643769339728
0.049324460575480344 0.7368023797275047
0.8332853023580922 0.15414574173308937
0.9463517616471311 0.820548246107349
0.6818592039172404 0.40489021072366604
0.36390154279653397 0.18246060273615528
0.5694487665076913 0.9427062439257508
0.7194904519316341 0.29248679175628456
0.25387144548339813 0.7869331340414247
0.32963351438677746 0.1444762596291247
0.09905223059055523 0.4020547319069805
0.13012221124808154 0.717949084214986
0.036545360091978285 0.8931396799651774
0.886659398844519 0.03761330526685924
0.9655022461834777 0.22670179883218955
0.7507595126472304 0.5598243803524319
0.20884697155173937 0.07211628393542036
0.5489172395514568 0.8211391562928891
0.6868835931588106 0.7984720743375
0.5417725495788248 0.6342422268816865
0.7968437255916596 0.7337376815412902
0.2770737963261669 0.6078487548365443
0.4929499869759524 0.30834429030596144
0.15057200774098578 0.7522393258792401
0.3617905245789308 0.6360678535777013
0.6765985494672215 0.8431501218712762
0.6785771842845498 0.44369091415695894
0.22370301492489197 0.3781979653465124
0.9550651762733315 0.15130779004243267
0.929594655689781 0.4360118588284445
0.6963060357126065 0.5520818204856555
0.2642917512098879 0.8217725779407443
0.5750559566082472 0.04916674120937903
0.13756784689283608 0.37565956529333056
0.521775452652596 0.7675836939843799
0.33341338974803203 0.5439032732173357
0.08005458339311144 0.7312315342947739
0.9260935707716593 0.4266258043028488
0.23145382013420268 0.745494670949334
0.2478898315368736 0.6122535504803011
0.20344429409606524 0.8658157195118381
0.8623973108664598 0.6295852134684619
0.6131701817940267 0.09251843585657338
0.824117429192293 0.005191565903024831
0.38065493793271843 0.8062378853805494
0.9070158150745156 0.7891318611137932
0.2128001919053053 0.4909014027031271
0.057977819816190435 0.2871414222950137
0.3792372900652641 0.07220387866862099
0.6375634410393254 0.003939002904232103
0.5214289398818068 0.6218919836713819
0.602312327509914 0.011922152783540252
0.6102098073206912 0.2080823752812231
0.943277081500804 0.9092664486096422
0.7744693039231076 0.461207473842455
0.124884160467577 0.1875746837055996
0.38357483599966646 0.31994628064563035
0.4750340361987866 0.3427166427442876
0.987952057211197 0.5165668671201562
0.2566252760732397 0.41491222043926124
0.7527856521514333 0.5347401929446958
0.895510177095743 0.9465571880066235
0.4405445990094692 0.9425966499317575
0.33645041716375657 0.8761946410516339
0.6854101257043759 0.4983813240734094
0.5964254107372122 0.39187028158908577
0.5157121178810853 0.9350956897810672
0.7892369963467782 0.5313183311163554
0.20114360431624956 0.1389235793425836
0.7587497488631303 0.037110107119883384
0.64195646791981 0.963045377839234
0.49983978220742564 0.4029032802778003
0.7269299882232134 0.5187072914721416
0.17998524278859818 0.3439385141571394
0.810502825395371 0.9552835851183679
0.24054093966742784 0.8206368902519294
0.40076376910706 0.4752046067855089
0.296543095231933 0.42726865269972847
0.39203858667622726 0.3568832410591325
0.7105106798109309 0.0863001392810765
0.40069930237449936 0.7106113231896607
0.48199675080426485 0.6965350759034483
0.48676011303681 0.20567538659190987
0.15447517648833786 0.5686448921843033
0.0905920544389649 0.303009350956964
0.6822686926788133 0.3711533930192128
0.38161993401043337 0.5405595161029153
0.40183047467471367 0.7217227546339688
0.4209787184806668 0.20629761800314728
0.31227848106032674 0.4900333846665461
0.13237620459323707 0.139426893205145
0.9785477693664455 0.359932035804871
0.24212623786475262 0.7970552938543172
0.7515208212058417 0.4787484323688129
0.8252699463904218 0.3195167275566668
0.9908423058086022 0.9302582472439775
0.7879577942471365 0.6690449842298878
0.11124902504131673 0.8637471601147277
0.4912967860219706 0.5581680030743743
0.378947015755563 0.7527713411614461
0.9093744554700431 0.8853847216585697
