10 5 100 2
1376 1090 559 511 1200 1182 642 525 1517 827
639 965 1556 719 620 1387 1571 823 1459 1432
527 1139 544 693 1142 904 993 549 688 834
1591 595 850 1462 975 764 889 532 602 1481
732 1556 700 1236 1065 1063 1390 1573 1273 1256
1199 636 988 631 1480 1076 531 1364 1341 1525
615 617 916 517 1167 1406 762 1004 673 690
1579 790 561 987 1057 1173 855 1193 901 1575
1242 1410 633 1214 527 689 1564 758 524 1208
835 530 995 1075 1367 701 1221 1244 741 1515
0 3
7 9
8 6
8 3
4 9
0.7480315799659767 0.8643778571119709 0.628446063704081 0.6463560313800705 0.44312603349519386
0.6910838724679492 0.8693039753273206 0.638547667436368 0.35210836621635677 0.341461343575991
0.36313467918936215 0.3817012799227595 0.39827277021759316 0.39067779155376325 0.24041141513042386
0.48829794648094493 0.9723408737148529 0.3773514676859915 0.8884529087661175 0.36152081059121033
0.37979756456936586 0.6383031476125698
0.7532807115779616 0.5566440221342317
0.8764107977698414 0.6068501620729039
0.6990364090851966 0.440609565695141
0.033485957316363946 0.7310930335596248
0.991524107706361 0.739586709835957
0.25540696041287436 0.6143281242729433
0.3689053042570565 0.016490443184280945
0.09984846792753554 0.9027116695195339
0.8620770727927365 0.5038689003704651
0.6810144033103425 0.935174406800761
0.26344154534871467 0.19834157500455118
0.7840879221326698 0.8239608082248273
0.8848001795379288 0.6565886772094158
0.02794874921136592 0.46074525799259836
0.9324568924340848 0.07618136968693712
0.975057847709041 0.7949405304949326
0.6188319354384058 0.6413023045729807
0.9822936239803377 0.30890388041081174
0.08603260152889636 0.07211972594082461
0.6013023225018614 0.4073526126483207
0.636033130214851 0.2729431423528961
0.8090812909738194 0.05187962364241949
0.7476096694790664 0.4453862185675115
0.7439120050699017 0.11251828238507189
0.15900258266084588 0.5099510430506704
0.24331405820635932 0.8012302354405285
0.744551302330045 0.7147032474824877
0.6663923606537869 0.08961920991480743
0.5367653401667536 0.2785661097939609
0.7581679420721044 0.5081215625129787
0.5096571813866202 0.7194913029763523
0.9361759289281828 0.48775762135580947
0.7053351712429783 0.16815133253788805
0.16916411993781533 0.6542605592321993
0.8036747819437211 0.009667840465732214
0.6343573747947684 0.5091160436703375
0.8954152537253 0.9109341754578271
0.14830157150327383 0.7698605110036829
0.7264896561219849 0.4091744265284569
0.9145315227920889 0.5874875545198985
0.74522788923277 0.6587587222291194
0.6101874347357252 0.928119513774857
0.4877011281744654 0.03853708314629278
0.9557419171038237 0.7111161600714269
0.16797880121841224 0.291103159854176
0.30249374380995375 0.46925715563694315
0.9943556784076666 0.13784345609732895
0.43945240010748843 0.45751282800540904
0.8720664793064323 0.4078664510021417
0.2775254112565353 0.6015588110824792
0.7069802469683526 0.7735079334369173
0.8461184841623861 0.8089529982246659
0.6632240501638111 0.796276136234044
0.7116159233266282 0.40006450269852123
0.317674455198949 0.8922652688170287
0.7346809174756792 0.4652566287448203
0.9645491393088192 0.8891746459903027
0.6291053435545264 0.8598217459514081
0.48009886026652016 0.46742035878410215
0.2750814734106344 0.9893915192370968
0.8379573089774972 0.2212257318088111
0.22478355309646192 0.835281325236475
0.9633818038541215 0.8869867108234828
0.5350402293223886 0.676705211173457
0.9908877581881952 0.9535409483824215
0.6557000063693439 0.06382350444890683
0.42498836100239434 0.30487568023464684
0.5605484234618099 0.01631791550185424
0.389342450899439 0.23455922346550517
0.6984166925461979 0.8786811375048293
0.2556000132713807 0.1705084370538612
0.6823758527142776 0.11421832617655925
0.5958776782790378 0.21534409053481096
0.15260655193418327 0.6646480754391992
0.163439890171444 0.8995235248586715
0.09726421237371397 0.6460108759155194
0.38671023915319447 0.21680255509816782
0.8163912447549344 0.9278085043951323
0.5936344895036698 0.6617459236957739
0.21780290816094516 0.16827859896481567
0.6229392010543375 0.4065322179000532
0.8431987898544158 0.14327338802716838
0.3315943741048073 0.12564775543915552
0.6813586656521935 0.572875154921032
0.7210016651586533 0.5119122172973563
0.6756804003020993 0.5727877657000693
0.2512430180898 0.1768695636095945
0.22846273039482656 0.9117306136947056
0.7651227598031258 0.05963290041257818
0.7750814069916765 0.6786343879346968
0.9366076620327572 0.8741360989246387
0.9760943142276153 0.8116870998862575
0.6294052954283367 0.8245300348851685
0.9877630200961045 0.005161637106764649
0.2570513604149556 0.9621266716052344
0.012851639813958649 0.8048404754328622
0.2544547874174936 0.44799849713317785
0.5944966492042987 0.659901346114609
0.07174275240978245 0.9456286563541372
0.9155424941926851 0.5403234016739134
0.8240141933495861 0.20596657253784345
0.5371721971309227 0.5101713259038168
0.7330535636777304 0.6186592464125644
0.7133953975800893 0.3123893991975857
0.7908320879339632 0.5314482638963847
0.616777767657253 0.9398232375547975
0.3313270164806792 0.07914825255707303
0.3633472086166014 0.9627103549925209
0.3128096397838449 0.5370262939319239
0.7327514528814556 0.397353459010128
0.9490511140159941 0.3158401423117527
0.6954466166867788 0.7689391513247574
0.5145088315620394 0.26045743644569463
0.9398381133420168 0.6641985926225344
0.4289443133871842 0.4004856094025211
0.2202467287229195 0.7214315452500291
0.9826942257534743 0.2584542348884644
0.8767385295971548 0.7840068072549873
0.6760592102719767 0.5028398806406573
0.48180674515877886 0.45293862357404713
0.8901818191186943 0.2871536519295754
0.6514107852237088 0.11121928955470572
0.2462645787560085 0.7518533972450723
0.30928691392939456 0.5700637913892272
0.7447836093555442 0.26414216726962114
0.6065575073081892 0.6768498302332955
0.8256251582825214 0.12377158712003822
0.72606611831622 0.5147077573936654
0.400110440936569 0.7113918277761719
0.7200421746580483 0.33213643678841387
0.6279195521962837 0.5354197071043196
0.3910269720400259 0.2846432395461955
0.650093611231422 0.6928469568667159
0.02517714638024504 0.7076387518862848
0.3457264408753884 0.43687158397585457
0.29771501858083416 0.9966761209774537
0.6814382447520149 0.21902748029121488
0.48919959665900437 0.04952949397726214
0.945001260956096 0.21039883240457224
0.6596976138474251 0.483519396446886
0.7793521518097775 0.48106986064502855
0.44878786071982923 0.16657469264837643
0.8018232536355292 0.5059127513278154
0.2758540409849308 0.651431648563338
0.3353470516050554 0.8161266101595919
0.9585556655984375 0.4307623000685614
0.6597301516021759 0.15612134074882889
0.7894472094888461 0.855217353263682
0.5525255310824664 0.30069879635244656
0.6664005962283539 0.14402711794834788
0.17772646111595214 0.5464816951891671
0.658509389654399 0.6917712046677349
0.4038797251869575 0.7992622518759687
0.8747646223659591 0.8871254398552537
0.8805602940512762 0.8816475455169659
0.2684195323694085 0.8954477381264194
0.8374286670585132 0.31755943071282755
0.5839355702830074 0.7417422483160687
0.4131811784954782 0.001115020837092251
0.013579275854281425 0.5025691448148619
0.3223402764884471 0.7544244600567116
0.39945217016490986 0.9947308896413087
0.035847324664243896 0.4563130740424808
0.8097578454842296 0.9522860280138912
0.6937172886382714 0.29356238104997945
0.38217959337005003 0.657816376624895
0.9793398326688691 0.369537847836821
0.8927802839329935 0.6396954416590819
0.08960056577359721 0.269429176555557
0.595798289540967 0.7145824372994716
0.21873432796537906 0.6537031059684499
0.8606557699549178 0.5790332172357633
0.40604146873757396 0.7478529488021193
0.20304948693377067 0.6600344986201401
0.42544029256288907 0.10198729384346361
0.6274579589390765 0.2919751262039971
0.5508064992272954 0.3809958239192237
0.24634608543487446 0.3397251251937732
0.8435558551951461 0.5006070721688658
0.30713514356443317 0.6058117325224188
0.4584332558436288 0.5775829969612136
0.4647067653695931 0.4650338532212508
0.4715069626244095 0.24592071941245264
0.929131190226985 0.4491616559170224
0.673157165686822 0.20842373778993983
0.7916107445120324 0.1994966793874684
0.4332933128307601 0.5154175444610625
0.553536177340137 0.3472928529102204
0.6728218337327854 0.797099634489947
0.7374818422331835 0.9418081039973585
0.9897222843707689 0.9601471587327304
0.8515131184344231 0.49685342443658165
0.40887639370507256 0.19166038732510549
0.4938721137257156 0.26248416371186734
0.1980912459974622 0.601012448136284
0.9402323586246073 0.27126751813250993
0.447636973183694 0.9040693641782298
0.05782264773411838 0.7822028105549643
0.8894329225237965 0.2490916941354564
0.9628972825735951 0.8793951052159699
0.13558606932799044 0.0856542951563859
0.6354545208818427 0.382357054381119
0.4934131472389538 0.14747220596636978
0.2278192461655657 0.1774322371377477
0.0034685298256804664 0.1697255495426695
0.13315793033253542 0.5017996471559396
0.5695073283193048 0.5472601677267053
0.7372374992205148 0.8568957537254984
0.4416982145740207 0.013762594714216592
0.9572371176853347 0.028379814736739783
0.2200412787552739 0.3715114356090512
0.16716223471133818 0.30945280024833743
0.545194667208259 0.8527905273473972
0.643818227870135 0.4891497527166233
0.24794774983133938 0.07138285875076988
0.0021065859993132374 0.6703050210174599
0.2838925595959787 0.12992084439293583
0.2964176814563333 0.3335173797152138
0.8993926627061553 0.28404099732710053
0.7723670438504833 0.5411369298712196
0.15723191169287998 0.3504694709943663
0.39545543352079404 0.8099828151930177
0.14137552901521655 0.029612124847783194
0.2560829241440741 0.19230887975949718
0.8045141280561425 0.18405315881384365
0.2608194168487006 0.46546602992998665
0.6497899106498006 0.4170338818280144
0.7460718528609251 0.1499137116892788
0.39154111909528666 0.8925816729562006
0.10611190565406958 0.8069857264706088
0.1234643772466626 0.42824000856708855
0.36113409484818204 0.7851272902143813
0.42519810406179115 0.6780901682231322
0.6929909714957485 0.05238381355212951
0.08223035509768861 0.09080299273284131
0.7503831289147909 0.046915740977474085
0.5319439540987005 0.891544645640598
0.29180047124312547 0.45514256555920696
0.7924973071675172 0.8042099164305125
0.24015329569092025 0.14444594990353443
0.9921851844917351 0.10834028161748233
0.0918927536052021 0.16345522635911758
0.06174893870161058 0.14560132974957796
0.44522267730250165 0.19882296649942055
0.20642698808845905 0.01279237948225731
0.4008239620487919 0.2217460385145753
0.3697165267807003 0.8984170335552861
0.16619645088323942 0.4003372367208009
0.2363323863946234 0.4123852714127765
0.3349167909233508 0.23893107087152265
0.1554203574897326 0.9297948874290647
0.1763663504941011 0.010063432586461474
0.7164496461581986 0.6562006274568866
0.2502408224442496 0.5725203788351685
0.5517108777029505 0.07559631241556009
0.2938366688214218 0.09526913451174202
0.9310285780311467 0.21675701219244514
0.6653281415450172 0.3941621652496321
0.2827368435975903 0.27521304020731185
0.043244334757140956 0.8872052157443291
0.5797240921934765 0.7258531227059501
0.05022432441698954 0.9864848767646579
0.7809663359025514 0.3296932538230586
0.7973400777373092 0.15061498888150826
0.33395822781409246 0.7335977526328794
0.5280266745644624 0.5064516966241204
0.9197487235439885 0.10042050664936797
0.464718646063756 0.6330036171868176
0.6337822435347804 0.1935538297148045
0.45078933032808766 0.44458928056886227
0.5775200951134449 0.3902023945640276
0.2996022050708893 0.04054879711192538
0.7189209397323006 0.24882957169014253
0.8926192856764723 0.8746612263104219
0.16953064132918594 0.2958497368725519
0.4697740238679444 0.456393128425012
0.06965159326618431 0.786117031268815
0.3027950420006822 0.9163545304382306
0.3465699372679716 0.018548222062322983
0.21737908673736817 0.9270230429572193
0.5920471788448907 0.9819994002128123
0.48886949328310636 0.6742587724481195
0.5916379287061553 0.8407555039468908
0.8111888614000495 0.7470431725714075
0.6127587515675958 0.11097805855067344
0.08115671331695418 0.697395500977833
0.23761794506945955 0.925392912575989
0.5571648622005712 0.8483848044007978
0.479353965030872 0.5444283464661499
0.16710989682721267 0.8433139066576971
0.6129694163686825 0.6475938688372918
0.6602189257903421 0.5813597803888946
0.9798047937915972 0.6231298771630109
0.9046896961605222 0.7910682922396859
0.8576902761314089 0.5486819209378933
0.704111458687976 0.12420170252583862
0.30629574789155734 0.13297559388415148
0.9293539641043458 0.8783800248164462
0.7916471076059397 0.17076360373818478
0.9674037440392209 0.1247468165682124
0.5000448582397345 0.8335488048830186
0.5044113247325084 0.6397696691290704
0.7018236784604377 0.5351704765560161
0.806377054983308 0.501602828098068
0.32273495463352586 0.505531440140508
0.05883369813391548 0.8821321196570899
0.20824434366816602 0.23172743391653783
0.6198062592407279 0.9045590375062662
0.8358726053012442 0.4497915869629525
0.8745045870361081 0.6672865778714656
0.5704968859844248 0.6541622301272856
0.6481185333384758 0.10350417279935842
0.9284596292333003 0.6148217694226725
0.12877018370147542 0.23560723086722435
0.19316442088592511 0.06936928476865911
0.11160329917653011 0.3661101061875607
0.9391414319186364 0.11940436584287029
0.6202993079969967 0.7445918019497357
0.48817483593146216 0.9640690007155399
0.38056898860531385 0.7348240293694999
0.10968383686558503 0.8406406914758398
0.06726103038315046 0.8254114070663394
0.2674909826774561 0.8411487765676837
0.9342609889917315 0.6252437601490692
0.7024065758400462 0.19680395153970487
0.36799043652263874 0.2844717405871833
0.30842952734321694 0.5484537070255782
0.08459742434404416 0.2876720689493575
0.46977152374216513 0.6664892285294788
0.4444755994464531 0.263863431151552
0.19295800745117142 0.008274151641675553
0.6096126928759844 0.3581600836091241
0.0002556643371047773 0.5853494206701022
0.5506825436589908 0.2516617732940616
0.6946609904676551 0.05994536266935935
0.3301697239934571 0.9760205525766699
0.2449633553563224 0.4965439637960667
0.5606999802835322 0.9803643393276118
0.44310448201185193 0.07555169254541338
0.5812323574916982 0.5956333775036098
0.5129057138347721 0.5695792896718188
0.6220749621449011 0.6423956708950616
0.9150289525950501 0.37444373526592356
0.9080278380364255 0.3870973317687485
0.2621051918622279 0.012982320397755709
0.929006407905866 0.009920731808839678
0.4386386860230973 0.7365140898414533
0.9745846795999056 0.8412679465263464
0.7006121666043696 0.5094416128120205
0.6934591403593076 0.4544072507121273
0.7421406268143627 0.1856178483292925
0.3370994156261664 0.7962136458716953
0.8402560175953266 0.16066897234770217
0.22264052793369382 0.02829384488118536
0.9476219071187151 0.9913384139729877
0.9619330731000437 0.5517424783505476
0.3418312635564569 0.9280776475050267
0.9903466559140506 0.7604257688697991
0.7188057262146763 0.6707667863526405
0.7479930602985803 0.26721186418738174
0.8152515107102034 0.23950380493973378
0.2968693432005125 0.9882945735945037
0.33540553307034804 0.5993348738486142
0.11226912675750289 0.8147854970918782
0.09790365689332092 0.8541659638671688
0.10116439655264253 0.05757777566160183
0.27470829828543364 0.6750409449316126
0.9639846936454384 0.5455881752082736
0.7155591879219285 0.7057412041738771
0.7240936420192703 0.4912649812152545
0.878970199264866 0.1767657288152562
0.8833909922727756 0.3796673309514391
0.5969507580586702 0.7741971565378283
0.6986626989956475 0.28428397582088905
0.5914911674614647 0.9135498215227573
0.44978724567669404 0.547743747585147
0.7186478555194082 0.13101871656553654
0.4306814753748567 0.590873538720134
0.5186475874151966 0.5011720112044662
0.79061745554308 0.5532227839347263
0.2871262539773245 0.0723263974550048
0.7984135469981406 0.04904749739323866
0.016694533499333586 0.5345601242833768
0.21114013396405484 0.8909055161000718
0.13662460868872395 0.4619604410666467
0.09759716084951142 0.8463358468889521
0.29096813676293265 0.6090332226606827
0.6644304298920316 0.7406866056285035
0.5824293536117706 0.38195085491914016
0.2995636604584129 0.28196544293272896
0.8007381435825702 0.46093711551497196
0.8821235211798699 0.6882037552212303
0.13322565983210533 0.8433738354732871
0.4014943739008754 0.9950565058573417
0.28906093189146365 0.09869437664597225
0.38186785815778834 0.5213699252543995
0.9341061100109127 0.16483483218633022
0.5354739543710789 0.5586793293035317
0.11103264643903898 0.6487668035559808
