10 8 100 3
1780 1730 1791 1780 1358 1262 1280 1041 866 827
1316 1707 1346 1362 1168 1055 1129 1225 912 936
1208 1257 1728 1654 1658 1059 1196 859 542 687
1082 1113 1301 1401 1239 1083 939 708 1217 556
1179 1222 1624 901 1010 770 770 804 764 522
1437 894 901 1138 720 1099 724 660 951 667
1055 1113 997 1220 816 945 867 718 1005 400
1245 855 551 605 1224 461 651 570 965 870
592 927 943 1094 1094 1041 466 962 518 853
416 1057 960 703 1032 858 525 529 579 603
0 7
6 9
0 0
5 2
5 6
8 5
6 6
2 4
0.766519847926883 0.6295285054437199 0.7660944132350387 0.7342771349504653 0.2344436247201669
0.4278100613227828 0.3517454679253075 0.6322038978519823 0.8979838451072368 0.2768038978157048
0.48398858831760483 0.4702165063282223 0.5117253136153328 0.8160862642479716 0.4714232104928948
0.33240053547975523 0.4371612052877917 0.8336100222713136 0.7161287731871415 0.2779321773390689
0.9847925042739238 0.8134677208531613 0.8946183290590484 0.6588432654185958 0.3847598500728606
0.6863873603163968 0.6113403904211021 0.6216907073395794 0.972954466121021 0.10586218493620736
0.7018326104351797 0.7191398114231371 0.3124823284265683 0.4298433697043037 0.37490060188077967
0.4393535582354271 0.9262286272614122
0.7618685978614343 0.6429644806166017
0.7894624337045169 0.986234414142523
0.4527010968170786 0.598588817687882
0.20293259460684787 0.5575999741232465
0.17121471691603318 0.543848421769551
0.08158637962133852 0.9495303000720243
0.63922237814768 0.01800282040188006
0.7294308206480833 0.7168113249084345
0.11291993557817692 0.5042702821684035
0.2540606726154735 0.8278227995559257
0.006366059396252899 0.12653438015757312
0.12174170159657138 0.6707016544444673
0.16679871259780343 0.7936632502570753
0.9291252489711077 0.19315146701045438
0.8661047101497326 0.10994722743521002
0.44895110109190184 0.3615746022355666
0.40766241933770275 0.2729631045634753
0.10162292542471318 0.6526419089024578
0.7874575793748242 0.45621526873323326
0.4144463388254347 0.8242032226836602
0.4360625524877575 0.3658758644799882
0.29599581042796186 0.98585925278983
0.9095573444276304 0.44459403701642985
0.09492360236939268 0.9946277159227244
0.2878884423413923 0.581774023042154
0.5666291956476093 0.0014915235461459009
0.2017812016808893 0.9402677208617085
0.4027307670136899 0.5572845867302536
0.3613077208843687 0.15630504290725233
0.5233017136157425 0.9489107352016839
0.6569734509501264 0.49680588424910543
0.8592468493885028 0.12475665023780658
0.7277780789336117 0.36072022867062636
0.8224400074660934 0.9914733911316573
0.926734750696484 0.3732993356862089
0.4324222656650385 0.5123871561337716
0.7440090147731269 0.32217301671628906
0.5005585884942587 0.4581802124063139
0.5464637290681229 0.3825653206024151
0.9152932787828041 0.798187881903772
0.40883615751742486 0.8524101330203411
0.7375680248528702 0.8113417655970345
0.13428607040023688 0.8094259891048814
0.28430505274729856 0.7406932010065463
0.352731687321451 0.03310923854890713
0.6215121901129994 0.9965865346294389
0.44473184827065304 0.5025152895680949
0.7920606781394093 0.2824933254303499
0.27054435402827925 0.526509492201759
0.8565753863170344 0.08760127918257643
0.3507090925164742 0.5501927266834321
0.5019335615654503 0.4311743865166173
0.5610116617128322 0.6911693167335058
0.06545601051300554 0.9327229857229118
0.46933026119214216 0.7111740770868074
0.11290573728550335 0.8771270622092926
0.9908869446658988 0.9070815321200589
0.09041529328960496 0.06812019674867353
0.7209580787381107 0.49885411639203325
0.20475335249536175 0.4034371890808368
0.25932962597312526 0.453566680513674
0.7294012072944147 0.30402028723473196
0.6410481553903009 0.9688641487530218
0.3579001044066834 0.84650089752399
0.862837113685545 0.40812183485207076
0.9179621578990993 0.9401254679312185
0.8717126414708753 0.115981716015914
0.7050247342803615 0.46283791902784244
0.8836860451490443 0.03946108254502789
0.4828993947388598 0.8113743239366389
0.5938861708795211 0.7334136922537515
0.7250536610045752 0.9088575330191437
0.5476795305764184 0.5129313527384103
0.09611022564870342 0.6334901335582186
0.3670946189079938 0.7676571057448238
0.9541340051672742 0.2844546317060208
0.355772426667593 0.6886252471629224
0.24704262921449915 0.7237614501095881
0.22212034854660678 0.6908187215650896
0.6020066612704746 0.30253353649352666
0.5872623616957819 0.1131923137287616
0.15416185710439811 0.6060355552238874
0.23284172209457865 0.4708707168839834
0.03499194612522727 0.28387639579240886
0.7965995276115081 0.5277101198651881
0.09528693158943602 0.7550707357815496
0.9803141906662471 0.9318388777188509
0.7718000805016187 0.3903482154454787
0.9613906594268276 0.3694919220114514
0.7567341900943554 0.7838436491464609
0.6411912581503614 0.23333772520562213
0.5568806316355432 0.5953487930313641
0.7932455975972186 0.024259645839857846
0.8042905456388159 0.991790671527834
0.19954830576297744 0.06829874845096273
0.28829773482662957 0.8087234303726443
0.16502268017837118 0.2384332734397685
0.8779620968566193 0.7678595656906573
0.102727882458999 0.2696661638593032
0.8255354524697585 0.8761145981902743
0.3931715503867399 0.1097996461254207
0.8347949113918014 0.6440309984498009
0.7906331384321235 0.18484546794056933
0.8449769777022436 0.7137983110733856
0.8717187780056437 0.5190871873733693
0.7020817550049923 0.06347990321608332
0.764436735656209 0.5341839738005916
0.2841299039546059 0.7952201745063541
0.2064908478097791 0.7980097295224076
0.5096507460137167 0.897936513459535
0.7237629310242337 0.8245397959028042
0.6787081595712663 0.6943245868848331
0.3236202767241727 0.357407778211865
0.537559861472676 0.6560107883727668
0.6313032755274293 0.9235605847425914
0.1496562871947935 0.8717849067534915
0.4390011023958975 0.4683786893153852
0.19290276698411302 0.5017384957783453
0.2357269831608475 0.09199982937842677
0.16510908005790914 0.16837274506338384
0.7281039281687722 0.6995497215639028
0.9966531612392149 0.32432006312630346
0.8219987643033138 0.699322756553916
0.0010269082779674754 0.07938141438391
0.7515286387564974 0.23873206328507734
0.7430390601420827 0.3149264059893926
0.9555784509655894 0.1414632501998796
0.9521676996968396 0.23979036814528953
0.1457544547960994 0.4791603098065653
0.8492926926528988 0.5786266509843054
0.2524642948054845 0.13265579685397055
0.025151915009741233 0.991769443082374
0.9751894844925679 0.05942174443608139
0.17831394319110871 0.904650907458026
0.01187699892370242 0.022903505786424416
0.6931998802100174 0.889583016985064
0.9047733709671384 0.3017768581129927
0.4184206189478368 0.33443891016649685
0.1364224394487359 0.900561147284944
0.6544363591835218 0.4488526315889596
0.45619061581697684 0.49954737850064257
0.46699236397058463 0.7948288792670051
0.6573026836404352 0.4122910440924872
0.2575796956712566 0.4064166389773427
0.5997025797974866 0.9780060023117556
0.6750123652009643 0.7576244316974832
0.3237055189063778 0.7749014715969831
0.01327428173631584 0.3463668368953472
0.39223700018054486 0.5422207872855154
0.8989843391799222 0.9995723513518595
0.6460697280193874 0.67440755995465
0.4539986975768051 0.9456866824767478
0.06283927652174048 0.7170815443320266
0.5787145746601108 0.532170235705012
0.53294531425171 0.11928644246559239
0.13888719577325803 0.6505806114058457
0.8027278745602728 0.7688892535961069
0.582685397240478 0.7963770218191635
0.7619751586975831 0.0681960942558184
0.44877419378955086 0.24410962412801096
0.5983395912396337 0.8835284627750464
0.14210999074016106 0.30726094048317365
0.6250434547277521 0.3316656700392986
0.821224003067587 0.9840206317505142
0.9860484919405923 0.20108341547013797
0.548104367457533 0.10610543422497654
0.418326701711081 0.66865919729411
0.011477250364044345 0.5061844255862975
0.3307626832467305 0.24878003371889879
0.9302854119732429 0.5791093800939904
0.34278272631074036 0.8445501290546926
0.330481978980814 0.24034495095085107
0.5452992314700769 0.19001361093198366
0.19364795872032547 0.24679282465552888
0.8453515436521366 0.7695916760295707
0.34579220728656335 0.6678199536249221
0.3278507764727303 0.025992400169515095
0.18247291502798513 0.7089310882452566
0.1460587484510536 0.9939927984496151
0.6352782298757158 0.01641725651181436
0.6855720129234231 0.05508935603249965
0.5627559308106551 0.714479175470248
0.1692426157192537 0.24479474086385977
0.9399952131019436 0.11032018649279429
0.1441436529986373 0.11343223744147335
0.5374856708408777 0.8715068371243779
0.2295669887828733 0.5522712050281469
0.23385719146047368 0.26570814504287976
0.5467747329512578 0.6969487777199457
0.9092580642339889 0.4410211980017893
0.38849053213031537 0.16086296104454423
0.8326890468851473 0.2121648116771675
0.1669830520422202 0.7148425656706425
0.04840714992038664 0.8601836674856604
0.004928923316381173 0.40159986279966
0.5571189101889464 0.9133494538966078
0.14978504923365699 0.10958535167598527
0.7854728644080444 0.4603420422115767
0.07821121163599387 0.9536155800355286
0.6870235903055419 0.565619665171117
0.050002232654345 0.6137267755614071
0.28334201504343026 0.02277131021185741
0.4147641130443789 0.9369586282692428
0.3679840128257186 0.042657997611168064
0.8651733099782359 0.14596914490414958
0.6240848738909965 0.933840192836852
0.1830172885414072 0.5914394673496557
0.6633802578666834 0.6362662384361428
0.6503304927424578 0.6641415376536206
0.6555397985340659 0.012866348634331892
0.03213310338935882 0.6573259409112948
0.13165667136687098 0.9435541417307012
0.5619653170979964 0.7020807877164192
0.9574786971436926 0.2897606793905272
0.6000005026533151 0.5701364841177399
0.7957761005633925 0.815650899180854
0.7205063715967563 0.9115620957988793
0.6040311116433486 0.4648860150611329
0.261739534212591 0.12659492918442106
0.16628870343271585 0.26127195429365724
0.02610138562459352 0.3671836858106432
0.8129611043710883 0.008234701154742119
0.9574751046637044 0.21839599812542643
0.7828637841730117 0.16857514689741127
0.2697376275124388 0.030725523840927194
0.42654930061831653 0.17501266957923844
0.3556993503217363 0.3557458047022972
0.609268920020553 0.31952623112392287
0.9392173595510955 0.908149200704774
0.23312029233294118 0.7927577673543704
0.44666869719143687 0.7059987298059982
0.7094187328216668 0.9518697995527299
0.7156873424536487 0.9038346089749785
0.9368173609010153 0.14692948183277976
0.1296884403035028 0.9112211364109561
0.820253005828951 0.9545703461409314
0.0034228065009787034 0.9639731817411188
0.42151194340142184 0.35717316427780643
0.5640256744702699 0.579798042653688
0.35428887360131744 0.3656873130857081
0.6263477880137227 0.5999729193138523
0.9717860734048513 0.7831065676004427
0.9497859903415962 0.34292052676689133
0.9207751804183677 0.9735205739233004
0.2718828030480991 0.011097501206796867
0.40016404430378105 0.012856766327832947
0.12304370717358659 0.5730482511312742
0.852851355229876 0.8347501195570679
0.23767557485652802 0.3506673705787875
0.832478748341055 0.1827576405787923
0.6300639899828051 0.9299478556500849
0.4861997921070824 0.04592323268869736
0.6354895555009519 0.3735287164583443
0.9273846014165106 0.49776357904236535
0.7554010271686278 0.6844503780420979
0.8940730348022776 0.9048137365136588
0.20455307447171145 0.2217457636733664
0.6080428125378503 0.01667435057423905
0.6056150728002943 0.8429909024548037
0.8725756022966429 0.8269679712224358
0.8513316369415695 0.8132765531710044
0.7154100475121832 0.9259006156209642
0.8435365163963044 0.41880264213534724
0.44750304635090155 0.6405618918575231
0.2533075206636384 0.10422804165630595
0.5756922945109229 0.3168814140543694
0.8154337877191209 0.9129053350666234
0.8409051877488491 0.5170322517805204
0.2686509024341144 0.9617499497002078
0.7060660957993528 0.43662738426486825
0.4271154731942868 0.07038959182431981
0.5306700306406433 0.3479915962408997
0.16141223104938285 0.04688957086147938
0.5204204997315864 0.5514958688216114
0.6753345807417641 0.33942641808791807
0.7023710579877671 0.9597262049774835
0.34681703603243963 0.19613199756747335
0.1383884771966546 0.9252753504495812
0.6488662645897041 0.7948785171604176
0.5727907764897893 0.35036766082012627
0.23751775757629767 0.3686292779338718
0.6776860946057637 0.006332821810743683
0.7024196925310928 0.10421255573650123
0.9442625056027814 0.18210638643683863
0.10134618383038307 0.16328542625713882
0.25148444012261106 0.36384785027265765
0.9523345915768942 0.5666386119160107
0.679125607284125 0.8097778320654125
0.34598898650511467 0.8670796818289999
0.4459861620115302 0.31043360550419785
0.2910745632188463 0.7234338565035532
0.6064679190204647 0.9102472429257109
0.2070129407449688 0.6335007012055132
0.4099043441947543 0.045635300025076875
0.5623095779361424 0.07087255400677317
0.6218648463707663 0.3008113667302881
0.19698183937195402 0.7949917369432487
0.017926150051396528 0.09093315856519113
0.3919160146522944 0.8430272911583985
0.9658911770875107 0.6868981247868668
0.9271628922908852 0.23914841934046427
0.27129918565573785 0.9692992349645844
0.21747626468124337 0.6396344575942567
0.7623589657718435 0.6628520516614143
0.826370956683361 0.0091152294020318
0.7977264749645987 0.3876041016815446
0.7923188278055342 0.5408622613555538
0.1569815648811741 0.6936334605382974
0.3665907848914878 0.656776452891729
0.12065669477587337 0.4192453050341678
0.47050393083118425 0.12874096530050383
0.8804866639397364 0.054791686372823944
0.35384588184195764 0.505154410740309
0.5480899940077024 0.22197103383612604
0.9766664617532097 0.2968914345519371
0.5534683749102944 0.28369851585313377
0.676307336186649 0.8992878254261618
0.9960013532329239 0.18458090173882424
0.44566129732913984 0.9976337559384243
0.4978162953864236 0.9798439961149539
0.6717707244576765 0.8702610341284711
0.006270691141018192 0.3632013096320792
0.6721274870129008 0.32549495749443746
0.5581066778402513 0.9167170031317404
0.8266788886950971 0.9834503830464634
0.747808759541603 0.8597308973654891
0.8954031784415222 0.6509708655792548
0.5137205893860479 0.5080782585363468
0.6886323020610703 0.39404958316492555
0.49046046029284285 0.5737665000822176
0.7356539381705933 0.08057599456665421
0.622989223833577 0.4896161322596386
0.4971532793659075 0.981736428585487
0.028675565190181107 0.7766809755313133
0.051408387883876694 0.7363748785394488
0.6366592130835589 0.846201309457578
0.2543550845936251 0.7976109726932179
0.3953393272210701 0.3090140236128953
0.462549021765966 0.1431334339051964
0.19416873780389055 0.8672441251695628
0.610524868585606 0.39880935593944766
0.2868101809682586 0.42821588170527125
0.7816438032971647 0.15567084267093256
0.41924995535888265 0.16531145628751087
0.6069047549974627 0.4799486160700359
0.14690480871867506 0.6132961384442481
0.9584827346312517 0.5011352912769929
0.9182620033662823 0.559557463834212
0.07880191691862959 0.9996950946177663
0.6824191837903937 0.464318589116101
0.37021291776009413 0.180995470381224
0.5674300878713534 0.6561916146751923
0.8502281415883239 0.10558637027991757
0.1806700707193447 0.20869259559842224
0.13148753083162945 0.7895823278087646
0.4253459055082014 0.03886312627357169
0.8540215822747723 0.57057471210524
0.24288730612129372 0.8350925379922756
0.3959199346451503 0.594005158438776
0.3176268213664719 0.45503619517823335
0.4459846254043034 0.7934713533927655
0.6207846709063594 0.7132909072446929
0.5648125168629887 0.2513793669859179
0.11179350369356822 0.20705588995201896
0.02712558274289978 0.4612265176997623
0.4044047604077874 0.504876563586377
0.21761728726153917 0.669681472116936
0.4422532733666984 0.6786725066436621
0.9846952502336477 0.32475867272120285
0.17600204845462297 0.23928563825348892
0.20876225913589552 0.9134450217992183
0.42473010681143797 0.8280872107685335
0.9615142984516576 0.02896809681775614
0.6321590372290997 0.9919480422810194
0.921565608852974 0.6911881261808279
0.4427623542618684 0.9436221163545961
0.020469036125228213 0.8580079186951606
0.9958450182069671 0.8029627979987044
0.6047453067571149 0.5118404593084152
0.22621262457426417 0.6928873025968252
0.46257591359100836 0.7896485312817789
0.6801681871384329 0.09238646382672311
0.10946070521779916 0.7545948467448125
0.7571858634989097 0.20033700639327345
0.9189616136339762 0.7457513759279351
0.559342001409497 0.18754733549769553
0.3880611063565733 0.18675016829858726
0.14246100494605818 0.7611411592463653
0.5034919770107904 0.1319734312697638
0.3052191957645758 0.573863787983937
0.24887838327254053 0.35171897119539874
0.9955466730968423 0.2778558908146096
0.32139935835722344 0.49877224117542895
0.006743206177072469 0.1988552998391333
0.993738195559285 0.6626056495313162
0.37606074543354073 0.9676814304422663
0.6489800227060458 0.9326430027146189
0.31844792454689186 0.9901055985540159
0.7087898304387983 0.20613474522885578
0.058488807110822494 0.4085820043817392
0.790203684740491 0.38265765518229555
0.8828758148235483 0.38672332367466344
0.3756451424484788 0.07643390091611568
0.6067182962445219 0.31828991927897876
0.27266976274303345 0.36120901020493146
0.23033621552983607 0.6994172668580296
0.7753912100629599 0.38759534252583094
0.45486867303789635 0.692543145219372
0.1724219794049131 0.07760282466288682
0.09893419320758912 0.008913019283560475
0.26731727954841045 0.55584148619699
0.7324477861325176 0.5437087659045807
0.27784637394296263 0.7116174878953483
0.6270311951442062 0.40179232303609225
0.76541960649811 0.7244380220229989
0.9108731568563171 0.12297053369592059
0.8345226796129102 0.0411585561693526
0.7071141387318531 0.772843837668119
0.9236715572436069 0.3944334178582727
0.6289740806522073 0.36186251788742907
0.3435167116348099 0.6122799906051395
0.3852547028419204 0.36160770954714305
0.14214043354873862 0.8985973699562686
0.9553939467158987 0.9864295987602014
0.11193882575694625 0.3180245368967074
0.5576358546480249 0.290462370962556
0.18790827555730027 0.6389135486338811
0.1200745572691766 0.9820269265531061
0.7914137244921353 0.7197100406606523
0.7166029767515496 0.21172725807707216
0.5020450417879843 0.7383501696990475
0.4342525529881811 0.73013673865018
0.3833981158178974 0.8930328566950505
0.4645656183414535 0.27984163396469497
0.5509500800219802 0.25166345222177666
0.2503208989808372 0.37954454574606733
0.21615525845920303 0.22969453674535
0.05045312451452566 0.43735016783072567
0.9970903204966794 0.8130187551513661
0.7595944668934216 0.34339805827744474
0.6058959081331892 0.7752142605466694
0.510646849729518 0.2922230790281337
0.5814333544669932 0.22140891783458305
0.5326589045910257 0.6276142349362239
0.5610573884796266 0.34704961827235614
0.7931969044708949 0.2432308219541457
0.7697230640453636 0.6941152961640729
0.5387507127429836 0.7577970860384657
0.7150545258954593 0.9888766082024001
0.38514687354268284 0.877899883071336
0.5193585965856273 0.9155892984243676
0.29273725792608163 0.6463015722765115
0.2699314102179642 0.3088457250523564
0.8499910419182486 0.48451839147077225
0.7689623317887155 0.4236756673984283
0.8686015071274298 0.5151735425457409
0.277067202688573 0.4795162780813482
0.8595527049572571 0.5800690746675368
0.8638022570469288 0.1121314092912804
0.46003823518451803 0.5288842447918862
0.45771012562743585 0.257883339884885
0.26023092058455255 0.3095359375250284
0.4147911870267731 0.7591881974778698
0.6468013501524881 0.27369561754844396
0.6565890789818785 0.032869337587606795
0.9685299493323987 0.6622953011599977
0.8081883016692848 0.01715679064504627
0.4570712188776582 0.5783802252415011
0.3246715727765419 0.19272791626175367
0.07644744257092162 0.7726363316382412
0.6422055969886045 0.7502949980751294
0.9726867920412805 0.7609209484645658
0.423909867752692 0.9111876746177103
0.18536343788261744 0.4422296468952134
0.9040096977140111 0.08828951725606493
0.5946465361899558 0.22754352826754665
0.12207527080617919 0.4091141223441801
0.7148107106142407 0.5873907559826899
0.6665592729175862 0.2660153388809996
0.12974683029985212 0.2160976250826192
0.733541454585263 0.07944686569183701
0.33622475344151925 0.4958677774985809
0.05612223192069443 0.33591853118790205
0.0511971909466824 0.4849961286950475
0.40166220963513366 0.734957849954309
0.6497555296706079 0.26613250112578957
0.24688134783870264 0.5319757020631115
0.924172762651456 0.19817130480030598
0.35573379568972263 0.47510569740539443
0.8800402353853094 0.2929794985214893
0.8079594802521706 0.0723397096175602
0.9717657846737109 0.05987896138140725
0.22420032551597524 0.755974143212242
0.9864135170715904 0.7688953984907267
0.6426719644462029 0.04581104355290444
0.9963593644919326 0.6624179128107366
0.9605849980936576 0.34081083994020545
0.5729058738655064 0.08583090705095087
0.018245877275222755 0.9857817195686958
0.7257400780793912 0.3847984227805443
0.259772795138433 0.43064623645532185
0.8531980169990634 0.9007563338807691
0.541021124005914 0.8774316007015566
0.934263864320495 0.930580907945284
0.07379371779004007 0.5787807758284798
0.8991104768273395 0.0923451213607227
0.9722708890589256 0.3616676510370249
0.4652717714770065 0.15440339172178152
0.8667499795731055 0.7948929132128224
0.049686495755912885 0.5698647081883579
0.9797325686741682 0.10827524028381319
0.7371052399423352 0.8111585025629104
0.03572534844015074 0.7653479033692472
0.2203029418670832 0.10541171106545333
0.794666467592483 0.6442090980681887
0.32659929299500146 0.12024831610537445
0.5660910894182825 0.10251665504015217
0.07070190062904191 0.23817769616623097
0.030739393042938712 0.2587879663929429
0.8114402555763078 0.9879492867519026
0.6343543871479309 0.6206203326299895
0.3095505195913473 0.6332980864708331
0.17563499150799688 0.8024578860834746
0.2714118964801797 0.504241596975028
0.8548870312093406 0.1491327249495169
0.7742854818802005 0.2307766238878357
0.35364981911556326 0.5627887051889298
0.8940927833198007 0.9881296700643254
0.824182068422203 0.3329281307627465
0.8619240325275042 0.2471055622065006
0.4214846276034123 0.30720168626613464
0.30047291183553293 0.9062162141521148
0.42949876540940224 0.034552901212912435
0.364541410026469 0.3921163620043888
0.38703778959583457 0.3519124058406369
0.14939859652376675 0.637070399136547
0.1776242418391607 0.926413040116673
0.8462200074063828 0.6823788712012577
0.8795952086885099 0.902297408275839
0.04452944195905917 0.06601222228147874
0.18119121405020988 0.6360125878053771
0.6559115893977692 0.2202706592777275
0.5551622258099038 0.1506788049454324
0.7617623312754545 0.07760000948681012
0.9575210372870999 0.8448551661363464
0.7857997185069523 0.7439011873196182
0.6852172757062571 0.7758836609621491
0.6381118774869159 0.7624831853368288
0.8966637854918467 0.9219007450956191
0.6470928939544431 0.8460984779119085
0.37576857304283684 0.2902840259916293
0.2726667144136703 0.4178692662944028
0.2715644035798277 0.18777038160548698
0.3730236857451219 0.5888159803704409
0.7652513204260909 0.6962398762179709
0.014663880453515521 0.3614298244877734
0.9544061647238922 0.7027148151129532
0.6386125126107154 0.49068037050991764
0.4573221730757717 0.11622076069727627
0.756712639466637 0.8364256292566663
0.4865482873011393 0.40913080934193435
0.7871259709296126 0.10974393967575735
0.15067422324965718 0.7350744921518484
0.23296686449257864 0.05203754392603477
0.9405724289432031 0.003037537135571089
0.4195007387323728 0.6841916049455941
0.21133417118914122 0.7875611034200702
0.07852202720305601 0.7242655116261723
0.4399258395004566 0.8196769026959447
0.6368129293653864 0.03790291271575863
0.4704426022316426 0.9437771166286462
0.8384624717293232 0.7697406553111188
0.32037048024676795 0.9530234600073919
0.845943681671075 0.35594310684258157
0.8479845095670067 0.7225440269062147
0.3807384446748039 0.9024892378392972
0.18185829576545798 0.654659382701692
0.8069483980015171 0.5755718958759601
0.8520823831051261 0.5168273116124906
0.30747753764392405 0.1611216293342801
0.48272062539236016 0.4682384841473386
0.6953032682908404 0.8153250760133377
0.4474905337241355 0.030982355104966386
0.7902108956860272 0.18985878949194746
0.04287890739008726 0.5885186709151855
0.5987925950008159 0.7569062374546625
0.8134525791516265 0.665865042711828
0.3222101816897909 0.20775381926908953
0.17288944724617994 0.42922895267602557
0.6870280689004742 0.7459776766442789
0.6419766650695757 0.017524248126956854
0.41029727596197985 0.5535482639374758
0.48897165849353486 0.9944442199543337
0.20217579413585995 0.391680203430379
0.3311492701489618 0.35583314250615095
0.13316750709202374 0.7584011041110321
0.34638080890470846 0.1575230685948732
0.1405761231119793 0.3568617667837686
0.37144112326031187 0.48225779949302705
0.4134599901628151 0.9609914357750675
0.011378883596633527 0.42011151565932603
0.380282747766995 0.0008556620643431767
0.7339002986928622 0.23538548445551455
0.9977583259357847 0.3023401636560865
0.16534435906547085 0.09132184033399082
0.15348955689263444 0.8135721716293722
0.12741891518191206 0.5827789618476258
0.3977711902528751 0.4291205377130327
0.14419751553723437 0.19689191402329764
0.2609326604974662 0.22160971578479383
0.5517350570984938 0.3870925907470273
0.7416260892844786 0.5103947369286161
0.8133418751511392 0.477272980084386
0.20732649970407313 0.38863712354947055
0.6941010807620209 0.26851318214389197
0.595836774705681 0.730381661991174
0.9892184507195749 0.7073351561115575
0.7027325017027433 0.6695551025442759
0.6227625025500811 0.19941031820545208
0.5498267472666993 0.8424908016108135
0.2173254519266925 0.8005303738916121
0.5417217523064333 0.6084068074612115
0.7539085861613826 0.548010436395602
0.26059781306060015 0.9934730050702316
0.21862148544205495 0.5123166584223895
0.8132370233064272 0.4245794187598506
0.5134425902812871 0.5802911456276811
0.5021117705919911 0.723310497597959
0.42895699980869906 0.06251509244233633
0.9682492760865673 0.2332143732619565
0.7988924066876022 0.16906048919892114
0.2646006817886719 0.5485223080490256
0.21329977463261063 0.07762310827167407
0.9558725775954067 0.5089114333119698
0.47396667840883455 0.14926718813998452
0.1969796630147178 0.27672552661409555
0.00432146698081004 0.3661416704367815
0.4015803714196484 0.8803916813638639
0.47016734084201395 0.803574133127908
0.8081052254100072 0.8806651824046672
0.5007788901329353 0.6791864224095245
0.4613619391082837 0.5650799129826349
0.37023863471181806 0.782994628605199
0.5009553147470025 0.5358364805183942
0.459938474745025 0.19165511954202663
0.5030836334318458 0.17428012680109295
0.025517100681965 0.43128832425519703
0.03820499040780434 0.05388164379790572
0.5278047574812146 0.2588092779204756
0.2917336837071518 0.1768064481541396
0.8607231699855773 0.07894769507399424
0.8293615208200951 0.17823248538333258
0.15506988914554465 0.8983593199626008
0.6617897201635696 0.06802870426305452
0.21854170351307323 0.19262786102178087
0.03453159787848237 0.245212681036721
0.8224291535098578 0.5016465776774215
0.41865594365657954 0.665362442336624
0.4799103149170971 0.4535523461467448
0.791400402467971 0.7454522562711563
0.23037344671506244 0.7603131537831387
0.8944683403340901 0.4981107967074616
0.33872264988103495 0.7996708205388823
0.11152852912229672 0.9941231453199695
0.7914592780346816 0.18203410109306528
0.34300935040930014 0.8676645609705749
0.3640882415237219 0.6863350155439771
0.775185446224468 0.6658833906134569
0.8289036565228785 0.5910141377136404
0.1910826630269793 0.33061801371051236
0.19196484707842254 0.6252150977455619
0.9116602022412397 0.8542851412440817
0.24655655164275547 0.7158058128655527
0.9952767147150203 0.18977521701340105
0.35657223333350796 0.5716010583059925
0.6741942330032646 0.48277196735666483
0.9732108000704509 0.8216727040058576
0.837319185666727 0.3157971892926077
0.9499973397236194 0.23430440380048623
0.5526754831305505 0.3819191864307918
0.3962584102487847 0.842760382712437
0.456991214469207 0.9843007059726507
0.5775205694607035 0.13360221449629006
0.36261855091775774 0.8083332106371532
0.581251453370381 0.866478249459129
0.5104967832956195 0.5977827911293303
0.734532960313625 0.6816123708743456
0.09677663300415307 0.05076108395429779
0.5290234372431493 0.6815261853279164
0.6489115378118899 0.4607570775797578
0.7809703728886457 0.40989234753812553
0.667294253874704 0.4774191581071019
0.20296892833605473 0.17576181764185095
0.10985784506273588 0.9879831646278792
0.4245820941375045 0.9025170753997633
0.727593799320337 0.4896816790022298
0.07958650433074155 0.03525063234857306
0.12607731095016383 0.9237772669986615
0.5102376870285246 0.06474145838468792
