10 3 100 3
650 720 539 676 458 501 844 433 832 874
822 465 490 711 633 922 534 954 462 659
519 953 662 742 920 713 928 842 477 775
942 977 906 841 973 666 721 477 608 595
787 1224 1278 1211 1244 1122 911 1006 694 552
1020 1274 1653 1562 1409 1386 1055 899 875 864
1229 1704 2391 2335 1465 1148 1002 598 704 615
1267 1861 2194 1855 1766 1171 1074 881 611 860
1254 2029 2020 1728 1331 1197 757 868 480 633
1091 1316 1608 1237 1549 944 665 833 763 524
9 3
7 8
9 7
0.5046440219557604 0.8267916994009661 0.9844476583960653 0.4245786147643067 0.11237088325256864
0.6141290318074595 0.8230171818372571 0.5587115678791446 0.38924292199996335 0.13958078875519098
0.7392921610995848 0.23629293718403188
0.7655962744388727 0.6081592442515817
0.4054739698983678 0.5975237713098753
0.002250258809088246 0.5479422259875175
0.5599946442590455 0.5497709612918564
0.8443457990058183 0.6299244742613528
0.6246900736490273 0.20489425762156777
0.3865752046252864 0.9048639682699351
0.6243355101291979 0.8380909712077949
0.9632076282955375 0.05496357738197144
0.18073300128998815 0.39782476470763917
0.00434195614756816 0.17937861939708744
0.15847948368769815 0.09084502814802953
0.6694521853950643 0.3509684469259049
0.3812015638680746 0.6551258194598444
0.8443877887461642 0.3725425987828541
0.455426855225209 0.8007404693641775
0.4888332750918296 0.6062248641282504
0.8120496234067647 0.11610880739671581
0.43419241836638967 0.04616941019754828
0.3652143914727064 0.6527579796742582
0.6797789845283615 0.6926323801569487
0.16908736198322516 0.9620262438032243
0.6765847736099271 0.419039333557333
0.1920736184238543 0.6488870322593787
0.6905877325962686 0.5046207191506382
0.3350894197169345 0.9659004616809725
0.8466693811372301 0.42146968366224935
0.3057188226003751 0.3950470815936664
0.4460404904966446 0.5112050383853153
0.8531388579020887 0.6543381240293349
0.17269656801337474 0.6789083200699921
0.9516470481433361 0.3010655771693489
0.42620543335137806 0.36938018409613016
0.6892750513935197 0.24778326004603302
0.139917382687045 0.8961315627898578
0.5572566390052824 0.2444731782321048
0.36731332359021485 0.7911935959433758
0.26884736230626904 0.34936698126228194
0.8916131776775924 0.059260528742478336
0.5429099135459186 0.2722604096009018
0.5253679334754593 0.06933015655178809
0.02078192898874831 0.12139487282439965
0.7701795962445386 0.5054854435557139
0.9852032281963385 0.27497476052844094
0.18354422636640333 0.12336440973426299
0.038892620962254876 0.720175387474197
0.366301385286705 0.5428763794070628
0.47371370357647424 0.19998055001278936
0.3856814204395862 0.02615396021742633
0.2769240731786591 0.06679262004220221
0.5892438016575465 0.22326397634476214
0.47952661371753513 0.13780078535050921
0.6086730736288763 0.2588417261039344
0.46302279637647303 0.037637751528766916
0.2857243955762321 0.11957507987908667
0.8651286811053969 0.9883938701269661
0.15083971966710497 0.3541742896960689
0.12274562780461662 0.7594685221434594
0.34401974972145877 0.9184830875568828
0.1109052845535552 0.32807317455797635
0.07702244314177786 0.9449195003315618
0.11807942969337892 0.49584981250150983
0.32708273734727 0.47199201121011436
0.17709653674497905 0.15435259031154702
0.6552866707952123 0.558010353672761
0.8804311638303806 0.047527229754317446
0.2067328971476241 0.603332109622124
0.2005736538056464 0.39465498358177875
0.9805322213983017 0.8300117600072969
0.776063464426771 0.38191784550262686
0.294374944698204 0.43584105600434975
0.3771497311063641 0.08763542711322558
0.22360035857259564 0.8235254317578344
0.527515578418916 0.12459532412306373
0.5740289077125753 0.8470148294543074
0.9268196827938744 0.10857674085708302
0.7267488607164683 0.9770844205976903
0.13822015615697114 0.43097276296169373
0.2664137210306663 0.5171785062208274
0.6567636964436192 0.974249961711237
0.7100553325530732 0.44940565538249144
0.5823705299278814 0.9171354016712696
0.14319991776581498 0.8623426967677292
0.9249561549552514 0.18863636586804322
0.14578392566265763 0.6358366252867986
0.835360201844922 0.4481120821730815
0.09280439941392715 0.10824479590798797
0.9161538515662553 0.07896739834777855
0.07314952662849006 0.4414921600295083
0.4558568954185125 0.8301027420007447
0.866322498053127 0.4047781953791363
0.13733208834828536 0.07554628379592776
0.04965765895811192 0.48718358874643175
0.43225465909120775 0.6554844675409628
0.014349526469216611 0.0476806764768396
0.006854690959563259 0.8378073818984435
0.8320011351675081 0.9348075562597691
0.8122749112273413 0.8461862572904026
0.832187710373752 0.5113757755898136
0.9416603390312073 0.9335744446585912
0.7431864041802732 0.8720837823991303
0.7356156098404161 0.4733273282827033
0.14739290496794988 0.9958639243776344
0.6429555334655743 0.8021975391176184
0.49751788609903813 0.49505038612357555
0.8599425368694871 0.9658906643136491
0.6930687208064699 0.5651886642977682
0.3627904895882097 0.23454478084637143
0.9821424623974957 0.011626651725852533
0.15713547836518815 0.9878983795130509
0.4824127604812465 0.596185661202687
0.5021815450088929 0.6634344281094346
0.1865759849466353 0.8255405842815007
0.08592443036925657 0.19182813445979008
0.49229140196340837 0.4206717320225444
0.5524352722110264 0.34439579572580636
0.5314860295464374 0.5448714004597484
0.41334075679389337 0.8084197231721395
0.7496192036245206 0.9456534822795029
0.650317231207941 0.5256197976004449
0.1124309777146979 0.5893960829496045
0.29287495395658136 0.8843589607132272
0.4927401165590146 0.44660327962804947
0.46287133306503647 0.4665286042697774
0.378533767110228 0.8680111124186531
0.060899333833581926 0.569052744487875
0.04574782176247694 0.6819348522633972
0.324018315704681 0.4156926488998438
0.1583050803194157 0.3138585894669479
0.5959368616246763 0.501761920789277
0.9477790382264797 0.4822509781939617
0.0019654035790797053 0.028387654111627025
0.8325163335506942 0.5521216471328607
0.6255460973199094 0.6468503983440044
0.8023617791184041 0.21643390570412757
0.07644701570260448 0.3199892954315309
0.2952433189329411 0.4497982494017492
0.4964258425244963 0.8138292867231305
0.7895422186670467 0.15620819967576227
0.2380572176408069 0.9063290783617142
0.9195131633865035 0.6441443116808705
0.9645164977210423 0.4225780094876004
0.22121579322261398 0.5605997257416888
0.4285227371915845 0.15027060369000478
0.0241316926780617 0.14973363018700936
0.11241026497033668 0.5834359500373758
0.42453144986119895 0.36329111710935824
0.4745578961698278 0.7495178296119867
0.5711388246453957 0.8943479283208182
0.564699476650673 0.9341999620630685
0.16624052316919635 0.42709323505974184
0.7717472885849816 0.004726729801867169
0.15871475930084022 0.0024868790487855286
0.06284462202933017 0.09601585884838881
0.1610484156634524 0.6836962801362818
0.7832755565174503 0.15215038586294338
0.4872616156366716 0.9700115940290903
0.10991665348952862 0.8957882243856383
0.9439758861753169 0.8945508251143881
0.34014769354222496 0.3204394604147198
0.24803484021048572 0.7699288941906361
0.16961593807137687 0.9398710924036373
0.8713321019371674 0.8255602608720649
0.8603556633270188 0.9108250539049136
0.709881941915774 0.3638317849881223
0.01433621490112058 0.7623273993419866
0.6083884672403201 0.22914135007400604
0.541931609816982 0.564856432555418
0.7755409356734035 0.6282752756519909
0.7983558054107245 0.9406778093319712
0.19128884667525714 0.790512265361093
0.8127538688613309 0.653797635493681
0.19540222283292596 0.748251289232887
0.4633650266555609 0.059718493097055125
0.8543334719782039 0.1807036088698819
0.5390925282920995 0.32286602818840926
0.11549615417886705 0.8997913299996751
0.3586591265238519 0.6176669570317941
0.5105096717853472 0.4313110393129389
0.8484856787160813 0.8904978439172337
0.41585599087406 0.01677306046459548
0.908896732815927 0.9234835026846928
0.6441701419335251 0.48443312555533
0.39545054424925463 0.8693141618395201
0.8443099883965408 0.26850266837036707
0.556486657447421 0.04599129283584924
0.2395818470879807 0.7588504719546778
0.2880848153691933 0.21739266793119105
0.3489754898532893 0.08467537785154033
0.6860721370763143 0.6958068843335175
0.06746681109333652 0.3485176933385645
0.5630852917407265 0.9121607054311669
0.990908199099021 0.3994531946650932
0.038584719688183 0.34632994261546024
0.6051806749900379 0.04880274158096509
0.6704678101673067 0.9779855341667518
0.22810198052588082 0.4075023472755066
0.31451305383806627 0.8608181199964868
0.2043196775362428 0.25421495197005295
