10 4 100 3
427 1007 1210 1767 355 1012 1472 337 390 1395
1558 1331 435 700 863 1277 1287 701 386 1083
509 1362 1616 492 810 1181 1275 1005 816 1550
914 627 888 858 830 469 643 983 1566 1013
1260 514 772 745 1856 1182 1205 836 848 1114
1484 1509 1094 570 724 1410 431 1400 941 730
1888 873 1710 586 1024 802 1372 383 438 969
1697 945 879 481 1576 885 1110 549 1724 430
460 1491 513 1768 804 764 426 373 389 1564
658 884 1604 963 1852 601 977 1235 1666 1662
6 1
7 8
6 9
7 3
0.7856768280591904 0.4362534758677241 0.456969468588623 0.492848265702618 0.3481314594388212
0.8296352972621286 0.9304508082417726 0.8234973600623772 0.42793096555746074 0.4918243639942903
0.9981693162246494 0.6231736228870766 0.8805489178370272 0.5542546662224612 0.27502335826776725
0.3270233904603006 0.35992347216474596
0.8631699998260136 0.2938207680059499
0.9022767988059619 0.5394980180650446
0.04915359086276405 0.7622742496937163
0.7575011844871737 0.4987559350580639
0.3626958783981238 0.23255200574115387
0.353628413387292 0.7784750369156967
0.44883895923929296 0.2030225929490066
0.6860329975595496 0.8565838774368175
0.8257979742375579 0.7327697653694696
0.18538218089273184 0.6754557797995486
0.15276237898303657 0.4236817007059033
0.19408135535937476 0.41115823458429457
0.9384718772772607 0.11517184216574972
0.23547043605154339 0.9156714210342405
0.8218352385512786 0.4117217878421613
0.25356594302862345 0.15300744953453482
0.8149838599894581 0.19409026384489425
0.998902765913537 0.6788590988450827
0.6994206131107239 0.9600081466595245
0.8482413848125501 0.25325960799888136
0.9916907584454904 0.8192239267039085
0.13846060945697358 0.9244568701877491
0.16918574304429712 0.5746297901108028
0.03959341967439167 0.6057024592159619
0.04033935231418084 0.7996204925540367
0.022567267349665077 0.2242258661895764
0.32645549079968994 0.5992029042920892
0.8252703502804271 0.5153817999366512
0.9062294474779116 0.6942031712430083
0.499150507931565 0.8626985856527665
0.555438531893929 0.5134634500590809
0.8145459978564222 0.953895124282395
0.17534587418021408 0.10408208880074232
0.02694564515600395 0.15440573206920805
0.0802229239932093 0.682354479896127
0.8750858958759413 0.18613606701954333
0.08656346563220652 0.7351200355238965
0.48302796528558845 0.465663659961258
0.9464672818746898 0.6891522195701001
0.2970559922874578 0.9391925283731639
0.7159239914862054 0.7589707146291125
0.14872574433284558 0.5784742038087722
0.5162834387597657 0.04494545761295776
0.23183449368724274 0.5629900805299837
0.08592322304664579 0.7893791338636174
0.18181010458197133 0.6537540240215916
0.491836227173279 0.12952900558700398
0.6840617751367368 0.9856732259779051
0.8621112838070815 0.8324729932817823
0.009601230406819594 0.8953905928710726
0.6707748701568939 0.8474145227237242
0.22376948921455564 0.7040306123239564
0.26715088967246103 0.22102868595336034
0.5069347207319699 0.5476258286723616
0.05459568789699465 0.3802860066543845
0.6893612889479199 0.9584245294699447
0.97143480710876 0.3145092116947652
0.5209785025263647 0.4438824777875898
0.3786169446623284 0.5488449695776441
0.39238570827499664 0.8787468860340872
0.6162302098305241 0.06202099568492736
0.3014249989291591 0.8859742474690038
0.057586576271686285 0.683541019005024
0.38971719360813806 0.13321982487740036
0.5531146593147991 0.26013927427425965
0.7605123781510172 0.3685689278029942
0.7511675870224719 0.0032639662033904226
0.17932112671999723 0.2430333570279517
0.6911575857949863 0.3298717543323251
0.4184810766005236 0.7506378591067764
0.38286332441856796 0.4176373733055363
0.23629375085151683 0.18096529768883873
0.3391636074191753 0.4945468162898812
0.47084741208160374 0.13774430427626982
0.42317160586564273 0.9201305459558329
0.8405384204688617 0.023319286750212997
0.6031822311666524 0.9248252453186236
0.39616842091403504 0.3660824978527242
0.19830782150948223 0.6607694795040899
0.6459112689983859 0.1677044970658057
0.4831985763691491 0.5703251400967373
0.16944683921862436 0.8722162166389844
0.7312385374642594 0.917725377618942
0.7675093984645309 0.6435745050212518
0.23187171813370067 0.5997468691753731
0.4374498115594301 0.34305422943234976
0.849078111209242 0.6153448273515862
0.11119160326507815 0.955470219623149
0.419083002313104 0.37287478476581204
0.4561734059827025 0.4089746819760025
0.428930819547062 0.7562883481319318
0.42880830341848264 0.6165522200209341
0.7544812789278448 0.8388172312183264
0.29931225147678187 0.48406786073404184
0.5959482099699687 0.4150725753179718
0.011081642721902707 0.670192602714136
0.6297538218076553 0.1966356611104727
0.7005682307186512 0.8316873332508092
0.12076610734876736 0.14037872773823667
0.2115733036418843 0.7886666275636012
0.4205287054868716 0.5664105592528166
0.14545755364821766 0.2434841092211817
0.2878161214165673 0.7387183223824492
0.8651461331965278 0.607222881446984
0.2477569837205975 0.10012941577929957
0.7984331342135684 0.8375970672513793
0.3745394432489939 0.2963328110207599
0.0001468717069927905 0.3953039021914635
0.3390397626705919 0.25514077443742256
0.923265673045222 0.26019506837375994
0.4307584136465652 0.8115758815308205
0.9521062189800213 0.2952680556421814
0.7802025946865918 0.9356478090153606
0.3329407134326601 0.6087014182955721
0.24706352060776493 0.2731757539342592
0.5094481933597022 0.6357550764602622
0.2786303868277218 0.8565593708089485
0.12177609566553338 0.7452067601067605
0.8769965698111621 0.6674912565642246
0.9776277602865879 0.7587886279367722
0.6289066081434649 0.8528308331466079
0.6399144421471927 0.3471902998336842
0.6174082223684267 0.5739883903949023
0.6466517884906087 0.718829300662043
0.9912993524957121 0.8839932324598201
0.45154908579013164 0.2168786709549495
0.20467773246603693 0.3874623478135164
0.8531693047275339 0.8853724045064086
0.18168441033379135 0.48484858116439145
0.9905176799446702 0.3402955647183319
0.09024590236799956 0.5293767580731996
0.49829972938637956 0.8289636085353864
0.6550553981676557 0.722714965915199
0.3324766792792513 0.5492002589055165
0.28534155483881407 0.15700106150257542
0.14660279059513526 0.821082697931272
0.8192993714853412 0.33164784003276093
0.9057870157418295 0.3514083754591122
0.8290807713481207 0.9133821817751429
0.7974477078876849 0.4297166219682811
0.9892968094894372 0.2806394123991025
0.7845375869392244 0.9092424295877406
0.7414840900542945 0.9787045752433761
0.23296713627104126 0.5818341176858757
0.03899883108577984 0.2662037368105121
0.12430357203745701 0.46565375762873207
0.9036941225675517 0.06276455269743653
0.9602679844623498 0.5525530730182988
0.36573504453829453 0.9880469315360727
0.23108206825761068 0.8615106509555797
0.9602688717163199 0.34464290568340483
0.058352844300778806 0.0345900461769626
0.06279281517695101 0.05557733329499448
0.4533544271068164 0.5535162894063568
0.2935610433836091 0.9118885828686403
0.1360208281055093 0.9042050964968689
0.549387470752809 0.6960828530336116
0.6199967774800501 0.9444332208104
0.6875224883781383 0.6649232451954168
0.30809984401765544 0.8923224952449538
0.4069259843460393 0.06248249052351951
0.4383979180918458 0.9819726984098942
0.62306895573165 0.0421090413639853
0.18803282668821897 0.8437769037546883
0.06800666940393163 0.5058900618636655
0.36731971143872966 0.7042404066407018
0.8999091388121552 0.5612059046217694
0.9610401572535971 0.5884878582361392
0.9463705917976883 0.5925727933318576
0.38273848825718737 0.6341931058415071
0.42665303062211724 0.9108846462986715
0.8451363929317364 0.10551888034756196
0.5424659705326405 0.2815716237635457
0.579334531189216 0.9595509783279017
0.5029898243747726 0.9665572708540098
0.6317196738098505 0.9588019225838573
0.29798164793196835 0.14147300594684853
0.8006164208263333 0.9551313781916648
0.7540117732077454 0.562058333824971
0.3406376406553948 0.013189638441869711
0.8710162184428716 0.07257796229062241
0.3840560626837761 0.2294732546680638
0.6694772055883129 0.7542168060669125
0.47449047909673214 0.7279386056473856
0.8429094247781028 0.3662562805702825
0.43588031302555263 0.0375847042115125
0.2610866270400396 0.8087516802135706
0.5903060880002613 0.11833764916171585
0.1291159518817322 0.06526158023401707
0.012161404471796367 0.3717383705658466
0.22381048558785088 0.15833971453448958
0.03694954094963099 0.7061886699383177
0.10019257573142837 0.23258157259448753
0.629993043899769 0.10777612876790132
0.17050666373887902 0.29970119980362764
0.32659644916316255 0.08812824441485612
0.5249087645791166 0.527215227028091
0.160626603424195 0.638638473854408
0.30724996056546705 0.8469010587114416
0.6456005937515734 0.6400588631098381
0.590954754285788 0.675274553024394
0.26968036693978603 0.9811573764626584
0.6840324241452542 0.32798791828743123
0.2863159484396347 0.3173206844839671
0.5333641134606675 0.0387158931363476
0.05657295525122952 0.7184917376405822
0.7466243297464232 0.1435961028280759
0.7057640522346798 0.385375835575511
0.3368703431054989 0.419889314972721
0.7230532659652971 0.5862375572143339
0.0793454554655566 0.44371744057901474
0.9116853094306565 0.4180599658295443
0.0233818491038138 0.37575179617742394
0.8282172041318003 0.9872544092543876
0.5337362634284868 0.012047285371204808
0.7611561339488095 0.33386625057142005
0.6992760593205161 0.06686120033053689
0.7322804270039005 0.32500996537026405
0.9106635745419343 0.007953625455485946
0.7223403518467768 0.09730255926485953
0.9319382592901251 0.28788384928025446
0.9882537179350375 0.6100873192455745
0.5936187799455119 0.8031357291073233
0.7260428362305253 0.789952214075772
0.056199296596880055 0.27417322460895366
0.563891965898752 0.8915673498720011
0.5944396534272818 0.3720524359904165
0.5641355859501318 0.18402703412739907
0.9218412259793591 0.39264454667204274
0.34961409661837206 0.6482507430531976
0.42239966305973997 0.8555186598141302
0.4898542046340446 0.9210785532416375
0.6602927897660875 0.12134240789708683
0.899383267378411 0.8222767861979978
0.17083438960549024 0.7819050123802542
0.921459474642158 0.41709777613882926
0.3566677230657802 0.9982837560769386
0.5810200533871936 0.048877303564113905
0.005544875894802459 0.30304895244183494
0.5883887678380877 0.5829238091277313
0.5575965076520171 0.3335816870001913
0.39762468011650687 0.4348604299148755
0.7684600013103386 0.5509000030687261
0.3133366760728262 0.4881704236906681
0.9759919548438598 0.41958235437128777
0.35240662246018983 0.8456685390945948
0.7922909209192817 0.472984464566111
0.11265966103399161 0.7474372865435528
0.10806812571184299 0.2416867616886158
0.6025561964406065 0.30325463941907804
0.43476679229611137 0.7556401123213048
0.713567973125218 0.8254216267098837
0.5969879046669264 0.26421602707881076
0.14798583625142503 0.07328853028913618
0.5671720860975416 0.2887832517961908
0.8355637593702079 0.6164411292606276
0.5893313689209365 0.31905758882355206
0.0522905440582091 0.7862054421171567
0.5967650784215979 0.586018699272826
0.6989381269034776 0.10404882581369623
0.05169642633242577 0.36989108902076007
0.1262536220333932 0.14323477286789665
0.27783021352570536 0.044592315244455616
0.6646380892475512 0.048123007684368835
0.8517253544963521 0.5256251572839716
0.9056733858659924 0.8077522994034294
0.6554100570383394 0.05264302890594186
0.7855975337435726 0.9461636593204421
0.5772282839352005 0.40317786047589754
0.20679441494677753 0.9891028944377811
0.2884487142943657 0.3608714779271678
0.9655479214146183 0.2441179396042803
0.3505530941966506 0.5906072264439319
0.868856588490837 0.5332496134583966
0.7277153089835342 0.08931411365100272
0.23103581904699744 0.7347399855662047
0.9419720624025705 0.47740821282488666
0.2890790260868874 0.6913698384983546
0.561011265893945 0.763009957858733
0.21939218597431598 0.8314938653391444
0.0607027142540284 0.5205559192637106
0.0006381126129189063 0.8768004686908568
0.0013165626456195234 0.031135027551337124
0.10862468518751855 0.9541784170313301
0.4420973433284696 0.7358947108782377
0.4666455893350534 0.9083122055865989
0.5829291381288377 0.3649420709452227
0.47083610324975456 0.04105729707314709
0.30212308441972757 0.9724027490200233
0.7778710855698283 0.55873988082327
0.28603801842022913 0.9536210299997792
0.6531829488942071 0.13520519194032654
0.2183032165955383 0.8135877180137523
0.281309719946796 0.506006830270155
0.9873367035052067 0.3285323917431904
0.306683319673543 0.2335321886894004
0.9181411327677309 0.21876162671197608
0.5265627713586527 0.045678179689282894
0.3174548119524021 0.10721255820115916
