10 7 100 5
699 851 713 942 799 1170 1129 840 788 994
719 700 1078 891 957 951 1240 1052 881 974
918 825 943 1024 1213 1063 1344 1092 814 1037
723 1073 1166 1014 1264 1552 1089 1255 833 1093
846 1118 1471 1406 1092 1166 1236 1010 1082 839
1304 1221 1154 1241 1392 1195 894 967 861 968
1056 1270 1216 1258 1211 978 971 828 1065 774
1075 1144 1000 1235 1321 883 1035 954 689 840
854 1110 1212 1337 741 1005 930 655 976 657
833 575 846 712 617 968 639 952 594 818
8 5
6 9
6 6
2 8
8 6
3 2
3 9
0.996236296871694 0.3744052109630327 0.38204444696571055 0.35043327040955474 0.30933521919762175
0.9563881684846451 0.5987610788583289 0.9919970667961053 0.3031879652924907 0.2103361029243379
0.5230992382752815 0.6265304297233507 0.8148592643587107 0.4688264942278072 0.36206287238557044
0.49347210421272464 0.4919040029767429 0.574430849573007 0.8951941988124554 0.2842175757355574
0.3857523999623019 0.7421236162511917 0.30522744821655073 0.49263122776524276 0.3945236223625078
0.9136398497409939 0.7720638030458133 0.3054182209011916 0.688140932655301 0.26274957967135626
0.6645066218225768 0.5108347289795776
0.9883544645528075 0.27739248023946117
0.4204038537581243 0.8089249570883152
0.5037957319002022 0.7377857085428874
0.8310107802940767 0.9448140738757917
0.8663836615161238 0.3271479202926364
0.9670087190797334 0.623053877334151
0.8687140609447856 0.2504698082843544
0.9087544319808787 0.3374322060028614
0.2529300021032661 0.16429512656608503
0.022694134018656165 0.6455828935558219
0.5001372609912125 0.7439702624611713
0.6188331281339576 0.49542178072576104
0.5314794398594493 0.06561337662096545
0.5906262854008233 0.788906958350895
0.723995450413337 0.2650150872644137
0.9577871799210047 0.8563840582213356
0.4895538668871471 0.6198979199877452
0.08584648255609162 0.15254661000362502
0.6901819732855758 0.5441043124451046
0.17867997121435208 0.775850996360927
0.6271406462926485 0.5754186505221857
0.6473825577941497 0.1516755899829818
0.3844153695686894 0.0813446833080651
0.10435924329075719 0.6765667016515875
0.6112580811322494 0.3128253167585169
0.31960985897622507 0.5182717433748216
0.981852898413945 0.5328884172610113
0.8313641118032973 0.40615351251736587
0.9142471347372865 0.6755569717336434
0.011150355649923283 0.3639039607662331
0.3555201307498723 0.3270390410795325
0.7608152612581209 0.9903866620438124
0.24591405558584833 0.15810630449890395
0.6990875899883835 0.07383332669583287
0.21822791215934623 0.7269884068864798
0.8809828588178175 0.09304494244538719
0.010213012503259344 0.40355023739386153
0.9367949998802994 0.29729522586433177
0.5598061410953286 0.9678919699107351
0.86788645353986 0.20843016995759145
0.9530525443333742 0.47951702765215987
0.413574778541149 0.16238239893584216
0.7860388093587314 0.2941824562359996
0.30588284340405214 0.5677105430836273
0.9279012124701904 0.8510413614414878
0.9409650075249083 0.9472050912825201
0.6621899058864007 0.18745155197852115
0.9885069892328424 0.6095058520424792
0.37202432158979626 0.3654611867533515
0.8958426577090681 0.7268972512118226
0.9129714611719557 0.6614447406313508
0.40895451072759226 0.9434251570652932
0.24760403432147382 0.7382206179921802
0.545150815931678 0.8506884498204412
0.014074141973819732 0.634660115277685
0.9746353906028751 0.0011490682953443354
0.017482280179181853 0.2697848968630632
0.17487814989490524 0.3595330077478862
0.11970668523812344 0.9174640352745309
0.8779593641443753 0.29092115779730565
0.4378526167961416 0.8233392013350247
0.019845356656215563 0.3249700038220653
0.7648464494871683 0.7123164574899339
0.4722009872646211 0.75224707454335
0.603074203214444 0.9084989924161557
0.3846415877354763 0.025453787727739208
0.8320360802909486 0.07619933039673521
0.7518655943605075 0.6657307488803947
0.6132495759530769 0.7777012292446941
0.536544782670189 0.9064062832739783
0.5431970115779658 0.23102836642225233
0.6506041841257177 0.6576317554946947
0.5646165787908854 0.8543938363892332
0.5825004293801723 0.7828004150304189
0.8440250625034047 0.4900887675105168
0.3950083403946365 0.9194534472942941
0.5466398899258922 0.022758487951711537
0.975362584428072 0.6009821750418698
0.7500104923184314 0.3275371521414596
0.5054270451341614 0.9215008433994007
0.28711034234356503 0.8770907158074019
0.8264983240941113 0.8737231567149022
0.9721472974287424 0.8389520413215881
0.4406588690547515 0.04314881507858748
0.901187053967671 0.3134618815902397
0.894995640479392 0.4653168277159647
0.5499905342162601 0.7431961938543266
0.03735656265129772 0.8900495062392106
0.7905292876670433 0.9520621923538657
0.20102156298555252 0.9592578991571792
0.616161939416831 0.2954768797647018
0.7293650164286529 0.030275331432713326
0.11647645041404342 0.5900993269232759
0.23853847703815845 0.5636498788573472
0.37832458170664607 0.40782021638204435
0.5789637563400043 0.06874727912039025
0.24862170192199584 0.21412031608839333
0.4100892550496571 0.9244192520323691
0.4153909595005769 0.4108305376064405
0.9569353255108364 0.2677220379540446
0.7905882257630905 0.4909343571565128
0.5510144172023741 0.6537108104934182
0.09713346694892655 0.41468512654076584
0.6159195974976077 0.14424759808645304
0.7777705439747533 0.9702391792086829
0.13513440461347614 0.0800105927668866
0.6385110248641199 0.831114374132542
0.9719349450190933 0.9262329751251126
0.6581494701367019 0.6385190612352118
0.6196165941295142 0.2587311716978853
0.6044171869445694 0.48596164636012507
0.48562886056566335 0.15272096848426342
0.0006825672999501986 0.2754616884052663
0.554724544924021 0.9698755770896261
0.627504420519406 0.18643057063303003
0.9837885500754051 0.22814635639804148
0.14415127912044623 0.22813923964502614
0.18304316627441786 0.8374829793197258
0.9519844357013849 0.27197329164688266
0.8946104380325628 0.9005184366702341
0.27303919639323215 0.25637397237931503
0.47961046877511904 0.17396319892077527
0.5277744427097193 0.012918414092572439
0.47978858533160174 0.533270976324997
0.20397748669180626 0.830916281112565
0.2620897184482085 0.3336139998774983
0.019616267304188195 0.3901197303646402
0.40797765052584545 0.5544987818437035
0.6575460600190708 0.7378700676032559
0.8285026549736296 0.5442871830063472
0.4952578116706772 0.7843601973443728
0.5214811587251944 0.3771514275322083
0.6825100955300203 0.01966034290973706
0.8510529724915794 0.2299904505990833
0.846687653146643 0.9549997413760445
0.3619032192138112 0.16972091756787755
0.12811264306951675 0.9591851360474601
0.594193583578406 0.7669800353540897
0.19570243880493776 0.6407084729845367
0.2341070984017084 0.6145366451877057
0.5544023199119015 0.4385807980058303
0.22442267414810368 0.05452467340761302
0.9041114677655226 0.7663448824927568
0.9719675318335739 0.9938938371002166
0.9138446503717943 0.6416590132118296
0.6450567103395355 0.27089770010280656
0.12553875125854086 0.23334901925759954
0.8036322886692451 0.8573444530573062
0.9326306625093688 0.8191408440524397
0.2062115881961768 0.5803574050238027
0.267145827110455 0.18332225574511973
0.09127871538016397 0.4301464768809491
0.246473184407918 0.06711096648941384
0.7942418910526625 0.24873647239813246
0.3419665870201578 0.7345440249844168
0.4651225452354171 0.5665831062015851
0.5486607957922285 0.36260858464846524
0.5220864475342968 0.404794467624944
0.5146803577573003 0.446308292373113
0.5544722847918575 0.2022582856702808
0.14883639915473346 0.6383263977812956
0.983707751996681 0.7604171382395561
0.6593459834125055 0.9808633143066445
0.6192291339972853 0.13184279183065395
0.6001007331453603 0.008196001233390149
0.7240192478397021 0.8680679906436317
0.9454862993413038 0.6147748281316829
0.6717879859628992 0.8865795869005964
0.9611834057905808 0.5071467164267576
0.2029100829656192 0.09271865042715799
0.7328865371845747 0.07090317679773639
0.20544084536529894 0.19221752841270479
0.5831981650801656 0.14628515077143556
0.3208260170888442 0.003018723088324071
0.4552741618751184 0.8032306401086091
0.9346178115913164 0.7048392089668565
0.4446286916934601 0.2517020765164597
0.571777740313947 0.579711904464256
0.9004890632389511 0.7377124465564637
0.757143091275938 0.1308911508858761
0.5155164331225193 0.8023969242386102
0.676558429277863 0.12294975344523706
0.825648915680711 0.6272133349198565
0.9003627464364266 0.20495226093880836
0.6927389194676048 0.35032150179191435
0.5790326561238046 0.946290309589322
0.6476107574309213 0.33182059492097493
0.8164929929824256 0.8290833602828944
0.5107330978500759 0.6521168821668109
0.9506013453352353 0.8634324681298391
0.3401985854097933 0.5067948993962288
0.8225613091643318 0.1126411641780034
0.22295396091407893 0.81284648422232
0.6982412873274455 0.39478941343408924
0.3983745803597818 0.9093529356268042
0.23265562835370512 0.8607273695392517
0.4666730037860718 0.18186526194867536
0.8532071956673959 0.5136750333113287
0.8666773689742417 0.245042324158673
0.07565822253800425 0.21627327121174478
0.28597152098784795 0.9780095084794682
0.26756516132581853 0.17464027985194663
0.1813538370819423 0.8011073564670634
0.7107408669230844 0.8106536203165944
0.6280924403541235 0.8684377536261507
0.7374250857257434 0.08267646080416391
0.17903216742263983 0.36998278999678447
0.05357768190691736 0.5790647976456968
0.3776980124875329 0.8060326978007191
0.7961900503286796 0.5490214346659064
0.49558518900883186 0.1564178622536896
0.8872759338499683 0.33143789159810755
0.10294468090017128 0.8661043408841036
0.40370190157867647 0.34479876423285827
0.1741837839133651 0.46339069039932057
0.4545549914959255 0.7534457951563471
0.49020251813020965 0.16918701168955796
0.21242444584537123 0.3568284099102148
0.8737382983976512 0.5553575004965163
0.9975197427857481 0.6035596089739492
0.07971824184537835 0.41962090194412016
0.24399390397563292 0.6603187390423444
0.9795248909152658 0.4855956712363838
0.8395635719667456 0.9702220587519137
0.11684451700614673 0.8364591285692009
0.5619212321944858 0.5118795210919007
0.5516763053077782 0.4353099397252853
0.7814286778931301 0.19661800216560277
0.4433449181292166 0.37955123835750104
0.15259786358620242 0.891078379760599
0.9590623591883829 0.02408161039552259
0.8281561804029276 0.33029771448229517
0.5665960926234583 0.6821308946829463
0.849401689169277 0.6333709289605598
0.4027197591410072 0.4691572699843558
0.911362649069837 0.7342373924251777
0.7178943848090635 0.41399351986103006
0.30352499650326137 0.714783856493246
0.0432495454729962 0.08666254605968304
0.591604446294516 0.3994077811518222
0.7910229533987221 0.4661738801412012
0.6111839065469531 0.655939868579049
0.1788452201759425 0.8042890093447352
0.044770004669217434 0.6057108358334637
0.5726098671325908 0.3790477704025832
0.4315330107392956 0.5627459080159383
0.9633855120756771 0.3502253857345705
0.772706840994422 0.9561933528538356
0.6550880496778928 0.43682561436080203
0.32180786799105476 0.9046145569698547
0.98985832513208 0.11523371020512596
0.11107901334266579 0.8107076001295384
0.6849736388554974 0.24461045916963453
0.6310725317642449 0.8066561795213196
0.37848520326779256 0.9226927980242015
0.6079092642345485 0.8620921030891777
0.376560129852785 0.3091186429956856
0.7198033133619772 0.49031649837935243
0.9184650411420376 0.6542868204382213
0.914921823490149 0.4100091513126971
0.740395212224968 0.26048058589313805
0.08030645396941494 0.6354698174717253
0.2420595194013262 0.018099705258304066
0.0887310702693529 0.9808615819755453
0.12011868773751111 0.4365857174586487
0.6522771810895835 0.7123563776920567
0.053270630937890084 0.1371073030621044
0.16253941356291124 0.4602762062236536
0.6015942497862814 0.4191832812274465
0.4166774863144358 0.5391974832651973
0.39164868479576875 0.7670585140593025
0.21100050138257198 0.4005773297490356
0.5332016050163242 0.10304913057753318
0.21296861204913675 0.7796529527530747
0.4548681584549248 0.5240864544855433
0.047669962148935374 0.4842268541468575
0.17514042501954097 0.3039193040169408
0.20491064215060506 0.43425162732371714
0.3992669489895191 0.46878309248486816
0.11317200374838743 0.8071337995476304
0.4633450440817273 0.7723914724635084
0.8843998646595592 0.9040215032385903
0.9986065478240647 0.34147467505521556
0.8460579383208093 0.5534490959556804
0.8931474437564799 0.43923335078226233
0.6863626655183357 0.9336861627178643
0.007964135279888929 0.43883318133568205
0.9835619049724935 0.5214536368346381
0.29536293923056256 0.0346133364256751
0.417922986760211 0.36832973740529384
0.7721957069179373 0.7163446979165322
0.5499327267418415 0.2503466113740751
0.2356367864088338 0.4046311692550051
0.6387001666872105 0.297963354033165
0.6931353686078592 0.15259831778342736
0.9233473429334664 0.18235496741487278
0.6778675865120181 0.4100160396281394
0.5365997708431978 0.9628545293488251
0.42589546331813577 0.9312482634942445
0.9434096113993196 0.16049399456218105
0.8936499088962089 0.0936503112848508
0.3708611345284061 0.8809723689945046
0.7355960826577013 0.47929164616358877
0.3976411395554844 0.4960743985894991
0.2456900576616874 0.9627057373286043
0.572182973200102 0.3470906379611445
0.9376790397887975 0.8419839556587341
0.8547225195200663 0.9967219229427369
0.19906537312204642 0.806981728904671
0.6404260411363516 0.8391242992723977
0.4826616461819673 0.38708767935116084
0.767536209128379 0.23466987871649825
0.6262640936365131 0.20533816964973517
0.6420756185753551 0.45440820230017165
0.39138180794031063 0.7096309268336074
0.11931136798902586 0.6496566241568416
0.9191160894298809 0.7967776027158995
0.8342540996528698 0.9553934178722949
0.4919370479374532 0.7965464708480476
0.42596335610400615 0.598175916712175
0.8715436621979704 0.3959582750495265
0.7063660775440628 0.2300156925604997
0.8803064663924596 0.9501394272704125
0.5168036815138939 0.9072966150490935
0.1578643800565056 0.5728642086288795
0.7830303874726423 0.4038662537151405
0.33020784743162324 0.7253051866706006
0.8748066947871667 0.936952349370036
0.6262446264910422 0.2782135128616441
0.4110646893598837 0.9962233368486688
0.7716791171359534 0.9806949767409276
0.7449742080561623 0.4112651962953131
0.5475252337331078 0.9249473341412191
0.0831537056260252 0.927072548026916
0.8976887651776504 0.969358376442109
0.9236130890630085 0.37714950754649923
0.5095122261062655 0.24993412416822003
0.9390789195979345 0.28767295200417675
0.8786774685272347 0.4165711962047234
0.2333653943542069 0.8937755575494517
0.23582920726019818 0.729768915396656
0.02049671552633847 0.5360713027826365
0.9620350796873085 0.9737764555360686
0.40108614819341715 0.43400555636891514
0.15994870468994193 0.2849008624097842
0.9612033579527095 0.20383830984239482
0.9968713001187941 0.7520299520976117
0.6189594043938573 0.7345699495200209
0.5038628294899967 0.8025099499245645
0.6088674857843068 0.9810023185837398
0.9183040334197214 0.9941008169206855
0.33387656575640556 0.9415460901918404
0.7832951493141067 0.0535044391726871
0.08465666065884947 0.8361439488057407
0.33716426915579145 0.16525441117545636
0.6127158877607195 0.2672687045620492
0.8870144713707535 0.30519936695813876
0.05408654084423303 0.2615383141813714
0.5618708479733996 0.5018614238799746
0.14046162465647272 0.890020959564159
0.3725445321043117 0.7610147267289398
0.011986818392179188 0.2434289922361852
0.03427877665242551 0.023773174265898867
0.6572980904392878 0.36709643160970007
0.7950065231721113 0.8375692468407301
0.7252211074753354 0.7608117029992814
0.5958804374396067 0.02998260305924183
0.8666062481786292 0.1564534699153708
0.809346239616197 0.03430769327358951
0.4045475187053844 0.18033089614770925
0.3894170201059761 0.4874873923687766
0.6641359417705102 0.7251799465038851
0.29779625686214195 0.07391165592915638
0.7197060574383005 0.6850998571799607
0.005340232896066999 0.9979521945456438
0.976338643261002 0.6270843033342992
0.012378428257725949 0.5853102184892414
0.4560480618598899 0.2804384712507486
0.16598237209734568 0.021307442756056005
0.960847174151414 0.47809429332965436
0.5344974234721649 0.8803648552908181
0.6365134221442621 0.3277681838172246
0.37516167642893605 0.9297919264921082
0.34627250704119095 0.18996279324674337
0.5328541178714117 0.7915769137272466
0.10774391104160919 0.8150923345608894
0.6311686462743675 0.9965253607577589
0.5810484886805629 0.7384233830424138
0.45305342733880805 0.14984332235375075
0.8337026932395806 0.11678409819438307
0.1713423273022372 0.9483110159804822
0.011601289391964142 0.8168333426788215
0.14223328167970317 0.0073645814509586405
0.9082362772486732 0.45594135215208254
0.6523377161121644 0.7038329139845649
0.8229919770452072 0.8836381661803121
0.41450389909327723 0.4897890654467163
0.5252430261584184 0.6957900843436962
0.500642559116466 0.2546485597334085
0.028702153538102015 0.38573146245884726
0.3592488429187244 0.19399822536343914
0.5155289597096013 0.870093502664453
0.3802265210886058 0.23857212333288724
0.9312052903032288 0.2777958164328511
0.06924945676584437 0.7286384550278113
0.5934712795561186 0.19188595108610418
0.5347991444450972 0.11095338843456304
0.4501355847187043 0.7607316389903243
0.5562326330890708 0.13888718072581785
0.20313812478235693 0.195336032977387
0.13617194793223253 0.12818282964097127
0.21627298746304202 0.2910611485447243
0.7548089050714655 0.4866396806333906
0.7591881858491822 0.049881867124512036
0.2597617506325596 0.748250384847412
0.2126321581470363 0.9534054295749557
0.6898829864152429 0.3842905586866723
0.44168835620405633 0.5904255448755313
0.4690436760275596 0.6035939265584365
0.44902978543105787 0.09450474476649773
0.6703300705389119 0.30348518864972207
0.522090130633678 0.154767154247768
0.42298066079309105 0.5602072801126752
0.9634440513743767 0.9051992875122936
0.38017828574657586 0.26624186081631684
0.7874941849496566 0.7872283172213725
0.08086388404223488 0.5898001402844295
0.8039209661335982 0.06295031579590615
0.25061460888125286 0.9341690583177349
0.6750327735353387 0.7651176360220158
0.8958613756235267 0.6342693258548142
0.3522892484869653 0.4985452204111527
0.5105516861344741 0.05775194174951914
0.44592543713246835 0.7474263056451149
0.8984401198013996 0.04132205132085365
0.34241552112193885 0.6827787205176372
0.3786318999397089 0.6640639194150386
0.98011646175834 0.20037364531102186
0.83895426461182 0.2188912178810556
0.8543294066665035 0.37686332643662124
0.2920369808285539 0.2387393848282615
0.011625883548618265 0.9272803461187507
0.830588501193015 0.6678599022751821
0.11011935854775157 0.5982252676014208
0.9866257265877092 0.5941273141788235
0.7169072370101321 0.2808861154818718
0.7067829942525805 0.9566690518861432
0.31998480525966944 0.11321312731467059
0.3054739507669275 0.46075760599537574
0.04559692404656812 0.260103808078771
0.3325183871107864 0.04521555456075621
0.6138987541028837 0.48281203109677495
0.2021709066710251 0.20749635713531256
0.9345484091335499 0.5939205727507539
0.5025825409316156 0.639231489538648
0.8556608206268461 0.6655936575765604
0.18307419333507924 0.6119157375536959
0.07830875367755885 0.7542294972622623
0.568984138440801 0.3649995238466719
0.5889120107989032 0.7375128582888373
0.33854380663948747 0.05611843491507584
0.7443255160270126 0.3852661307202627
0.6350169012551106 0.21139254543648267
0.8256575000315689 0.48875884336366426
0.5256266039250395 0.8014621574599243
0.4904667377542895 0.9100242227027602
0.4909999612722624 0.6444857258514527
0.3089425397665022 0.994847596762424
0.09386174391899882 0.8083095719782409
0.4142039549580965 0.662727138038121
0.4694382709672771 0.6723115972366247
0.2596631181521032 0.13983085515734928
0.9700353827157813 0.28221907768630006
0.24782184260630746 0.8235962495676308
0.7695208469569232 0.35661240956797147
0.14437822158001623 0.5823928598944144
0.865366955010435 0.09394474192100133
0.05705390855244641 0.6243088568931201
0.6632446366306728 0.17751407519061813
0.47696793580778496 0.09458308405105398
0.42796611142584084 0.11440407378786022
0.810629611889456 0.17982719237342604
0.7366875314840775 0.34758948357386243
0.45142521376013267 0.5628459187721644
0.1202578118864499 0.3883743522809975
0.5185271952457222 0.393061647516749
0.24686730102310817 0.8493630735869229
0.3269815394093649 0.5793326557253837
0.028854355769155626 0.8270482876165648
0.5672799769064851 0.1848246105831679
0.7353545588268582 0.5189830521622201
0.3250828178852003 0.7070143339832151
0.5006347129582678 0.5187286884694264
0.44175114018017436 0.7762826266010416
0.7976304433741199 0.5944641539885127
0.7900361799587177 0.8325497496969119
0.9671090074532926 0.43371661287057606
0.7316363541940925 0.20532192195046406
0.2319282471561943 0.6556575585146023
0.45904759876331247 0.23598232823972753
0.09258879687396004 0.23543223815610825
0.3798747665474278 0.45955871472497867
0.4931003762133419 0.6072023874524355
0.3686871207289586 0.5856302186842974
0.40131848387104063 0.5070604467354003
0.2176052004536455 0.8412709788246808
0.5205859577552172 0.8408259299256531
0.4200975857336604 0.8079138418768388
0.701116865162168 0.7328724383486618
0.25728281891686944 0.3572498310379011
0.08697932547557352 0.8978750454097384
0.09754097569041087 0.7940922455812129
0.687980697212504 0.5732960054831575
0.04322074921737218 0.9970069820881555
0.5392687510472565 0.3883153426792896
0.14457879704940302 0.6022250375921836
0.2294818848294109 0.7086618502208553
0.9570093433275333 0.8692046850897044
0.6815438419947282 0.18378134061157758
0.8658870578982725 0.5176519365707737
0.9269173430993873 0.4540247891605793
0.09720030097412691 0.8952232041813699
0.04679414480227928 0.987373448470638
0.028304847875220807 0.1825674580699066
0.5158791326685843 0.07887814060396114
0.3462211147594114 0.7081454992955738
0.13818106363339067 0.9057763786805226
0.05150375852128053 0.20838302633993755
0.2619895883454275 0.7270761035768463
0.985061965413975 0.5015478345408155
0.4027702830946771 0.9513883910935328
0.615884328989301 0.5690601248522933
0.17349594242331223 0.639820089471751
0.1520821737970246 0.5879753113411359
0.5775511443506427 0.8322392556230787
0.9077854187496606 0.10481205043723163
0.23766953270482283 0.642627871630951
0.7230465427665544 0.19631928337826676
0.9036625694991731 0.6612539989162385
0.01666646916983927 0.6130614541301829
0.11169297168861414 0.4751550375946294
0.0007982677229065871 0.7358746998845518
0.3127975119066566 0.7771831311599555
0.8043653370885022 0.07089289337922522
0.33072147270805474 0.6978689810653327
0.25744890387994324 0.9358707690516967
0.5688217958610553 0.07257606880702183
0.15578536883194816 0.46307386120670824
0.16681877730775896 0.5245563159105282
0.8995981481574795 0.9601019219801905
0.9524244669961996 0.34227372400184297
0.5129717562741007 0.33189944204749455
0.06859919154983829 0.6387414964791651
0.996910747095265 0.025514803504597117
0.6850630165763469 0.8928335130765663
0.6532374857061709 0.821742384759967
0.8071486555223175 0.902244623911546
0.8029719331063156 0.6773135818514959
0.13789304886135345 0.9197382644016401
0.8614718746905068 0.48761989562119123
0.5154446546479527 0.2600546582150709
0.8374302081486604 0.27766315159377863
0.36749958186342035 0.2597148830127667
0.46889299039482335 0.6372952712973532
0.11895688243723757 0.7031097709675016
0.41918384216461413 0.5338931188998088
0.2294306957480694 0.8056568036297365
0.4845855560460084 0.7352195620352697
0.6572175615815978 0.1696199912719618
0.794616470155691 0.2349951961965735
0.4588840338739131 0.24334949456749522
0.35015452624463483 0.0961171238797438
0.7651792066238818 0.23392982927081452
0.5417966740313374 0.5693827517158945
0.2999929907612402 0.26586584260228796
0.1110941716126086 0.8626604101402537
0.7826788265659552 0.6853807985424425
0.909044532618549 0.5391538197834456
0.32663196571017283 0.8116888862062561
0.5078253101854002 0.6152481884380463
0.022355332382103965 0.8218384288979523
0.5730348375777203 0.5627847622807929
0.15133365860226267 0.6986055762545349
0.30876256491234844 0.8825367498368701
0.20323871858447462 0.8040693881045176
0.3984489174435173 0.359531299176977
0.7046221059769 0.06584181660601418
0.3072673392132781 0.6927961991150113
0.4969276942488503 0.4626006489704009
0.5890151348431583 0.8867716399121544
0.9327299036644923 0.06098956760816909
0.6963825407546775 0.3918508005796868
0.559875298656777 0.6155047771100373
0.4986426971966853 0.3555751942658745
0.3822245350111273 0.28927191719797607
0.2816236913810526 0.7710600663356189
0.23068687390654508 0.32077133550826686
0.7608955269881039 0.40928227940709316
0.41935020079956553 0.2593079775880911
