10 2 100 1
571 996 900 1123 1251 903 1038 888 953 605
764 663 705 813 1117 819 819 767 977 680
817 842 967 1087 774 1163 1039 813 833 699
967 780 848 784 861 860 972 877 772 752
737 842 1107 694 1044 1027 890 965 874 779
1014 687 992 942 772 846 929 1293 854 832
1038 711 785 798 1119 906 1328 1340 1000 976
1002 1081 1029 1043 898 1097 1187 1706 1284 1189
1024 1010 1012 929 1203 1359 1292 1644 1498 1062
877 870 931 944 1062 1349 1939 2363 1624 1512
8 2
2 4
0.49672175247358785 0.9347641159316404 0.731439404682392 0.43686011360883514 0.42397007058145963
0.5133669513214383 0.3176294456499793
0.3195562684376074 0.48644796732330087
0.1595868551706221 0.6984407939901187
0.09689398003235605 0.0024935991020966775
0.7681070086435609 0.120089715541708
0.9505631850367249 0.04374128512239239
0.13306579924121786 0.3764298124381109
0.5317698169939964 0.11700426460146351
0.006619736840008716 0.1909205628124433
0.5436793212759383 0.12581776727340488
0.5368979994417009 0.49969815721380906
0.6079491668533303 0.6089846410817412
0.42161000641824464 0.7376728171758189
0.45243265860546855 0.7964431477949956
0.8103454672756436 0.6198074646275036
0.7247672622332113 0.9127978734895112
0.9574646172635031 0.5563575426392493
0.4867143587635001 0.486621518178054
0.8870503070453306 0.8827132887214002
0.2733272790937398 0.3574513956259229
0.5412452620077679 0.9017560046255522
0.6469448869031758 0.8108350004509173
0.061055931293592325 0.56565791157777
0.29695843835292823 0.7037042219697747
0.2436314194269409 0.21932655743262752
0.7292922359514982 0.09713683117493299
0.06308921888695185 0.8650805887249664
0.2964496707214761 0.740454435237011
0.07269063015929378 0.9865276157586524
0.970459722872562 0.5342930618767581
0.023802955287879568 0.4647740902365629
0.8962219306151247 0.7758957759465124
0.13790614824744085 0.9622677474140162
0.479098818442679 0.3908146927630469
0.3070794622035622 0.694941963310481
0.1665705871892178 0.48219284450365607
0.5519799951287732 0.3040075650332663
0.8160796829692547 0.3073089055212703
0.14591479971318688 0.6032969502044032
0.4057210287309707 0.5467293632988686
0.769231556028471 0.4723130479121951
0.09857466666453485 0.48834981636859776
0.07576148075347433 0.7520950804630948
0.5838330038119892 0.863015782623034
0.9484762755311864 0.9726435132376323
0.4106047387139795 0.12643333824681413
0.44154980647679576 0.33513081750789553
0.440926187599888 0.44509646980928674
0.10337928907787752 0.20966007348877036
0.8101857927656477 0.007461271677316583
0.12538467964679012 0.4244012864351818
0.753700570826384 0.8524194803522713
0.2795806630670825 0.7119300047119015
0.21067205817443302 0.19523941934132272
0.8694576478516345 0.009614072412083008
0.2842375154377357 0.7617957681374006
0.7999102421746114 0.026893255434528918
0.9186510653916358 0.38602239661991256
0.5593744604948527 0.47713023703638235
0.9482719664973582 0.7301072911104876
0.8269668724672048 0.8791897312141599
0.24293570074061277 0.9429554370541238
0.2233109168533962 0.9236651761861983
0.8590403560882314 0.7169057087407216
0.6071467716496797 0.5050483120258038
0.6735912603328382 0.2910846538244489
0.35567523144796964 0.26965842265127815
0.726161775441043 0.3930071253230847
0.8760461554230363 0.2475630616153448
0.4639255212917306 0.05528392458536646
0.17855287831784716 0.6064783198591601
0.506856040486446 0.9694367246091049
0.6254593908146537 0.2874991980236765
0.12521527229637952 0.5290415712848313
0.4950452891030619 0.5666472385612351
0.8397200414253845 0.9881079934980661
0.14482345221132054 0.7439422636321578
0.46965802211051844 0.1423438973794764
0.5408131027280094 0.255807049065214
0.6768053928650526 0.8811561432852024
0.4948811279651344 0.8717064254696449
0.21449232136721652 0.6498315159016905
0.5221670497688058 0.21589669567290604
0.37232971413711025 0.024844815039589685
0.10062803622558159 0.4524597069951768
0.26248698370837475 0.9610444076206202
0.11521918790545671 0.789329542966718
0.2879044519092977 0.6284646713909883
0.38322613871164646 0.7180018311837015
0.3560131687432002 0.23680261057199736
0.2030975661937846 0.8316936942883981
0.6729801184838726 0.2591500503396018
0.19791873614730604 0.47339204348263
0.8398419892514852 0.7149229952943255
0.5577425444406483 0.8067288612719803
0.7474617872225269 0.5801028902755727
0.9843914169272985 0.02142132932446672
0.5257179462646482 0.05126996626230129
0.5134561606720616 0.8048229953718955
0.4944778997335806 0.877706130295203
