10 5 100 3
1421 1482 1068 402 891 416 799 1069 584 588
581 1374 1552 760 859 404 436 380 742 388
571 789 693 1487 1550 706 1141 849 1534 899
372 1453 1309 1316 619 370 1221 1231 1086 810
693 946 1506 1196 2012 1139 937 1584 565 375
557 460 1140 1840 2063 1706 897 1009 812 1377
603 1105 648 1175 1989 1087 1270 1127 1257 624
423 436 550 1799 1509 1540 1033 1670 700 867
560 1379 1099 1148 1894 1543 1947 963 715 884
577 992 1222 818 509 576 538 905 472 831
5 4
6 1
9 2
0 8
3 4
0.91852715249616 0.7784495725696463 0.4133048982868628 0.34251532440033583 0.39283761923775484
0.9009825728297847 0.8661383623195704 0.7175375938384273 0.9892670931375775 0.4149880001485772
0.6704033002670808 0.9541327984611505 0.3622512599200528 0.8455707098049496 0.21603424695784199
0.6449751553883502 0.8944725449003954 0.9145038008997299 0.9530659246475173 0.2739937422062658
0.6748866329101566 0.8506600212027855
0.6082912960922284 0.03628668774475541
0.3668783800179507 0.15598034041286502
0.986781556935622 0.9803043402674221
0.8223834760409907 0.45275021339111454
0.9260591596671683 0.6439165730572158
0.7205202611169119 0.5873947944292655
0.15809783273235545 0.847248999142499
0.7516025705998082 0.3610720467121975
0.6886695390168669 0.43418355942942477
0.6991779613688471 0.7843013268529726
0.046594356215763355 0.6456976460731005
0.16867372592637375 0.30791193861870925
0.3283375352308384 0.06547734100463765
0.8893572772982947 0.19543526919747323
0.2504624120529948 0.18693396854320432
0.8256617282894145 0.2179859969168607
0.8571186164299136 0.4414431360151727
0.496196113755915 0.6371740309269076
0.6786020608338665 0.2354548872064206
0.7044984248349802 0.4263590483389723
0.31640106316194716 0.5826088122887825
0.16666737077221438 0.042219124958339904
0.9586504838773133 0.2332813809592762
0.3534299194452464 0.8587428706667857
0.8891484359025277 0.6121435338477554
0.7788486139751176 0.30059390882957526
0.007217132243974467 0.1551839215578117
0.5661801440964325 0.7270745760024957
0.039110240124681894 0.643337695223918
0.4351136643589706 0.07913203635664723
0.4147029619135678 0.2586868206465447
0.4385960531638142 0.8731555157569844
0.7078871864832808 0.24693782559662614
0.5924689563904193 0.25981910672458985
0.5520157762856956 0.16691197415151438
0.6966061415070328 0.8955649633291691
0.5511863945246696 0.9943905595849163
0.3716100307345478 0.5146067770043918
0.46906455745074727 0.23622028673319084
0.5582918400160675 0.7411016677936977
0.23265432175205492 0.7340190459038569
0.5540100261333989 0.0024130005397020593
0.43418492786584584 0.6186262969820719
0.22783077768515558 0.1742210335971328
0.16126400673603003 0.36480668132182537
0.7292564644252701 0.73834484208307
0.1646533546374116 0.5471647957638288
0.5556188404458087 0.21409601479603868
0.9321774796250979 0.7572588825907287
0.839324050740498 0.23808986354424566
0.15052313037077547 0.4406529033823692
0.34680620868589385 0.7620912722763078
0.9683256285060844 0.8251295131897463
0.13897452004079258 0.6072100785189283
0.88316327162437 0.20664288859513769
0.7965114062491339 0.2977853493110467
0.7814617097421424 0.9556020081326717
0.8820100704729237 0.9102100200398466
0.2921068618357294 0.7129561661048447
0.6382072037416333 0.0658026860772778
0.2867402146657183 0.6599277881692676
0.9177599867188164 0.5072081796008299
0.2581673832013529 0.40477776373942986
0.7446417244819865 0.7740527631938325
0.641789663157458 0.10992399742839454
0.34795093559047485 0.7901974681445461
0.5208250056197812 0.530193490061645
0.6185266756905046 0.31915935882183
0.6476812279503175 0.008296574145637337
0.6217113517736104 0.5606336222674702
0.4416479849160653 0.8544648791686742
0.7242956690239206 0.968963654689742
0.1711220489017644 0.633164930137095
0.8645179394148745 0.5288435979851349
0.797736546730305 0.6945409143062038
0.8029344489698877 0.5858828031554497
0.9340178159151091 0.44598822563750895
0.21492311411043663 0.8039494438752888
0.1807182138749619 0.587366374870018
0.6886207549528596 0.8458885120203965
0.7673028017175239 0.44922830546168435
0.3031379497860336 0.6808557074491182
0.6991492689998822 0.7632426040820974
0.8082658590517304 0.9331088698125858
0.20603031721916976 0.6128983757420199
0.8172108696886777 0.059348734106722034
0.40362558017968175 0.8257610374800988
0.2304532578191385 0.8933284470064891
0.9472882011567816 0.7474057388740278
0.5990175359626595 0.4013910985872715
0.9951627712850553 0.8536683230528757
0.4851966883744998 0.6915424874023077
0.866683190070695 0.5201112557068477
0.7810308992874062 0.028828745788207932
0.3891379668482031 0.479475473361878
0.029330128619003748 0.9998187934189418
0.509716456056158 0.09774070490090714
0.5837213726530228 0.92271257513035
0.9087006692364823 0.9470816876219528
0.320823266032795 0.2400988333121885
0.22800597514765775 0.17062150127823683
0.9995810709178228 0.9354227189368018
0.306023285932991 0.9724972896845883
0.9960508815894717 0.9219401155492082
0.8327696921821768 0.706559788668911
0.09956396484879426 0.09235442731270083
0.8502209191781531 0.798626970018651
0.8698344666307156 0.5423247608081769
0.42822218071566875 0.8330556390346262
0.7864969301160059 0.8321850345062738
0.42484374266779157 0.1763914305417349
0.40079326022535966 0.8283165073183487
0.2954881134934979 0.18811746148095176
0.12363511262000548 0.7135943991750788
0.15095603276385106 0.2914669741093574
0.21746237837081228 0.9673717045479553
0.17860775450196464 0.8228606034667476
0.7449700418087124 0.7400709614991063
0.1535196735422466 0.6613595671551813
0.5150844041363369 0.5818812162052647
0.8100600171552301 0.8186875792657631
0.04604233495055943 0.5298600837312308
0.9627224936827061 0.7687840795868413
0.876992790376592 0.452215002214734
0.13484031877941827 0.38077461083955444
0.3886025357228351 0.1624578724843686
0.46140114151174494 0.4667910364328196
0.08840985525679312 0.5904615933908435
0.7519443689141463 0.1710690618153694
0.5419769816037128 0.2963942696760553
0.850976979400534 0.5941083807034109
0.5759515109756908 0.21521190323594386
0.5732409428054346 0.3211895857352023
0.15887096129406753 0.7141422618389912
0.7628514458557043 0.808816834605282
0.7205494773766634 0.7320964555936484
0.18678880881156723 0.3562248451197991
0.6248181243950437 0.29091301412637316
0.7566699368732137 0.20568536681116267
0.7812788623501361 0.9381378292317646
0.04009962707316861 0.41221920017259084
0.3726800467109981 0.16817853780393444
0.046504172391245824 0.11484954668554326
0.5851948822030923 0.9985200270884265
0.8428859125576698 0.8640406208694622
0.4781531296455117 0.5140989990204796
0.5184927205564018 0.6918164252207353
0.7104679932769911 0.9723598882206104
0.8124187074603773 0.42478072019027624
0.5900956750148794 0.8725435090474796
0.5570986090528685 0.3055783869198738
0.84658997465177 0.6062734281267039
0.4465634925359736 0.9469051899492495
0.16068289321569273 0.6699937498892672
0.7135298115526485 0.08331276361085393
0.5929224712153165 0.5309645037009967
0.8902563921082882 0.6268840777772708
0.18836741772931487 0.6256734897314533
0.13260761835621193 0.15585435313283247
0.6157586846592322 0.20016084073474616
0.017598305449741947 0.5764072196775238
0.35523639886375347 0.48060342547243295
0.4152538501220011 0.5857233170484304
0.7020183033763976 0.8349971244008338
0.3495977201860394 0.827013703091745
0.24349176412127038 0.7756548639763243
0.8384406092675936 0.680494747692475
0.04121500520206767 0.8430802302468969
0.05431448205579392 0.7124398653540231
0.6612263237853817 0.31922375438698625
0.7676544317879099 0.576530575606518
0.8556727797801633 0.30920347868717357
0.49929523985062607 0.2557678242693502
0.07892771930400344 0.3258938364914852
0.6672342516205876 0.8390367024278707
0.3966787122950488 0.6679144206816185
0.015721940719640948 0.32557981174416506
0.18968868576422504 0.668585522577736
0.568766393803968 0.36148381478282077
0.33887065945854355 0.8802483392606044
0.1109248612297229 0.963669166452437
0.0775449088309319 0.7670670256478422
0.9134702570997526 0.20681804972025764
0.050429950166744675 0.3834845297366585
0.8523179750068455 0.4735721048451291
0.6278431874866661 0.6312257196943425
0.8561071154474575 0.825949970620435
0.37074664009780767 0.16441092569446147
0.21826577683524007 0.8813544553252162
0.970362992061023 0.27387814806901756
0.283609561230004 0.2029317426274042
0.9409387852371931 0.38208718992370216
0.14461051687342152 0.9022454020251016
0.25371965248209105 0.3217189076708693
0.6742200523945283 0.5330150051768194
0.7143468873343053 0.6429862090995806
0.22935539380808256 0.21157704682101386
0.9002171747234442 0.4286549223679279
0.7259382414805591 0.4057814416721297
0.02937715514682626 0.8260111236611343
0.20982977911310496 0.8807730747166074
0.8304223397093453 0.022571556328714548
0.7759463312763704 0.689436297153281
0.5910085553494677 0.06654824009716798
0.1111882574699894 0.04072877966338928
0.8757445821299237 0.671541192687757
0.9844977640422581 0.11731604368506798
0.4233974468149422 0.9801408558824884
0.22917287995827018 0.29995537798554395
0.2954431303900955 0.9974205162836847
0.28660794112004395 0.25600428179166523
0.38921953264845643 0.1531711999493317
0.29163779271751955 0.2920802959605735
0.9019842170819816 0.23442609020097227
0.4634755129897863 0.8727231633912542
0.7314724146532137 0.03226275767399844
0.18365517017943178 0.2189696525175524
0.008270532814197429 0.3458938077954936
0.2922450040257285 0.9039820924421293
0.4652412393919585 0.7172436541781506
0.9446938028009624 0.19025336295541373
0.48146207147973374 0.027339431047815443
0.9151383051360982 0.3042752669276525
0.8966484545672668 0.33892160821179607
0.9530402851891537 0.34623223040460904
0.8249336329567569 0.8784300680808477
0.7342733013806728 0.16875720470964817
0.9049764531963633 0.12467646429899637
0.596791299804317 0.3731247384858467
0.24274384223730983 0.6658022578112655
0.5096646967186615 0.5612623647057333
0.03336685556558039 0.20137706232393215
0.42813298837165914 0.6082911128807633
0.6183045473232804 0.8571877275398021
0.8832081131231455 0.21016428238144935
0.21338581164254622 0.4354702551356535
0.4516501126677466 0.3499930125113697
0.16646531565214806 0.48079867848558844
0.6238883215245512 0.4546720736730956
0.03010874172294331 0.5102396170218815
0.9997872373520631 0.27351033089359267
0.8314240466477922 0.6365433125489162
0.09845503524215737 0.5772739667378888
0.029917805447893464 0.3396304444080229
0.8956008209033437 0.5776829340246323
0.27704431015589437 0.8724559177074473
0.8282684536687299 0.5132279066854994
0.0692584294393137 0.585716438783664
0.029213966637729127 0.387726529334282
0.36197071438567674 0.2100603515131707
0.8794645228548374 0.26793227919727225
0.37313267995377086 0.9827175107650137
0.646253659858441 0.9594735603253008
0.7528392019209194 0.804440574437832
0.5536911824974287 0.6517085872074202
0.1452190486867153 0.4777609087469894
0.6959743180833529 0.6849733596948084
0.8544025705354124 0.9432988251617631
0.4108340392256573 0.2900281195095975
0.6902104080128475 0.5009147032665093
0.6604241370149964 0.22316890599581707
0.9640541540616547 0.6154645638326572
0.41796335390648265 0.7629874713160332
0.3939602633471402 0.9249682638561654
0.09922075677622244 0.3716105694256957
0.7526029922596882 0.6791988521243058
0.6411784367163216 0.09380159731504412
0.3990378616081889 0.5820004522936133
0.02385095006447524 0.6505313867677545
0.9661806476134771 0.32921539482346995
0.7179979245481483 0.3024458668603638
0.4526233244972748 0.14745286332128948
0.5697502736917712 0.6778849943811691
0.6110132486321245 0.876963365439511
0.9403555140141306 0.8341103396222878
0.7945107213568117 0.6969491456754786
0.23645431026230512 0.7277771527890025
0.5706542384054296 0.8641689341596146
0.3596871000569062 0.6412335792097714
0.8491012105546039 0.2749232681624578
0.8756400969309843 0.7001410099429115
0.6489363051485992 0.7430777121948775
0.7369779221268145 0.040073950083065135
0.48246288544124427 0.6786854250067924
0.6946264319239195 0.56651601576055
0.7518034934270676 0.7655724615162509
0.896532829784048 0.686964458512938
0.3559370102490831 0.2773703175316533
0.41793430680527055 0.8202319973275971
0.18144158702030455 0.16773493342986967
0.018128169226677482 0.2750125991199335
0.44261187985523187 0.3118383337635533
0.3708484213556926 0.8238026427201808
0.24831448631377295 0.24401376694926968
0.3719448300859196 0.2607669939845185
0.760610436902289 0.723212907981992
0.6571609048640705 0.3142068269963765
0.9285927895324464 0.7533110568998191
0.6452974596434731 0.6387782254292538
0.6175624908979185 0.14732932326548576
0.19746585685009532 0.40414186277419706
0.2971154479783582 0.38710503989964873
0.8701650928565448 0.6581873873081447
0.5029496992429507 0.997952952255156
0.3550939936857065 0.46112445217199216
0.2368141444073235 0.2239172342937199
0.7420136192792299 0.30712113888493864
0.09233093929149461 0.5732600133176085
0.9451886959983242 0.43900182176278824
0.18991377790534214 0.1134976133519443
0.5815435395086861 0.16856526853905107
0.9617716420970153 0.14340917131333764
0.7474381254018752 0.8041954027451388
0.22034483912321723 0.13922302628348815
0.9028504341658281 0.5931069707711574
0.5274640827416879 0.06257612021014691
0.6371145447840254 0.8851803532546614
0.5202313980444024 0.03342269740991899
0.5659110127790581 0.0017436243294233211
0.21803892665121682 0.9372513202939756
0.1331601522659578 0.06163314103235895
0.21382348553106723 0.9458891947104324
0.6541279719945803 0.5054984820434199
0.9998741412104744 0.8165581417299732
0.8301461355901201 0.759274382005807
0.9433335649339816 0.1581808968344025
0.010836078960997364 0.39379974162994746
0.8562163518196448 0.5615615009450592
0.12513425668270384 0.44871738306292897
0.025732937412468182 0.45679059919973497
0.4560541676332055 0.8025460477853297
0.04743597424898938 0.8829143079153099
0.4329115290356995 0.09516849580829634
0.5379358924916315 0.9249466037559055
0.3700905438492892 0.0290762505651998
0.6964568224276553 0.6306328258217744
0.8419970709110325 0.7568604954576879
0.5060819861896488 0.20974959543546468
0.8012219926292008 0.6922275013482344
0.6818743509439193 0.12548650527510152
0.0012229434519483995 0.24737731808651997
0.13945269087979373 0.8530813911798998
0.9435486254977139 0.4772975423747232
0.6180851957386184 0.02198777438684707
0.11100883086082303 0.277931557185066
0.848702357790492 0.41349976181979753
0.8490691060055373 0.8561192588606654
0.43506228179317286 0.851296466439587
0.33743556980899037 0.35186787545286835
0.04810458058983391 0.27145716839295364
0.7205043570097287 0.23642193808952205
0.8034293132828545 0.17599763685017633
0.9722171271980371 0.16944585754272556
0.9330191482815071 0.7996870302261654
0.9606038537829724 0.8142737074884261
0.8029259365225965 0.5680608867004107
0.5309927974335629 0.22638843525166052
0.4250486642878373 0.009492183293705159
0.106022479314001 0.24992700076458507
0.19651453810753305 0.5163434037856227
0.3093389944587266 0.3025715107956468
0.11346766402170338 0.8137594735018425
0.896363664410442 0.05094869732758944
0.8307161776874208 0.6417543853250658
0.7204691377196257 0.3780913991674044
0.2841402908163464 0.48567882228788206
0.8029721844124367 0.7313975845797858
0.09965686218337577 0.5582378674505146
0.03718678572945611 0.4930397283733192
0.6361729663330091 0.3019711796187299
0.2972563002102371 0.5980955689469056
0.7777925452156715 0.09913681080302683
0.47578565732042644 0.5340290903332559
0.8882293986698548 0.5644245784342197
0.398944247037162 0.4208967184382777
0.9025973305910746 0.4574512667661461
0.5606412762392816 0.059203175842097666
0.44579293729011016 0.5778723669801538
0.283265570276493 0.6513931554344059
0.5262696537363019 0.4928277376922183
0.43814091586204884 0.3218029945590557
0.340092321475328 0.6319910192121843
0.7734554949580086 0.1909620954260809
0.21866840445418645 0.38517352613798583
0.7657644077288046 0.7120272850979312
0.7046884202822601 0.4099318873741833
0.10071530752814706 0.7850940096982344
0.32564159205762655 0.9381605546845859
0.09387252136279067 0.28164588574555394
0.053281563989557856 0.07090411864050417
0.10838219269051574 0.5663474015676622
0.06424460164302648 0.7663899926034432
0.0388124207354652 0.7123251131504327
0.1407499576682396 0.012499225877138809
0.30771207268900946 0.5746487227590313
0.8288406204359189 0.29854323869624055
0.01593970803593292 0.14469862388917898
0.2656129373764091 0.018669688391471206
0.6047769239767031 0.4692662571670203
