10 6 100 5
696 693 741 775 808 825 878 857 797 752
725 800 766 799 926 887 962 858 822 806
805 846 895 901 922 977 1103 937 917 869
829 914 957 1071 1084 1159 1310 1047 929 887
850 1010 1025 1165 1277 1300 1571 1270 1102 978
921 1063 1149 1521 1408 1631 2118 1551 1257 1065
858 954 1111 1206 1227 1285 1598 1202 1124 942
795 872 944 1016 1099 1144 1269 1097 975 837
737 830 896 887 978 990 1077 978 873 838
735 769 840 877 925 920 1028 864 830 809
1 6
8 9
3 9
4 7
3 0
6 3
0.8400614572934493 0.6643860248708001 0.4552410930236498 0.5459187228973479 0.15677154769894833
0.9862090481888712 0.9378708565099645 0.3775449361320974 0.8529035365713409 0.3084038258333103
0.42370906769567274 0.5701887111414586 0.30320456819850883 0.4789827485569016 0.3950121113711752
0.5682396607191742 0.9927969878201155 0.8883425943885814 0.33432300827108896 0.4481859598241197
0.9665328931828931 0.8481715736999109 0.8113731525212045 0.3080339508288681 0.23565220691135202
0.5131583336919765 0.3192060180991598
0.2561008296221483 0.9893760434351146
0.09588966339546157 0.19613695550057564
0.45901665391426216 0.835722503391547
0.6662409060808778 0.3953987503799432
0.8088745519462863 0.987933812928957
0.485463866034642 0.19181458600755463
0.7895634458337948 0.4903922947342665
0.6517385166529135 0.16548233195464923
0.4313734175968085 0.5784821601243346
0.4960662228084536 0.43872127913353465
0.8082859270122902 0.3149258538446984
0.7548699017569851 0.9591185976165053
0.5891322096434735 0.670545918927874
0.23835811082494396 0.29849720687833425
0.021301656312175288 0.12141192150840152
0.3635755635433613 0.9415035558853453
0.9616316181553419 0.9629077628802305
0.42940189767697157 0.08903744789107959
0.43468970840423204 0.2473468806058703
0.16275776916825513 0.7594877161054969
0.2638431359289335 0.6920740314045479
0.9773613659949543 0.7709407706926443
0.3016640597043214 0.88803557914654
0.20406873341949505 0.818904844497286
0.1402521473525491 0.24389955784330164
0.3759117052347092 0.13993925946478702
0.1306452340092703 0.43970630570162195
0.8002630335794938 0.09078697213989573
0.9071741485857283 0.41031291086177757
0.500625424872781 0.676830352272705
0.967313599067221 0.529912812297157
0.8382798267589333 0.4705973875706835
0.5187729905107583 0.5232488087380607
0.44624597617043227 0.8066763555837331
0.07031560881641763 0.17306438114803635
0.6266704536844858 0.15531392863815863
0.15094657373553777 0.8416467404403913
0.7773374418231125 0.7904308139551721
0.46828245614643205 0.2377316735286541
0.04796033734960781 0.8786128114665432
0.07377654999430217 0.1463595333915495
0.33205614106052717 0.2019491141236791
0.30215859321883154 0.20406180591928402
0.7761704588335512 0.5592650031928252
0.2883041227901977 0.38368450311810065
0.26653120624195004 0.2724276015107838
0.42489304296416863 0.42348033453211076
0.6179094981304398 0.2715916105380183
0.05414766637319124 0.5641574658214354
0.4899008691272315 0.09454020278722441
0.5511372044496001 0.6572762188199903
0.5680096260820213 0.09704298514286758
0.4870115949781624 0.05716193085409316
0.8485147279327672 0.7679806525836752
0.048306175377649696 0.35735163628224464
0.47092822315709304 0.8413426750977548
0.021941472638536297 0.6524451716065411
0.8911525138985432 0.27596990887613515
0.22462046813752656 0.8590164562579621
0.434189506889491 0.029309028833112816
0.41958805401323107 0.40097082339982193
0.6763586339922647 0.08502911265499935
0.6517287754809591 0.9476201046440189
0.4556583791207829 0.1836190475001993
0.3721417609597082 0.8840160931865606
0.05836185594798016 0.8249638792324698
0.7690894435429219 0.5589332828123101
0.7700908749810804 0.9577983895639186
0.07809434048084785 0.17470368494066046
0.28591000665517874 0.6865619731470682
0.13246658068649908 0.5978653206020039
0.6275883306114443 0.6027220928285388
0.74851257907252 0.9738791716625514
0.38914043362095807 0.17829869635076712
0.28267302992788346 0.09339437563459008
0.2401043184072329 0.7632482670358012
0.4688860647688926 0.8183653715211308
0.7336633562179429 0.8466166035000842
0.020931198635789183 0.36123910840507234
0.17395039754597685 0.9975905560265519
0.77092421174184 0.19779878392982586
0.2348103077985806 0.10105039635029267
0.6795426843384011 0.055215985744039076
0.24684805312481806 0.9901738639714173
0.9544408164198315 0.23849038245563814
0.9398240949531593 0.08941744703686982
0.22023335233113572 0.43309137231017614
0.2724553047795433 0.7474936200030031
0.30963812053051076 0.2419923171343099
0.20810384059627185 0.7518477043815628
0.3796961077881498 0.7322788753795606
0.21830869157094157 0.6666607707706824
0.5815986654605079 0.21457174594339734
0.9014952775548752 0.15620759416216834
0.20149753676837134 0.33207090768149716
0.5608563419570327 0.6783288268934398
0.15739941436000482 0.5428032178130602
0.7294620862330994 0.022365933953473416
0.9243599774092011 0.5649540120075331
0.897210513496786 0.34025939540614547
0.8186008996838963 0.5742904777602673
0.9634965102298387 0.6058290122594647
0.9057557966099585 0.32972063542698726
0.07690587937792626 0.7042239869855784
0.7046291543155785 0.8049720681866435
0.3989194986599889 0.7786118413048249
0.029948027507213038 0.9744094441609423
0.9873889423260476 0.6657942352116262
0.4408811208073131 0.06076841410994893
0.14865297911672348 0.38232669500889016
0.3576840216623731 0.4426375627119492
0.028298545078813797 0.419046260687971
0.5162814744834805 0.09252704557732683
0.44113016476639966 0.24491154797667303
0.7519205597262781 0.016074403788810976
0.14089811155240373 0.4196407109877134
0.9130358278396209 0.8010383100342284
0.8386034651980578 0.011428645366587054
0.8350729622491109 0.004083409104751912
0.3881963929795875 0.0599605109905772
0.9795913764274666 0.8860541599996656
0.9046323960946121 0.6436625896081107
0.2785433784802598 0.4824502018229302
0.5350454855293263 0.9210534530479204
0.2017322873150369 0.21494231750561665
0.1033243517218223 0.5212218035682505
0.2830447388255932 0.03028362285523567
0.7945351415774513 0.1506911450576991
0.25630451274706045 0.3525466272263904
0.19976086404028015 0.6612362115239889
0.12812559202373985 0.6932837266869951
0.7758036478189367 0.9477549370900864
0.714954002666115 0.9450981818817963
0.2177938216393085 0.8632677605458579
0.5117467218086886 0.438210827420368
0.7446014554738176 0.5637924750243917
0.08368821166149965 0.05495428180205475
0.8590077636288096 0.3307234195316866
0.2570973432582353 0.936279450608553
0.13630389424841693 0.8409896369774659
0.4421610533987854 0.8235025353853271
0.4931693215983435 0.049427606969272286
0.23142466599331502 0.3677226743326556
0.9111300194651599 0.6589288409443459
0.38828234029720066 0.39317204689281526
0.9580943309534464 0.9083792007073452
0.1532014866846496 0.4802678910747029
0.168383662219995 0.9042348122170096
0.2589587657763486 0.6533865013313414
0.6990896095602466 0.395733031036958
0.00009613346704595571 0.806058068976111
0.13874001090588872 0.2522483969407714
0.32435074677232656 0.833730486741985
0.2043937960975899 0.8424700924763844
0.406123769477597 0.537854583952605
0.6551832061552743 0.9077239468052687
0.17379312785465695 0.3237509380281727
0.3029668569624093 0.372503689422798
0.4145243948911408 0.5722102956584856
0.9283371115911605 0.6944151282999285
0.9154463728674525 0.12282117693587424
0.9810793822871173 0.7731568150045509
0.7885524871687439 0.6290116312219027
0.999817589824755 0.18632498913245787
0.17780646600024808 0.2515314515724101
0.9089806001491578 0.7649484043172534
0.3593313932762887 0.20510520946952626
0.5565727837622945 0.5275828562520344
0.7886582024699589 0.2970549627094141
0.492915060142634 0.9028207134886805
0.7493028618512203 0.5857696709594722
0.01714661133602169 0.7101064245852862
0.3619422224602482 0.5597300140919184
0.7861564927014015 0.3207595497519722
0.6878337406521098 0.30744621011595585
0.37780969441903833 0.25887868992674923
0.36739647762392424 0.3671082331835047
0.2661603782557511 0.5956900139152437
0.26219348423410804 0.9499437945038252
0.5213724912854962 0.8057563836319321
0.9662339496858647 0.611304189139755
0.5801890402531265 0.4352406630100709
0.5782688563259197 0.13978865278416497
0.16798217914061908 0.8219021461387317
0.10994718935892056 0.2975182056681547
0.7128657870404529 0.308490728037333
0.28183273952812704 0.816617046815288
0.6370298646404617 0.25188023937967685
0.3315502822003995 0.19496260801950616
0.35316805374056526 0.9689230167996288
0.6979530856534466 0.6077530168080709
0.9397187775875919 0.7463037878696073
0.5072647721977599 0.48571289216720137
0.43552949769219196 0.7287702368239672
0.18300122811641195 0.9175181631130269
0.24615895330849957 0.6252242748611958
0.10387366768356276 0.5845827743070584
0.1989192961341546 0.8176451953434891
0.30283957870116196 0.9891028294695077
0.2245037076297487 0.37092393876234975
0.859699867210969 0.6539645781448529
0.6722868733598413 0.3325186829124813
0.6517113726248565 0.25161253490662316
0.9051169027793311 0.9627936651103881
0.06013570678391589 0.7848344976205504
0.5299464066345743 0.13333023734675198
0.6317072183689565 0.40631332870668535
0.984218847541932 0.36481570366761695
0.582243601445646 0.7511186323997889
0.5781805011828116 0.5867236027678064
0.5553128546957848 0.357442228535241
0.3379639194802073 0.8134902809584346
0.5715947861205668 0.625892504628349
0.0883729830159492 0.2936463821712434
0.6017489453998637 0.669533208120979
0.9235923293675816 0.5435839347151263
0.42765569273465576 0.1877870287892376
0.6652682417006202 0.74109630561376
0.8141292274128926 0.6082119054373478
0.01554392500482571 0.11330125086004195
0.07120306123517595 0.19635282473633775
0.08850356819755145 0.04210071574984853
0.2446508632779789 0.6624845936754875
0.4702020982412174 0.4960017526664591
0.26193881352702375 0.09000918104527078
0.29696841689122455 0.3116573894678121
0.30770749873244774 0.6140329918868703
0.08482571390911509 0.5638245561689326
0.005069585501950469 0.3107705503956626
0.9438549329741568 0.02227842890494358
0.8369806815635981 0.49259054246035383
0.4077910018648043 0.7566333927305915
0.29889899168564105 0.2657786546643117
0.9377587381880528 0.9283748436786272
0.6552023438180057 0.6754688440042529
0.02050291149941974 0.17634526761520175
0.5649362926983799 0.6187900218200708
0.8665287143027935 0.25470510390629686
0.017094379168488993 0.479963339363225
0.2887626938527612 0.3810858369968655
0.8393889888786399 0.059630463128510725
0.07987986566857219 0.6824875073911405
0.11666514009184437 0.9872782188313363
0.6711488831958969 0.44418726966169997
0.7517069388301993 0.7179806825860422
0.8875695951398241 0.2036530752409791
0.6476774799973493 0.6643654100899479
0.42093079344230855 0.48637846506737015
0.6046670825688172 0.8713769511348932
0.6130268563355699 0.9752782460261282
0.8928548370559104 0.31307631216438203
0.38326511051429657 0.5344721989164436
0.11166948755297534 0.9149448010186216
0.3383432838097866 0.7871801118551767
0.48876154548444495 0.5882676547480417
0.9951021857016118 0.6914630456484347
0.592307364601802 0.5518784677783217
0.9933036273718936 0.0770350971525704
0.776154302981034 0.3669554900851586
0.915940627752555 0.14988375735096837
0.5741511962254784 0.34203464080128265
0.20412686117616685 0.19918926392768554
0.9626827794429123 0.9100105350209926
0.6979938822567997 0.22185447172841366
0.7946215502987042 0.7870050151136825
0.7417605549315764 0.9480364115022248
0.4987975411792489 0.3125013481142218
0.5960813339560218 0.6845299438685288
0.31079377031082966 0.9247815251337368
0.07525686992000935 0.08203857110378876
0.41400001357609506 0.5530389032888421
0.06989000416709468 0.5725552409000896
0.860324419250859 0.2872216978333233
0.8006021200710203 0.5816601485197239
0.6058382315541051 0.9703661822543985
0.5954351016262434 0.6683019310585943
0.4150328101400276 0.4715673114861807
0.4524310290796181 0.9805616160557991
0.20860911546583782 0.8982833120033649
0.568497858212099 0.8277196102397149
0.5634368438198492 0.9268313612390371
0.42139874032517044 0.5010260899481997
0.32802786020145525 0.6855692571429253
0.016876524490833766 0.2775607250338863
0.1983509782775521 0.8012996303630717
0.09453883652684092 0.21327970453976075
0.22617064540531184 0.060861803087825406
0.6352964372960206 0.754056087757953
0.2616590491675286 0.6718778139269304
0.9604935118218458 0.43031236516933546
0.9634988934019835 0.11130427455286207
0.6980094693907335 0.09963415869984127
0.07329401918921907 0.35059817897727585
0.9533935852966848 0.4588751422458537
0.45225011697216244 0.08549506744825641
0.7971029757928587 0.9566223531790865
0.47777377530004284 0.46498784856774344
0.6617846584304989 0.7377657175388752
0.1972532203502937 0.45011568806165214
0.29134705039910624 0.6610154170177138
0.3119350165977559 0.4844735376243994
0.2655270420767739 0.843133617472591
0.3760889629711057 0.5334179570770883
0.6476459855672179 0.6692903702064446
0.2992996440907425 0.23768504724511952
0.8252301890966063 0.4236123386230679
0.7705112147090643 0.2357370989315879
0.109865492732246 0.5512020028793598
0.05956060063934299 0.27618926013616485
0.4629831300956746 0.1743031455821824
0.1290343942544554 0.15810548274842406
0.31447506775575684 0.48080077225780427
0.6919056701785626 0.0722454436732185
0.7968560165280394 0.6434440526555325
0.31160315352357015 0.8158590881718759
0.007152841047530778 0.4871258056499548
0.7745402223437075 0.3025703981946932
0.23132114543988336 0.15842392467312605
0.7732167111063655 0.9868922525784594
0.7633931136659462 0.479063284326539
0.7780529969976604 0.4921624382388612
0.37288401176244634 0.8068456752602957
0.16034929593246972 0.8552588851334741
0.6823453314546029 0.7209026196708548
0.38162700529106575 0.41940491966631277
0.21778558681657456 0.9916650498347808
0.023888488521410123 0.613532003028475
0.07696896745756443 0.3325390724083195
0.16217293838498992 0.5896121251217916
0.8384722907708766 0.7599731281297784
0.9578976393417249 0.011771689318201384
0.061430038453704316 0.6827226383384377
0.8476235517148252 0.6928691075601263
0.3621481422517665 0.19771712618674941
0.08503634951475147 0.06933022705008707
0.9008975963644235 0.7826474689974414
0.03376561760078922 0.2833620757942694
0.875825829728657 0.4888745040578759
0.7215496834569872 0.6555460991638737
0.1853582701146803 0.24627169205175803
0.5754499585544604 0.817621698180939
0.3028502665796473 0.4960752382315152
0.44521456234958445 0.8805194847112991
0.14243801084576102 0.9670580427179114
0.2990833436019955 0.5445580947417017
0.1899550400345904 0.5077836412573322
0.24543551584905643 0.12585226637130376
0.5977171599559297 0.4984354051141193
0.27564389841238457 0.39375146421203344
0.20217372167859615 0.43818605648340836
0.9607991969639771 0.13024144053880393
0.6792112282289571 0.5887194736753654
0.19553064699648015 0.2801144027577529
0.15635291232470427 0.6822487807632134
0.0033129499019495245 0.6941970702758031
0.22924930966633705 0.26969160977388773
0.9414715289004125 0.46592713074756387
0.9100621549178891 0.8639314272697238
0.9633007583918229 0.584608528966899
0.3956557858189085 0.6780591053661114
0.009291533359469861 0.9751979726353577
0.03173924041422804 0.9150644356812419
0.840413693209064 0.22924091977150085
0.13498280963878306 0.05286564324473031
0.699277579026494 0.9111642840113507
0.7115153600697608 0.3534620934975252
0.043361605668393866 0.5561128216443623
0.34941617978765827 0.5231108816085446
0.485190067095044 0.3084269257140537
0.5036211822277559 0.6100473620813556
0.004563254401290351 0.5817212565830403
0.0726486795219976 0.5165938908521401
0.04173958772762787 0.27042954335543956
0.16763601324363098 0.3516017166878216
0.7421756735346008 0.8961393091147027
0.8456268746340729 0.9217698052782051
0.1342374112743001 0.13863286210896586
0.3819897949974067 0.42822384430174876
0.637549467547452 0.4999745564288314
0.9017498075497463 0.6065747192500104
0.13218910789980653 0.12487568287483408
0.2478423076501306 0.7887186669280286
0.2464202410110201 0.1706063781541054
0.17045240881065937 0.7170325148611476
0.8754593960524832 0.6181820360965871
0.18158567515326607 0.7220153815740544
0.40007427561309505 0.12120051694750766
0.03880550115789072 0.8266736816110434
0.590039240053289 0.7771549528266253
0.12667175524887586 0.9042369377025592
0.09746674600246519 0.4686761415159968
0.6483839678758552 0.8445300154527291
0.20514368903680813 0.42229807217401816
0.7912865178209025 0.11626561614549069
0.3123982361696671 0.3592647916777232
0.9960085285049198 0.07139360620060642
0.7835423340350736 0.8499824634155717
0.7705057883967947 0.17170656431128295
0.5271104095683894 0.6423532061134365
0.9565686619824225 0.7035419313147036
0.3944895426686248 0.7685722070967007
0.5120955585549367 0.7543076261123436
0.16570345026414302 0.1712230906208445
0.7982783786162264 0.09820960347163821
0.794459466418292 0.005336333802150595
0.08224584351478348 0.16240275777099922
0.6581896230413797 0.6929295574788534
0.28514827173286217 0.5322021222530344
0.04984853610334117 0.8914637979692446
0.003969017137845254 0.08282909340804245
0.2889501463401978 0.8372189391623617
0.9757489565831006 0.6322223631577999
0.9608005215519844 0.4626588210006062
0.9686841052754689 0.6031778546019679
0.3838688569015891 0.20743934762306804
0.363189125322922 0.7510319784302746
0.6422556515376796 0.7984902387904538
0.8473365246045694 0.19127302387786105
0.8773174865613951 0.392092308268325
0.857156571178803 0.26661799202289727
0.11348888597540063 0.8863044537165925
0.958588843429151 0.5560602395881851
0.44306744811474363 0.2745132578315006
0.5181550603024041 0.9228011903821218
0.513512088908441 0.6891755092949365
0.011112386450696565 0.4489714021810376
0.8584177376667317 0.7619938691806827
0.3540933149986265 0.6332407631617212
0.9598466712556977 0.08334719923332679
0.7307451281698965 0.7069694302607261
0.9817275492068585 0.5057573327224305
0.12229850398420283 0.48846120993253583
0.7734981006349688 0.35647078810692046
0.43049881192675965 0.9406652367271489
0.5952782292102801 0.4765790533765295
0.5179005618761003 0.7487214797165664
0.5038282092475352 0.1534624472002244
0.016801254511882302 0.40702597350731806
0.34453808207956005 0.06954503717844629
0.8904158132622555 0.5521792587318566
0.7403955165674181 0.28600979055569575
0.005475011471648861 0.6172903696867094
0.8737152946992222 0.22246893663011136
0.4616432027071784 0.2828438833038429
0.5942667440851022 0.9916286902876854
0.12926971072084092 0.5997205147884241
0.48890832120549765 0.09653800624139008
0.6209861617601387 0.40964584876372334
0.16611357136373117 0.15014348409224687
0.00079179546613517 0.9734173605146037
0.5421892297617614 0.6437154082954131
0.9391460192088066 0.5834901138209299
0.12033461644772903 0.6449368438436551
0.5366019641893787 0.3938353765974587
0.6572172592501202 0.010424387228717968
0.6305782479846815 0.5606160692685342
0.19760871432981997 0.4910777548000762
0.641520675457145 0.19495945405372916
0.10822099991436618 0.8930916483831426
0.2512871245375081 0.8285545592741701
0.8390883867758243 0.46907335763230984
0.20479450219181938 0.8726086805305378
0.7386282281663779 0.7113331198927986
0.24875783557787612 0.0007203731962055482
0.0481182111496774 0.23987742620723873
0.24980919958731906 0.5759804623531772
0.7451264332285501 0.8899363871764441
0.11043702191465421 0.39153733441251104
0.6362791790911597 0.3423734854177938
0.12230601557142484 0.09519221436456649
0.7793449933612462 0.13681160465512487
0.8927373265070362 0.5380299731350133
0.8662046896575923 0.8729867396257474
0.6270352222216127 0.031127201574657537
0.17110236547992153 0.8100813089938563
0.24099577871382927 0.011210247760204073
0.5834135764529267 0.848317391592925
0.37558548958324 0.6239924203033835
0.6753113565134075 0.5248749855548824
0.8360510453456629 0.12519799380126773
0.23749539742912318 0.5379045331344219
0.9131351127888936 0.296562693742489
0.7069555138762558 0.6829104402926804
0.9096901198908569 0.9963886814452838
0.8838957972113719 0.8793209441711975
0.7559922694242027 0.2777161194299176
0.7322253569027213 0.595558033483617
0.5106853853398134 0.728473512452009
0.08219546875754324 0.9185671520274055
0.30626335951798134 0.9243777608257775
0.46212745820349577 0.9591916337409678
0.41524904984755007 0.4373221621549688
0.7189771590592233 0.12891406872128175
0.5060953140213218 0.7100839437311963
0.3749078160886179 0.5996221555226875
0.7062416675083583 0.7451823885607674
0.2133799025155596 0.0636223991397531
0.8855207976778514 0.6054405002197527
0.0015223603902718708 0.13234216097212803
