10 5 100 5
834 741 878 602 869 767 904 1154 1212 654
1184 1474 473 1240 1543 770 733 603 826 573
1376 1259 488 920 1239 1057 1461 473 1475 1053
1392 1107 1418 1484 467 529 1365 1353 1063 1063
1188 460 762 570 571 1251 537 1286 637 1175
784 1013 1302 1150 514 1310 1168 1573 1462 595
554 996 1582 1280 615 562 1277 595 1435 1364
1080 862 1013 1460 1428 450 1535 1471 928 829
817 984 911 1507 864 509 491 791 488 878
1074 1446 1519 485 1226 909 941 489 1598 1373
6 4
7 8
0 2
2 0
4 6
0.3399447808694431 0.7325047746419437 0.70382081384156 0.3981069440678478 0.2934623269603578
0.5272644480775442 0.4294544601714998 0.5151406729423598 0.5610973918463118 0.33595493184804737
0.9443922395174993 0.8592780010237482 0.5229081845182204 0.3961534160596862 0.32742801242779584
0.39898706504018705 0.7950809701258414 0.363520769803954 0.44864625256296997 0.16551367662637223
0.004754169980650813 0.530376293575453
0.9349551888312386 0.5615359824511259
0.19739402623270674 0.16032231111439543
0.7800130702737187 0.5200724311008149
0.4326791930770577 0.2802377432126233
0.44474038587704356 0.8903677482966514
0.24785535822086868 0.5972530412885684
0.8203037461405209 0.048455166547929585
0.18912916992919415 0.8930214085691046
0.35170891552856776 0.06941298642690263
0.763873280435823 0.32217588619268533
0.39917689467109807 0.9398894038425931
0.9219243608499097 0.15677729739527413
0.7467299635436471 0.08373028547208117
0.7886113651789854 0.9858272718435359
0.3110978619472968 0.8981143207702385
0.5056378448725705 0.24018637561460188
0.5625349227647862 0.7872420383133976
0.17239789748315215 0.4334051658468028
0.28122863855404967 0.8447902775799885
0.3993919210114325 0.24982222062706327
0.5237700343481668 0.5373130056081656
0.8899836584055312 0.5276568213551867
0.9496209209885389 0.560231770438844
0.7413848673858652 0.017351559188931942
0.5667666871023744 0.5993209677791522
0.31363522789250364 0.8664181292472273
0.11993764522153527 0.8126631616376423
0.3954418880262065 0.12233116353616613
0.24780474610753767 0.5579221567496173
0.11655192124026437 0.9612964736375318
0.9807562919392507 0.17510824764075505
0.973685647598016 0.3620797176389672
0.12777267392384317 0.25977419948515856
0.6641160932882668 0.34952843171654835
0.3449965902745502 0.9426488860337585
0.5483626092551201 0.0993526253713064
0.994758075410886 0.03696063103866143
0.15443917557708575 0.4430725748469879
0.031011791751574425 0.13896724713516773
0.578307107030748 0.3194215574988557
0.820455980866174 0.8347143016701011
0.3361730855530942 0.03215982317371657
0.7266229259356656 0.7319155753026809
0.31527897678171124 0.16583317055277358
0.15344250290193373 0.6720237506129154
0.815742188039948 0.0062801638268557
0.4461425866161315 0.3413197343716976
0.9873906705831113 0.3248630303938953
0.5269160990036166 0.8125876984719014
0.8695816867815895 0.4698860249513337
0.9062369401060233 0.8347054650903842
0.3523636421676821 0.3152131952479007
0.05579209981464106 0.3215801230263806
0.33198671236353117 0.4850104196803804
0.7889663193319212 0.3772941232374636
0.3418628704160811 0.8669922363130131
0.82334453160645 0.512127210554091
0.990597920572039 0.1664272239145168
0.9282123497590622 0.7516445624358068
0.5891313685133672 0.8373176216205727
0.8656135503197335 0.06903371152695326
0.7371418705901864 0.687969860946259
0.7461715996855345 0.49821466612859866
0.4494683016738661 0.6102116756903748
0.26347310788240574 0.09124530518813412
0.277798540121992 0.2113555105952163
0.30195717186678284 0.2888592224134583
0.584198064751523 0.7456895748409533
0.9061898660194481 0.9233521131951186
0.9692639360449555 0.9291543090014478
0.08138731709423519 0.24251665706058545
0.6995777184931715 0.3274880478925002
0.7376735417746838 0.6442708126438867
0.9052017364487983 0.06668535755530436
0.02857390238252755 0.7218424506830512
0.9857058950780291 0.46463761171905915
0.025564115026457612 0.17368232355897129
0.8397695835978127 0.20706093489939348
0.5666702085805326 0.13084937546274622
0.11078772310657725 0.007915134941062885
0.35868634537110533 0.16405858176930566
0.12704500988647238 0.1851412422590295
0.8298284958538269 0.335238055881252
0.26005379651707927 0.5639093045520212
0.5765340925227422 0.890975045007748
0.29987710767776665 0.10015821843995232
0.6762571412353744 0.9967760153403018
0.7443561500035587 0.3778002986997657
0.049357378215396874 0.5719285748780745
0.7819431904912479 0.6213125277973899
0.9291025012416672 0.14649600936496165
0.9935311127659998 0.5173033170037984
0.28745034715305384 0.9381044419614322
0.21071313627844668 0.0757016228620897
0.16186833215674556 0.7985745059151834
0.4729096451332633 0.8505459702030489
0.7474210999691255 0.16353146591688694
0.4850787885981451 0.6268212040900749
0.8030133034148845 0.24533583924916846
0.8221693120779714 0.5885312348694527
0.9053435875596663 0.9520194441694636
0.10901721788904717 0.7305908717652561
0.48301083885134943 0.2846357927797234
0.4012788459290524 0.9299180894780301
0.09397913114617129 0.7808226578467166
0.3285644138469641 0.994427698939423
0.11878680447937628 0.6526876295406554
0.7523369754338207 0.21707148716902003
0.019107598933629788 0.169019815981565
0.3754160823538635 0.5812262923039968
0.0569155403383248 0.5917761965955848
0.4473260648661743 0.4267542872151249
0.37939658389537345 0.9318401587643308
0.5341302136110104 0.9012329333105944
0.8556104039483341 0.875931080778267
0.6274312579119683 0.41978706418585565
0.9729717682345187 0.5593869258412627
0.3940056887908354 0.9864985795721637
0.4563199749162554 0.823207147921311
0.3030377246452527 0.5194983224137364
0.13373351624650298 0.10147111623261851
0.7985235323571311 0.33931775841367884
0.14512326186955593 0.7919119035665358
0.07416819136591113 0.687245255929235
0.9409394243303033 0.06333579501516295
0.9279072774607053 0.027493836639377767
0.535345446392822 0.6014289154295642
0.9323480509640598 0.10347767109898087
0.637629175472316 0.5105212389158746
0.9836255312362416 0.6922557080884322
0.5891514933205597 0.06437387685766183
0.38804698676327076 0.8961996715368319
0.5110568889999825 0.5960827947179224
0.7484748551010361 0.8944140259828302
0.11121336572511087 0.3031291315049045
0.5934486634541825 0.8036590846297598
0.5740843218648015 0.1867808661123882
0.8814499318749758 0.9544707724010699
0.5048421095515745 0.39225151479988996
0.17209165743463517 0.032138911210862764
0.8898686734793526 0.6614242815273821
0.7561483782988965 0.5740800249056486
0.8372891667286557 0.39063054388273266
0.14351305099695466 0.6516250625370985
0.04540899403462517 0.2997159304006052
0.9330518949635023 0.7021500359992883
0.3075088915195874 0.48658213924271987
0.024386955116659115 0.5796942720428901
0.6554056116314582 0.5922925575864768
0.5498928115037973 0.4013231416382599
0.5543633118778986 0.31662157240732136
0.9214827553533005 0.9449872655361695
0.9768587455708577 0.6383085046714119
0.9326385327077176 0.11760740811104053
0.22961656494127625 0.7123638168232789
0.8521722230362501 0.7851480430619844
0.6109995290959265 0.08932365639740514
0.4018303266769312 0.6288478643703368
0.679284921540086 0.7459038813880068
0.7831037206032014 0.646749509837443
0.6512149941127674 0.9121665969167747
0.2809052068212796 0.28001267115201034
0.6209904334157288 0.6185194422357618
0.8161626282193954 0.6211031179122661
0.7141982197426282 0.8264224557414062
0.9686459144818105 0.7563720124449846
0.6075083629789242 0.9457526095228235
0.8995433867340847 0.4831249842093368
0.496414613561746 0.49252641902056893
0.24973091346947407 0.4133557370098817
0.6783537432146018 0.4171813806525986
0.7294134768879776 0.43145545966918397
0.51708515536332 0.26838192095675883
0.874925290416104 0.3511330811838851
0.13902941517921064 0.8884912409636594
0.9245979956320685 0.33624731897664906
0.6481229532021089 0.5065231722081107
0.15705527812245523 0.8754202350617184
0.6973694018606174 0.676041678108886
0.5893615799896508 0.09282793796206823
0.784403064312396 0.4915224225340371
0.026852332822859815 0.7925820086241491
0.11888297334344755 0.7525757662323294
0.7105899284949284 0.2922650575737551
0.5926111524348878 0.7295768973851189
0.27253949923720433 0.8290148210970767
0.8473789693936893 0.04926717626601551
0.03612609503018738 0.22481185255810843
0.16397198925138023 0.27059787364763443
0.6975118147373631 0.15211305552515064
0.8961561962367584 0.4808446154657182
0.31902169486663245 0.45649954141490734
0.005135981366668041 0.47942607750175603
0.6551013098425209 0.984968590182763
0.48206534838686643 0.34343102830645234
0.29208016447798824 0.3756488512242091
0.7073204545111924 0.14696917928701647
0.3814351716637132 0.45328746751359894
0.0909653774850645 0.658650443043107
0.6904547739017961 0.8993672225858853
0.8063108253358808 0.13676149066418786
0.4606526664907693 0.49852781351001774
0.6799874564579944 0.2808724529214057
0.29686775102518603 0.7534453480333512
0.3800860780047124 0.07377296659673527
0.8343444596496092 0.28603718231728537
0.11230144264400987 0.7662404810338841
0.5883734392232358 0.7237757604594268
0.48641076195930477 0.7042318018971616
0.2539306341973244 0.13678468231941565
0.01720768812674467 0.6088376231870478
0.357821347945831 0.801249842748506
0.5989511868121511 0.08397805931561209
0.7997733938443332 0.4349975839516529
0.5710922964897764 0.0639612135944112
0.5189532856937997 0.9486874287930511
0.399097336939195 0.715406069370152
0.912154728565348 0.5211338603234734
0.038304782754250866 0.9000096842822793
0.19326511414294356 0.39639925566408873
0.7654126787676616 0.6089596599948603
0.31858237673770406 0.6438019040879859
0.27401248868876205 0.5485189670922599
0.7858188406730462 0.9171420875236687
0.32339936270981706 0.5338193636322615
0.4058442556255406 0.6360018726537577
0.9032849463117734 0.05951534450813223
0.8142764490024033 0.2807019294896458
0.4103230617104907 0.11281527220976262
0.0026327837167177126 0.8618279400506998
0.09609885529638773 0.26631699224362393
0.3587182406774241 0.8235361549718008
0.6916998900275027 0.7765663481720719
0.38088864664090183 0.5816607346630538
0.7306943896673299 0.22731288163674135
0.07534827528849197 0.41845861455903766
0.9445219964504488 0.8723222710975096
0.44276834238143836 0.4558162844593616
0.0382461706058963 0.4504231876042628
0.73933352357508 0.3203279200208289
0.11081420331031722 0.9191585933504305
0.14885334023645158 0.9717171722608324
0.5971221317373745 0.7855157694275725
0.8922514690871806 0.8063778751920161
0.6720313068097958 0.7043955587292858
0.9229280335922163 0.3275603593043648
0.8402121134028908 0.47216403622852976
0.8804288327694956 0.7305038752947579
0.8918250595532342 0.9460778636767404
0.6698679230415527 0.9601310733342543
0.23217000480050998 0.6795777139213184
0.17499967648665304 0.39607414631967597
0.31570514523581683 0.7291932662329852
0.29065637505429476 0.8689445928179669
0.8878679215750342 0.47205174398072103
0.36606666395245013 0.23661867375413492
0.8785288628027974 0.7052021231211805
0.4192698839186786 0.49297009127025215
0.30973316150063357 0.7007384572089426
0.5493321426963078 0.3136459306156929
0.9342080901965675 0.7303907104768608
0.2935207435943681 0.6128631837467622
0.8295071968032819 0.794198727052573
0.9404036093285022 0.6838646248444467
0.8019758508771799 0.4702634493127027
0.018780693850720453 0.2744226533521201
0.37337514150615037 0.2905992902255561
0.5225837662653166 0.7576206879108973
0.9675130956100064 0.5818242292500164
0.05322406659759604 0.30891831931419733
0.24454502648534593 0.14927507879047663
0.35578445660445923 0.7170927381079804
0.944755609934044 0.8249197622019151
0.40779155484016405 0.7852984283492204
0.14993164114021962 0.8229780935056785
0.5408141326540084 0.8970943932255817
0.32375768154524853 0.08974312282532027
0.595696879760752 0.0032555841086339132
0.5366823432397001 0.7440842870075091
0.4782887576073156 0.4840005830762504
0.12309681181203214 0.4511434385029989
0.498989258403874 0.2524570262133621
0.17662458940750136 0.29647642491308956
0.8970685289881111 0.40513927528178506
0.6867987897418797 0.3616414980551954
0.6240249034015997 0.7063727824369352
0.2903009451837 0.28459273688329145
0.7036813062025227 0.6207554092044767
0.07688791724689037 0.5130555704061097
0.5120775612124058 0.8903098866771539
0.05969220215906357 0.20218613247252248
0.975298502253438 0.11888923521474837
0.6065013127330952 0.16069152661479502
0.07028309006143618 0.9192387497509702
0.16977101779320347 0.6303664455037328
0.027856625593019935 0.5457201125563673
0.6150558206086707 0.9708686162657085
0.6676078298007977 0.23280982854379695
0.5604927639503503 0.20356638705687158
0.34064275209872497 0.9922909637601709
0.5769437451836847 0.015200798862271103
0.03970486492846925 0.2701408318055287
0.5734432914539658 0.5346009806342686
0.6970339517686124 0.38699463251145927
0.6231891310238162 0.5868442035940766
0.6165851155589599 0.7910063101564409
0.27437064782934395 0.8622025016854575
0.37495410928671125 0.3609318311133909
0.37337698502560146 0.31274077460961003
0.014512285842654293 0.6666224402209442
0.7773686832816082 0.39282029754427317
0.214997173370296 0.44336154309330067
0.5972681378096989 0.5702249981955629
0.7592946237598395 0.714874508131581
0.716605279844089 0.8545901334022152
0.1721620336048637 0.4903891588679725
0.8850532851235646 0.6879146747211142
0.22947515724094303 0.21639273299559814
0.1580131252622019 0.07536595404871571
0.5958383100958329 0.6404044320911224
0.4260847883544199 0.9489588107585165
0.6327510740769664 0.49003848402223293
0.6203594425119008 0.17165378213410887
0.3817251683933942 0.6961686763826691
0.1635699094833718 0.8683891104829184
0.6552222951859275 0.30896979885535125
0.5503576993778256 0.9610486996471386
0.9032991839353905 0.2554238155896025
0.12413215920137977 0.9078267185354647
0.9795518148889442 0.5114142933656416
0.6861611186085437 0.2972613510606523
0.9974107337275187 0.4227633070399681
0.38016913062136237 0.22496591342295358
0.6072835971838 0.4880802713243042
0.11708804192508593 0.1997326721150534
0.7798733966016618 0.982161766921708
0.05282331696667808 0.68440481743484
0.13280763070318313 0.19114942494656728
0.37452742034920217 0.451920645678102
0.6235467084100066 0.3983062983246155
0.03069767562351755 0.07197267097326443
0.6281426157423871 0.38605359951929374
0.7491497380502252 0.869475635250184
0.023764122540979926 0.7390826835267357
0.12070673863488679 0.5691691451877627
0.7657919028749363 0.2971133056546278
0.9149461485515149 0.7757178813293821
0.6224197562566254 0.8462949193989493
0.7600541826563278 0.8129724517510764
0.4625573493846844 0.5408992142015392
0.5007857241312141 0.5489629607842508
0.8520144202749591 0.2796782897969994
0.022913040769806825 0.846723723219063
0.5451827771498656 0.22784766530965017
0.43091004488673534 0.5473306847861257
0.9167794369906217 0.895616927898701
0.757895092072463 0.6614103123867183
0.8116979084643172 0.8048465623779792
0.7968275571979668 0.6635252162885601
0.23477332731064404 0.5494138334302734
0.9989615721458027 0.8360553383054607
0.2349433838933661 0.462373409183394
0.9617384364879202 0.5794471639112952
0.35509319736715494 0.9576964030541053
0.3591867527017716 0.3729634645901143
0.9807630256392781 0.29861569259441034
0.7114211423430874 0.8107299224175462
0.5360761086669883 0.628238987657638
0.5324727195096934 0.41403775511680996
0.9659141705727252 0.8506156460948862
0.652563862051023 0.2820201126353348
0.34513754753484016 0.2970111588640645
0.4939641372002652 0.4782009195563637
0.21993952192777022 0.19114666488988852
0.7938372385089267 0.3929937547643749
0.2738305344806571 0.5580533958399234
0.07710975696708111 0.929613878766812
0.5681772224938617 0.7736230243255866
0.26504607485771725 0.06874069760824719
0.7091511730701869 0.17323136312635667
0.5926859551457906 0.8193163002623416
0.44157041326920243 0.08439695848841122
0.8910944230464009 0.9328754148104739
0.3046952124018456 0.2971216099871046
0.46707649223023795 0.42696245474243466
0.6108272201126568 0.18128321979493145
0.04652223788727761 0.630358303762965
0.9733878275167067 0.9064749272650834
0.651621917182909 0.19047554489269491
0.956142664730735 0.5467520203460381
0.26699515093184023 0.3774900806277317
0.9736479381156937 0.8581887953261904
0.9456379601685281 0.6028737697504891
0.1607984136616898 0.04682854077684073
0.43232244648190177 0.4232238742366947
0.6955411921225225 0.16594756960871537
0.3938007699860242 0.2582568478758498
0.8175421382627419 0.13561312548649673
0.834751757117765 0.5207737458439252
