10 2 100 1
1037 963 1043 971 1035 1017 992 1013 1046 962
934 1001 1057 969 938 1073 994 950 1041 1008
1049 929 1058 1026 924 931 998 1048 1047 1048
968 1015 978 942 995 1000 968 966 1048 957
1002 1004 1066 924 950 945 1020 944 993 1006
966 983 1054 994 945 1067 1009 1030 971 1007
1033 1070 1072 1052 1020 1014 996 1020 924 1018
1026 972 1071 1016 930 996 984 944 933 940
1055 957 989 982 1028 1035 947 927 1015 986
959 1045 1036 957 982 1070 1039 1060 1014 1067
3 7
8 4
0.46348563018534455 0.4692169415050873 0.44327592804824323 0.3856538764743367 0.11260436429568427
0.07760049594869534 0.5255736246249667
0.876853677717949 0.9372205960565112
0.3492805881951475 0.6007524879352719
0.43262647512750463 0.9313613945771688
0.14323197311893776 0.1541345083670782
0.43480590954917986 0.6796197407915472
0.8037589690860951 0.16939663909478608
0.5838014635650721 0.9961342280362149
0.7879238891493547 0.7239765427609579
0.9822400175392512 0.3706880950125182
0.21394004929554344 0.5076527246487534
0.5099171619235947 0.1463389420089789
0.8848724307539442 0.11189606845365985
0.141074526109068 0.6486690165224032
0.211709244608413 0.9657601681468488
0.5880574996101182 0.07881642949986167
0.7039030641284485 0.10058392033621155
0.5494075589181933 0.6974447501541114
0.9972251591274086 0.1083685755013366
0.8291272666091509 0.046334572034798516
0.12714120565412035 0.377718113330076
0.03761819577274639 0.9513692096796122
0.9870431574734309 0.05605235060310587
0.5962924038175847 0.9477310180812872
0.08853475900870489 0.35827665786734064
0.9780236856678446 0.0930637651449413
0.7312578177197802 0.19767862606297149
0.1497125388343168 0.8558787398451111
0.31465907279951355 0.6079924441646216
0.2884944094672872 0.21808715983054583
0.2179002683116642 0.7517254515985043
0.37683916269374107 0.040533268073353
0.7725851380564188 0.9599567471517849
0.0002891797646125127 0.37011154312908223
0.050641873194404496 0.8730633846860811
0.7585163379300253 0.0894449577629306
0.980230890043337 0.34254214372535374
0.7532348010979626 0.5131869313175457
0.3745875499926088 0.08374938076485705
0.6114904077648236 0.7881260899714875
0.7477908114385887 0.18544947259703282
0.7031481771246284 0.5230544555991756
0.9074951577113677 0.9903261428262371
0.2852914357359242 0.5580365369322935
0.1946699905637157 0.6573814862585963
0.13888070801253227 0.5184498516004374
0.739925889249591 0.462536839220804
0.5278110422289399 0.5949688673665732
0.14013531103568444 0.31921631316187504
0.5912965341377401 0.8305296823451813
0.48735310695375156 0.4139104802244944
0.5522098757497054 0.78467445400929
0.15386362001755294 0.6754296680228402
0.23862317972391134 0.6232394194049053
0.15720497857664184 0.5760172099663665
0.7930824203849389 0.37308714893665873
0.41368737515319953 0.16019839759132193
0.12543563213346776 0.9295590472537361
0.28637617457327047 0.7629394037323922
0.25920160006253345 0.5686084455079548
0.21071360522394778 0.6735418270221931
0.2523333900299385 0.7223840472948835
0.5893291377175303 0.8399275142355165
0.13737969069362066 0.4871189169362973
0.17048066799043715 0.6229233685552797
0.023053109915442738 0.13958948179168895
0.5043231273346087 0.5524070934130283
0.9624628331723453 0.4951917845811056
0.7477407293693406 0.06031790282982774
0.6196681083428206 0.3197830212288646
0.2050402280242718 0.8889207650653601
0.2426406235991283 0.13447347517881592
0.4661366788801313 0.9897929513405819
0.28782961600656964 0.7343848368290484
0.4396037919404032 0.0096394150857122
0.3958634577369047 0.7023893038012619
0.2888407312343473 0.1978437962169166
0.8502784496326496 0.8288304755822948
0.6100309282009686 0.34105046828810415
0.2747687002940147 0.5880133477603378
0.7648133699376782 0.43111675938145
0.27885478270910613 0.5109688502466616
0.04037682774198692 0.9002051675681095
0.13550066140832695 0.698433743719173
0.2744400200591721 0.6259181361452633
0.14400153297254636 0.015904058898362994
0.20099680100385853 0.7332946938032396
0.4141446711467389 0.5428300625555023
0.7573460746393232 0.6440576803581113
0.26477848465986975 0.3122867292158784
0.5439619912538038 0.18154652561523066
0.8447272325699866 0.3522250846432504
0.9478034128913362 0.6272436409006177
0.2822821977480343 0.7353635801471581
0.09848827405428495 0.24720328505651135
0.2529322623167063 0.5210155305240534
0.42192148610228886 0.09144224373460297
0.6323887087762872 0.7201761276681113
0.6848252935759194 0.1884208654130275
0.47108021858639537 0.8442769326454684
