10 6 100 1
1824 908 1246 729 1157 308 1485 1620 1792 720
290 793 546 1610 498 933 1610 614 609 916
470 1434 1018 1074 1722 338 1473 1519 262 540
1460 1078 913 1317 1197 1478 271 1842 466 347
1520 1294 735 372 429 777 1280 945 1202 1411
433 1305 260 745 1249 301 352 1371 922 294
1453 1129 484 893 1664 627 428 873 1148 1234
456 1911 1933 684 1876 373 820 1432 1677 1812
830 1334 292 755 266 1153 1835 882 1404 1117
1123 1537 578 1419 992 933 267 1507 915 330
4 1
4 6
3 7
7 3
5 9
6 2
0.9197645739276916 0.6469115388384268 0.6436563853047612 0.5759617275267905 0.3948144772029727
0.8896786823338938 0.8564019141950387 0.4630315100054401 0.811531047984738 0.15800293910339472
0.4353559989598871 0.48102763761979134 0.778776542930536 0.8512426489333655 0.2087224262085334
0.9024147880512918 0.9220022625144688 0.7835035747344767 0.6555162183651128 0.46915063733882634
0.3861219162019718 0.850816414718347 0.7637866398203266 0.579123088848507 0.21379517058824168
0.12535818441160163 0.16822155176957287
0.6568335747534573 0.34343416196800813
0.5042885631549898 0.8848542301685947
0.9817295360407459 0.12030284371925104
0.2530958151541227 0.5082222299589663
0.3901771256857014 0.40161731420917013
0.6831252974872102 0.533284535188153
0.44288046839509665 0.5924809776054574
0.7774687816671004 0.6706532081849972
0.8180015216637049 0.5327717970941612
0.4214879513960115 0.9734361048244231
0.4864178926518725 0.6394676969162285
0.5357205067992097 0.4797954145799652
0.749412366645583 0.9467455910834486
0.7970188198838841 0.030549687082759514
0.8250176934311939 0.3538516203541322
0.8470149573814463 0.8507892782464204
0.11172061839831082 0.6805684742176179
0.6628903578661915 0.05016298964914445
0.41308420680392355 0.8447167997907508
0.16708134104995986 0.26403368221038215
0.7998395185784277 0.39112476055337675
0.8468846828004795 0.37940568072534564
0.012757728204704444 0.9826677225949336
0.7038202750044933 0.7011793523260277
0.862714361761804 0.3734447030545973
0.5183058730289636 0.6018341794644351
0.17255176638031489 0.27443054686239887
0.7006187481972244 0.10875393499552644
0.9998446923538111 0.676085874834913
0.6257728482862679 0.5799157000181949
0.14127457748049443 0.25785505762338357
0.6742354892473639 0.1388058347707617
0.9529878141079848 0.49784187150469683
0.24568787270010972 0.8204763278335154
0.7456856413332629 0.26533880053321934
0.8179746145522384 0.748291562356656
0.6042415517546587 0.12439043411566164
0.8874877782888797 0.7596388806124799
0.861084292355232 0.034113845250674846
0.3980349883630405 0.7077790951448846
0.5328149599459016 0.9210845960117395
0.47743259318089337 0.6874552372838925
0.7067397393968722 0.8956758532488358
0.6688964832004676 0.08248549209362133
0.729279545141696 0.3319228995203065
0.2246576246780565 0.15498475306260318
0.2146903339078421 0.10362853386197823
0.2438063736092435 0.9927126909061461
0.6884616202363867 0.5033017893714764
0.5245503922693981 0.31129940969249215
0.3896394365640079 0.06121826577118328
0.7868886736932674 0.3973736882078629
0.46302713578007615 0.0982556933970391
0.8032584884308365 0.6538809118822004
0.7842701721520369 0.8123530355121813
0.08593571878129458 0.22482498150964303
0.5599874626303125 0.0754089196800658
0.2388686816004506 0.01569998509053283
0.3613074962711431 0.39182414575897484
0.06992382120505725 0.4173745056515412
0.9953904653387897 0.0669528026185835
0.7582909386474188 0.6217740227220416
0.2774443514006848 0.14297998082316465
0.10077279470867229 0.5328120671666738
0.5959091498671554 0.985814704990488
0.7492204916822636 0.8489628226607906
0.9399891379223042 0.07444692640005202
0.5068735551563193 0.7030165082565569
0.3812609706024179 0.9644329990785041
0.6099129492279647 0.1373712540975578
0.563389980738136 0.5751756104139176
0.8108794501712977 0.6449657077074546
0.16959342662886256 0.9085416006381006
0.6582833929016947 0.5690311976853983
0.9241583692007258 0.9156114077287143
0.6115649388320301 0.09358021305867048
0.30148628622469564 0.4233111080173666
0.4017455713585185 0.4250561181356689
0.8679240149661576 0.789574183395203
0.013370065225353667 0.8737256304806345
0.6384206083206239 0.1544450907302386
0.8514653927506628 0.7481819824778886
0.7287461053534692 0.34592604813043204
0.06501098952917705 0.8538246677354622
0.7828170967123556 0.2829368943443522
0.8457070511601634 0.05372176159267372
0.6759404563637188 0.5397314218972804
0.9272431260398772 0.9170815262784746
0.25607610341125775 0.8054740446563287
0.25182479466865915 0.8751877334539058
0.17694287216552218 0.8813566519297233
0.10454173973271774 0.6119066023866642
0.9467858598858623 0.20646382268465735
0.47342110222034783 0.27538859006869165
0.9088671673644326 0.6789069054468393
0.18606973091429357 0.9595020496260616
0.3773655529272666 0.40114209975386594
0.7688049884564332 0.1387162312074075
0.027853765208879944 0.4896019340331652
0.20606853581828521 0.09098550800626404
0.4655625162884858 0.7996586679913833
0.04458573634499552 0.7408596627859334
0.9929334862705883 0.45095196605022747
0.047815122693484646 0.30073646602448934
0.023872426842857175 0.5782680761242847
0.7800866924185172 0.010488206892481644
0.7276166035037974 0.2553245644523747
0.33123424444372884 0.5951330230210401
0.5625565244458532 0.14747903453979916
0.03712474847371894 0.09005409644190099
0.17047162105400027 0.6101422360770965
0.0010315701253651444 0.13281767109946085
0.5113214192913005 0.38254098543013515
0.9338657140713769 0.816098596115749
0.6077177932389 0.5993686052750351
0.7352826786904558 0.2888032268760221
0.7731042584316292 0.11064959534890884
0.14202342713595595 0.03956413378531587
0.77448748495816 0.27220172998120806
0.8225165506657504 0.35151961940396625
0.6800544946159268 0.1860791328089464
0.838780453235771 0.30041444238207693
0.0961400787692901 0.705717777678263
0.42611592308186674 0.33206248199562105
0.8604742351081613 0.9733232102342098
0.8182820233122301 0.7108511974356231
0.8032923339246214 0.6014685524111234
0.8394357509569208 0.040096205195504275
0.9624064839131814 0.5606006184126944
0.7297924490920173 0.8573064299360635
0.37280538799137797 0.7608222593496337
0.6765891600514262 0.7745144760987699
0.7217447610149317 0.33759090967907746
0.43498413110320877 0.09971744924234027
0.7115805004670768 0.8204360024778494
0.03639081789290333 0.16511492562586216
0.5580151043747321 0.05220388899379813
0.06216910062892911 0.5616611376141356
0.03791033811335254 0.731398097289538
0.6390856837132175 0.568528582831868
0.6796456577598662 0.9556147753964885
0.08495977734516802 0.10917419175565524
0.9158384019200172 0.30528598296205867
0.3464696395556126 0.5491652364713817
0.19650298045679682 0.022700254859743252
0.37925583245516137 0.4225973758201087
0.496697707167866 0.5758732495671033
0.7040728195149009 0.25759838034923765
0.35268429451809435 0.3737563287130534
0.4473068791241692 0.7963371733049642
0.6473366956165805 0.9117456815260057
0.06719875502836814 0.7484098454518542
0.25834598782225826 0.3216538455004816
0.3096624037366751 0.6435873376341916
0.14415504049898908 0.5358533072546812
0.6787035722619452 0.8057181140975056
0.24995268956374428 0.18687792588724328
0.5509388558593658 0.9566939672462222
0.6041234805669919 0.10950856432518341
0.8125880068326872 0.6244272584215338
0.9810574853765213 0.5711109883000058
0.01385173345458246 0.47699756309507535
0.9336382095220859 0.33035341891612346
0.2006762660603323 0.011408181672938777
0.1085505234901134 0.6476108019348681
0.19226085657608483 0.4372605795026263
0.2562832244754971 0.9707569781287768
0.34756047785035316 0.27733519147769625
0.4211873678900293 0.8472539180120833
0.4599722762897307 0.714844861957771
0.4784000772029575 0.8003094012030756
0.4082160084537305 0.9439190874721448
0.1327856107052785 0.4594752932921826
0.9056876300204737 0.23157019640637677
0.6572948769984486 0.6706592647655567
0.8509260609906026 0.7901437922024463
0.12064327361523963 0.6456751258645388
0.22997868843306857 0.1325161654949829
0.7464055309222528 0.2643117903733532
0.6605663514701281 0.9686019869996685
0.8084246168956395 0.31555437175164913
0.9334112840744679 0.2722665095367447
0.5354959552275487 0.5297620135432679
0.43057859129093545 0.27828277477644514
0.779802814316958 0.6214234323145247
0.20658292212597673 0.7493790198128998
0.9204608029344621 0.31967553380513336
0.021113346006761402 0.44649905317642946
0.3734387745499541 0.7403402156877572
0.5184803745650155 0.3863987313845678
0.08175560209709243 0.0266948752167655
0.8656657770776879 0.8493904430138197
0.22531256848970616 0.14940894845273056
0.654550299173279 0.8922417197934474
0.5231989668321129 0.9870149783654651
0.9610206190986026 0.8631724431978658
0.3877364047639411 0.7838382429807456
0.3809496472542744 0.5410884196178034
0.18799231163759678 0.366168108637154
0.4830368450749172 0.3517010682490902
0.7769675724051843 0.9474041335474919
0.3899823925800876 0.439061688183056
0.3568492390794955 0.5967292098693331
0.6037113659036795 0.06795974970886176
0.022904036419645335 0.6856837784851755
0.3695767532682781 0.07575156099874536
0.8945950280505846 0.20038587194736013
0.8131634905959306 0.8770211674314361
0.17422717963359302 0.019373975187795045
0.5455244812459779 0.6358298074415458
0.29897181399819983 0.8795299155262126
0.8558028696776518 0.47643805996174904
0.9069597032759615 0.6745078726776965
0.040411093684819654 0.5918323859010688
0.25598872126985417 0.37952642275061876
0.3267597311750794 0.4361279402309344
0.07832530732774767 0.9289219895861871
0.18465387752099183 0.939956239026521
0.28576337554151254 0.6875876107869823
0.2941645677253375 0.2873592298260659
0.17771379507900686 0.8732769497149462
0.9243495196740255 0.8992155756546925
0.14142360650816177 0.6620599359251063
0.9618997926067139 0.5119789643256598
0.44874685136206627 0.34455660498448926
0.7720877822151497 0.32151828650808634
0.9165401519722332 0.7511425704284149
0.8701460371990142 0.9402255121373924
0.5814924964268984 0.3800629245479943
0.3034581502029867 0.7961954675269445
0.3389711979190746 0.08096012990490054
0.7524638667403944 0.1417248535860971
0.291005687821023 0.33155867353937896
0.26012630085886057 0.7855020505804216
0.024526955066879186 0.5991252006443479
0.6351031627381307 0.13083374071484366
0.2671349184590637 0.9043085105044291
0.863876013384387 0.004530617423091021
0.8360849659709029 0.45402857382705086
0.6350329862501043 0.7721423616418908
0.36882205086479813 0.22207103742262224
0.9879225812400265 0.2785677476369248
0.8623935482948595 0.5654701629413221
0.5591700073626136 0.9524529678703206
0.41281427655921354 0.5406218617079928
0.14653796370587502 0.2136271962625953
0.18034615319851888 0.630841057762239
0.4643656479935647 0.26860758576558874
0.06713323020917872 0.7392632296086852
0.1516642262519965 0.24978364089357852
0.37122921430283395 0.17871937154315964
0.19568830964482253 0.04125567309878142
0.13765471393330886 0.5640125248579393
0.4364960376414313 0.0035811029414420936
0.570174389798273 0.7527413817289434
0.6941582427508453 0.2996432319508435
0.891244450149528 0.9645857024140354
0.9112153366248441 0.07516062331788298
0.627766065236808 0.2677160734093289
0.8177281218686587 0.5072511058286175
0.5158762565325103 0.690079493324971
0.4146080090496125 0.6266092119306566
0.053417533245856186 0.2635422719463363
0.7508687057638679 0.5286184115804891
0.21311824191462336 0.4884017545274768
0.8699475227517834 0.8609188776154917
0.38451348430929166 0.3736665709839333
0.006697325675319998 0.236738954655338
0.5913652771390725 0.3352919625705044
0.1567610544975715 0.7381984185963093
0.17796566687437831 0.1845008683487268
0.4483973909254757 0.7892264752922646
0.4247873999720546 0.4172161690131806
0.4240526691658699 0.683128645224024
0.9976426798067637 0.7429467831262004
0.6450574463051615 0.8216417346263907
0.07262904610841336 0.7461957175202536
0.8105699563382684 0.2811543702422239
0.18134191650719544 0.1373619973083211
0.13580418802234084 0.4702426622469733
0.8862865147078594 0.8322268086992881
0.00126631359687579 0.993232226887576
0.7232446058645348 0.6413822629870873
0.8695494944362374 0.07778568135746333
0.5245289999973282 0.5849449947180807
0.38502870758497143 0.8603852228465549
0.27968849329835965 0.07729993408499469
0.9498428927294083 0.6407080450266427
0.315427332018718 0.4408445157358696
0.48142862177863877 0.9910928733186697
0.02213193065301211 0.9804149471067383
0.8162316622900785 0.23377624467979086
0.9050392313594433 0.0035388544467993555
0.4752690112760396 0.12037864884617733
0.18889228753338805 0.4824218737241155
0.948590222995366 0.34757810674360057
0.13860247579555152 0.8566163052564524
0.7957093701847586 0.887842483044198
0.1780218858710807 0.8288059760602826
0.4451186458396639 0.9636973018189883
0.8425417938653366 0.27423555322661786
0.5689301097929802 0.7764332670412215
0.6397908237576553 0.39251087904257087
0.34358926173623994 0.2754133391028897
0.8158317009370646 0.8036040414568975
0.7859785029349937 0.6040242355091057
0.645890863126559 0.474315582961613
0.3912780573608077 0.2040383638402965
0.617725966229868 0.19650799462133417
0.43635791373264454 0.5796828154070859
0.19854378773788595 0.778180377363537
0.07821834229004976 0.7880822237219389
0.4175416167818329 0.31624963676488704
0.7974655622098563 0.5635855383835471
0.03779166069301576 0.2999301391661444
0.6072471090329832 0.8694392267050106
0.5578179617112031 0.21711942605834356
0.04435689221362438 0.6482217320269261
0.9772002611935329 0.4487097877558266
0.868898053643707 0.4325252259919352
0.9147574263950846 0.641365106374268
0.4705605638484054 0.5182886688782073
0.5945972140625557 0.6416867881100532
0.8818903930181947 0.03426110634746893
0.33938154791967867 0.09033662011269161
0.4436185896433278 0.4207955032945896
0.335044034424842 0.8194915626498163
0.1058670423572512 0.8885745464076034
0.8574625494448729 0.37436059267477395
0.5126549113301466 0.7469795936000574
0.6877112512876284 0.5282089068855536
0.93253735973048 0.531839774125008
0.4663551839879032 0.1824116447970443
0.4479758604178672 0.9567290260241459
0.30281693840458535 0.9996388258664104
0.9160484607618966 0.7963801769394023
0.8631272506502052 0.2203293849784913
0.4641100930333619 0.9732474674058593
0.8068077860299936 0.8353404321815621
0.22673857208916748 0.37024402071859
0.8419678673173832 0.10302427754345667
0.7473294703762079 0.9065881935643221
0.354222139695354 0.003384654162842171
0.240913786937208 0.5572629166440275
0.355414751552692 0.02461878275122742
0.5748556757612904 0.7918274181586051
0.3371041222643649 0.2913531561265712
0.523123312295896 0.6049165757062709
0.5911755271026984 0.7592552116770506
0.027299735151222748 0.7497413620000097
0.9228240806093793 0.41947392616226575
0.070614731765966 0.07494465064969336
0.41919371250786 0.09603900657454911
0.5609771240128092 0.5860346645696766
0.06145253013781682 0.49786311110261017
0.2933257928284596 0.5950567057179217
0.12149491165304638 0.006032460599170175
0.9346753756636252 0.8427235742412282
0.5629836660959577 0.044746457057977196
0.7109270129747152 0.6066231135808802
0.7866359555425031 0.1624013550706338
0.5987526910900218 0.8508994650006512
0.41942571965392816 0.23838680739020046
0.3306992307467589 0.5459000577902771
0.8386816866336004 0.12142900764173925
0.6272052799989347 0.8716948075913051
0.7422440119043916 0.35312143767358783
0.9570673084100794 0.7059974026491749
0.08445625802542778 0.5345795768693071
0.13038826048694374 0.7073746664489473
0.9427786542924421 0.06846246850352711
0.2273935715736266 0.7248337550789925
0.380667126078607 0.41003978979032807
0.3006182246510898 0.6765755888996872
0.3052865451195701 0.9168276839438168
0.14166348231694625 0.315526301443124
0.4171507844145128 0.6231489231232978
0.8751891229894697 0.08036818269518631
0.3295113177426885 0.7810119239986806
0.13757815918772365 0.2862534201286797
0.19988571825643509 0.04238824154367449
0.19359328289058597 0.5108108103485971
0.15400603036034854 0.4964721128142613
0.8015333708738472 0.8508066699689221
0.9448642033710588 0.31886050196942506
0.866181245181584 0.12187123778635689
0.9948566427737568 0.6471049761817975
0.08200780268285435 0.8103251572237731
0.34108345476022484 0.8007886402250453
0.9741665599691487 0.4253714400133157
0.48598926461525904 0.09884793785471069
0.32895879690145047 0.786716400018397
0.35906348094660867 0.9920212206969745
0.2873692991086565 0.7761678281367903
0.3391114366068857 0.47911910014560855
0.8648577737802265 0.26157976405617345
0.6167544809225911 0.9073045060812899
0.550174611749322 0.7018275455517395
0.4516413422140002 0.6922302632347617
0.878584666594107 0.5492440299338059
0.47039996641905035 0.8476272160710632
0.3473573741059348 0.1781504265431939
0.10150048109874144 0.5406585671140818
0.8089306512546028 0.9962684122008933
0.891169329792316 0.2436701857040935
0.06614581893576088 0.48980024701744806
0.06064574548323032 0.41549555383410475
0.32673002821340225 0.05535043859166078
0.9277144494518827 0.6677295864105819
0.6850210248156596 0.09682179129965807
0.6044510653877926 0.6880500849927957
0.9342036756731964 0.0950420721012839
0.8275025516847156 0.6517780629907997
0.6079127097254711 0.34727260017663886
0.1964170056276926 0.7665480146626511
0.2426310862563239 0.4680841909377542
0.5866711593425227 0.7346575430683078
0.4375601492625323 0.4274127744110785
0.2821905291967566 0.7458777520616786
0.5831141188144486 0.6075429619820631
0.5348397297443246 0.8588088881888192
0.07349332158360844 0.8501095316729868
0.5996317659872321 0.5698091822343372
0.612869997792757 0.2208039254670402
0.17823662437933074 0.4315741847001249
0.04971174104438858 0.5241563326578187
0.7072982116236315 0.8587628216018512
0.5288362542965719 0.9000968284213164
0.8489277459302413 0.22426604964067587
0.991730976348185 0.43313147595049273
0.12647015077060364 0.993768354503729
0.770295549241848 0.8461234133734745
0.19460797014040065 0.676034711040435
0.2647837146154899 0.04268206320211565
0.32915450808107694 0.1592012795366211
0.3173638191781092 0.8588546516800373
0.3553221961919282 0.8971415106845295
0.9931143122735351 0.7407154212721108
0.3618113101184923 0.9494918397213754
0.07629028474570076 0.6954406425773485
0.3448281743697581 0.5213050398885202
0.3768388146565036 0.8048307108663297
0.8838846506121971 0.8555527479686795
0.7265082983563658 0.0641133866410748
0.3044218824649352 0.8012838510709139
0.4894109607853452 0.13044323237436295
0.39258996544990654 0.9919886047217268
0.880841726342596 0.45211155246934753
0.09966458563182257 0.5136357982721578
0.015414235512017482 0.12839548009348722
0.22666713109011827 0.6968941009725194
0.3235332884652482 0.3281863169649242
0.06593280234659016 0.1014837089681202
0.3964674623502018 0.8180604412965178
0.5486027375808538 0.7632676229506015
0.5840121569533623 0.5368459290617771
0.6704466530427242 0.17351051046739352
0.10989478410192421 0.16761114178986292
0.3732985869177605 0.7568270037836806
0.34656933275460733 0.3849016269989387
0.19483364880721465 0.793559582649634
0.5608220666475157 0.49045692741010805
0.5509906624436585 0.522267484318969
0.7708667682452799 0.7208369670809409
0.9513335506977709 0.26166327434903924
0.6172564442564188 0.9557681398660043
0.052482901340834776 0.02502112179791327
0.7202270307699004 0.758153905765252
0.8218741139926689 0.32008418454298493
0.4475521894520018 0.13743230136301032
0.4164568931214492 0.3796768687992502
0.635727955943109 0.3939714686241451
0.9492689572790924 0.09216609018281852
0.14973703227326096 0.40275471469293556
0.6872855355200975 0.9820041636347847
0.10390346181937127 0.5732491045905339
0.10066438715636639 0.955887233995335
0.20170151412522297 0.46166739023409664
0.09020011008709927 0.6564448697449057
0.605274788950042 0.5513244192479339
0.21726006213306737 0.43849531153883037
0.38201531638479347 0.4257672025833157
0.2774093838031153 0.35825313197603625
0.041293808640399776 0.5012955376728223
0.3089640685320061 0.18657022565120385
0.024325702441339025 0.178163414070577
0.42886310756310175 0.3334643820381107
0.6467052532437527 0.42310564870962897
0.8002898953124766 0.5110408732899014
0.44670712308903116 0.3884738037040043
0.029171658896703923 0.8559205568970336
0.5594996020552332 0.5400885912073468
0.4334522201816635 0.0970826127308182
0.9463545956466073 0.10983351310046108
0.4830536561570171 0.5056024333178901
0.3376584108358136 0.7497506898858599
0.5747132054096538 0.9527228774694068
0.6327390055843602 0.2799026489388685
0.10821952039820038 0.660741280033875
