10 4 100 2
768 516 583 567 906 849 764 742 1030 753
679 566 851 894 860 895 941 815 733 930
721 658 783 889 892 746 887 1239 1002 883
650 637 900 864 992 1020 929 1230 1185 837
874 757 979 981 881 1113 1026 1277 1028 1134
836 739 1062 1092 1022 1038 1597 1679 1512 1279
934 733 1124 1141 1373 1359 1612 2650 1697 1450
847 698 718 1049 1197 1120 1509 1833 1479 1018
649 842 901 881 829 874 1049 1506 1260 882
715 721 941 939 869 1147 966 1080 1083 833
0 0
5 9
7 7
2 8
0.96152647772015 0.7089525932697471 0.5686951721178531 0.3287172384668025 0.10106669105866395
0.8123304645251943 0.7454783194976534 0.9411804484420996 0.8032750522694168 0.42495168638466996
0.3403837150899902 0.8515521408706219 0.9484772307682494 0.5289913698317574 0.33444098621940804
0.19890375069794675 0.582754578130549
0.24429088466841442 0.014020158836583585
0.2729891760682206 0.8464160212466003
0.16055481560139517 0.9057109469281421
0.6118463548974105 0.4553730102231093
0.2274752451506621 0.4533788170333448
0.8921823895159102 0.679911712460106
0.9907150609219852 0.1609252355385571
0.03671419444030355 0.40604860579973634
0.257338793649323 0.05730845990096034
0.5860547590718479 0.017892593272111013
0.41348731712773024 0.0039445772276820446
0.41040972157761213 0.2994022561386531
0.9184497028825285 0.7924138371427232
0.69387360321099 0.6310102134227533
0.25318459040521235 0.15675806207377563
0.3434750747832318 0.16847004882519112
0.4122257809757979 0.6126300179080255
0.06796487307075205 0.9871208218190861
0.5023218901266775 0.4812683585306221
0.6405955116019353 0.2975917320386281
0.5703252450294525 0.9097436297816637
0.8801448982319846 0.2496637156014352
0.08835110836159532 0.45072877881805207
0.6593696809909413 0.565725704540829
0.41716290833652514 0.4228930775919284
0.8314886405650035 0.5526343419175548
0.4171080124835227 0.07877788473030978
0.7261265959365637 0.5843790406683662
0.7012859419098343 0.6029930068735834
0.34507470372389526 0.17966600680105027
0.013863598149917555 0.5081576536887693
0.37638101675299307 0.6696097290852501
0.7943247186652187 0.18315083250381625
0.5410751641798834 0.5252512108019634
0.9958877370477137 0.27019362719045104
0.5966969892254412 0.49767746069461327
0.2709005378310565 0.23615601977333922
0.6898544652574938 0.8368400578235737
0.3707701341854892 0.3860997571169482
0.976550304957341 0.7823066002039893
0.9684186800332928 0.3061589805003375
0.01372837351940226 0.569942505899099
0.8617948752343936 0.9872493143695162
0.5474586934083536 0.6359183305275056
0.9083459285760631 0.011924010555816711
0.8273837172561644 0.8554608005942939
0.3672889345519885 0.6359085527265622
0.5285035051791709 0.23069042227159953
0.7467293407373294 0.5634931050253746
0.5799988963977809 0.6010481177879199
0.09916751926194611 0.8049308955555938
0.18044039697533854 0.904269479745553
0.7332650889492176 0.3645154227039873
0.46848173962241724 0.5735831170943522
0.6255318836319179 0.4407281488499455
0.22249287494208247 0.814609506958671
0.8576063536221685 0.6973250429631543
0.997194064235857 0.9044988385493433
0.9679423735706518 0.09838733900064045
0.912088767657885 0.6511544416427615
0.2051146594345492 0.32359843483356054
0.6642682953745571 0.9703485334256075
0.08041264966212425 0.8103667389580111
0.6681617912519004 0.20726253728848953
0.2872770879501354 0.7837506207276688
0.7507124807260781 0.32233119349903894
0.8310585268201307 0.720901072170762
0.7176966755160279 0.21512191073801978
0.9088517853231961 0.4733535808634022
0.14027491963560856 0.7517149475845972
0.8820875727443298 0.3711303868918421
0.45978238660094894 0.6656509986518293
0.05299936506336289 0.5964643397091427
0.695182143709071 0.8978490982702532
0.4571115453275074 0.36802777846187396
0.5390458410905383 0.8059442357101276
0.01218167402533843 0.6183918941593991
0.9524178445586358 0.8264542362990619
0.26562865019919135 0.9572782069622023
0.6248888180275967 0.7021822609704187
0.705830091403197 0.026474878608435226
0.7192807888418711 0.2928894005219209
0.1397215761842574 0.7211037971412695
0.8836275288355486 0.9651126669777477
0.7604719236164035 0.6808388628045521
0.20807352373816013 0.7262634615028083
0.6128335134361513 0.5649297895823031
0.5146843140775859 0.14742839434713972
0.1916662972821288 0.9396105682639386
0.400142623086416 0.019594677799054105
0.3799347087706657 0.4114543598121887
0.26798641525050604 0.09362607396138745
0.2611387729327963 0.7794706249022838
0.730622763470131 0.43721555328919903
0.7526240026733717 0.8459162720781848
0.5192113890430721 0.1663338325060204
0.174412490188653 0.8005442665296691
0.5170829394900323 0.6252017819961511
0.3575614436577632 0.17571869720223177
0.5137567748361378 0.1952931216487679
0.16611770547505622 0.9156999465856082
0.40713724205195256 0.7053710688723085
0.5730105265612069 0.4290282757119077
0.7881957399172825 0.6635340998192525
0.8613320838674954 0.41524125692007563
0.7810388912424164 0.25088378102854714
0.6390938605389878 0.08121978371023464
0.26532484760530095 0.3008578986409214
0.61027684093266 0.05138581418032051
0.2946651933197775 0.15819313059865703
0.06523033911094522 0.15471114258404262
0.3142051747541077 0.42681916186071933
0.5524368047319228 0.11648306645496276
0.7729029524885129 0.40418034035862505
0.2872809951388089 0.16094337457481833
0.9831719777372092 0.009320770704725811
0.5623222139805526 0.0620968936839168
0.8285714865586917 0.6307068873927721
0.5085102614363037 0.6810742852170182
0.6770089283875003 0.39169619659209576
0.4253890422996238 0.01192943475425201
0.4321930368313529 0.43244914530373313
0.32279977264878146 0.4755792328479318
0.5328831602976869 0.33973790654902847
0.8884899412362368 0.5717041036017674
0.9325796585649042 0.07642608032010534
0.7501117197023408 0.15777998024405204
0.2248574554680678 0.9582270834285707
0.6865971097924941 0.0820251967105663
0.3245016708902515 0.47272133819435025
0.4130677210150224 0.7721807222264321
0.13095812772790838 0.6248871596088783
0.29799036804865886 0.9649021320080051
0.9024784682681084 0.6826095704608002
0.8817930094020923 0.04945585538092345
0.65335938345027 0.37431436686534236
0.8513858609757929 0.12872641537588247
0.03475137866922551 0.3586808346276622
0.30074796259426506 0.4945201195998741
0.489638641222653 0.8793598488312027
0.9370886692598501 0.3984538856315363
0.18434574114991165 0.5569795045822505
0.4281171059037272 0.9682990025247675
0.518634115779075 0.8795649775035381
0.7271916486009442 0.41846136098916675
0.40997647459688835 0.3771167933297319
0.864815958499694 0.6264342289279876
0.9433280882682351 0.9554892242169606
0.4641635785440046 0.3291867222571767
0.033513321692977716 0.9851755855944384
0.10963536289351294 0.9647874063477018
0.6584313803172048 0.09731219140286762
0.5189986791696704 0.4595893413338705
0.6388474514182667 0.26427871491513244
0.31566290986848267 0.9291196433274256
0.5056108369334835 0.8330555069748569
0.6990091224519663 0.8093648173963457
0.1443407059835684 0.8377884273789333
0.6468802936736586 0.07575690975851335
0.6075095344015615 0.45637946316124056
0.07887055927542508 0.9402148403700403
0.6395188106994245 0.1989886897042359
0.13629571053295675 0.7192602582154686
0.7760001752708345 0.7436259240585026
0.7552857092759759 0.7560925186658549
0.9702909768560442 0.49769649390579973
0.522851806722747 0.18760427195047424
0.594600407460776 0.7995555794443625
0.16859015966983937 0.044573722261717075
0.14494148578289412 0.4489402836303198
0.6625524237394376 0.8147290264904048
0.9977880222486397 0.8850102263470014
0.3910087455633231 0.15339186747008782
0.6902067317471217 0.0793419682439247
0.06526282232334091 0.3213200119456583
0.7880421080357571 0.6322287530193857
0.698700425985405 0.6094812702114161
0.9757575495095696 0.18333147628171376
0.9268356789557628 0.9719014319029704
0.36088932635817805 0.6068608363599373
0.6675888758560262 0.15003771766316354
0.06750808101836303 0.5389724190142322
0.9566933183803246 0.11637981833797428
0.22497218691669474 0.8667650820304553
0.6969974192128603 0.5268389675644967
0.25096103948823445 0.07419751956822052
0.6007487516227108 0.8329100601958375
0.8223669822270199 0.2373389314768115
0.8710903772349088 0.7469063395048552
0.000028262558811942284 0.7985987611542735
0.2900984560552333 0.8110180913048002
0.291431192912327 0.8131976658752089
0.38294824884367396 0.8254939347955825
0.08400273456354346 0.2737891996827342
0.037427513557873215 0.3665394335763352
0.9029418637811828 0.5630196089685384
0.673576436323466 0.783117523355972
0.26640409309694757 0.03383549163599775
0.0008971842392693219 0.6638107775032942
0.7758182523806489 0.45943105102697124
0.3642830789983318 0.5608057713075218
0.48821640170816005 0.01194461874043573
0.7989344822103477 0.1358610179777633
0.7299965005843356 0.27488428104163254
0.9874932125453155 0.8922656241976863
0.37302312086360434 0.05914916980048268
0.5227455299328141 0.9432880883535404
0.3229947598854772 0.7114213469412745
0.8020025269455695 0.09612796937908219
0.4700276278630644 0.3358179184146721
0.3705612940277181 0.02714742276949811
0.24848989453347192 0.36887265565003946
0.005930211433218924 0.35845238594382356
0.4040118202395142 0.7739759825435717
0.08537718817236573 0.2782043594486696
0.3826991340959547 0.9061944361797707
0.6349202977845629 0.3044621846875464
0.27812605277791747 0.024052873326546598
0.41695245738729825 0.2908756080010291
0.24525636996828593 0.049249008622162194
0.7169339915318431 0.3717015418303511
0.428077082037017 0.11304463900458117
0.9371307067548404 0.0391425006917927
0.5033629993883693 0.7888863363441523
0.2923977285573218 0.37835453063876523
0.6620036032950904 0.1862723627987417
0.7664050897482642 0.4124740060681653
0.7219619307961942 0.7373663331716629
0.6139483259114158 0.2816373708098092
0.9632007934138562 0.9324143702062755
0.0811265502462557 0.7147171151827332
0.712612368242338 0.5485491690876343
0.8904537756958151 0.4737016612397422
0.9044808762986958 0.7438422878014481
0.3695969305585498 0.5743889197635736
0.7505996088497298 0.5235042451064611
0.8800726212086183 0.9576326882082962
0.05718087498506996 0.21709880903384593
0.13576241640967668 0.4718267117725852
0.9783116180083358 0.4516318051175474
0.574511556817074 0.8002953028609601
0.7647044944433172 0.3788984810048208
0.5036286659270814 0.17963290124448839
0.9333896457033237 0.5740977135205212
0.8689644770330938 0.24489291800544133
0.47629730384761615 0.43278172430123707
0.09769978079877939 0.7407503917407343
0.4365827760141672 0.006964207918937815
0.7719766215480084 0.45288390642055676
0.029058797642399492 0.18045142487820698
0.7312946674545973 0.3274513349244015
0.23393510502639336 0.9694310586030552
0.306931173365536 0.6805670385421378
0.009939348714619767 0.005941194248510584
0.11939036512728674 0.04057688182476493
0.8320388199698818 0.32026673508113923
0.6887497438780126 0.8250264973679402
0.1967674527868044 0.1585453132005772
0.8728047708054494 0.8672460120135579
0.1647357839687078 0.7928715266437569
0.10325463521509537 0.6545269376604397
0.552080190636639 0.568568789816623
0.7331666858911574 0.7706953445566009
0.25071549563701856 0.4076845041454189
0.9017325546114117 0.9434241783981634
0.12443666384177132 0.9013561185300378
0.5802862805185363 0.26584209221043076
0.6797868119097756 0.4527520146843209
0.46186018931809536 0.8849650618758507
0.5913248069853794 0.5381176627196416
0.3339441711064153 0.9664567974109861
0.14707101801040356 0.6657436439643696
0.8381954437679786 0.17738975414305003
0.9646573878320783 0.7966976505759402
0.8207183932272744 0.4212025696046704
0.34534580938080994 0.9848136572137036
0.09732191572471205 0.9687483649459205
0.3940393631364114 0.06832915175881649
0.6531381905399793 0.7952736387029393
0.5100898245634147 0.10444332656165245
0.052967910362616166 0.3484844929264428
0.8624528210789073 0.29756454589784487
0.5188138758778238 0.26310907581283804
0.5469909055632722 0.08785201380934216
0.23613331301645446 0.3607037727442002
0.91622037447052 0.3613910298112719
0.7991534720228812 0.05610555806984907
0.7811754256698766 0.6140595292220516
0.7465931989133978 0.5172973546029622
0.18890441688962234 0.8499633529879469
0.11108106237485726 0.013423410181297557
0.7715683637006951 0.8267277684500658
0.10153096377355508 0.3535898666689108
0.48186078691346146 0.8354246850250289
0.18177163637392946 0.9787757268423365
0.9534450938338792 0.26846852941199395
0.9356564279439239 0.5024345366660121
0.9739501057060205 0.4844156471242589
0.6947761754447401 0.12729106061534434
