10 8 100 4
566 1158 1095 1009 687 619 901 1023 635 1040
620 1055 797 631 1049 966 965 525 891 794
877 723 787 760 860 536 836 1275 802 739
1096 1146 577 595 657 886 1543 1638 1155 598
938 1093 1169 1070 510 1474 1463 1069 1364 1413
982 521 882 841 1210 1088 1165 1563 1532 1069
938 712 629 1353 1033 1503 1399 1262 1579 1252
1123 598 608 658 1600 1021 1168 1441 1096 1145
704 946 960 1016 642 1328 1482 1204 1461 1536
943 634 716 1076 578 919 1324 1038 1009 838
1 1
0 5
7 8
7 2
9 3
3 1
3 6
5 3
0.6418376961924498 0.35311486709086437 0.5377445151766815 0.5118926148789645 0.40391481414723585
0.4100125451624151 0.5720339296529351 0.80321794357498 0.9724023931203329 0.4913857679472128
0.8797854242117955 0.827869511611343 0.3326567211729054 0.31906742066636157 0.25306525434169896
0.32874294578213975 0.7943049377496121 0.527329844581812 0.6117676192331316 0.4040944071712086
0.7508980903525764 0.834036538442182 0.7382129091105349 0.3725104161882519 0.23629625153795386
0.7178455657749064 0.9179893919473077 0.5049037845954963 0.3087689899860934 0.14670609522128528
0.3885338474350799 0.6001305959343701 0.666073328154493 0.6622958084281017 0.3648486040130585
0.5734516325541519 0.5056669264209737
0.008929048751756152 0.3329742690278472
0.8812151126653467 0.9418731708166355
0.4074289027604756 0.9134038918198375
0.26540363519798515 0.9496796752577428
0.7086968303977979 0.9793267079302685
0.936476059445835 0.32546942790538447
0.42977606337475116 0.6846594851500811
0.015705933903634284 0.8897679917188817
0.42401135993122563 0.4658351364447071
0.8786451144380885 0.6479126162460427
0.16892665223967662 0.5550235288656169
0.7154149474315441 0.510691242261182
0.6849089535441648 0.2682038080227602
0.10412298363889083 0.5299633750909263
0.7076828591596873 0.3837160926671246
0.7373073739842704 0.5328011830265154
0.4701053488609823 0.9333507919406354
0.037368867022634644 0.48320563968801444
0.9109307072441108 0.9263510481569404
0.01809969126537747 0.3057805097181947
0.9732213848077207 0.09207558570869057
0.8507411676572858 0.7515726641086642
0.07442280181844163 0.793380992647418
0.4604490867340023 0.07317925495527855
0.3400760184025995 0.5786204848030494
0.9818408350150276 0.234885904469591
0.9145274231316309 0.7580104064466537
0.6710738007016475 0.27513878346769793
0.638195692636673 0.9242570579283667
0.8813035768350481 0.9729073427890975
0.14368905094407758 0.002319119038240114
0.27415517582771076 0.16519689885011157
0.7856459851170317 0.9672271105040655
0.9349639212499716 0.2916957212683975
0.278976081102714 0.1280850836743741
0.828221980151425 0.7674586256387468
0.7282178367501226 0.12970088974781246
0.7266778015214643 0.08953739867067845
0.9107626644703455 0.879631657028257
0.4736963304657207 0.10487643815855274
0.8395996994734853 0.9273478881029431
0.23935660561822392 0.12580520615804525
0.06303251053614156 0.9947618032428198
0.9550149114195401 0.40457281735824724
0.781044731122889 0.07823497690463133
0.046981473320432565 0.33851699332958574
0.3162954727095246 0.2171228370235856
0.2794891640114132 0.5412848259908347
0.3629517568572844 0.13946541117681543
0.46880714612534424 0.2822611111943778
0.013435865470468933 0.6471800041685258
0.13756380167243698 0.2309884265671207
0.44495876972320736 0.8265584005744979
0.6689727905554455 0.5556260121590926
0.4353388776448497 0.723702804840163
0.9547563260168792 0.083279149716605
0.036689946411458285 0.765040707083483
0.6038235474624849 0.6741948931209487
0.7108084382617876 0.8608488379891108
0.9952676347984126 0.17873708779235398
0.002849727070803665 0.3846031497872291
0.4205301096623457 0.14948226036703716
0.9651285051816711 0.623416376603614
0.4034201120093157 0.28186769107376586
0.061734260266632646 0.8067629346891412
0.04950223059381287 0.8344172793897324
0.6537888175610775 0.8131407275739837
0.36082529093510596 0.3965755057290328
0.08899970980921257 0.7971891576615171
0.000054442084558958825 0.3658231402327772
0.5274978704456974 0.4880943261811639
0.14689843663282653 0.3060993288997611
0.709613883270914 0.24111787894567493
0.38645378994428214 0.8949688526005382
0.338760572823241 0.0944579128488563
0.690075245560805 0.5210870449274285
0.39887910300671847 0.5955542815738304
0.8975258337074361 0.8286045605716186
0.12302862995237063 0.46789355382479525
0.9186779666922471 0.9549434903014822
0.6075400008691854 0.6445884422355381
0.43444949223779905 0.587984014648574
0.35428266662949737 0.9934936214334242
0.3211297209413475 0.7686284705769977
0.6910769468811409 0.570360808376664
0.042812733206754716 0.3206345971421065
0.764596382768451 0.973863808954399
0.7455949993088165 0.7069671817269547
0.38157866525221773 0.7742607820604186
0.16814012545630574 0.6230042045096262
0.5022989623938652 0.23932953052487704
0.21287961066298022 0.8705968929261583
0.7196466685648835 0.5346880378046959
0.35773085904334345 0.9522474112273147
0.736940570323309 0.49174855291225783
0.8784886279476967 0.4524384348756316
0.7431780549261344 0.9149010884572815
0.852532349994594 0.9935640268273274
0.5142847506018977 0.17088073995936925
0.9472081930950309 0.4539654131163695
0.3873846427276202 0.6495021253656488
0.2676103087867894 0.3613463302488602
0.55709582087149 0.2252824473004147
0.6420616712682294 0.6547514887269963
0.04974180809127415 0.5855388140287776
0.6035555367429073 0.7399861300054613
0.2578876552782827 0.5048351353598544
0.28517323135762473 0.7526865754237084
0.46729803653729673 0.8335243905304064
0.5735944413883345 0.5776802790683175
0.7746640947168375 0.15433500480551832
0.8141694636348715 0.9854065754015731
0.40907778887088564 0.22304348115431627
0.12229844810431767 0.7876725775407114
0.9549939155990663 0.731087052313119
0.529632566110471 0.8345265022493165
0.08054826599318687 0.3468471283729859
0.9062430972389788 0.3673490122819356
0.9856073408436086 0.19624654003765807
0.8644842000576942 0.611740397476225
0.5350150565928977 0.020261805711026204
0.8002901315676874 0.46379109020635023
0.7061007598873288 0.2278921698305214
0.2876223237760065 0.251501111864747
0.3030695151911178 0.9578031286907465
0.8848779377680565 0.9672563400638523
0.057120498673060016 0.3469860272385672
0.5610850099264593 0.35276728125304
0.42005137150719807 0.434492488625736
0.03089816392873157 0.8231890373158075
0.052674956235606585 0.6880096485660292
0.9459002895297361 0.6789577796153543
0.9210531826050146 0.154233478365416
0.6261036960319772 0.8556676140641177
0.059478020056590974 0.2764110587961479
0.47724742946860155 0.9607982661105914
0.3463701310660723 0.5452541576523746
0.2035283804566459 0.6355397966022487
0.5034331859906724 0.4380947328353788
0.6754681923673889 0.17393970237581957
0.7015455760288072 0.21213388414897283
0.6985063702801173 0.07127721836749301
0.13813886295417843 0.9073596277801688
0.05272973524884139 0.9377023965952871
0.6722083941076573 0.47666366982376207
0.8093594666321482 0.29543161398561857
0.9897515489332764 0.4302270698030888
0.18916640886874614 0.14911451138205178
0.257063696528947 0.26234746802208964
0.5249306205871065 0.4706616249769129
0.7830460192314641 0.7579984220512477
0.44756758618129155 0.8352237862916194
0.7485979483410874 0.1675277744891479
0.5318297463016834 0.2969234464964736
0.6967329499830981 0.791982132854657
0.7593632595271373 0.6059960021637327
0.08202111305866544 0.846188568788363
0.37677423582717595 0.8355598569736777
0.9897799246794079 0.5031288527491737
0.36772771240484725 0.04004682610773869
0.31635541185118754 0.45824659128917267
0.5803918113699205 0.6139854502926143
0.00519205068933859 0.5530555883338644
0.6942665967406079 0.1834637064217628
0.23438042510745505 0.7202776898199923
0.43288684554573886 0.3647063352803339
0.09093430457837948 0.9729859188493624
0.9551119876984864 0.04118795629810146
0.5810554730810136 0.6422992439897701
0.7508561732640475 0.7706532894075355
0.7394311821914141 0.9409350459505281
0.49987907906686657 0.7508534440194199
0.7685443015080908 0.4350433022039917
0.7701772798467954 0.8033390756059124
0.35964719000882517 0.47750085438873047
0.020691649946713575 0.0547161454268692
0.9166298312676495 0.9576277508401336
0.532117062159402 0.7066920702275705
0.344008475682851 0.3416652514742382
0.6913030410533494 0.39877993353040897
0.36867561083362754 0.19318909401597906
0.06420997783754578 0.8060096940659829
0.04374162891510136 0.270250870852212
0.24772050096147802 0.25269666553532244
0.5846874350749189 0.7447092740681878
0.3296692651877451 0.4166410198789181
0.8024028671895926 0.3034239665886449
0.026924643407365778 0.14641986585396394
0.6402837480705383 0.05207153104185269
0.8060041313577972 0.7875682780702375
0.046811373786580956 0.3146985621012697
0.5458904080982325 0.6096735037853136
0.24551072787547978 0.21995814111339373
0.4016808872428346 0.8822481741058774
0.6018989726895849 0.43951720048501053
0.004978513988505018 0.23917470065198687
0.5399221051551673 0.4478837816404231
0.3500008608979066 0.39110352461761644
0.9344337746496216 0.05272454872599863
0.9358508848365195 0.5316665540890111
0.2304365470886065 0.4611493857988307
0.42817780026937036 0.9383495760224527
0.86823925591429 0.8183500078884933
0.7535521652794384 0.8543655797954774
0.6972298878979517 0.5976852110061976
0.33220397624746867 0.29211412652612423
0.7683634431738 0.7077319924896965
0.6392129555289741 0.09921343602194144
0.04197872871460229 0.6003510369475304
0.7495243488309717 0.048267994751148624
0.5390903795555853 0.1328318015779799
0.2407924687160128 0.10497067697292484
0.2790124960685765 0.1550984663311783
0.8586684246331568 0.0015930899238616458
0.4338789468490274 0.1365562641989
0.8069488228959065 0.6230573564820718
0.18008790790552265 0.14704566774269434
0.9586728136904785 0.004265687197728463
0.6173695522157325 0.4407683356245795
0.9368236871640065 0.5785247421571078
0.5638482150278319 0.6003065957486362
0.017688159859123642 0.16433277354772935
0.6306682851716587 0.7998108882449497
0.404747164024607 0.8521415636418808
0.6539060106874504 0.7269270351531307
0.8143191680098623 0.25114529910003935
0.5316421014837454 0.35521468179135285
0.13752691985198862 0.7752587785779568
0.7680472445318873 0.5612899806469711
0.8105717980634959 0.2305494601576239
0.7133452548426695 0.4655087291247746
0.10635938205556528 0.0009570329094483743
0.532469538200959 0.5051302961762136
0.9926929697985507 0.6183750642122285
0.41065846768100767 0.6506869930855317
0.08090262106820423 0.5310392262483119
0.6053613168058711 0.7959748068210828
0.7123898857915305 0.47649653266709646
0.026685243907883738 0.8536468542662023
0.33816162946087425 0.662758927321454
0.15547659294086746 0.5427716920199137
0.08845200653904572 0.7499074788073115
0.2691312377707893 0.635378927779845
0.9137974604934234 0.4538037880792747
0.2676638766335133 0.8218048240214673
0.24286919147976227 0.14109251199275263
0.7330510781544828 0.44929500370011666
0.5082726624365339 0.0060741107848463205
0.9477262724463187 0.12213676492516035
0.8400274755440098 0.5379572904319907
0.9832192981294623 0.2894266503174556
0.2796770434038973 0.5632438060363556
0.8375925627239993 0.017237969879813297
0.363544394711637 0.06566578065043505
0.09920167752924725 0.9849232044362788
0.17752524976636597 0.23078359706281826
0.05126410792224223 0.6588363247553577
0.8008888922438908 0.4088445899120985
0.37668446360040475 0.7071858943095506
0.20397838058914197 0.7266891605133137
0.60870326530195 0.26259521271027264
0.6881811179818569 0.6206557429274735
0.7876079946419379 0.9430337458028981
0.7884440441678386 0.47295922229792575
0.07420266547260135 0.8448710482832147
0.12914218831201474 0.9381989529622672
0.5775124997530041 0.014965357830370118
0.04180990924311678 0.3012467073582701
0.7003197608318033 0.03527608232683144
0.11757383334974247 0.3412202949824217
0.47626408268218734 0.6251366252741604
0.6826530876801655 0.3073464175467726
0.9381630979363926 0.9575896884586073
0.176007344626409 0.5787620827970994
0.6858038568937534 0.06916512167774913
0.8952445305973311 0.16398896371325988
0.5274017575368957 0.2069346356341495
0.06126942705874172 0.8233443881980071
0.9616731147643229 0.7019224935496
0.07278181742437839 0.26481251834439035
0.4882314665506726 0.17026116408445313
0.7417733015405361 0.5195286979942704
0.47026057586050807 0.5491752174400943
0.8770331253748844 0.6091286358926069
0.038931135046275545 0.8962596145590818
0.3090752106973229 0.5677642573268258
0.5841577108604985 0.6771768939084619
0.7195097388057494 0.7594649285265294
0.4327452446901394 0.9492955063271786
0.13678950494041087 0.606157482257281
0.5947030083459528 0.28775753741268906
0.8330411922714447 0.9442830804656528
0.5305349353225646 0.7630371030478282
0.9556642061371565 0.591677576984535
0.22159433485401614 0.8217952623572404
0.11736617105278979 0.47735451838445786
0.2999692712399169 0.9656982410031616
0.36868326358834747 0.08146884281085343
0.8559631842283675 0.12730242119578383
0.17377432349999689 0.10004475745204378
0.5303534557659462 0.4096232045647552
0.20683439247812396 0.46443489664694937
0.31601843393160434 0.4761357113979927
0.6519335880863171 0.11261841331723277
0.5470396275790381 0.3219141873470368
0.842166426898179 0.19340696850999728
0.1574987282546394 0.9308919834849256
0.15803244005712513 0.7858349954710881
0.3549311050656063 0.20520251933838507
0.14964600657394533 0.3548973857665263
0.07016053355429941 0.9425776938678598
0.3897084746189785 0.18851149957466928
0.6327163461827727 0.909185343711904
0.03396998186755851 0.9316839004995023
0.9226470183914763 0.09534132350735192
0.9413350774961691 0.8620999882961398
0.20817307826123987 0.14004289822843496
0.3047803278798831 0.4693361500266948
0.05088546698181684 0.19919573493686982
0.7827625531867111 0.05311431006206346
0.9609439569712033 0.8406754818227564
0.22512038867918815 0.330244621742942
0.984785611169958 0.5766998537837131
0.18527299181391488 0.1726977673840877
0.6440908666412299 0.43011965458904
0.6751188916347022 0.4250965336301318
0.5809289862700104 0.17600779781794218
0.29708937055732876 0.7859589963989475
0.35532916957903504 0.6263410755892853
0.3492477672203951 0.5200795556749613
0.7407351831550102 0.279552954128357
0.8258443218164078 0.6140869283141035
0.61490559011219 0.8219458065953984
0.3104790366576762 0.27376465650736037
0.1036186641320116 0.5572259921213236
0.8818458195992791 0.21076567726599382
0.7174392898399871 0.037767834898037256
0.8873120255026996 0.4735291994061379
0.31939831034890487 0.0417928263254983
0.4602763074998417 0.977882830135693
0.23104172337249596 0.6436011385238105
0.12361828029383526 0.22132704755294008
0.516332256069368 0.28997100351342686
0.7291783296917729 0.21875190993173255
0.8250815839299779 0.4662276739299209
0.5824403432041823 0.07644202138613165
0.1954201816208052 0.84102845663262
0.7667533843971075 0.5156756575951877
0.8278991769122885 0.6198377629835805
0.442140210929727 0.5684441574269168
0.2073983306666174 0.569991968627847
0.05136655095137632 0.3676839191421326
0.7555914475110039 0.014914135524248806
0.5112529710789644 0.3383714513617482
0.4354878604635799 0.873146823138987
0.41968835771317736 0.36229423616076284
0.8845099839760426 0.6500457467828651
0.2647254186729242 0.8719427971395513
0.5946853395889076 0.34044039245506874
0.32967626557387186 0.17351169834438696
0.5530652515027223 0.05822438923901463
0.013742726359627255 0.17522659091982162
0.09738130212249185 0.8484572336361211
0.15248610869912516 0.7711137707500813
0.30908827961402396 0.9071910853930332
0.4327120000675835 0.5404365996369289
0.14504726949320856 0.22169996195330754
0.4472864027070387 0.2071336794177585
0.5325329695731413 0.23793385422107383
0.10856330236306566 0.3358165772738735
0.36174680779735535 0.9876229551259919
0.06909898753336652 0.5057161202366052
0.05506606372931766 0.4678741402311142
0.3669714367914114 0.8820306670874851
0.21114865026971796 0.9831158247259912
0.20315034688977507 0.9685024622061369
0.3074769768149528 0.10127193369801768
0.32276603616857624 0.17389996636241922
0.8617440173197393 0.7113265824154826
0.8431650099976113 0.16023612581281133
0.9968920165877202 0.18795730442812908
0.7947678808344723 0.7837838620907502
0.8859440129045908 0.7220248310046626
0.2836512282454451 0.13018457213786938
0.004835785879516052 0.7990064751903665
0.5174732968320381 0.27489204625637
0.09519689483087612 0.3167151757129676
0.5425128422884575 0.50512490999353
0.32113167397075015 0.4548903055455902
0.1356067370179299 0.5336318026074176
0.3070171170045606 0.9565260282136159
0.19804345066872564 0.03571121161177215
0.5368618018749036 0.4297117402960535
0.1548860452280756 0.9788576155618287
0.9096649216561403 0.4881347333810495
0.39031175391564865 0.32664540039980583
0.8811077684788722 0.4406325009682619
0.6520251627660916 0.5715275877653878
0.3515134932517656 0.2026302608593371
0.6328974951991528 0.8074486415865294
0.7527145519583198 0.4735220002246747
0.568643653866522 0.9184816826644095
0.9852161132148911 0.2137807201322337
0.28330434819020445 0.6535058424605347
0.8604868276992284 0.6023609331494129
0.7421128464066191 0.26243491862573887
0.038547905334374244 0.10713528530085425
0.5968802492864449 0.17858654383818062
0.2788877805492893 0.5811551447035412
0.6540746847537604 0.6514637002209249
0.9979125912106699 0.18483500945334574
0.14802627345897656 0.27070076125968323
0.7220250907075707 0.047299722759374774
0.945876446766406 0.4515486767110921
0.05031486608600999 0.5039673414383548
0.5059358865930688 0.20071392578964864
0.43066665466270004 0.515668233453219
0.21910283855916468 0.8858391648235635
0.7938681175646671 0.722247102928242
0.15179420438952151 0.9314757367889335
0.1731213661905524 0.09023006772148334
0.7875320326636113 0.21039172945215445
0.7716846625855649 0.8282716943851005
0.5728848434670712 0.19834548301109578
0.21672934503523344 0.22252303781457994
0.6523115946986264 0.879149342181031
0.04859904648262736 0.42363503383813317
0.9917091607447841 0.8802892981820207
0.20282176180053768 0.20800305553492504
0.8144774542099227 0.8612111807747402
0.01954720757314088 0.6034880017412791
0.5037169740408303 0.1967840691767766
0.8158058910591262 0.5616079113690291
0.2073588413385401 0.4664127813284562
0.6178790210812668 0.927433358639266
0.6419155699002028 0.09614127766699343
0.8745081121531189 0.40131727596769373
0.03445179417182853 0.34355486697702053
0.24028248885707293 0.15768985859064388
0.4918099961928988 0.6301120674038008
0.784260558487526 0.7312289275123447
0.9763218701764713 0.8785705472095915
0.8843315312609279 0.26086968680059575
0.0877175356927602 0.6848443640253956
0.8278192290517421 0.9623633408507635
0.1348846759682074 0.8402262971247585
0.6591761600657129 0.8463172389068456
0.7902262729610114 0.3614255434507554
0.5421983046537753 0.5070280919723611
0.4161752753747807 0.4759940125948112
0.08399522098105727 0.8380207606398282
0.2915629322902955 0.4415058378877783
0.13055850724197127 0.9957932004645083
0.8138201146085347 0.5081053726371525
0.14312237948530204 0.03523351812915454
0.32068275872192276 0.16861073781554858
0.7977418255163291 0.5357097488807985
0.5740580772234369 0.4052277032056628
0.8602982283717358 0.09728259773663206
0.31829106305269117 0.35443138853196454
0.5224239363469001 0.11388501849509725
0.6064040411034672 0.4366772501331282
0.2570124480937237 0.7137131779210844
0.46334790038200824 0.6930169489217868
0.499385392446009 0.41401501183066136
0.18089197542407454 0.554362646670731
0.16719460659006247 0.43215123457285953
0.6926463923204527 0.2032765483832113
0.12598110903122595 0.517797556401786
0.660062147989386 0.8461950120834629
0.9475381708200374 0.4748444304209791
0.7881092655337918 0.8102800079638794
0.6954851432514797 0.7103458202344195
0.043991477393084955 0.06512833540974894
0.3868455866786278 0.8306083271839997
0.49321186265517425 0.508823705060824
0.01083990845897187 0.45472537469594365
0.4338297205322392 0.7430048335418078
0.45614008951716545 0.7053208542564942
0.5794033874617857 0.8805271161314849
0.6723588286068425 0.6137910501096
0.2569059337298327 0.977598623143354
0.0228832138085886 0.162501840892896
0.9601187852981907 0.302713981446578
0.3315806679209934 0.9454857784825563
0.2882255012897781 0.3152960032742622
0.44376490616677633 0.3361065538207184
0.5094637084238451 0.9566619063549153
0.7599122254477777 0.23681550471461765
0.9437131887063528 0.9595192252630893
0.9455206266239276 0.8111615999724675
0.045194559784424104 0.519325756770747
0.0684468934510345 0.2434105263215296
0.4211347934976517 0.8207781921584731
0.21566930565621978 0.5978228029862043
0.7864242340010636 0.7900341199448702
0.8565748422549162 0.8076490576674948
0.688406394754749 0.7172249537798145
0.508071242405006 0.7604563122469712
0.5209732426932927 0.39713871405801027
0.8699511734546486 0.43284717978532217
0.20171592090026058 0.6944140473117015
0.3901080239461998 0.7232561799909571
0.5666267197243748 0.36299525273059374
0.9790986442401144 0.25078547919151317
0.4286363772984356 0.43007632472865454
0.9855647303955868 0.7998423825504015
0.6487535440802741 0.06683502469659874
0.03645140896390875 0.4136602658353581
0.908092726828394 0.3977966972984379
0.9687076050454373 0.35898802708189725
0.05549353003044466 0.47549158422303006
0.4338859459894573 0.811151181395477
0.938597719290722 0.9428604543035037
0.1315646149212253 0.7102921169613201
0.3232582773707595 0.26356172841305514
0.5035464655171136 0.960439337604744
0.664792708728831 0.627230362869164
0.41616461493353385 0.37121692670888695
0.432239846194455 0.4318133744611894
0.8955573362421321 0.32997537040418745
0.22310162670143274 0.5663919785275742
0.2453605691561862 0.8584800720194854
0.2791826464827356 0.03627581417897896
0.7238371257386838 0.40380525739922213
0.5978096382941966 0.31339853965009534
0.42239055749231724 0.09529628049281458
0.7630345517391106 0.9856472144652313
0.41270786742258614 0.7189595234211947
0.26607686162679434 0.49166954971422516
0.9797220541548746 0.8550259267262756
0.41570224138100875 0.54595194988818
0.15978643876649246 0.27205573253467685
0.9168169359042264 0.41873349720007025
0.21486695600476846 0.6121382566171052
0.15128652206636062 0.5471880256522594
0.8104558948873315 0.8864674996511979
0.1382598026654125 0.4933113910611375
0.3347554741110035 0.7869212966634869
0.25006384273136106 0.8184654839816992
0.09884549138472809 0.592758298494191
0.6396408478427926 0.24819348786391737
0.9219913802473203 0.3820660103278568
0.147848070307244 0.1157106027972612
0.4931994862706046 0.47445852471613215
0.1236516522404334 0.5146231302976139
0.7719039404826364 0.8449140797874106
0.36936032615300496 0.21673812539036708
0.43123686059485866 0.394768515452655
0.18460416440274607 0.3056856623947064
0.8465567456843173 0.31491247691505286
0.4455565615258077 0.20259196242542288
0.8283448927591597 0.03985250849957023
0.3889620941474059 0.9075929918828758
0.5503199684605875 0.161207844000272
0.30517745753815784 0.6096356557357563
0.38301531598769945 0.3030062060460328
0.7710702095375781 0.7490244469371061
0.9303777299231644 0.18633949745587763
0.8159463040958919 0.959499524038447
0.40263964854425893 0.0990599706314299
0.43804545253742755 0.04335505217412483
0.714252010459536 0.33835050149702783
0.5654247282281841 0.5889141782115803
0.12055659677344543 0.8450201052419517
0.4426828526577322 0.8677171446804766
0.8418446463604601 0.8056550808234304
0.06665583658263774 0.1695308731308598
0.5958524338865907 0.3039079260700006
0.16588503911902386 0.40461937465204656
0.6585057692546277 0.6177203826949698
0.31235654717212835 0.7600953435882329
0.15846653464539906 0.3082028863609749
0.7525726443357141 0.07585000775558526
0.7307036800335938 0.3346199203568607
0.3642093159844957 0.4417610687956095
0.7077555319421827 0.6535568959560369
0.3357808312035362 0.5793791045373453
0.0775990193572238 0.028066189834325295
0.7460976371858212 0.6896827893790141
0.3553848958453705 0.9870311217139156
0.5947938449761943 0.07142057931318857
0.15937750322990807 0.38509880798481166
0.9416990044387612 0.6691658482078131
0.07213664732047409 0.8130278812159937
0.08261422379532468 0.9329909075671683
0.49415624458140384 0.7547385267447178
0.8853323319564312 0.012742844021893296
0.501541603138367 0.13003631674555027
0.0549697554319708 0.3524860408115278
0.9986321987514977 0.23014659156837425
0.11076438116740395 0.860167095152016
0.5802963362628744 0.9560267101825481
0.09356108560507104 0.3093869132920084
0.38054502894796594 0.3079972889755196
0.06820144402014461 0.18967412012199936
0.44605815686940087 0.39821811877434676
0.8128005929088047 0.15755606497196095
0.7170741536698011 0.06401141526620902
0.808423735205712 0.8913732483684449
0.9597414588657134 0.6581343693768478
0.9952341527405697 0.4767845913161801
0.026595997410511663 0.6756276897503322
0.32156732923418807 0.16083193599613232
0.8129739455830061 0.06901420892030696
0.15592736200423163 0.8915353184669514
0.09930549852434001 0.07038651368028681
0.19112203888214463 0.7714621812359574
0.5590322008318163 0.7093829347151317
0.25947047572944504 0.9168566723884584
0.16672481756984725 0.9808743779626914
0.7595143420636259 0.9627675079380251
0.3138532050313605 0.24002964370713875
0.3934708572263821 0.9680694638417664
0.981259844074144 0.18710157158418328
0.3561172026192658 0.9826302494531987
0.8018342676773271 0.20839617560464063
0.9228051129567856 0.2250822663678893
0.43201083328511736 0.6677264737093025
0.7546755272815193 0.9047356135600051
0.9379452350879567 0.8681466094587875
0.11908174387031978 0.692158521127684
0.05338785619831765 0.5276228195848913
0.29035604374188173 0.5181098230894632
0.5515553629206209 0.9182386563181433
0.7265862567121488 0.46711898292606713
0.4597529293780329 0.6268891218120325
0.6966284428519942 0.5505526949471113
0.3876367227457538 0.17380709596775357
0.7699413139881122 0.5783638629996393
0.16185817097419575 0.15573685446170726
0.24012395456923952 0.43555156964199626
0.18636518093758725 0.5929501372079233
0.032815219243278015 0.5167491918768039
0.2552489933944533 0.37652934067727717
0.7234643511901606 0.7860493160796145
0.6919915809824055 0.2762164611580402
0.6076457110064721 0.5543978467389297
0.19173081526320268 0.29839240213058904
0.9555879808834526 0.7453327868946424
0.7439593771383515 0.1785243507075649
0.36328599545936036 0.7278478904711476
0.5246345462869659 0.9804628173026566
0.17853742424381625 0.3909891420004503
0.491566604516223 0.483975249794353
0.6571833653386066 0.30127959857252185
0.9406171376770511 0.9512027844809225
0.8522680841563135 0.8707371329830818
0.798235103342517 0.09666778730331194
0.7803939235596462 0.3759096002996418
0.7029454390532353 0.32130991370713136
0.4833066890114168 0.7439539082510129
0.39983845409936647 0.9261591594554177
0.6655659285971942 0.129915243639376
0.5978453587152561 0.12056972958920009
0.730808348152282 0.3111732960414757
0.20517493139876386 0.9970498757580641
0.4007309489025739 0.19849403199736027
0.5548632484558433 0.3477455383224095
0.5209489545090471 0.06165204996295737
0.23868643912495502 0.6521168478694381
0.10082280816901634 0.5885075767655794
0.6216653524808939 0.8747606876796099
0.9365841572853038 0.365699571204011
0.02164251516772131 0.7357303489896418
0.1447331058702992 0.41056862738658206
0.22247312132015007 0.3917678554368129
0.638536076804376 0.2869613049948281
0.6364532465033901 0.14008606280613556
0.6368699514703677 0.6039312273418023
0.35186444859587085 0.8089651276030116
0.5905913299907792 0.9279617821432682
0.020788235539468403 0.7252548862184245
0.07972331646613995 0.29578749466959353
0.8382762383463049 0.30973718474421186
0.016588629215747552 0.7891890611828001
0.6090305183843614 0.9664833304142064
0.6739369315786723 0.26688818168836037
0.5745681574498307 0.14083140965319751
0.619129179202925 0.20716593019303953
0.534085357838987 0.8643794044910598
0.8416331426940771 0.2756525485233037
0.13690018316655017 0.12110497414007515
0.5030904052484388 0.6198168950643417
0.7786674260973976 0.47262890531741064
0.5596576788076089 0.7050218325062088
0.2649840370797183 0.6440185293327045
0.7843728534008709 0.5797841445454215
0.1042214042489451 0.7911290038042651
0.38556550519519783 0.012008039650212687
0.16112119585946294 0.9094914025344119
0.6542926649122118 0.6799576863412378
0.7966560468250579 0.8946076075691192
0.8712129517733687 0.6198698542709722
0.8840582929170424 0.48451386274030295
0.42252643888945474 0.6075526970254614
0.5919098690608418 0.3925677379238175
0.3329041694265067 0.7755414890758867
0.6912584231533159 0.8482983906889106
