10 4 100 2
720 946 834 383 381 1716 964 909 790 1303
604 1160 968 469 961 1580 1097 859 2045 1966
1348 951 1231 1473 1059 1067 1636 976 791 804
1408 917 363 308 459 423 805 1081 1578 1057
1666 2254 1543 1007 1611 448 803 806 284 928
2041 1615 1341 821 336 286 967 1107 651 872
1505 1563 297 308 569 1534 361 1553 356 1257
1971 1436 1582 624 588 1196 367 1214 1185 1270
1186 686 737 948 912 309 1043 289 912 1044
768 1228 399 810 889 1406 631 393 1406 1491
5 0
0 4
9 3
1 7
0.7888554017908636 0.9295967750811251 0.7790194797097137 0.9540563034051002 0.17900398987153068
0.7418065132328704 0.7809395321845061 0.7132820495732006 0.9761917790000219 0.4520552699643544
0.4726407649428188 0.9171840852660462 0.5643539706223539 0.5048911401723822 0.36760507318559377
0.3078196032972058 0.7842476288707683
0.7352495859089134 0.2759965736635519
0.6403731375764621 0.28336583639834
0.2080956281573907 0.882908083763424
0.12604413883520094 0.3743664664680746
0.9147741625658468 0.14062426551349683
0.2652446940123947 0.591830396755612
0.23684317106314468 0.9072512963844725
0.7728437637197803 0.6218243466227249
0.6462293742858127 0.3212289972507687
0.13384132967792883 0.27919409510222115
0.8504816751889315 0.870107116766254
0.41315586684080685 0.21250637260710925
0.9822663201299715 0.4662904177193006
0.24830402381110717 0.34533622601136527
0.09150617345408141 0.7033499267587244
0.6532998406812494 0.4743933785227943
0.7718745332626316 0.04121433490827431
0.8858526610826509 0.10338188589867703
0.727897617826829 0.9936139444643961
0.35212039217977753 0.4994597740526576
0.06676857544744474 0.895968747598676
0.046004090908493556 0.3882700124574956
0.7608564109901614 0.9507756658509583
0.9558521034825136 0.9444241334358561
0.5547776970721661 0.006408767836780127
0.49453547966886324 0.5678725963412965
0.00987546776845405 0.36516597103593185
0.991765428374362 0.8281922463367373
0.7922259214028866 0.8552392706439411
0.12580094496495842 0.8921707402799357
0.5308124562054375 0.9308422691956932
0.0317595525679899 0.3375580047740703
0.7244299568266741 0.698365704182978
0.8991630340364292 0.3653207346624854
0.6002509032156342 0.4066531791454935
0.537872503372093 0.41602817409395665
0.8430226034830057 0.16611310264904766
0.7495292217557092 0.6815627303723186
0.5305179876253452 0.45600195978946956
0.05057736141422353 0.1800405169410264
0.1606332543313369 0.7925616078065021
0.4052641642038124 0.132965073849016
0.7053156900432966 0.49418664965672865
0.7958499228055111 0.9434774052015238
0.13343184786202 0.46566742016067275
0.013653739077009508 0.6918151670957406
0.10475907272567464 0.38823638970017305
0.18661954686938498 0.24771722571570165
0.16553597414834886 0.08490950046092416
0.1464508213143425 0.5372223813835348
0.690597964840709 0.05962120913401692
0.6097364707926252 0.25685208319134345
0.6925387136428993 0.06495375149735105
0.7484249896088626 0.33967467780713245
0.8657545120741497 0.019105034578821067
0.7851485023010576 0.4835955449137834
0.01314574065742824 0.1490134103694154
0.28116286049253736 0.9970420780211773
0.9703744907594203 0.5519933056399702
0.7124487237897841 0.8384304149981765
0.05873253031617143 0.35292421024120335
0.2087604658036557 0.13229951797554684
0.13275592661992275 0.11678907177696218
0.18804483388112847 0.026908557023589408
0.6095679574999588 0.37017053742296446
0.9722517676850007 0.8387148319171878
0.2611999604496378 0.00824779278403609
0.9072390319739545 0.35734777163081644
0.8115084377859783 0.3222692798224729
0.7220794413152918 0.11355423073180004
0.4963760008949283 0.40115444237020914
0.28608799179834565 0.1197712319358748
0.6578784552817167 0.19807445658505984
0.16308406006715903 0.881363105875451
0.1238826392750152 0.7661443697514856
0.1676582768694168 0.5237695169009615
0.6240062240546704 0.8166614021759395
0.08639310694013314 0.8760378240566475
0.6645148457056307 0.5532078822120015
0.20856674787596075 0.24827055651934637
0.2778418696549241 0.6035326530628555
0.865877601212369 0.832257664791155
0.37099187841090964 0.9578070980944484
0.6288836611625808 0.7799343469803977
0.7993707997089174 0.8818453482430348
0.32000307983503595 0.5163765451183802
0.9784736268322418 0.40470193856012115
0.8561332411471947 0.2514461465439519
0.8229952685339375 0.735047177521784
0.14669887749154942 0.8319403164918859
0.2696206123499545 0.9988932280561293
0.19751989278537563 0.022677968044045427
0.35168392840760365 0.9482738699517697
0.7221101859620116 0.7635608947854093
0.32398640962021275 0.9941917263848183
0.8151229139127409 0.9550522100175536
0.3914787787175502 0.9423636854389636
0.6968192304951848 0.6472194842846801
0.6877212620749185 0.07472184523577652
0.2107924961938743 0.3650839549026408
0.060312290638986576 0.8062818472596491
0.9927385979959 0.29775083148204695
0.7626955350941025 0.22582630499582912
0.7846447896022046 0.8621698585017561
0.4932964697240787 0.9269604857315461
0.7767634321799977 0.5283404983011546
0.6608419656559097 0.5218433476791373
0.7101353773281196 0.4516515131478205
0.5576318805550573 0.5903912958779636
0.168716770169429 0.9844009400334128
0.6438491232502839 0.13645925525952984
0.2098174334603402 0.2199012297711882
0.5082710128869343 0.4242557557316611
0.7217884797404328 0.16587068694393414
0.7470965293329095 0.02638893065679837
0.800349642708654 0.183931399976631
0.5209626986685914 0.4501987662197591
0.4868289266233006 0.31515106815612604
0.39066501199705717 0.26935717921097835
0.8688188075839651 0.8951946789439829
0.823574643921362 0.9954703187375638
0.2834973093727131 0.12872776908576156
0.9092577333357907 0.08638623892525188
0.5396431526643379 0.21404886572933335
0.4340362920691656 0.545091971349237
0.7366431939773148 0.9217729989271233
0.4199035833183462 0.2715505732885817
0.25089573112485875 0.6371296414393481
0.5407683706970836 0.9252060047354354
0.3118889824987001 0.543009617783129
0.9352632240117522 0.6237724511204414
0.686920397386612 0.9019318753954573
0.7725694114179109 0.2291571714325531
0.6110526738654476 0.9390525224305821
0.04800116749332228 0.44066875762442814
0.8212719006940588 0.49314784645372667
0.09183572555881092 0.17779226171019613
0.8036946481258442 0.11265956230908936
0.40969066589278214 0.6601641540457452
0.9120821065830957 0.7585289125082384
0.3892562586530923 0.3909692104933349
0.9226258786161525 0.6330658069768498
0.023680829971417072 0.6821161370405628
0.28194748449423934 0.6104313411058597
0.10355798037669128 0.46966895488264404
0.2778379993324298 0.04822797145318192
0.8646816201197491 0.027423135699532697
0.4755468316306717 0.5471763362739457
0.9320895171421435 0.15547496263710636
0.10112532346275538 0.4756912986152979
0.9443546040743316 0.8557999175513555
0.06030178410727571 0.7640134600241579
0.8517623051600947 0.30614415716367516
0.5567292684248422 0.2990595493049919
0.4677616616413818 0.7705511486742005
0.6147019180597608 0.9033705301561636
0.6637251101004775 0.6912826213644849
0.6278145001341742 0.732677283739052
0.8500596813178618 0.6353446964133111
0.3856862479510266 0.49015078080154484
0.5213849208668453 0.5156337695021056
0.29682093133882126 0.06027469089675974
0.8984756210282325 0.5982171625677759
0.8516843265557128 0.2988731698761671
0.11591005380262431 0.6199989300578232
0.3714819120615678 0.22510749460299628
0.5894144042806535 0.9965904514110766
0.026937087976786067 0.5250121559044267
0.3284030922420482 0.3781561437739942
0.013889283468611957 0.8717778663856925
0.430345421275947 0.5170624505262569
0.05262116360221847 0.8226343529595508
0.711376428964666 0.4379542260743623
0.4086758994110302 0.5037383898022598
0.5504202073183022 0.5537972439788694
0.9227617494658391 0.8440424012128216
0.5025446949787284 0.16164753804214427
0.2604315817668581 0.9893742649104429
0.31191983264827305 0.2904001216711136
0.8396449268136028 0.06970677835662853
0.3585852001324301 0.23700164431577697
0.27391856080613386 0.971450156753118
0.42009306055009676 0.39850918088457377
0.46281627819095084 0.5618528194570125
0.6334335957704942 0.776191282510402
0.00024766375790141737 0.5738743444233374
0.3506743161146415 0.4783114356317759
0.890512015029914 0.38694727005520524
0.9039682109330154 0.8064838540127521
0.10634765373547128 0.7519457061558867
0.012938663899621172 0.2140713442083091
0.4700911805540182 0.9718191986739912
0.693936170989369 0.19794511135337922
0.12868595957941942 0.41516943932919204
0.34404708375819837 0.669326293824331
0.8706274991276937 0.744280584698652
0.7904626957254282 0.20311195881554234
0.4975795663232232 0.44945492459679115
0.8778840662606637 0.49492873026852946
0.8500761134721246 0.5767996473013188
0.623269297117756 0.6133697699770508
0.0559735384586908 0.7097434709037505
0.535965227414648 0.24958059115485254
0.2735634443017967 0.3063574626577492
0.4828569611490159 0.6783016478734638
0.3462978811088402 0.9723376107948081
0.4028886346273337 0.8687008254071751
0.20156533538601917 0.41214244067606365
0.5894901724548076 0.21616888488591335
0.1547197946079497 0.18202366360598687
0.10417307970233902 0.8785428132095605
0.6714856839793881 0.23536160756280355
0.7802552871772253 0.891073826406148
0.9002681814591702 0.5321733733914908
0.7615925458411681 0.8152735626970753
0.03345572198850433 0.9971473946966538
0.4980836598121041 0.05056699985538926
0.9445470710099599 0.3060774190207596
0.29969109172088393 0.8424840099524744
0.22180749706290115 0.5622825382883243
0.10621437518298604 0.8224955717480151
0.822065196348293 0.8607654782796088
0.1933764737619541 0.971638475323739
0.46444523737999366 0.3965580432699609
0.9447043900527454 0.7520505630629402
0.33424634627592975 0.23104030646153095
0.02992259052018742 0.44619221355942273
0.47322726201139576 0.01304981041553055
0.2271615138625005 0.9605719330454516
0.6618968872087203 0.8390007962806783
0.9508939521795268 0.05332740942688141
0.21103570387150405 0.3771832614199113
0.0012502712194457644 0.35204768316981094
0.0615697462689031 0.04447906294853943
0.15680672747034996 0.35542752447295944
0.49596741787553444 0.8578452075231366
0.4838156477225486 0.9818052276466693
0.007340015922110643 0.3222161650767088
0.8906824845058747 0.8424745280175912
0.9701326047534895 0.7689248274499421
0.4075007027164643 0.6750098698672273
0.519746405137627 0.3908999307112626
0.5115177499871206 0.40268903364387865
0.36515000842402046 0.5007239109086794
0.5266350700703655 0.6586958697174257
0.942809840257107 0.3785033319769193
0.2095858241239561 0.023550546014653673
0.13509743233899552 0.19955768102178295
0.4221678805710032 0.09757121463936591
0.989093220470411 0.8510509596443045
0.7634360261935504 0.6798186564520052
0.9850832093102813 0.6154633213757708
0.8663401495232017 0.12846879008611278
0.7822569770886165 0.41800466327422203
0.4044762264679871 0.5898934103936042
0.627743986821159 0.051435721869464546
0.0907325483291137 0.5262124143277427
0.5388733728765178 0.04610745921731274
0.1648170498250381 0.6180876761428147
0.553721041659534 0.28149559481244424
0.5207757124474384 0.8244814693005111
0.07401297673068741 0.9983465628068902
0.8915721147430764 0.9784065834880515
0.7600837951753558 0.2537129000860694
0.570964229320549 0.20670024842571078
0.023015191133422652 0.8165431695293408
0.1803062771688273 0.31738711788528073
0.870534905295334 0.4717769919549979
0.9524113471740918 0.4009182100086328
0.17793730554056508 0.23716280513553567
0.513622551293849 0.627204300809233
0.2818052384905665 0.7269603170631382
0.09603240084350073 0.16299028915751013
0.5561089164809099 0.9951009818431324
0.5187030229414431 0.27853955959521626
0.6642538169890084 0.46572605196268846
0.460252167761793 0.9183968728019645
0.39501863408351 0.012965897031078422
0.7029276287444877 0.48833178053934545
0.9913168644131485 0.28855951314624106
0.7089709598168628 0.6876270299694196
0.21007161973546484 0.9790718578109452
0.8494113561488073 0.7828819356068621
0.5268537741976582 0.8559339810002486
0.6663526115518172 0.7658494271611822
0.5526250786706948 0.6149689098634195
0.2723775520413738 0.5963094067265344
0.763406662015647 0.022412166955583013
0.8475426251951039 0.4386531875465207
0.9605811679112126 0.3375777039419645
0.9315534893464794 0.21100194070708667
0.8561967785320315 0.7643704679024546
0.8800692088818467 0.5699533757180419
0.8774352587608989 0.11047809172222833
0.6338033395971399 0.9935524299263516
0.18510956266238265 0.08763572140626641
0.6417384126416497 0.9700763678884674
0.5204987662616443 0.16832843492652771
0.2226548961464454 0.08711686970304822
