10 7 100 4
1446 1398 902 1044 909 1144 622 941 627 1083
1240 599 844 1058 1301 1417 1094 969 669 1285
1130 680 820 1435 995 702 1030 980 687 1022
1004 1424 1074 1365 1172 1327 617 972 974 1375
627 1314 703 1118 1150 1278 1073 1305 682 912
1302 894 716 710 725 942 1406 1058 729 1082
1339 664 754 702 1333 1007 1038 713 732 639
1203 1376 1012 1239 724 1330 908 624 635 1214
595 728 668 1021 1471 1247 928 1199 1017 671
772 764 1204 1265 717 670 1448 1058 1196 1072
2 1
0 2
8 9
3 1
1 8
4 5
4 8
0.3301388945368957 0.3319709459756553 0.870880836859171 0.39802203171396255 0.4781693648088118
0.8146216794222032 0.4083745730175774 0.3250359021155333 0.9897093972783262 0.24699840209112012
0.6273577058290587 0.8650638530948171 0.7642876522802992 0.7069129087288681 0.11031515073670493
0.8158882384892043 0.8078742740368059 0.8912944631272961 0.4617022337881942 0.40722067224409964
0.5084288262568117 0.7803440499591606 0.8562226176848764 0.7696169869334228 0.10497136678286899
0.9123565072594071 0.3269915901944445 0.5213913900725802 0.7441606175075788 0.1812112125561578
0.3120086921591554 0.8591228041559589
0.8562618019219617 0.7452961978988251
0.9864172467539496 0.534366722581384
0.6544304297752503 0.6033097473994811
0.6427524461328495 0.10828173011511577
0.01669138250111213 0.14743378274827346
0.3582674039096285 0.9612208734678969
0.06424196803241622 0.19764491032847786
0.2467735002560525 0.9025135867634326
0.08935720917396806 0.11799209970045155
0.7275947847754693 0.5402800028274553
0.3656863977108813 0.10060593402915474
0.4448909817156559 0.14221809226203308
0.4569447053542548 0.5319102187000906
0.4961095866072529 0.04411967691975227
0.3637416331815726 0.9253233836415531
0.3175754481133224 0.8420366163684239
0.6934641216195152 0.6856514159974547
0.8389012145811621 0.5627150017234002
0.8330621871961594 0.7906575559104805
0.4493388709789685 0.7980488689893972
0.09242944598845648 0.6249424718045977
0.9725092381626164 0.6818403068544987
0.18013752877991784 0.4437838361973776
0.23314583151089407 0.9577998144583466
0.6049549453275747 0.030863941243121307
0.9222250004003099 0.47660307877917996
0.8168824618685548 0.9532100495959377
0.7158605066417496 0.37572022612396916
0.7314810958143305 0.8407163274589828
0.9482080814118126 0.4176336232585791
0.5307316838863931 0.24366604416118776
0.32457706180013735 0.27854473932690604
0.8305450580964986 0.6390541069413833
0.22274961191482712 0.6639869314983937
0.7839145028916408 0.1620810490762059
0.7865075867631302 0.050792962089238
0.6407540465274539 0.018485124705148293
0.7837827693010302 0.2309984234116642
0.42983815057913266 0.8955285856604078
0.4142445085628885 0.11244096704187179
0.975780662544925 0.726201957865565
0.4346302179349144 0.9312036043057899
0.8503081748315531 0.48483953245662237
0.572870438172187 0.03569316784391896
0.5549959489981988 0.9543896382362727
0.9504147933932987 0.23361302864018518
0.572379523740929 0.839872944647464
0.18931647270628105 0.6094776620987457
0.16931586188819936 0.610386464505696
0.2422332299567631 0.039861289203972916
0.9423670014664305 0.7317009552220661
0.5508446441492107 0.08061594555672236
0.6222373466574178 0.23223065892716588
0.4093844928889192 0.09381418802553299
0.2640763851623622 0.7949017837250112
0.3194430260103831 0.44002915936508824
0.926720790766902 0.7710658706735245
0.16351663125116178 0.27741514335587114
0.5333730949271498 0.70642747100084
0.06925800874202959 0.7071848464082169
0.6088996760890266 0.03899985333811773
0.9640742553246142 0.5805669490089822
0.8512885072627296 0.9079205643944996
0.9500959195529404 0.22012938672984572
0.15202293984200277 0.5852070976438832
0.9854770236662678 0.138874156870334
0.3358652403899691 0.25396664905045996
0.6578831734124839 0.8144175010812409
0.7284948639048623 0.6188883847531397
0.12641893903584722 0.30886990376353807
0.5870543920094697 0.9124444153861153
0.704091886285191 0.006667482144222747
0.9202993927315681 0.18138454643632373
0.46727766891078537 0.6516790749276007
0.7149160836071493 0.04587848681600981
0.2539908395305801 0.8596810503810297
0.7737189743823161 0.8289910677273271
0.11245402560060946 0.8974768954602876
0.3706192498562171 0.11500176747556656
0.772922445206589 0.42709742622361446
0.18062162092232303 0.35363066398422194
0.37478930483242046 0.553947906954265
0.6001921263434886 0.8369813801021959
0.9991766294975883 0.3361203492239857
0.24795163629652706 0.5160727584309677
0.4324564701003344 0.0697130703852391
0.7011875050547345 0.2752837688502989
0.019335276876735863 0.5438610179484795
0.4398402693402297 0.24542877173049082
0.11190893285923198 0.044117942318780745
0.3474546400189815 0.7792388749433241
0.25541864987819873 0.5653654559518024
0.7911966181728365 0.4375248981406117
0.42015946725814945 0.13013332690516233
0.823869621054008 0.5455222753902376
0.34416582117268724 0.08643314841800565
0.9995847153847186 0.9455082692892074
0.3414864342831512 0.4671070123360279
0.2013662692780127 0.22817106279382204
0.4003023063554221 0.4229059692656554
0.9992690456754025 0.06264664166594347
0.6378805609868525 0.4737439451095866
0.6909898845488536 0.06130949335124103
0.3514253502300042 0.7811264716548767
0.9589619679171772 0.34568966706292836
0.1654877803687942 0.26780752414415865
0.9441120631935467 0.7483875420631372
0.7157851350691979 0.511717808912711
0.6054380263890262 0.7770582718561632
0.3283997636594398 0.36738934719608984
0.5242981263611262 0.3774521170382985
0.5065828089102862 0.06327731362408895
0.40141033804265036 0.3884164962946848
0.01754416359533173 0.7436631087456465
0.9235571938730665 0.07427999164875576
0.8959213357928537 0.5829974763108463
0.41195473189340714 0.7466400479984241
0.07271056614252203 0.5295701144962774
0.5648154123486955 0.1995458670647947
0.1734983341497489 0.31965816284734294
0.4990501151762552 0.39925989614090707
0.33764000002326555 0.17725242988602963
0.7757325251500289 0.5745999526437162
0.4888572882598705 0.16101132066075663
0.3471321970624057 0.5019549906576999
0.0686574561736939 0.11650096181600045
0.24555008703758863 0.14127383284409634
0.15060918716177008 0.1561079478998404
0.10719013551427703 0.027198959765021735
0.025768829985372665 0.17311260826049102
0.8193386086000269 0.5013971291659243
0.8153371903362947 0.9503305307519467
0.0958039385638143 0.8032473553163206
0.5722278703624855 0.9422057673916973
0.36445738345422063 0.4314933129740035
0.6930486640548037 0.5787732291889722
0.07167331341186345 0.8036521416832856
0.9093934534903807 0.8551947465745364
0.5784167947147796 0.6584217864161626
0.29304669954621754 0.34070423538392225
0.39707630669464944 0.7466642267627954
0.45983227695746964 0.8719136467272859
0.9557795256446608 0.46725155649354067
0.9929967150349788 0.7986705433009829
0.3957756174438565 0.9872817424006755
0.13399567872860896 0.2447286307148815
0.3926332299580013 0.292688281396549
0.28392075941223305 0.8782777451597457
0.5425833684092543 0.5956260996720364
0.43433731349269 0.12597162834375308
0.508130145226932 0.5974510173591707
0.6336585812319491 0.8382941807203774
0.2020117279820901 0.9544995939133709
0.28333952347008573 0.5752378270434007
0.8928831920153715 0.007048424543356191
0.7394577277204988 0.008974366433147418
0.25694955727748425 0.7550906484984508
0.22128271615062767 0.20059109641124473
0.16608164237597767 0.7591770627822427
0.8116223853644868 0.4907472092056979
0.028548201633499026 0.31003915678748184
0.30332909381346185 0.9519468437260896
0.8535291545599799 0.7628048334454856
0.9807906374689286 0.8783680124262796
0.604987038778408 0.9367306846617438
0.1051621820632258 0.7173981431862486
0.03556576194322236 0.6387244186493295
0.008585143331132805 0.7546372359952189
0.5869726707329976 0.3056771251185637
0.34716294964772354 0.2641803537120302
0.6532152237230908 0.4008835069001584
0.7848541597984924 0.11870959585084329
0.43193759203294446 0.09580155866743212
0.30376948398382897 0.8153428993098817
0.20668518427262184 0.3687907571095348
0.20571026566000428 0.6771094768586232
0.3220211506010082 0.16602849784414464
0.011700460878604657 0.8653199202324302
0.4664286518416785 0.4315852643753153
0.5602576168422915 0.02080925894155894
0.37314982520715856 0.18340772769492308
0.2926421380913924 0.2087364090476227
0.8380865278575176 0.5938879580459986
0.4873882063109336 0.35859076022113245
0.8867829321147691 0.13216805809511456
0.1253181742770546 0.749164277607193
0.7765852976639946 0.7155350747768257
0.19516023747568512 0.1493502727121434
0.9966371856142813 0.6536155837729782
0.872223836716725 0.5038693334911688
0.8942488183126389 0.34516934277681677
0.7139581344142172 0.5768037485945072
0.05477084157206402 0.7526865935168441
0.44311344320507384 0.009526549765073389
0.566543395428776 0.7795734193667092
0.08163786833833742 0.20539880963497437
0.5518955144546998 0.3837125184628236
0.649071385905754 0.30872421171034636
0.665959511151053 0.44211202975870156
0.4642623918913813 0.12667478793763154
0.7289818537931103 0.888665209539673
0.8266239004402693 0.4681576882330649
0.7310264958949706 0.537677492178364
0.7899962660498809 0.7306041743998926
0.21065357880233204 0.45052498853275935
0.29248285783404016 0.1893044925341294
0.11471672467743366 0.5155399122155122
0.1932235381509666 0.6106075062655978
0.5154276431059603 0.8123973720213615
0.7652419386616889 0.4461230113427097
0.5225766807294854 0.40598680318080893
0.6443624496354079 0.8093867472436804
0.5831123964789164 0.5273243949985054
0.5423148744266855 0.48871597543506917
0.3224320453413807 0.9109952831989683
0.7940550229994452 0.8530760815306189
0.88912175454893 0.4324150481389939
0.5436637655956698 0.19627187306743332
0.15565331818412265 0.35769733803554615
0.946399373089087 0.230665712354289
0.3669945606246501 0.22682878436006204
0.7310747289926687 0.5771394807933339
0.8484877343222377 0.018965311915293714
0.23112021001345218 0.9160196353024916
0.6062071820125576 0.7966570523899146
0.39048492816076674 0.49050268360985805
0.39380633523635544 0.5915175061269835
0.15024652985814546 0.3525075004115039
0.4667152863864221 0.5089161658677948
0.019208696952585758 0.5904561984920103
0.05296355127971686 0.019529444176780597
0.6909374365954886 0.7445370957608286
0.5673367973561196 0.8336846854013362
0.08912762260313123 0.05827685379257308
0.2775124476834667 0.9756702250777247
0.49295227306652833 0.6431444319659056
0.6656391491613483 0.4063168603005367
0.1696278597424168 0.32219838573465487
0.6316488010608479 0.484502994281651
0.5116922056191313 0.10888207410367445
0.510695587073891 0.960924849738054
0.03393200309370181 0.47672962732791935
0.43703193226515524 0.8062856664139264
0.5774795295856585 0.4439340529347293
0.11033575341089419 0.46261658883730505
0.4525106569438708 0.8935379692736047
0.1808113855458635 0.34756034680604886
0.2723323412326981 0.8497185520573522
0.8965372368997044 0.1650765793349953
0.6211372231997543 0.5521176787408693
0.5829532909746742 0.13670407849875965
0.8343220779593397 0.02268066236132915
0.6417777434548477 0.15852503957301955
0.010255631971115564 0.9601954895433509
0.44903935563676023 0.9113154149630402
0.858076068620683 0.05173524782002148
0.4661486451657646 0.11192835327015516
0.6538088386812968 0.08449968153059895
0.8326090946862856 0.47571339647262434
0.32370167060194377 0.5023740679971593
0.16613778813772972 0.5750850979140196
0.7278175700922085 0.3755470445334874
0.10363664398012706 0.6659859210826806
0.39201188801924314 0.038876798083358866
0.7123238373335663 0.805305003446527
0.4431486209396045 0.3960882560205241
0.9673672816595862 0.022422878107325905
0.9163557336187682 0.7886165005066941
0.9375633561104892 0.4054336415869335
0.31666531308886126 0.3582954139769061
0.218823346277359 0.02087339795256038
0.17974321190971754 0.09826826567485814
0.852403285484612 0.8037478726792431
0.7473807037895186 0.4426359159085862
0.2709273008843862 0.2879019158767404
0.7274944256825535 0.7165343449470805
0.3197641404804712 0.5919325622867673
0.7303107577012011 0.460036673235624
0.888098390488663 0.36171705504791696
0.22851630136826628 0.5302616127750668
0.9283820939947713 0.5173693363878864
0.6558800653592567 0.6604615143426935
0.03375007566559596 0.1917489422861498
0.28916770553863547 0.9430825653031243
0.8838583567171763 0.04331353473279642
0.9348607516199885 0.757955530004206
0.15421849935123322 0.9764848307197564
0.12397987171706215 0.03957192503247842
0.4406637745891002 0.03410367083556598
0.37976089938735336 0.11424188380235689
0.7997907415512497 0.40955058618891416
0.6354344823621061 0.8584529523175404
0.14580111178363508 0.17275957957271681
0.4537214742051059 0.33206077086895314
0.21341426265842856 0.20454631381189747
0.010874997014197696 0.5213059828505751
0.2048490119073456 0.6931351201128468
0.829269921200467 0.27612755773080866
0.8283012970543691 0.7204623325025754
0.901561676458202 0.737993959861557
0.8833112545510884 0.31081150003886937
0.004367037907537785 0.8911982629867483
0.05701269162155609 0.6525162737881691
0.04754788964810275 0.7463378798734985
0.07987134577556043 0.9702523182365805
0.17339605502017208 0.8284247715085087
0.35196072173876103 0.21238148050351624
0.3818907673995642 0.23900253131135596
0.2359407578309265 0.8428142643531622
0.8196708573496563 0.1996249378208479
0.14027060370634858 0.1490803652537549
0.6272280855159797 0.36026463157035526
0.8996333159626682 0.4172646007953742
0.40169793641077134 0.4822356883543346
0.178538527542631 0.8818961269083614
0.27289546624345884 0.4574119728870012
0.6302289560542116 0.8214345638593172
0.7979146849311625 0.18637291127799593
0.6366995975657714 0.8923226111232789
0.7417555855280347 0.600151701025136
0.5116285592256633 0.58334577911403
0.9378958962164285 0.33966256595086675
0.6172748412443849 0.8551849516593253
0.8783092165153279 0.9170495224235928
0.46824223308263324 0.2114559441727195
0.26425379978670027 0.9508000554439282
0.7706909982664354 0.8538192773105358
0.8091756111858293 0.2354125801941822
0.02028185960657436 0.9113771197483744
0.3004293201816204 0.7321851135819699
0.8166284903374157 0.003981298600570282
0.5834423418003407 0.14244462855499163
0.510112637971049 0.9873549751426822
0.9954203721492774 0.44547805711751365
0.25085632076682884 0.8640030818104909
0.84152871720071 0.411951557263023
0.24859423603247732 0.13623432147998438
0.9739929122145885 0.6477407631537644
0.8432528761096345 0.24329171753361734
0.02525184019006721 0.14798756221063458
0.7750708452719279 0.3297231380854664
0.9243391663827785 0.07267745999955233
0.32740967051406566 0.8661210877629275
0.528771886863127 0.4998747702472546
0.29332251420265076 0.39344640909032425
0.9835447978712712 0.46814958196520173
0.566822755912215 0.9267263587582708
0.6274978694588702 0.11793754980039117
0.27334585112575804 0.29242402196205974
0.8522067519670835 0.45848592507116104
0.6025586121752222 0.9667927043413183
0.865602698766403 0.9454617807194836
0.5498685703306998 0.39639907967183907
0.08488682931511637 0.2035909924618633
0.07280046135466134 0.0649980556085854
0.6687800036644691 0.4096730225962162
0.5590787866253109 0.7609814884718149
0.768485062308937 0.28808837709420976
0.3388589559962969 0.8256745019029599
0.9709631799281231 0.6230939273743468
0.811772321049339 0.6251328370878115
0.13051986343295097 0.5369467126023688
0.8884312959858673 0.7293279994292581
0.33095898571627824 0.1273394652982187
0.5782536278885877 0.40650206422129553
0.8742588350721621 0.7195493552464636
0.9356383994586004 0.38179182003294354
0.34881031269057905 0.0278462572920275
0.20708435932226932 0.41194325350982686
0.041092290063696746 0.2139085336113995
0.21607018777985476 0.6640198828091037
0.7442956341467559 0.9466894292762236
0.12356110355422678 0.3104366662114444
0.20898725608543844 0.8105977034042953
0.6253875165283995 0.12595830344744274
0.2989267718795381 0.10223269334952878
0.4595686740391991 0.4252938644404731
0.3384704964317984 0.17981880754880253
0.6020060923337798 0.5056236563041392
0.2907608258176888 0.710334421729105
0.8946518513104023 0.9942132408070576
0.2893605422101646 0.8369166720220884
0.06004333277323837 0.644411673764036
0.5837987990056748 0.005219357955756454
0.16607056860142677 0.5773722539852337
0.12371455527989439 0.40159616794383535
0.3514942826731282 0.550940920996059
0.09288570235056648 0.4565313126862498
0.947653311082133 0.519002797949556
0.03050552265023887 0.8701598276555165
0.5470494210543579 0.3993227845134686
0.3766896336147094 0.48372205843336635
0.31757357734206826 0.19004718263388032
0.1123875501421272 0.2387189645330865
0.9835023582143911 0.24307706354814806
0.15800193369485904 0.7992921852481285
0.14400050438308964 0.11618328585495119
0.5322824127623993 0.5343207625290622
0.6001168558209931 0.08625282529540046
0.21302373190691593 0.4201773314535817
0.7723147184670573 0.0913814895076297
0.24492612818072534 0.6138162979856285
0.11552366730906782 0.38486344249066917
0.0514180648602105 0.46148502988133755
0.7722742315947548 0.39308428058995726
0.07093839582048878 0.36301447522914154
0.0081019305815766 0.8013827383812693
0.7459011710586945 0.6860839548131017
0.34322932988850496 0.06354609932153865
0.05857959451673156 0.48952531783652864
0.7797909905829261 0.8644927284319668
0.7309161372955879 0.24272518846894364
0.8290156097613766 0.9720682668221401
0.3176556404545463 0.127997825319625
0.4590670468373095 0.043160191790184044
0.8479803842995273 0.8144014264126545
0.9908992543625101 0.8044665066322889
0.3883797761680008 0.9038326895335076
0.6301623129717524 0.22411127643807904
0.3996621188206422 0.630296585499861
0.1279006668258822 0.7790177778163137
0.6109107712684496 0.5978385145977378
0.7205206567530544 0.21447532414591697
0.9957637275944975 0.393810178990897
0.14967228710751268 0.05713155608715148
0.17195764755697662 0.2669108016747619
0.15712913647534577 0.18353092519833414
0.47758810394140205 0.6164176665930776
0.984731901661307 0.5695334224305737
0.37565361560164745 0.4881041127934531
0.8063241842914974 0.3609614694579826
0.47472280848947235 0.0393048307033399
0.7410133822622877 0.1112152983192427
0.7789900872407798 0.05564281654669956
0.802829285979169 0.9661022579856648
0.388488786314406 0.6874216555604618
0.5621894187844827 0.4926903209589464
0.8747713134815471 0.6197275064213161
0.8564890602338635 0.14001633352635046
0.19750286917570326 0.362389633715793
0.27204676739515654 0.5724558184306032
0.06932765664018126 0.7816150401972635
0.4716778650771256 0.1202181448416606
0.453514018944005 0.16281360319462346
0.2026345555362845 0.0830012124159687
0.8966491854859999 0.6731246633039834
0.8706113214831765 0.23876923410057005
0.11345725886742852 0.4529279886483384
0.6270340378562702 0.6677834794003075
0.5382048751889015 0.746636623211653
0.7798949091417469 0.49524631030680055
0.9173228212652254 0.2998058250025468
0.7275717636815571 0.3929225439868955
0.16912394714438705 0.6667199538210513
0.6207693518635446 0.644576711958476
0.6504262037999173 0.9619917520533683
0.19617427578363067 0.8942571419690211
0.5340693236890799 0.776254749815017
0.22114989413489883 0.6494225739767818
0.5306297913294387 0.05001987049832035
0.8057657724614296 0.202876476294493
0.9309455076495585 0.40547069623357324
0.33556232546276976 0.9319007202555025
0.5209992704808415 0.6215523790202788
0.8508735114313484 0.9772676355478183
0.1006702667565953 0.6669826035377548
0.701862070326194 0.9481269075473733
0.9756540979746702 0.6643429802367338
0.23211285788613645 0.8670874700772182
0.9259863885268516 0.15341003243068307
0.3619006988631983 0.7879003038677681
0.6023784828217258 0.49127087756903465
0.7252556217845592 0.6679551194296189
0.4925277259401981 0.09528417734768135
0.656260660743462 0.04569418584661933
0.1325748255676753 0.13716037181774254
0.005656858447481206 0.4678657133571924
0.8287416228060898 0.20751465092476296
0.1819549715246609 0.49013127395259026
0.6066614481307013 0.5254921088854676
0.540966754395735 0.36223031959220786
0.6569674331580484 0.9621441242402486
0.061666746060458966 0.1846012641428949
0.5908220060482468 0.39085489942757223
0.2916593407607264 0.5584865152402758
0.29829854442988957 0.9551403450851621
0.4637242778640114 0.36980649456004744
0.27815531433654184 0.13279595796759947
0.24157125280601566 0.33777124799569846
0.4698309615374443 0.8421910699788346
0.13918346902768564 0.021102416600830454
0.1670272933648691 0.6008735635913032
0.7130177983245765 0.3969599131163535
0.43299879350744974 0.30337221312799545
0.24980411977594352 0.46166626764289975
0.4892716905803014 0.22738514575642665
0.08021062524519218 0.6262584604063199
0.4680716939858065 0.7713649123760717
0.9309316419767732 0.7922097974606286
0.09693739081370478 0.8704952309579572
0.5161117637769166 0.7933205810329074
0.7713705010611223 0.5664368968645512
0.08565399655370531 0.3664013978714069
0.12406572247317871 0.3514959549779042
0.2295342445688735 0.28662517258455456
0.8979051386829537 0.6094634604887452
0.4480525134777926 0.9701374404724745
0.22916060365506308 0.3499044846156678
0.6476373065473691 0.5100122236891227
0.7292910311334313 0.9839722299409988
0.22939856860209518 0.3080884964017103
0.50164520244666 0.9293766346431669
0.99301901554671 0.3653899323489336
0.993828423011172 0.5692955914187574
0.05129469512727769 0.9804953121292765
0.9758450574165158 0.336352992690113
0.9877228164346585 0.716671623658955
0.7094595777496688 0.7596082575204501
0.7945411374897955 0.43709829925927646
0.8154026725660062 0.7601027230317998
0.7786522224669805 0.1379947835055324
0.08578923174636732 0.25129787044429164
0.7061191547525134 0.11714830213117566
0.40931871550320875 0.5380707762703103
0.8858080690089172 0.1984773222771834
0.5198765563866381 0.9246525278677264
0.7631858713712414 0.3160692953482014
0.059893852188966035 0.22534708453523122
0.14032168718786608 0.44464855877562104
0.6470438965771064 0.467159795287011
0.6337265464260742 0.4314050933376199
0.7186849698442401 0.6030979442452522
0.8356699814277337 0.17810828184733474
0.7566813501787426 0.7289761509067627
0.5017743570680786 0.0987318139934461
0.569183759195732 0.38604178855936055
0.2916079084963097 0.7429369140858924
0.5522540238222253 0.7420758665569285
0.45807012366912403 0.33221366854563983
0.35805363660766565 0.040519622652291476
0.311367618499353 0.7627300882945662
0.41562780742972305 0.4550854310141721
0.17785443797275824 0.06779454664131257
0.962359730457814 0.9736114117192038
0.7025941518804184 0.21358270536189705
0.6382726110838224 0.15016366840373507
0.9396696105532139 0.1562567321422088
0.39342512637285965 0.8567588464641507
0.2923892984633025 0.9917917068963162
0.9576955488421897 0.7925975882224916
0.3962363704087959 0.9611002680739191
0.4236032007632946 0.3407209364376351
0.4620458997860166 0.8831294236830525
0.9600178738632446 0.5981095518834212
0.6439556044033217 0.056123610442745164
0.9060947704257529 0.19202806256548755
0.7577628984377878 0.7162778347609269
0.10835724625177212 0.5489731913184521
0.13106191976947934 0.8751594749100013
0.06662806600684812 0.7598674216831278
0.8885364337424615 0.003088914252936892
0.9491060241188316 0.9244899773109199
0.12321354923638683 0.9569184769749244
0.48281943086741386 0.15060108279802442
0.6561606839805811 0.4790178113610801
0.5207652055554739 0.06296816957004259
0.6276109782629349 0.7600374202488818
0.2249710626800574 0.5218674194210622
0.9565819998396867 0.22892010533087515
0.43853353449384147 0.7914463255165303
0.6987343217176061 0.28901143682306807
0.2817490529837614 0.5476849186945174
0.028933509185687267 0.11776814530078039
0.6964615058721146 0.4287466700369107
0.06181165551466061 0.286309218795755
0.4535019659489685 0.04600164122729766
0.346404682805207 0.96129631977523
0.6408231778001763 0.5006678762319308
0.04364580588637068 0.9586987687001443
0.8385468624058137 0.06274127587572753
0.42086908105737275 0.19429937629553695
0.5640043958253407 0.6409826693669642
0.05790580278880153 0.729969035150148
0.371899573994005 0.45543756227333043
0.0050582743747873415 0.8125481672801886
0.8829754757723358 0.9260930612697713
0.8847333323796764 0.08702990003931999
0.18786674416909488 0.9234269507594646
0.9597510023015317 0.07321398224766029
0.9156116380842663 0.5651110935773458
0.3757167642492163 0.5194014331748851
0.03459572697703672 0.624924067317544
0.434793526365729 0.07301953644259762
0.7663474522175464 0.9677908338971404
0.08472445892683189 0.4059339909315265
0.8993323381710963 0.6206572950076819
0.011126738860368635 0.337540208548619
0.14210940732604338 0.2511017457461209
0.6852709660386176 0.8020243158737663
