10 5 100 5
946 1048 930 966 972 1062 951 965 1056 1021
941 1025 1025 1053 963 1001 1049 1056 973 1022
1002 996 1009 1035 949 933 1014 972 1005 938
1000 942 1022 1005 965 1038 993 1020 1039 1055
963 1060 1010 1041 933 968 1007 1035 936 997
1009 1030 1016 948 1026 983 941 933 1051 933
961 1024 1004 994 1050 1042 1011 1037 989 957
929 986 1044 1031 1060 1024 959 967 1033 1022
958 994 1055 1044 1012 1052 953 987 1002 1042
939 970 1006 983 1039 1023 961 1039 1023 1017
9 5
6 1
8 7
2 4
0 1
0.5807148428692732 0.7095451420445883 0.49704316654716174 0.7236002100546508 0.4006329122024187
0.6276926953910429 0.5538348484699294 0.3363074486636424 0.31653361012322784 0.4008675604113433
0.9532038559624845 0.8478720862465312 0.770318907280345 0.6668870521992296 0.19836509648632772
0.9609013559523347 0.7046837497720473 0.7815228344745115 0.6431591700279786 0.3968322270429978
0.09885090384679529 0.9525658834487913
0.28677640750910616 0.9197054134652818
0.7200797289097749 0.5955032068536701
0.8326215525783824 0.3582267470434204
0.5982390944803346 0.41550898102696787
0.2891446702103013 0.9303293857624311
0.9849966441803477 0.8016479024043284
0.20215841861290174 0.208187264752296
0.7849010778212571 0.9082351126478987
0.7055408076183545 0.994429554377509
0.8012328303051088 0.37284074172782744
0.1503108597516607 0.16209798687724208
0.9840973414690191 0.8570832920790332
0.8800708469890914 0.20517449835831858
0.45801493233013524 0.1698152102328414
0.7474559456105776 0.41689449350061936
0.8394662100826689 0.9752140482824494
0.9962300990331392 0.7255619779392346
0.4618470570920794 0.8049621145991737
0.7590911868696035 0.02130029008775991
0.5256864578468361 0.8772595914314767
0.7432439638682724 0.048970470885334905
0.4728835682708341 0.020706101248979314
0.2631462548190928 0.8266837502135096
0.7194794035579049 0.3529174901007315
0.4465871401450485 0.7376907329443434
0.027163772640342643 0.3109971776269649
0.48176736484705884 0.3319690447063839
0.5711002782931125 0.43949763840603406
0.4058791673307389 0.16811633225715417
0.4766396076398616 0.6233752081618416
0.23036263882143104 0.5608731509847964
0.37152646231523545 0.6639582364297643
0.8424245443015446 0.7261012597019363
0.9653483058518444 0.9338262026453106
0.5681397604154947 0.2591041718117757
0.46558091564975856 0.2691887693021675
0.42756386651063916 0.7185379184451923
0.40883926678275984 0.8828392046679969
0.7209953825502331 0.2606720846792432
0.6686465830004051 0.26435797763354874
0.2561914028053107 0.8359659598827349
0.6120858811230108 0.9738533652007029
0.02312397311748926 0.6394704315330373
0.9518865633222322 0.570360997861523
0.031639703101554506 0.23403625933990568
0.6716571731934917 0.7385703896789844
0.09375187579923883 0.34116277263694283
0.25493238562402354 0.28239424197543284
0.4202634162812626 0.724114665306048
0.8269623340805146 0.7347428169357608
0.7530148486371984 0.5521821281096937
0.6948104501159094 0.6833040126781427
0.10538883538384192 0.9610652178585055
0.5575860986320553 0.5589804593428087
0.38847077914837547 0.5755055577949435
0.2650115584761428 0.5780071863574316
0.7298636174874644 0.23936184302731478
0.31923361976427733 0.2370009742804733
0.8909750960909217 0.18860557106544196
0.5821380677031414 0.6607643766828353
0.6523294396726234 0.14705262817757037
0.5364794692668351 0.7994231456202805
0.9765586180679326 0.18896231458298107
0.6996638062038474 0.3419468461500752
0.9213921521273136 0.37862372851706994
0.2606352013068771 0.6170062065199822
0.16056240476672912 0.12142326784128676
0.43410885578190883 0.3711460947922556
0.3055855547832447 0.21063455970416123
0.8428977255520711 0.8219806052925664
0.3904786958809565 0.656923723359756
0.2925557238813923 0.7818566802118683
0.10485116922497162 0.11846713335382364
0.5324828194102829 0.04181629052842295
0.059206694550360206 0.7236085680100928
0.839068945524793 0.296704076105998
0.08456966987544834 0.9300264938203662
0.4585669387145672 0.9883862168193143
0.48204958695996636 0.6551680410537197
0.7319794714678489 0.9860463250108602
0.6980136081307953 0.09873991108860891
0.6916158064432163 0.8748479577400134
0.34997823075641943 0.020595162423732605
0.9023167293686556 0.6267992016774999
0.8623804160334574 0.14529077418088732
0.032603572911666934 0.18755653453736443
0.26376154037267163 0.9573070136653237
0.9431739274219912 0.852490225202557
0.31680859008652895 0.5279786376903661
0.05823058073562959 0.5311281415559812
0.38391831709727375 0.5357268151772645
0.3140211591619422 0.24486401233778565
0.2126052955804012 0.6590549774459269
0.8837288042568308 0.8855455529968892
0.8495748967640411 0.6002407866777635
0.8443368272180465 0.8499382434141758
0.6764125205606557 0.9641453328507448
0.25419150941027846 0.5079733038134178
0.20470523748562242 0.5904937309531744
0.5933843307751634 0.08370360807938892
0.25978952053227666 0.1202009079750852
0.6099198814461262 0.7138359902262927
0.42017208153472274 0.4445314140166472
0.9678635715831698 0.7642816782095327
0.8689395437918157 0.5588503879208411
0.6819910787409358 0.5954616358843074
0.789561805121376 0.3567233458099457
0.7813038394514147 0.6755703200906018
0.7405534440251744 0.8388688495526433
0.3835271114481149 0.6219623710283586
0.9185123296087059 0.880159238267979
0.22678004113755668 0.21087972210693473
0.5247890292901112 0.16948457316758514
0.061957691452399155 0.25657229268603476
0.4972426711436544 0.5406043603126769
0.46958023006748184 0.2863210345602003
0.9721365014275472 0.018631654708799683
0.8040338774936555 0.8057055510240541
0.5735530804137792 0.6927439126169401
0.5615927889086121 0.9092605208309426
0.8387803397883735 0.18256020054494737
0.7124005054117615 0.5559871401063541
0.380227329233386 0.75725861183835
0.31460694967911396 0.35053671975920064
0.055857535279943304 0.17562120242245505
0.07254854043785097 0.03300984849817423
0.414644504408475 0.6204009816152238
0.5243944311761952 0.44077197648143396
0.5704491465767774 0.8472142058980541
0.5810174625699585 0.7221538282818118
0.7098643379061766 0.32884690705755926
0.49045715233284004 0.8854819955753996
0.7238041327702571 0.6801450916313139
0.637433372671268 0.25265931349750925
0.3689127701373609 0.7997630349869762
0.008174345003354455 0.18074747902155996
0.06746622132456248 0.0011552781339903007
0.2016020336743336 0.8571696586555655
0.9018686442765806 0.7000359164348657
0.12106831352103264 0.4213717650736688
0.231357406883683 0.6744250877895779
0.8937740197992383 0.8726603590991395
0.3811697105764602 0.8633844367174206
0.5683658037397337 0.8691531490166691
0.9423231905660361 0.7815027793537761
0.9524073728605007 0.9745995719873892
0.03504962570493486 0.1620072109862034
0.6819505598867353 0.4745114271665838
0.49181909766636034 0.4646836972821491
0.3040565169123872 0.559905600110743
0.623789118621805 0.9731566506326754
0.20903088713625206 0.39619162013004927
0.7496450909248928 0.4073225732190735
0.4100819641144553 0.8918778894924786
0.5071560568543401 0.49484360517796233
0.36556770256205806 0.060417912265120055
0.729080273566346 0.9300962180540071
0.4599725819639602 0.8889851100841695
0.7457455394338168 0.27148475453875687
0.2704611519393618 0.9116230727226373
0.7769036990289195 0.3058481353355038
0.2910692220091564 0.10393783996497907
0.06683729801661031 0.17948999189913972
0.4921481181899041 0.3669025461834772
0.5640729969087446 0.6322338588845398
0.2526513552122607 0.2978584118846608
0.5664165818591749 0.5762044797459498
0.7371360787190577 0.8251190545694675
0.6616167052294271 0.7441168735462635
0.3585844487935932 0.2593552546548714
0.6427312838857151 0.6620049349752402
0.5988978012826278 0.4335931053051785
0.8991773180019593 0.187126062877081
0.048917479082891235 0.5679636860106612
0.03592043878319173 0.5802381789893727
0.33835529517871077 0.5678049949638526
0.10418307431352258 0.6341428195883712
0.1471251111881431 0.44236229861563237
0.9458482485539577 0.13450482413928344
0.9624542968724403 0.049093865400732906
0.06357531299289887 0.18179245304528302
0.8031538411518722 0.1177218289181885
0.002436719345798588 0.267254140430669
0.6395341734083659 0.46339865101961397
0.9429446266427584 0.4498870922896576
0.10765198293294609 0.7386041443942335
0.5985524162206646 0.4445885508154752
0.6481135375391851 0.5912112464499149
0.7102052127015934 0.5874472438313092
0.45869435086824484 0.7267415777230626
0.7002815098675508 0.7607855169742905
0.14592387442113797 0.5381512285963952
0.43423459055814106 0.34002031541899536
0.7192782076750943 0.25077429925013783
0.4430027690173324 0.41788494495710915
0.6044115731126547 0.2243688007234521
0.12089979922922289 0.9519370560411318
0.21478183648957105 0.6501944102406354
0.0797749988424834 0.14184410505715528
0.6800520559758818 0.9012265135269393
0.07466040252725481 0.2963536140386147
0.6289681022368483 0.40144740147000624
0.21546160688370608 0.9509314420499997
0.1296646515853428 0.25974046050818944
0.3731804975372963 0.3825148949643995
0.40873716374838964 0.9361044678699679
0.5503888608887 0.009595643038035506
0.38892025289016074 0.061774543763447376
0.6812632878169951 0.8595589963457146
0.0026983009493117827 0.742583706228106
0.4408840918207868 0.15185478385985007
0.669383274134332 0.6894478159499606
0.0591820580486524 0.8765325467852119
0.09080265463426795 0.1870024487627462
0.4548917962274335 0.14529185388960908
0.10345401286866251 0.6218929105243094
0.6474666381442999 0.730818335769823
0.736867506198081 0.7105535180496829
0.9674146097830398 0.8605219574072538
0.10790687439152724 0.3993502247712011
0.6678424828555494 0.2392240326153916
0.39615616469946446 0.7206645552915532
0.06124333940576676 0.3383407968445866
0.5707509725104054 0.2513620553381435
0.4785025589050822 0.9517331522644261
0.10365754128546567 0.008810728860706663
0.4795822735384434 0.007254345632775605
0.019685654747046977 0.55306034741894
0.5734137653050588 0.850758911664117
0.8847435161261343 0.14067803119906785
0.6880142042644832 0.7176643863144521
0.18900932538613668 0.9680120707418323
0.026528587571376105 0.9349458339329471
0.6675931110208426 0.06979773173482529
0.25486001038217965 0.12473479858473913
0.7286966715523278 0.8106611794424945
0.7271169010677248 0.9208074461700142
0.05418418366109834 0.8427352493595432
0.7755764297332197 0.5161522745788178
0.900721364174117 0.5790821962860744
0.015313152340968417 0.11039618051649103
0.7465758691967832 0.33637286996513116
0.5447261578549343 0.22673126413081435
0.13360645317963837 0.3903938559122053
0.2973329437293444 0.8049719166389688
0.5376719205486673 0.5743111552776488
0.06856577492224791 0.01130698007446429
0.4063762055419058 0.4533634601219716
0.30878317280276324 0.2932301356565714
0.16841397460967444 0.3913629549799491
0.1633301076183471 0.2893577004548895
0.4639675542426629 0.22336229761970783
0.2547164710269705 0.8681118811574127
0.39242563441007117 0.3477177500265207
0.7795919757213265 0.7230113589381859
0.37145869457363445 0.4904484495724357
0.07584341341716638 0.3394946699006811
0.5055381901962537 0.4718290557693521
0.46355119322591287 0.8456688339380298
0.6892328053342707 0.28479316195933224
0.5188074964488536 0.11278412997539244
0.9467529777961969 0.3009685314909587
0.14894695316681683 0.09178047064886119
0.6170121982607235 0.7923323650629182
0.20674345560009844 0.13497800523959502
0.22224460067918805 0.26627585513710383
0.3006127974360895 0.6974689115338946
0.8074427810070428 0.7001000455377202
0.30497693200998777 0.5222572219222279
0.3658434379042601 0.261654785152275
0.835264884696497 0.2049991320511435
0.6316577104840102 0.6493060951286536
0.34372075801932334 0.7421398242809853
0.4597646989804125 0.7443450126441844
0.14954617293370376 0.29872531418070625
0.636329560421637 0.6089840617518274
0.8451424719271232 0.9994726524914981
0.9903878818137808 0.8231217376047544
0.6758639890373279 0.785695544030703
0.5603750108004908 0.6684986132314528
0.016064808508459594 0.7882862659068288
0.49810770644709823 0.8059049828346536
0.28812872315168403 0.09166274936023933
0.6541096941714724 0.29296509031379037
0.630854875829346 0.3432735801475677
0.3532196343334475 0.08731008187315559
0.013013339976535088 0.666774959966955
0.8788000434791532 0.27650608796731335
0.28712196671349743 0.8239897415381723
0.5664773023865384 0.6466417596675251
0.9561490629319203 0.7774891463608475
0.011770032957594934 0.6281680881463372
0.9256993234055351 0.7922673081893743
0.10308756294388388 0.02130954273896446
0.24721090200017026 0.21921433496210563
0.5802115205657574 0.5010479363514624
0.7549790490516772 0.2503974005276304
0.29874623079752105 0.6276605489110838
0.31226884519631226 0.22486843134884404
0.38055187678196645 0.8280058801787573
0.19631184412078184 0.1192302042033937
0.21177906621455445 0.28353314464133983
0.8827670986856124 0.6001399025227507
0.5237373184567318 0.20827571672738032
0.7049426849981693 0.5388849233854938
0.7257329344105738 0.2055875119186501
0.13709794649651452 0.9475270913791507
0.1449369656841124 0.620499156627248
0.11870549012948728 0.7579700679611159
0.8018140700347023 0.8645683399587576
0.04100657054921131 0.7034236734581989
0.5337587240113364 0.6715323271108775
0.30477462772131747 0.9683470453711134
0.544793787112676 0.9419065948527525
0.2990742739629051 0.9201361581993723
0.2394971859988908 0.24123618122364943
0.04469631587714251 0.5584936899674913
0.020960170778986376 0.0112344147910588
0.25643956262518075 0.4841636214947107
0.5148842195907262 0.9246455438793277
0.4013671786454829 0.5297399381036807
0.2118640438769741 0.502807690065987
0.9819704048346145 0.6584443228517638
0.14800054274345897 0.9477560330201358
0.04549107918886386 0.4323277986009606
0.3474658856700954 0.31700084881581336
0.5137049859201299 0.7805705915005394
0.8575379722629579 0.4109119370735692
0.6317943313156795 0.8726620602042983
0.985181528980458 0.09738987054827675
0.4203111560387416 0.3484837017469147
0.746182737658645 0.19269705235122747
0.09235853883380529 0.7500808356786379
0.07364833095641465 0.23278705110481335
0.16703633586123878 0.14008579262005538
0.7141388959016262 0.9643939972725009
0.7874127464536285 0.8178115071331193
0.16931704376102452 0.22620431923367934
0.24055825863747504 0.9962003765995164
0.7257794713853807 0.06620926868531707
0.6539738875521623 0.828352318615521
0.6676471100513983 0.5647024112704206
0.14725172554380683 0.06103697715758538
0.8043006288194365 0.9981091771556165
0.8745450637049863 0.17890764997901853
0.6733575610287239 0.3565940356007289
0.7725304992091531 0.9880346993434932
0.9743848787317928 0.03652453486294749
0.9182931111433994 0.34516271542000276
0.4213397877535867 0.07086752184843403
0.901798337283233 0.5417022788857442
0.7878137494021447 0.5580774796937167
0.8670200669226209 0.7384814691359296
0.7393436657095291 0.7005791464751896
0.0794626038770847 0.24874171647707288
0.02448875145977847 0.7850697919077094
0.031052993522975303 0.8012686850912802
0.9449804964497326 0.09319654098407537
0.7902539482831898 0.7516599024642061
0.15834127232670014 0.4567042586735157
0.7317186479754947 0.6213501647669479
0.5952810034139759 0.3336478520917292
0.2657171505752909 0.5862990058491862
0.430150672782585 0.6635883792464228
0.027254236110005214 0.642940772268731
0.9676063906877401 0.7563015399085056
0.5484253177664635 0.44637348686756284
0.23446964619605914 0.8553582338504295
0.7227922831417983 0.5766353247468692
0.7256243936804272 0.5452332913154962
0.3404887235808094 0.23869690336625538
0.11214235102404069 0.7519914465035005
0.6718714216859127 0.530799004849992
0.799486536768758 0.9438063761656257
0.22972466965594762 0.24236368082200155
0.6300929868864298 0.995377559541188
0.5852609156904198 0.46187427969051376
0.3978935633025362 0.5086561974791448
0.5074695575521257 0.9839924535169675
0.8209253734988684 0.2339177422074845
0.45159139520638836 0.8670926354941482
0.530583411171442 0.9563400215147244
0.18473419548814585 0.32430074092282335
0.39869105613012223 0.7926329769008023
0.6656786423876835 0.22019615647866742
0.8922520920242463 0.4252748707281142
0.2294768834147105 0.06420467699383003
0.5636517062493929 0.37055052237504715
0.9222656894215584 0.9315381063535981
0.26562999645196683 0.9553915255133536
0.9721398520563953 0.2513903830840054
0.456995018167055 0.3494407099117345
0.30708616137363953 0.6380478396791149
0.10508363581812485 0.6944320440651277
0.8059683659941066 0.8022284400494335
0.7021394281327862 0.9132498608397488
0.8806328495109954 0.9462953937014369
0.8014300905367813 0.3387350850492432
0.811556423706524 0.667818884522797
