10 4 100 4
567 595 630 706 947 1082 1477 1694 1789 1869
549 467 635 858 1073 1265 1580 1837 2140 2171
472 601 701 653 1040 1400 1548 1868 2147 2343
432 548 529 676 881 1309 1599 1871 2179 2065
598 467 656 575 904 1188 1389 1714 1735 1959
492 518 595 890 793 1089 1305 1433 1637 1587
522 566 794 776 930 831 1042 1227 1176 1250
478 494 663 599 860 760 852 960 1067 866
522 684 735 719 744 774 804 753 681 715
472 658 603 685 521 612 525 581 588 594
3 3
4 6
2 6
2 7
0.9551176622205775 0.9964959094725905 0.5267449628601182 0.37095700576943236 0.30301672653399925
0.44104903251311034 0.9734215416417804 0.513048112044733 0.7484109341895258 0.4861143299334728
0.9866146010452883 0.7068009238760206 0.3256649978942261 0.32428264727894596 0.20792216480389838
0.15914745395052665 0.5410897789636608
0.5924291260578793 0.9045340623507494
0.22722705768307905 0.7541266474056652
0.9217441455513142 0.7603568479061726
0.12913232742192493 0.6114969306832523
0.9964044882891772 0.6693059846733063
0.9468763303396763 0.12734895070744234
0.48499363841394105 0.7755485797940986
0.7822665888585838 0.12458387506779789
0.9743751010939996 0.123566696321594
0.7650537950306013 0.41409896904608234
0.4849306755349394 0.8584047105709467
0.3884676355688095 0.7145422021661751
0.5226567695941144 0.028958658357833622
0.233815582755746 0.6442266003563952
0.9096249951580844 0.656172631724212
0.17511388195924682 0.7191733788275501
0.5950411740608654 0.33676744146395454
0.5760897259031148 0.8515987065247734
0.8286925213865401 0.6918614186692045
0.0343750086131025 0.5323808787290241
0.9466179566074044 0.7578168915137407
0.19710137816842033 0.7585201277307727
0.9283949116724053 0.1599642425902088
0.4692161335412022 0.9709980295890452
0.3569824407789681 0.9741105396845555
0.08045464476589892 0.061336035850405146
0.5246469432169989 0.3495033515194146
0.6498580953166924 0.8736321522860742
0.9680987314880358 0.5409204382248489
0.9941256876525659 0.5960471548024013
0.12448473280321148 0.9981103272167282
0.16606219699301095 0.5390265533556464
0.531427431155509 0.4896862871418013
0.32355758847535987 0.006910295222592344
0.08048434876655874 0.9919460068761392
0.5503529814207657 0.7842631815304868
0.376406671952787 0.8642220329451578
0.771805330333682 0.21110847141406097
0.2925115254909285 0.2092075417319268
0.43085290981178104 0.6074521809613214
0.41389001081125176 0.9136168941857505
0.5253992194496608 0.6683857735807142
0.7872175283823757 0.3633812162798591
0.3725446848618079 0.17576010894789373
0.9233551346261359 0.5622512684786307
0.4375057470164263 0.8925400341434298
0.5129362710812264 0.9693790885091678
0.8332219174532993 0.9539317140360297
0.5644223686897207 0.6721603944742383
0.05930144505524515 0.923589397135796
0.4902852362729144 0.6663391443416327
0.3742073600861058 0.24838597226859793
0.5371105015439364 0.25970846728288177
0.810214607395328 0.048319186368547484
0.7232602415645524 0.4528774555058801
0.05898955262450811 0.34255440921799996
0.4653400381373498 0.31777704272349716
0.2434520990941036 0.8869750134836623
0.12106930440194064 0.30515262268670096
0.7853321698691176 0.19171311591436413
0.1187374037229385 0.14268679973703158
0.2836137315730318 0.03371735953272825
0.9236588500296765 0.9490042112401196
0.7395612881844182 0.7675311861758456
0.4740957153591141 0.09566599366870077
0.34127367949944887 0.9437004902685935
0.2686216740542555 0.4717783878418711
0.4219174511243762 0.3630517100769146
0.8772192102617371 0.29431697469698537
0.24961421344006918 0.2716205334752835
0.7192021649228677 0.7978877488273048
0.31529787192845804 0.9654275450880514
0.18397750641136534 0.19193756665089245
0.0623276478852437 0.9387813152286235
0.4044061577177731 0.5340923559328188
0.15142137067650818 0.32377171156758067
0.7684651754773042 0.5037116418797263
0.2573667601359797 0.1442679237678537
0.8055870020861706 0.6518656130717855
0.5156289782073051 0.22230100874672654
0.8621003604681083 0.8948777569390438
0.6664068966195689 0.13815859170745326
0.5504262055649096 0.32453267525452456
0.6649632235565721 0.49909848660012446
0.7269130636847485 0.44621964847638096
0.2111716526981564 0.4292213593786596
0.6439004976505236 0.47297726711747123
0.17278127734120652 0.7359485907529921
0.3596443256018993 0.2681002867031006
0.5296760321586829 0.708615538625343
0.48641252440155425 0.534599124458272
0.616898113385939 0.3927549311297023
0.5580481602147069 0.4718810428648903
0.2528937430352587 0.25373720729085725
0.13033160120923482 0.7301357891932441
0.9040548685149266 0.4010527502629093
0.18595225336321786 0.4239675911420435
0.10467357625948104 0.9538574298007019
0.6070882640990944 0.36216881534872924
0.5062884121420208 0.6499530807143556
0.4993122861496522 0.5227451838996937
0.5294129567380648 0.22820508674463325
0.6960607915314834 0.15235834229665968
0.9127155384748076 0.7442436041115215
0.8414857630832273 0.6899647093858652
0.9529323268123142 0.5772798855709684
0.4554242352517952 0.28964907029632814
0.6546480004734918 0.6226581196646028
0.8807598490650321 0.28303052357604175
0.19832510651371482 0.2615689196399211
0.3727414596594649 0.40731465274051715
0.4473196238456547 0.4380135588253251
0.023296921348181288 0.6165465808982815
0.7216769219634447 0.7175005909761627
0.05423180900577784 0.19341535604107074
0.8226597712266435 0.8135419056930728
0.5178274500686155 0.6756202077296019
0.3786625016804199 0.04236974971998397
0.7032500054278965 0.0479396042807938
0.9854676666902855 0.18902221498472516
0.679887841571764 0.02040108503879101
0.5192080803169759 0.2868355378723544
0.29691469477508736 0.36522077396996666
0.7553414898215387 0.19430499054245853
0.6331479639592503 0.7985574849422206
0.7457010955741492 0.05697256893915781
0.47264209491276654 0.8812517657026819
0.2186366327778595 0.5079913263684939
0.4589645757345293 0.37809299740946045
0.7971403603647582 0.921241477876674
0.8700901781558867 0.5366040957821145
0.21737106868847222 0.21690337495546474
0.7269700026658525 0.7063353811476163
0.7760247449748268 0.7738350102204434
0.6120086377740863 0.13549671356482618
0.7101448117580818 0.3788068934336082
0.3048602577586992 0.6439904717848062
0.7941335057458687 0.5907495975832122
0.9990567868322027 0.32903336268192596
0.37274521218267 0.12062194501935242
0.19312921417520723 0.877416091713302
0.708277588746959 0.5767123988509377
0.6300897882035641 0.042843171275309455
0.6404215421409409 0.37869574399006267
0.7323670696782205 0.5077627605926198
0.09827388299394157 0.4848080912646686
0.011918337707393256 0.39033739230184783
0.6750577298092468 0.7601106010996415
0.58124578035942 0.6132691192088819
0.07485022967114796 0.3775570049413388
0.3991007397892319 0.4118273440787641
0.16599469323234928 0.03363850697122639
0.4341698242951435 0.5589007913193291
0.6312542402378729 0.728469377895357
0.8185705445151386 0.907157695338382
0.7413207944808224 0.4691898794766993
0.31225650152769346 0.33170016704927496
0.4570843265653155 0.7727936817062264
0.45709630679587976 0.12525720656405426
0.6923339571761082 0.17482364225862468
0.7742521389726977 0.07517535066651648
0.8698023603355034 0.6033829124099592
0.5808180961953113 0.5920072924345243
0.34296593276690346 0.7751312380410376
0.4204723556142922 0.23004888512051824
0.28938070798784876 0.6190501294380188
0.7985269505316912 0.4441080899607719
0.040063446624770904 0.5729130519787196
0.22015204491203955 0.19842312301472664
0.6505534626154186 0.39439390313545686
0.09330556590323602 0.9907724660339703
0.8324327089085874 0.7801722712603125
0.654604707792166 0.6742456502532024
0.5327622837675943 0.45722495993445267
0.31766909948110955 0.24904524969190645
0.14938395983570518 0.7165679322246454
0.9329660331858896 0.8214207470066752
0.9979586362130266 0.1145293386604056
0.7736690694239312 0.28424580092134977
0.9369443943884457 0.12374376881559823
0.9689825684339444 0.2630369029370745
0.8168324775537619 0.08481347640345538
0.7932626841634756 0.4187606263705126
0.8007011012446648 0.8521477163947688
0.5595337479979243 0.637708608463732
0.4326169090716301 0.5273445278025135
0.4709641879077968 0.1242680792534403
0.3560902499692884 0.3714523327987549
0.5857462583287343 0.953137040176514
0.26030392262343316 0.732439139350499
0.11554382436132271 0.26948206499382055
0.05022789428063135 0.9651612311998796
0.9782785536642016 0.6274221844919985
0.896524514941714 0.6424629791701757
0.08504913211072429 0.3276937145329981
0.761169549204687 0.8159656752674669
0.9459954951658176 0.9251051821428045
0.8226042012011248 0.7986465771445383
0.6234946784697539 0.468982074757496
0.0347724139297918 0.035554756758857664
0.889681272858168 0.03379071502140296
0.3002978367860798 0.11694669188118656
0.941876825393325 0.3495235374890915
0.20333279481317934 0.871617501477268
0.9785386665954616 0.12523342995439535
0.5871593868177349 0.5339056243265212
0.4700049174058216 0.6151703211883162
0.9914217071050586 0.6996927798967447
0.9314667024404082 0.38948443166543867
0.06457723188063214 0.6587287241149125
0.353231484083516 0.28730751797286724
0.10787755125432441 0.07777888696250734
0.5113467778989829 0.842428477536598
0.21725311863607155 0.5975431704373129
0.4030780254214519 0.11514614295884806
0.7449973123101767 0.33955392657365335
0.6064322101137236 0.7405941667339444
0.09329851950864843 0.7191557059887195
0.056803504902369406 0.7606942106616543
0.9489848351695171 0.35234713236201265
0.31308648205271794 0.0592997789006422
0.3074732178519384 0.6175734517304139
0.30703546677581595 0.7397875220116432
0.6970184496186209 0.03941874295348158
0.5859747262949035 0.16701190302091806
0.47757914805616153 0.5336048078360809
0.3047587531382636 0.9242930403770404
0.15074621289716306 0.12708400623076943
0.15864482225395782 0.8064527047314347
0.9685448464125614 0.4754156235653655
0.9014836620581863 0.690246041689281
0.7767400876327959 0.9500346239521329
0.7475080821908053 0.005298958219549066
0.2088666068850249 0.03162527957308092
0.3959283914589442 0.39601800883783866
0.5442678836801058 0.9285885938599119
0.8265642393402337 0.10100551261722379
0.1362610463399092 0.1700677624385436
0.5623050512154986 0.9549767607693391
0.8126598226353954 0.21620325235929205
0.7081272410066397 0.9905627079395014
0.5157981744225026 0.2821819817139295
0.04392343384839825 0.6925166252875037
0.7917238141514895 0.986582713091406
0.5806916898620418 0.6788744468394974
0.7653825068756985 0.9048080471174424
0.28681659816479277 0.3521276726728624
0.3028487741427406 0.45807272864378934
0.8412702654221851 0.7161339723194697
0.7189218057843236 0.20608103797052668
0.7791837443350258 0.28423807088912567
0.7251633313749271 0.6319631697451826
0.47836696298342374 0.8716006185261995
0.060293667160919995 0.05440540414400874
0.20546369547477883 0.5619995094017065
0.4216818572772836 0.4441908363357554
0.4477637058281698 0.11087728966390276
0.2609647010208169 0.34477452683570076
0.43859560757254856 0.5458091388575099
0.07428982876216539 0.7740807971080479
0.6402594563328539 0.149950821462018
0.004925105049337297 0.9537667982901903
0.9208856354211219 0.39345049544316524
0.5124924253335987 0.46807094953457007
0.9334121702262379 0.6816480199202168
0.20633176679969822 0.21973935750357465
0.1996992628602181 0.7755398742765001
0.9302826140933209 0.9410183057429446
0.1492623215065345 0.46120011686902984
0.7840959706209627 0.813272217200371
0.05283964455696233 0.09563234248799524
0.725451531587149 0.9742433159531407
0.5060018239862507 0.30590618750219956
0.965695780913052 0.43582466003846076
0.2258073126322555 0.16879515655149135
0.22939833882369776 0.15042555516663247
0.6624467417467041 0.38248514903794995
0.03253612384009075 0.036756202902008095
0.3850836754234146 0.9487125017975326
0.021907495689545087 0.34360919644823995
0.061365921538645285 0.5814855216614403
0.6507648024345027 0.6277068250102906
0.6682279852635178 0.010551146350245899
0.8881907872221695 0.24570346006026256
0.5887404931035329 0.35742152455682286
0.7621750060232064 0.2537328304159765
0.1092982581242945 0.002209623534016103
0.10090184030867988 0.9356638646855682
0.976753260655538 0.7545563899975927
0.649515960889381 0.6934060614766033
0.06461558866344053 0.050141050914170426
0.18990816253656662 0.7384950699662334
0.7855027460877084 0.3941143810287382
0.13551880506132297 0.03726754062212678
0.04715692824268136 0.7510276372395268
0.25575851335620436 0.6776770320193823
0.9051483550732253 0.7804845989630842
0.15876768412510645 0.2016432568198141
0.7655787529811915 0.5783794364363624
