10 2 100 1
228 685 486 622 622 280 502 508 583 343
200 651 549 482 770 665 769 626 749 427
538 739 784 501 766 645 441 475 578 816
296 514 533 604 689 670 928 788 575 479
543 526 532 592 700 1007 1177 1178 889 1085
566 643 1014 1236 1272 1148 1277 1187 1397 877
835 599 821 1495 1581 1908 1560 1889 1308 1022
745 695 1138 1315 1922 2044 1903 2085 1984 1150
444 967 884 1575 1800 2340 2234 2159 1978 1336
769 951 1008 1268 1771 1752 1944 2127 1476 1266
6 0
5 0
0.8805671719619421 0.9056469245649659 0.42276225969147463 0.9521995817259556 0.21673439376646375
0.19974743208937218 0.4157382094643547
0.7866560399911846 0.46194533000385873
0.264854860222244 0.6753903050486565
0.2320681037962795 0.3717031041598666
0.7117093521633013 0.42077566985670023
0.1033653659743119 0.32372945766175043
0.09043087372942571 0.44334454050711747
0.31810265613003885 0.12486435174094157
0.791329167359865 0.9387356413017807
0.9301288762463997 0.7941618734074274
0.46098763935653575 0.8231269485381039
0.060514311581402636 0.6477903112698491
0.0607178781586859 0.2266732454760263
0.7275214777879848 0.7257913083489982
0.38147289953521035 0.42091415834157897
0.1761322925924511 0.9451571309515447
0.32160518762014867 0.46496833129203896
0.43039087857517555 0.20798229331349138
0.0623309775650398 0.8583327765702757
0.691436270773971 0.18925567885780348
0.801487719025785 0.03971253264764729
0.19275641412304623 0.8625305304493049
0.06764745411590445 0.28969241223034725
0.4530766882556303 0.18522592753382905
0.7666918705016861 0.2722967958542919
0.6754795621743455 0.6277621879172617
0.6487707641458953 0.7828437381307893
0.25240350914199494 0.5654255959096233
0.5162143427711279 0.7637795958707745
0.0918562113742003 0.1471038369980553
0.9451249146353253 0.16808406377358343
0.7375925725705947 0.9901500503857867
0.8088724950968329 0.5066484543181653
0.7524030920761 0.2110125332124373
0.08050092500024797 0.41010089547535045
0.9295599546911761 0.6154717734711626
0.1966493221875827 0.8099144889812737
0.3514842276764796 0.37545923727221786
0.6189911666767254 0.28353819657310386
0.5745944556294573 0.3685434863019801
0.23947221807619057 0.7697080802645078
0.20400238946223137 0.05485901644257418
0.9209040312912362 0.19760729131782107
0.974626118477161 0.37029400444864224
0.6988909762372542 0.2511193221267882
0.829050457448042 0.8435371340369011
0.8889989767785833 0.8669910069465325
0.35966076071119124 0.7363818690604651
0.9673263939959356 0.030251149818104395
0.4718148400175186 0.21598107589304827
0.008327579805743834 0.6873326057676368
0.27137559815038337 0.22142674072057456
0.017009790996504792 0.4958533869075461
0.19042216926108213 0.5640103929779943
0.5009578167105808 0.45510121239359314
0.7444834906533353 0.6888156358090036
0.9660595924972 0.1516100295386098
0.508423741317614 0.5483669651217706
0.13881123153156594 0.6967689912194757
0.8432622092075113 0.107744662767151
0.46215862414833864 0.04647746673778119
0.5836237495357892 0.3919082382155048
0.980381745189034 0.31338207671278306
0.5940655919370277 0.13073345555443283
0.23338125923053 0.7667103371281223
0.2748999565517105 0.8569386814086346
0.6016884864186154 0.27554861446608614
0.7027168618763817 0.6289482561513413
0.5365470624233539 0.2694146547529048
0.5608439330114405 0.6601293333682474
0.564592220130713 0.17631643350315662
0.43768887548982205 0.49369357553306514
0.06270528209535309 0.7692539991408125
0.03470163476360666 0.16029565917434896
0.21969468735932507 0.6656602063772197
0.8217636573372469 0.4866879298979847
0.8256637336524904 0.5589888153245526
0.4041710116475903 0.9154993833595904
0.5699064500497204 0.16444350759014137
0.25277499610922716 0.1771902699358856
0.574895312830803 0.5912245285600517
0.27895500811114005 0.22636019485255265
0.6256286750146574 0.3387972609931751
0.7065050091685232 0.9697408988659317
0.8029040845548765 0.05356999787442107
0.3982231606110891 0.08655587860995828
0.07743441164495857 0.5956473986563615
0.3463531508227673 0.3557796302890781
0.13146973920066074 0.7840764754310707
0.5029032575901196 0.3540521519868636
0.5083115250947758 0.8001078122971614
0.8416415836524591 0.23030927897350018
0.519812791870288 0.5084193031920383
0.19068667261228667 0.28737716651045075
0.8146657367150778 0.4475842870484199
0.7914543510037397 0.4706423478887163
0.3323747289288481 0.8268413887109818
0.7641821669351765 0.5381735702167203
0.33191548299640106 0.7317809234901986
0.416269349837195 0.29517486373106405
