10 8 100 4
874 876 1028 1056 1100 1112 1095 1024 722 597
860 1042 1250 1269 1336 1333 1174 1044 782 805
1018 1090 1194 1338 1472 1269 1139 1053 884 855
883 1223 1379 1417 1508 1359 1304 1125 1041 735
831 1005 1259 1225 1291 1222 1144 1207 881 728
930 1100 1224 1324 1332 1167 1169 1089 972 782
769 955 1042 1041 1130 1089 1013 998 879 668
655 724 944 863 905 1051 907 1075 914 874
615 658 741 693 762 741 1009 1109 1102 943
521 558 504 550 698 608 762 1043 1306 1034
8 6
9 8
5 6
5 7
1 8
9 1
0 9
3 6
0.8373481380301218 0.909349072059217 0.9986381058410185 0.40018630655687215 0.32087527584277464
0.4703849988894603 0.4975228242944741 0.7565984631849795 0.9205070239222137 0.3107426386647637
0.6996363470399642 0.5512062441256068 0.5522178938029549 0.8207902215810758 0.4098533103615608
0.860968377611441 0.830500093970779 0.30152754645161733 0.4527810089395365 0.3940733534480776
0.47815815114665133 0.5364721093033138 0.5306823105753666 0.8666064327276632 0.3029416607170157
0.4732796280456882 0.9691736689801362 0.8636496771798798 0.6853024418710436 0.16624941464322607
0.46968975851396166 0.6661624402711616 0.8381291138573577 0.31817651795925744 0.4175902056617117
0.3429114158444104 0.7442155437678319
0.4413470316205814 0.7968626294792744
0.5770407978179786 0.3558210650094702
0.331023588794783 0.9921753657499852
0.21956386293447028 0.056767681990810726
0.30693794360554993 0.6087410448552562
0.10189401882940419 0.7143290714921866
0.7334558959047148 0.21500308870282714
0.8589862708531519 0.2949770976974522
0.1850970960845144 0.5384296237808006
0.5101977476419066 0.4088700552677704
0.611944722512449 0.09043954640527407
0.8201996587993687 0.9269941378602438
0.7870664813262493 0.2591843173844719
0.6013304384505316 0.10843556434147539
0.5189391608166203 0.41822388021387336
0.27650377623371303 0.5645160929651967
0.27803174881813186 0.8429692651141787
0.19291864538302694 0.5637948839548752
0.6221584553348591 0.8209748615077148
0.25900261522441426 0.9216237317987686
0.771890939074565 0.66248463250857
0.814819202499482 0.0422009759562203
0.8959168234529071 0.2656805801029354
0.12167517440267295 0.6039320926863363
0.3028390320806915 0.7746650007268214
0.9758626942941351 0.24047708555885405
0.3533499019432762 0.9851810437405348
0.8572464118151095 0.8687614158931758
0.8547906512800574 0.03846532640497591
0.4266501251272772 0.35474508607508715
0.31830123894836415 0.8854123629221573
0.9958474120963452 0.9799234544239401
0.5855628305039309 0.9386096010704161
0.06290654243852889 0.05579806389154385
0.8905178534510299 0.7899316938783227
0.8002225247926014 0.10937184768805719
0.31968884552631716 0.858415769980305
0.4405914047171773 0.9464047171277699
0.24987301375179838 0.9092766671610211
0.10215855778912442 0.20751155607482663
0.3282717066051555 0.024806504550575648
0.04198853792727353 0.2738743622581332
0.49790690073236 0.7373753115780006
0.3406908837916056 0.710927173466467
0.4514550438997109 0.11227732174338922
0.39825284812393913 0.309604908244403
0.785650185215176 0.5660781035554807
0.6341139330628114 0.4925637260563027
0.8964820703265524 0.34979202070162985
0.053459051167821015 0.8343883321199013
0.8166722699518003 0.035351338393186715
0.550707477802372 0.274153659631442
0.06394902416046433 0.0612684986422003
0.5447056464434301 0.447957137346614
0.3740229692842487 0.8562833016113041
0.01661897562087633 0.23144312268917222
0.2947922117558752 0.7177751448077248
0.8774091816357115 0.363798247752144
0.33313037079368724 0.9674896279479503
0.9007335923740631 0.32957946533414617
0.9400879587957596 0.9568602848270973
0.6718883926898847 0.10956867598329167
0.8027157898421795 0.8357536816677578
0.10289931963136167 0.7355496283173772
0.28986715244218786 0.9781407605103034
0.638581587994385 0.13245633087071584
0.6398597691937296 0.2177232692719171
0.8599847817111048 0.039456250905917534
0.8919159090048829 0.10071342063057731
0.838759138731646 0.6402453816753544
0.2860705359056255 0.1754359117054176
0.0017673078980886547 0.34640331922279377
0.8033325169953212 0.21510439713795515
0.353455955428017 0.7226970641888923
0.7802004520483463 0.23774994626289292
0.5191654307796343 0.3711217324916809
0.7996761489603241 0.48860744742476214
0.9497810389313097 0.8613641405786194
0.7631020549791148 0.549515684534136
0.16254810499667327 0.24461344449745637
0.9213498944131786 0.4368638073301867
0.6057320153467365 0.44117352126072107
0.4804295657807116 0.7920287038663385
0.05466714206241985 0.6723251681987705
0.2305003078851573 0.30257234541601963
0.07108451510235625 0.9215774476265928
0.659708238368387 0.7254082943122819
0.2746105585146186 0.4091287774033827
0.25432128884353733 0.038202386663463095
0.5358784506053795 0.3619649770984972
0.7573997355707973 0.6556346950199545
0.18231798315667125 0.3696211379007839
0.009890314852510462 0.6462078201105335
0.24036671796950682 0.27799415027883145
0.392421770407569 0.5325244495667352
0.5792416158351072 0.71974543179818
0.29229238679328473 0.44417985871208043
0.7620086038116041 0.8162947561528773
0.04871278998329265 0.11280056373382541
0.4154033289685357 0.5103609982680157
0.41974949996838395 0.6186548218628418
0.503961577969994 0.492775230975258
0.6400377567881304 0.22196187517606125
0.49165141059718787 0.4200243025702346
0.19207882194151704 0.8204361702046585
0.8912785152150942 0.15772738780618734
0.9864691551379288 0.540670138635533
0.9445362189620643 0.7153717776013717
0.8060600539254308 0.9951100212740867
0.44297827361559783 0.8627145186115943
0.6098040678482151 0.9783597557654207
0.5953791639928143 0.23281149156490644
0.6861409668785847 0.4151075917363467
0.1590770907206751 0.6462889008612132
0.7152217349476173 0.010217709807735176
0.007683623523662586 0.8138803178726257
0.8921889928967457 0.9744762198757975
0.9773838184136423 0.26006173317548775
0.5888346854107518 0.8559683526529294
0.15359506290547964 0.03152733280559006
0.19105324987863614 0.33444892784194113
0.2401376932419741 0.4068222778323114
0.19330740710527405 0.8370816049400769
0.0009820146315782097 0.6853651382275194
0.3186616372284432 0.05429079139031212
0.4499022324379158 0.20161572231843716
0.6184289814913668 0.45552335553836376
0.38538039272005387 0.7924803424863152
0.194497217628109 0.41714412292868985
0.5999204450852089 0.50213362339665
0.5629527502498093 0.6899726909508004
0.8477027387983729 0.3710372923804419
0.38059055042545276 0.7979832533739579
0.04252270830599514 0.09974729764817636
0.7104420467831833 0.4489153631504492
0.9416646220414464 0.9742102212050721
0.8796154189281495 0.29749813605056996
0.5039827099227008 0.1450984073338264
0.8885039582429894 0.10848734360375234
0.23113507391447685 0.9007518668899739
0.06359228985555254 0.6259939104748535
0.05927771646804558 0.04299204785606858
0.10794535801634297 0.7645940558609692
0.3161822857663745 0.540936212682541
0.02131614188323372 0.47721963121885347
0.5816584763342827 0.24410004722933487
0.5233861704643563 0.7925134059448651
0.7630954236944383 0.09375944286910887
0.6762838775823954 0.5141321357050339
0.28660077503432446 0.3608611034197695
0.9031186484565785 0.19745016500134938
0.22193898347134366 0.8371391375343482
0.38104326251971643 0.8413149866056733
0.3914438536143985 0.40994344719796927
0.698366994467837 0.47214152933004483
0.2539039778372525 0.12753927904357965
0.48636048292190015 0.7857410966384448
0.25328949909246146 0.5893081825564863
0.5641596975902248 0.7956973063133685
0.04618927401786199 0.9925543223760513
0.1947160599085811 0.3105864561662577
0.21245381092419224 0.0521505126141788
0.16664109991354614 0.8261804038202278
0.9575974078616616 0.32008178988438707
0.09348940071336109 0.6395297537820168
0.8121402420908705 0.453930656765835
0.7893164136253119 0.9208657552329167
0.7072789145622072 0.4783698402462886
0.647178173882474 0.017552586712320517
0.4633664917426461 0.8151091470708556
0.9502446102001618 0.2921893072224031
0.6040257232826161 0.2060367942840715
0.943469234233856 0.5224579988851552
0.3675589351842581 0.7365082666181499
0.6690390078826383 0.8017296113284513
0.5393324294029456 0.7571195259759269
0.7657383409753815 0.31632563606057973
0.8803345813656234 0.79896020899339
0.6566034262660183 0.14399546349714276
0.1876652219581605 0.0490040992145826
0.46395110322342803 0.5731740715410993
0.5045638916872541 0.8919155935052046
0.2688076337913614 0.14274622851037022
0.35032814786429967 0.9834303940820159
0.7694128811531262 0.9123012854195909
0.26008057068234125 0.025491875767034156
0.3601710799777422 0.31589039473370506
0.323956650951283 0.4794337676422358
0.45164621553593465 0.11921644689194011
0.4224657118053943 0.10449774699273906
0.6737301024577165 0.3691875665496731
0.02448898751929307 0.2217827476453842
0.7275411872031661 0.02446911206765101
0.8412939704242401 0.8419932292587193
0.3073722848152638 0.18126021111651225
0.8404772131480291 0.1804636531676702
0.37113833122556095 0.20425345008371254
0.5224513084179156 0.7024551713911837
0.7102892088999788 0.3817354913830924
0.4063658964738095 0.30744303098588
0.5387887622906327 0.15044972706556203
0.5260024095738189 0.4548292782497494
0.4547027230430105 0.9011273857945974
0.987813646657278 0.9800853516060344
0.902963072324853 0.35652490092064415
0.5763337791766876 0.6682456264530849
0.43599571011543237 0.9534372411515883
0.1993759836724962 0.19261300892702327
0.7398380359012988 0.9699897895927356
0.9803578485165922 0.42792260082934375
0.19379304613802328 0.5323056397145862
0.07323404430967972 0.9247803569813735
0.49289989921723976 0.8373803056267786
0.2549527249310932 0.7356551074517488
0.765448543948128 0.017486396975785468
0.9428958848856828 0.6726159597919299
0.04152673000035745 0.399731391991236
0.39918323246042187 0.9177739982012039
0.5061026237234374 0.2278604845162291
0.7650726650487396 0.15687092672661573
0.7158917027200722 0.39801743346043095
0.9528266846025186 0.3629482715512
0.8016436349495948 0.8142190089125703
0.8669000352199419 0.9827519837861096
0.9660574539093167 0.2779431977979463
0.6505734751386429 0.30046952496578605
0.23701635522491937 0.8067487036287968
0.9641078431813517 0.4216764799206951
0.8938035601863741 0.5548263938435758
0.5574804362048975 0.8605733801322255
0.12997814315831224 0.17683188932822524
0.5425934955823821 0.7526331594181548
0.07503602214483629 0.8602649499769188
0.8738312600058862 0.4223808911271447
0.41886614442325754 0.0763559937546141
0.04091050566192278 0.9473248091222108
0.7550173972291885 0.21050430238359374
0.19612195045457326 0.7796369074236111
0.9316905808774494 0.7790045284254683
0.1920848812307192 0.759735517724021
0.5285606034861281 0.597703549101366
0.4609518344297203 0.3509946144238849
0.6752889121363166 0.789197945109432
0.05051631909193355 0.7027861991287832
0.11003717339003094 0.9995184176476599
0.7573494492423227 0.17356711060372199
0.18985748209387365 0.6154021508081051
0.19917987211542143 0.5256775962644682
0.5623333730037952 0.7355356502304362
0.55100769506561 0.04318559039602721
0.7212024442141602 0.13198716313106784
0.8803129963322505 0.6192910887780012
0.11705825492070332 0.8884050579615119
0.4096798232491268 0.8762682354346181
0.8080690108650725 0.9596358864651728
0.3465457356278294 0.5164477056750096
0.800918665466624 0.09982746742486204
0.8949147970736988 0.35397357238017135
0.44502628144648115 0.7044915613105951
0.8310292835980828 0.4705864851175534
0.16853505132285562 0.3133730281170328
0.6359762575760923 0.9585977960372147
0.08558645240210394 0.4021961892891881
0.2537737867293295 0.4454669235130275
0.7702598135300911 0.38430077776620153
0.21629515022282586 0.7503397776219869
0.8712036309306113 0.20824719740877473
0.9654583619672779 0.7028460037909023
0.1823321439858252 0.4905598696935729
0.5447058815093035 0.9612941109471711
0.9238064056060198 0.17023260530065887
0.3343483318844076 0.998351618648182
0.17035293052620837 0.47966727514403185
0.7640830911459244 0.990210853359579
0.011729155448203521 0.8780622180621507
0.7673456934195926 0.7525581912914521
0.3268690038064552 0.2908112391829687
0.1603511154119377 0.47130945939601165
0.21761392033567595 0.19999087424911832
0.5471057573762077 0.9215567754534957
0.17824571514070886 0.9000768595564601
0.4811903985539996 0.5907857140110047
0.7639886253249273 0.11639908820372025
0.9724916146205826 0.924828606009015
0.997248284724287 0.12554354539636314
0.9891164381706232 0.23138497568239114
0.4200460976548226 0.2437538372543111
0.13503020374837527 0.42065492059584053
0.2927781895189405 0.6921247467645513
0.10533096520909568 0.38135311933359795
0.4342499920868794 0.38443716357382196
0.9730713174772649 0.09058955451170969
0.8410986425733087 0.6964199068186308
0.9196865605013478 0.20203095599195464
0.48277860711070364 0.42440647832795175
0.17619652670312336 0.42369738887039876
0.21825282199474993 0.56849463995714
0.003232901587557846 0.27407833228315126
0.30222016009836583 0.8663694528730324
0.45025678020747706 0.1917776504902846
0.6295211409947714 0.31647773248020594
0.23428476304034707 0.4323764679019282
0.6078964979919876 0.7505282046299038
0.6184623241796336 0.5891559217693605
0.5875684005162349 0.6398544513602002
0.4077516904085763 0.39652834366908096
0.5377028186346613 0.18430864855188678
0.8224361560322346 0.21332665139685214
0.391820033190442 0.22261761309808636
0.32066358388777916 0.41077559360142435
0.2627590788144354 0.47003180733325434
0.1755344451841463 0.5397003381743963
0.8042443118645575 0.47014541407409927
0.16882717955269677 0.8119541569266253
0.3326729106335482 0.16509275010870095
0.5105070617320504 0.7451769332203215
0.8212725457642995 0.7492466974185079
0.7919722624256087 0.5472570193831003
0.29343455444595024 0.5118721412067488
0.21254601793665406 0.31646885697215077
0.9103131578944714 0.16152617667911162
0.25540823219663134 0.9088191539573875
0.8934411380184237 0.6780514386251009
0.10181470197888731 0.6303094562593767
0.08653883615436264 0.7906058781933261
0.014811718744039304 0.01850419891563626
0.12893945386979477 0.5684265810966891
0.6438828129723593 0.8957389247009455
0.3483759172715881 0.2695642360983914
0.9587760450809142 0.34732678825879315
0.37817623604434436 0.33928049552232364
0.3381508805447535 0.8516277624861626
0.3632310195579409 0.3918461904144752
0.37280478514340043 0.8636183315319952
0.4568198710047733 0.25749903021485654
0.020621858605648136 0.5508186169332099
0.6643624834825683 0.9158289518789668
0.10054765380486819 0.26244777815668296
0.6177322246135619 0.734358038607825
0.37522130953419874 0.08202897925463781
0.23854716760042471 0.2723776749064575
0.8242691818933898 0.5201126962523575
0.2979623557160056 0.6377257099036473
0.15435385955022674 0.007908412810991194
0.3597254496265547 0.6687011597451256
0.3920901735963427 0.6733659806756471
0.24451768531154494 0.24575421880846893
0.7216889512177158 0.32305303964567833
0.13452096937427482 0.12418342760722068
0.42370181978839305 0.7656465545990216
0.6474315941230455 0.9698708156840328
0.14562965081896317 0.2712201161169201
0.43779565680656396 0.6207875130710421
0.03902948665054806 0.8596099651389957
0.21304005874686882 0.6935430284618262
0.5418693513921617 0.8053796230230548
0.3058101344682156 0.902017703172227
0.5927039798224605 0.5956046668647454
0.5532453278169305 0.7868784058788532
0.7374961346010995 0.550826294091689
0.009430658620971366 0.7360663480346341
0.3231459845625211 0.9924562972095254
0.29616250266458555 0.048820500436365766
0.4210679475860615 0.47127708531466217
0.06755608539980118 0.8725001898761962
0.08181460960356923 0.8445410502728032
0.47424682215378633 0.9508132550230091
0.370299587993675 0.4130240428782337
0.09915406745929922 0.8892992575349454
0.15838078635198616 0.3514066660500148
0.5449323238379222 0.9160381904506893
0.7553545657912131 0.528885567966912
0.24347604665089873 0.7564457345015028
0.05711801057327026 0.5546939192004827
0.1630382258380585 0.22454243069861923
0.6800623899335851 0.503169721320976
0.5741321674891242 0.39853837580713813
0.6510789227004363 0.6685337021682509
0.4777675840981861 0.194564098361806
0.7737512773818398 0.1473898056674745
0.9938537886037915 0.11439480120093637
0.40135905981284115 0.40366154660902764
0.5125292106568198 0.17703311179324532
0.8696460662591192 0.7890281910419492
0.9685843768958973 0.9997598328255133
0.3507341568682347 0.5294393368384795
0.68581959578057 0.8412284763202469
0.8910318169353946 0.651915332206046
0.40154934233786 0.5182396295306879
0.18157490685289934 0.9320129318265695
0.9430268424049217 0.3435857191768019
0.13647277221814536 0.8314280936244465
0.47681211439513316 0.8811098114805731
0.7074823512708166 0.198527197254301
0.6712601491730517 0.5405772186085886
0.3475142251152481 0.32028367472582686
0.8860933758884522 0.9743851748507606
0.17774029843782801 0.800068902693269
0.7091243510303491 0.08853941087162376
0.23760718251273683 0.21107171905798516
0.19056720277978534 0.4356687471690992
0.12626287456707153 0.11757388528329815
0.3610422819345842 0.20029688748418528
0.5199613241609897 0.0363193125836303
0.7085654010129061 0.7108317843502854
0.10058354138962611 0.845796682640876
0.914002270671237 0.9522477736083574
0.35789682416744917 0.38893417529304375
0.24392005837118957 0.524829583296893
0.640171750558765 0.9748634325002263
0.31614620059137866 0.8732945279564301
0.1819413509495853 0.7925851746537962
0.35674176028327165 0.463751099180139
0.14320167922832905 0.4249675643349382
0.6111822712893404 0.32406576994430636
0.22239109212598063 0.3714446010042094
0.12137752168361726 0.8617153742012773
0.387564507608378 0.2738113955789032
0.15350380811946795 0.6659122802026176
0.30674013524626753 0.9794542530681072
0.6693707053017159 0.8942286712715648
0.4136123854490432 0.5341405530153946
0.18396906947215785 0.9227377399077556
0.6972436307339591 0.038572098238527586
0.06266081877303797 0.551524385039238
0.6849150615320272 0.2548288333319415
0.2169855226914219 0.7898828563575793
0.30617889691398203 0.06400116673523004
0.8737295220542458 0.6310945307228117
0.9728917848328738 0.09755184939653172
0.7567711110754194 0.41482869023458147
0.2665060804266297 0.06154412574152768
0.2970095690982304 0.7979184209697952
0.03889421405411464 0.5431527098401308
0.39613633056190145 0.22918145034632365
0.7703169664871781 0.5687900833980168
0.15795608788484472 0.549036857361022
0.14558709689813654 0.6011282465422025
0.29511100795234246 0.8801487586323369
0.35399003465556134 0.683807687435336
0.29329852332259554 0.7822873292716119
0.5478743013729059 0.16203259513265045
0.22351350750277788 0.45633551373062153
0.7649403698171324 0.04643857767168402
0.6548070057307511 0.5688383916009061
0.3663588796486863 0.4208159824251769
0.31411688440889485 0.36600673423455876
0.7421314673319979 0.008396443801733211
0.5172238652123093 0.25427531331338393
0.9771584928025516 0.05058344863235309
0.34742322541997006 0.9538000789363545
0.7155040571714248 0.6783575981217171
0.26708279836890325 0.47998320607109424
0.8823299861456757 0.2680861624892428
0.30108232056969486 0.8962766487911793
0.26564740348474447 0.7265279898646422
0.187172484882691 0.8048716337873343
0.753371471924605 0.9328259621741712
0.17340972118581144 0.6583596192294265
0.8551951020603541 0.007703741724410573
0.11702883027187605 0.7188147972784795
0.6110230110137107 0.8272037502687801
0.08833483856454927 0.7119024838432348
0.16889187904696312 0.9214822000200671
0.6057143481041991 0.5295750642448904
0.581904317015342 0.7878176870979874
0.5260154067698701 0.3282237984793124
0.32490321192196814 0.661769668897324
0.39898470520405205 0.3586116605138936
0.055513658032438684 0.6163685488150614
0.006881745660870742 0.7672455079156084
0.7229679825062114 0.700678723048378
0.3132797960052882 0.5370602242292319
0.7626753161962154 0.24586244814389357
0.38592319855953616 0.6051717439605773
0.6174253139958163 0.5064502467212944
0.8706467977206269 0.8577956745547748
0.8997546199771043 0.5314129409037431
0.24015329283686504 0.8673455171896436
0.377872279792391 0.14281145333891532
0.5456543922964923 0.44978635991943405
0.4310377230293696 0.21076692813253795
0.82232745698875 0.5311596844971151
0.4095566315633832 0.4531146513800395
0.3313257116101227 0.3214186137450301
0.7586964404708343 0.5386534413733619
0.14893157631645448 0.9900295025034136
0.16226060228983474 0.5905481031170621
0.19589898904392244 0.043131168270000186
0.7023082114478834 0.07116697189105636
0.4554200153617445 0.6298994813997172
0.9946236231221746 0.5389435888743268
0.656963498961652 0.6162001657669585
0.6347755666866637 0.3267959499938875
0.6013576785363679 0.9400986660199495
0.2873920901673441 0.6103102087038843
0.9467272206008635 0.14390335597625858
0.049663883933403374 0.2761144364124848
0.2273434135483703 0.13334848511882869
0.3359892924433989 0.7599509852567112
0.4394316978456583 0.605902543331321
0.6548130711423656 0.5320163759129617
0.9663959885420801 0.4805894702924971
0.6095289104526209 0.8680501378431282
0.879081120997423 0.9184348664463369
0.2625549429067724 0.7937446061660336
0.16463946367957383 0.6611818655211952
0.08278287817096897 0.25886046762569737
0.17472305548821665 0.7828175165365057
0.2665192842898627 0.7879665620200169
0.41479672029894044 0.34785405996026886
0.8684730654537722 0.5292159190601058
0.6498947830268176 0.6320161475523554
0.7248611124155131 0.6160948110228204
0.867639368829437 0.8093315050844301
0.5252788152938461 0.3044829391839341
0.481840337500538 0.8458385859694377
0.06575691215942325 0.5531883839163705
0.33766919258539585 0.038474498242121014
0.7016926843035829 0.2812601204698113
0.0474927236772793 0.8885291616554858
0.4856925826171501 0.5522713354805788
0.5650800817701909 0.5382307621145492
0.4102898988706336 0.5236291070302843
0.4193578105960811 0.1261102763197295
0.5298491964711383 0.720940809027719
0.7332676119953965 0.9072643908778761
0.6922381235204242 0.8234804163352913
0.49250520938963893 0.33049127497330977
0.8693692277595921 0.38703346771100633
0.9227336170030536 0.5142448048956711
0.7577626134469595 0.9080509203165408
0.02279393276075803 0.4646378890622114
0.343824847549107 0.07766944086558003
0.03125778746825181 0.15721766949038507
0.7302895452233287 0.8352936383953686
0.025301831214017412 0.6313849357536321
0.40772973746986385 0.03609885397736301
0.7462764177106842 0.24223054734139549
0.15329664180880798 0.10136417342920012
0.5667012861305136 0.8366366865118571
0.5958737297737642 0.19653496967123996
0.3026017670167831 0.9257657683167064
0.059707530440933354 0.12266482554279534
0.7603347537960679 0.600916164276331
0.8613527753630437 0.5229767548771698
0.7549260373994677 0.7101586646963332
0.8889224555053545 0.6329508456332438
0.2219961502891754 0.9297002089294946
0.6381251659506229 0.44516690949843785
0.3469595696193426 0.8956802623276348
0.8055328000137043 0.9768302713956953
0.918412173823185 0.08615060080461401
0.9646827274576719 0.9420124654936579
0.3751987251643141 0.23336898165263675
0.3967501678707186 0.19046726177877016
0.23023526967222785 0.7637623095251482
0.02683823865419588 0.9903477302341357
0.4857834368657554 0.8354035413985559
0.6473886474229145 0.19236147439621099
0.8138501524029174 0.7489753024907082
0.1817523388733635 0.8476046510361934
0.5702651456671557 0.25819028896624285
0.2556892633352592 0.5526676437693827
0.6805227922764625 0.773257889033895
0.06473516269108504 0.8922880688806456
0.84306990309829 0.8193670562447699
0.3992923252224885 0.9533095415271606
0.1553896540185833 0.37340947596999086
0.28589247471630386 0.4942387100723731
0.024694881116129608 0.8566229372313705
0.2530185916570242 0.803252550624014
0.81791641190136 0.15334667636206145
0.4449296184907503 0.7636904245885039
0.4411493794847512 0.12525669957630137
0.473752927820591 0.2596089451567887
0.6862978469177339 0.1130062383834316
0.08456577003223797 0.7824379031581385
0.9458423514283194 0.17059004252619192
0.6019015969176686 0.24007286802760297
0.18566005397497864 0.9905712109494076
0.1272225117966037 0.5480694146670699
0.16145332609460206 0.5614366451626394
0.7643780285466191 0.4216649577333751
0.4272995270123179 0.01649699939197835
0.2610537598627052 0.3359733628903985
0.27223848586865995 0.605272535342986
0.004437237364129487 0.43871201560097783
0.7199566936615596 0.7408814755151674
0.6453098180312868 0.6202703816038444
0.4948755576873931 0.7920378902905947
0.7818564618573942 0.4352969435115177
0.6554083536224344 0.8479507803363353
0.08551357610604993 0.6941717956830527
0.4753643200491178 0.5669584234285943
0.4640716580385631 0.38551221089618126
0.0027438936147186066 0.03804488053230326
0.8114683503316571 0.13204898375357033
0.442799119894703 0.015067599773452178
0.6319153358656309 0.3854048542111195
0.6222850561828066 0.5594179323584816
0.7188288963988554 0.31319891011094136
0.5546634900170488 0.9686752425574221
0.8120539926382382 0.10990937594945227
0.7771460353187118 0.266705271229853
0.05462203063292992 0.48051210733543304
0.2282575313614701 0.7052598423206777
0.49881349231646754 0.5813596764723872
0.011735746790184631 0.9459217052308448
0.13748289576239214 0.35616754853660426
0.6884266933111243 0.24442707279084708
0.9266709802830064 0.7576242114173739
0.8599306869069476 0.3834130161172047
0.1925054143211844 0.15824377645605248
0.9534547682919732 0.3792070984067262
0.2544262975151499 0.8262086072964199
0.6981200230275542 0.5092837394702472
0.18609080697733327 0.6156058102269637
0.5348236563693736 0.18795830522148904
0.41070789061788426 0.7049454938842878
0.4098276218276895 0.915618148476075
0.08978293518731717 0.5318948570022415
0.07668837191504596 0.46757709146174453
0.025083722488566718 0.41519900123115816
0.8105266397693476 0.48930592540185835
0.09514339415554507 0.49652831814281373
0.08847306379388487 0.5250933279915091
0.20683388713060524 0.5456192521604897
0.6649705799111538 0.9894276603575809
0.31444101746193565 0.020701177313527053
0.32464911474673097 0.28027789245244006
0.3009834137649643 0.46212847355395215
0.9431873285996026 0.41995792143516053
0.4259569448976841 0.6828000474245375
0.2930413577996438 0.5484243826339441
0.3154332044604842 0.698127947624591
0.042949867464571634 0.31112277857160264
0.9276537681294592 0.9674231419872337
0.5155518959375456 0.8667966930602962
0.5613827262257414 0.33962807936547734
0.9339120621735233 0.38847754611590113
0.05761335293952219 0.535255224465143
0.7617593108367267 0.855401316941764
0.3660656659619934 0.9517573719564552
0.19664460253705096 0.7514181656004373
0.6433647966505773 0.4569804936659807
0.07630536762023166 0.9938559052049116
0.01881617848180972 0.7184377235952548
0.09593204361309571 0.17291149765581704
0.15089102504767848 0.40175496941853917
0.1831049626345882 0.8566573655129421
0.35040864836016805 0.6517565132440613
0.48751141056408076 0.9573356791207237
0.17631416264683009 0.055142172571305936
0.6430534256845712 0.7130801268455993
0.632717020267082 0.9043984448152507
0.18152643310105154 0.7876077851176391
0.8642348625705047 0.5013604349836527
0.5239780288040952 0.934547576432434
0.3225019583249278 0.143214159821633
0.5280452815135148 0.24145310075600301
0.8784388586322032 0.13483333967922118
0.07313555833718177 0.8283291469416916
0.6130951542045158 0.5334979397499571
0.49365156831153034 0.05861656445258179
0.6447923760230656 0.3987870450087343
0.43361684986459825 0.1774712306175954
0.4104777883705226 0.877173014586067
0.9739133446597237 0.9834852649419223
0.3851124323430508 0.4050566519688159
0.7133681265912388 0.780727606577619
0.6376057467936274 0.2315406718558135
0.3255674538617366 0.5265368253765261
0.35036381900117397 0.7614720730433182
0.48553536023067245 0.21124064414628552
0.5817750279364922 0.7444157450851758
0.04749996897317854 0.7010857754897222
0.05707824501448622 0.7788529838531488
0.3750642204669914 0.055417293463470685
0.25596957415015886 0.06698657061731739
0.0031301319359062774 0.05130841948294784
0.4573533203235651 0.8191400390313754
0.2730299794280986 0.4699849619157108
0.33747826166732464 0.9385159082916088
0.7477447827078061 0.5016448404541691
0.24219308931942218 0.05975568121184005
0.22220399400119817 0.6955215753692443
0.8397977045739549 0.9937372969522342
0.5775656837171872 0.5289879015439103
0.014498288922534464 0.11170250982806573
0.03911473114475661 0.4047671850162542
0.9762889647984005 0.035385901010708265
0.6349563680712911 0.527607463068194
0.05324208439672651 0.6440647314331871
0.112018706347077 0.6376019152568948
0.5201989850397271 0.2857699351448031
0.3799544241190633 0.39770711645846357
0.334288275656343 0.10350211065525161
0.5863317041729952 0.4781582726870024
