10 2 100 5
696 988 638 372 814 710 200 988 541 195
800 184 514 149 971 379 420 769 174 532
297 1096 267 202 771 979 254 344 782 270
353 251 692 502 594 470 264 640 477 242
648 909 1046 225 1521 1941 1908 1396 1515 302
196 540 1077 1704 1929 1249 2026 1318 1434 1350
205 244 2123 1247 1342 1391 1847 2124 1860 1839
161 221 1513 1381 1576 1789 1389 1821 1806 1530
390 576 1216 2014 1679 1256 1279 2098 1327 1840
787 325 1526 1380 1834 2112 2066 1288 1256 1327
4 5
3 4
0.4092597041784009 0.5984716267501775 0.9630398805888551 0.6354080090922913 0.32017495643308813
0.13771684669656348 0.8739474319141731
0.31074876308250565 0.2104192288478839
0.03718988163408321 0.8544724840884614
0.09516186616528932 0.8623254041181747
0.4062248032036382 0.07503274820055172
0.19070086610773318 0.28608963770571294
0.8291488344967253 0.5064780115646175
0.8654600268212551 0.5418180091414366
0.585354381294878 0.959473150026668
0.3658035910100925 0.038254011679470956
0.495323872421217 0.9035896874921414
0.8073096122915371 0.12237676506339179
0.16230365905546518 0.12514351244521027
0.8897107534731634 0.6055487278628844
0.4613997646044601 0.2356502927441897
0.5202342744334372 0.6146635288582667
0.07119140119439171 0.32710560006042444
0.9421704141128797 0.7601923975802125
0.6694502198283443 0.3127363584883789
0.5068080652514966 0.1335455073070666
0.7153527478689536 0.19023871950026017
0.3981258442514626 0.24494695898400143
0.7580378096366305 0.534419368727614
0.6145936188161507 0.9978370246083752
0.09328914827874324 0.6000028991963078
0.35422304323872855 0.912811854401185
0.7399205558348549 0.7902092611945248
0.9341258031752222 0.5323667434434598
0.5057101676107143 0.5988369447468622
0.1727195951929994 0.2336744385653562
0.5313623398345293 0.9038334749563179
0.4572929895534965 0.9071468502979929
0.5567420379813017 0.37660015974573313
0.6698600502352539 0.512242902561951
0.45775556099120607 0.6755080346700759
0.4289261211269313 0.6080036334288823
0.18567955399946512 0.41675531753300255
0.004646679142575438 0.9163735850640022
0.2559323747627542 0.5445059366641678
0.5765826561077747 0.6509664398605768
0.835981535619567 0.013972776878509396
0.853210739035299 0.18452003218257285
0.975648229969323 0.760188814139299
0.8010502725831163 0.3843124999203791
0.027613958952596995 0.6493577118527376
0.8389359288930183 0.26994016534048915
0.25717580281887065 0.06775290743329743
0.17986503513388352 0.11772574151607373
0.5896390092461838 0.9897570614256235
0.9701658945332934 0.7713845703181381
0.9458058822731978 0.28398620871763525
0.5440694613124022 0.7023920793738525
0.28399133989465497 0.8004274775331237
0.6466952363692533 0.9364212040839339
0.8382331295179424 0.39957343828220715
0.022957579701736286 0.780360460023523
0.8579003893285315 0.5129720460951024
0.14225992985481994 0.860903144395166
0.4360960191803922 0.6269939690106121
0.04161269809112511 0.9727430643378765
0.2549477390337431 0.5703717046498946
0.3052338889692543 0.7626218343249036
0.5318737064427563 0.9206484170009437
0.16089074321489916 0.24932473166141156
0.6863609207266075 0.5582766282464973
0.8297711154441885 0.899026229603809
0.7941237834991015 0.31874288714373233
0.32416472746503167 0.7577513570759937
0.8725393274824789 0.38248708111070484
0.5888252756741943 0.6171019058683778
0.42765579994441083 0.7118647432501404
0.7630914198630363 0.5661663000085928
0.8380067385143259 0.8066287553199951
0.744040018690739 0.8088352286866052
0.7973929074643453 0.7380946412474376
0.7317344935539407 0.2852441425275596
0.8072268591260323 0.3940899865028018
0.5437906198424001 0.3941972876012274
0.5111355246673488 0.10635197857142664
0.7905791414191519 0.11606691764186472
0.3926487663415128 0.2642774154765779
0.01002981628488464 0.6384309591141795
0.12267537500426329 0.646819509207371
0.996070575221818 0.9105399022854113
0.39887296524375837 0.6981456058735802
0.8967091194078618 0.15001045986959616
0.31306278373356644 0.17879847447212627
0.3774048934713954 0.0948396792097641
0.7194763627219376 0.3998360573186741
0.6041880138391136 0.896900737250321
0.2663704895247547 0.3809906829878693
0.07198350387571661 0.6812383772789665
0.4128626777198703 0.7077273550490042
0.5461245497357525 0.8092852927686696
0.9664738803785875 0.17313392651586357
0.8155019565460042 0.8204244259560258
0.9310560066659295 0.8326540899464361
0.1543458346311799 0.14317121330236215
0.884004504239746 0.183708084919473
0.2458813237134183 0.1979717609932543
