10 7 100 1
692 1628 410 435 869 1478 1890 482 316 1547
299 1099 1449 305 503 958 1797 1568 812 552
888 314 668 1213 1221 867 1839 1564 1288 642
537 439 398 1670 1032 1099 1318 855 2040 1500
371 1363 972 1601 1225 1874 957 2111 1882 1169
620 291 637 1200 1535 1830 1259 911 1281 1800
1170 347 1488 288 1206 1005 994 1277 1321 453
463 394 1272 601 385 1204 1432 1022 462 863
319 434 304 573 994 1424 2188 1497 822 1655
527 338 466 602 538 902 1372 699 629 700
7 1
7 9
8 2
5 5
1 8
8 6
6 1
0.3188125312919133 0.6453660665611964 0.8463741160961431 0.9775221247505581 0.3645546005272068
0.7856315574116286 0.5921288313101861 0.6447079340732456 0.8404713846351353 0.1999671847132275
0.8394724950314476 0.4631697208107153 0.38206970097301146 0.3682993300370893 0.44759894215967666
0.6580088708916232 0.8110944332300407 0.8959923968864152 0.7166462658969692 0.2872542777544569
0.8096179096648108 0.7126368567047419 0.9058376309281873 0.5096158815317616 0.1640957444920022
0.72270328726209 0.3009790909110048 0.7282074516104924 0.6332431599789548 0.3083482948381625
0.5136911859298272 0.7337503188877175
0.18798060776310743 0.46041283814335965
0.8104732487839388 0.05684881193208069
0.21642192024347673 0.35464821962459236
0.929892954595956 0.9969719081483523
0.500870974819021 0.7195095302322587
0.8475354974023881 0.8089918106431391
0.3804444366172617 0.37676742155218035
0.7088375522657395 0.1964868400119013
0.2383306832668819 0.5597757729687056
0.7564336661604458 0.10598292409825283
0.7606905218080697 0.29558740657927496
0.11924445961563102 0.9675888212776749
0.21069499787309964 0.9331719240156502
0.7784563492578436 0.5032087603604072
0.9063114259420715 0.9326092282555836
0.8815352425819567 0.14355591078755103
0.1127405692158372 0.435072023007689
0.46693173208213623 0.8022181971279945
0.5770481585890144 0.1388099068120432
0.9496479666541653 0.15073365930939575
0.7328456279949269 0.9552988777615494
0.9877607564599253 0.19135239884569177
0.5269747875911592 0.9586264945749936
0.11578889447646823 0.8994809860460293
0.5417269977926369 0.8218966013857647
0.6710011797463007 0.6515369535220947
0.09731454432941389 0.2032081383443447
0.2415733086875831 0.9496326436380667
0.715599563660805 0.5022868038605095
0.3227617131096485 0.4174485042544307
0.9044592495936721 0.5033342112469001
0.3455331319922037 0.7146895388097603
0.4239394427630885 0.32417200122016765
0.9290714564988152 0.9168556701687944
0.2872019030289983 0.8536040933071518
0.6800340186810856 0.24205100986693484
0.12468584693850615 0.18480967718240748
0.27048394429677125 0.6595261091064344
0.05471516881707705 0.36886746127710923
0.6532574691967874 0.8558826915998254
0.9046914103717949 0.4750651906191148
0.40949304646055507 0.3914074970815724
0.9055946579060334 0.7011191535549279
0.5543851839487914 0.19019974142965168
0.8257158439123782 0.05943589172358377
0.19219463780037094 0.33838374739140953
0.32600592517159854 0.5622542010424811
0.3011065681671201 0.42139606094815396
0.13688879838764634 0.5479647334840065
0.820081556166385 0.5021877719225236
0.8719123273644476 0.5788628050433002
0.7086771195173813 0.9442702699686591
0.9966077699943554 0.17533759552181882
0.9185262890162125 0.5670772693322381
0.19803688913751794 0.15148325982247335
0.48055130506718036 0.7075241933985223
0.43294341862340313 0.9040741273445281
0.9769569574382322 0.6703022218765844
0.5157032892664677 0.21426342499949036
0.7087447356233791 0.38398447027964644
0.5567540128625414 0.42623341471269693
0.42892564364255703 0.2362734181221431
0.16519856825459667 0.32499005751390664
0.1207062613178791 0.44115474250413
0.3972213553176156 0.7672485751200413
0.8758984237005691 0.10440600425231161
0.6784261219695691 0.22922507913319912
0.5301664414335723 0.5966542602308686
0.1742807067947454 0.8345946182027173
0.2946825971187461 0.47983336709074664
0.7980786252112915 0.20915181687933826
0.9778719433285603 0.5409803181862101
0.1492969542543725 0.7829490434378004
0.6423381509060755 0.5836240554001684
0.08044236340655075 0.7405852957071455
0.28569759457749 0.13283217079180232
0.6867050749032693 0.8123494199424697
0.2397986411794557 0.7712938356390373
0.9702542416799891 0.6458764293940007
0.606720620716747 0.1611816771060881
0.5172785678965872 0.02480599473429268
0.6296437474156973 0.32175889536347113
0.1953875918996213 0.6697575780818172
0.23473181370948937 0.8525493791401106
0.16878962182818014 0.0682973822021462
0.543981421742364 0.5647405001403696
0.9028856542519907 0.07351166382026308
0.1743712717335384 0.19043715859599541
0.9614132939537403 0.838813268358624
0.221504038191225 0.5066635284674006
0.28685303601333034 0.0756026774892733
0.986931069123063 0.6834264436382205
0.751577169510665 0.27147129659198055
0.8248140989850288 0.9605486134067913
0.024410675866951115 0.3621566210154932
0.4527772240168535 0.6793224634798118
0.7752222096662256 0.3459740920175378
0.5243189584848875 0.15486741669516846
0.6572498486683584 0.38590782998662987
0.21669468451935536 0.8831148057408782
0.3328572038376383 0.31445243346248564
0.9715377527200098 0.7894991139843548
0.9102580645030485 0.9451675796232428
0.906814970013408 0.18084268551069593
0.10150204615853697 0.27033673609950326
0.6877669128973132 0.8962519988299507
0.4776129272592651 0.8439915408641101
0.9238769239168612 0.12872274516428805
0.6425470431994238 0.9855225555657958
0.3607770965065278 0.3624326551601482
0.03030198261618189 0.779936585623616
0.4387474696580067 0.8854339240748281
0.5168558700868462 0.9768275066709591
0.09046826292484722 0.08651421519358649
0.25194585465345587 0.8438546828367284
0.7525151475921901 0.07207355621373646
0.5231489711372521 0.7441639867005982
0.8496279578547534 0.1085481838305431
0.7917918436047344 0.5623348259014187
0.8809747959722443 0.35193511674777533
0.20725833866192245 0.43517964583814606
0.4192793979941214 0.3920386655814707
0.14641203123890278 0.672968382670136
0.9893630470863106 0.7859652975890989
0.9547846616447389 0.01464509702756156
0.4473733788083287 0.6479228775432846
0.22768862773720255 0.9846219714953277
0.10315320874822875 0.33988141328948873
0.1962886417366363 0.30769573078476187
0.4448657906681086 0.981338198172893
0.05918548352441366 0.4044905717273757
0.33079050449225744 0.4640780731247498
0.8824285503353908 0.4158599584944658
0.49509208699819074 0.7524506444557411
0.7358117316986874 0.7197225561029128
0.6029790870721015 0.7367516684235906
0.5377624388736482 0.5913081103175841
0.8103666887501721 0.015408569481250023
0.3118148861263179 0.32628680523712106
0.06462792445459442 0.6381178271599663
0.7662485657066087 0.41324365937239094
0.37078310599930586 0.016824811347398105
0.7167676433440939 0.37201967677830505
0.20920616723874175 0.47012341112698985
0.636658133085817 0.6736761073186284
0.30968858719859105 0.12747928347894244
0.48718890802386583 0.1980520776296657
0.5896173925489585 0.6140921778773736
0.35886965251792846 0.71688907180736
0.9158302264732168 0.7164373182872465
0.7176342536146176 0.2706690706377586
0.32967828476641214 0.3142520098138475
0.992827505763733 0.39128769479085435
0.7448093095971198 0.36275077988319016
0.1318603791363986 0.6194617184327302
0.07186724147343693 0.3339174505256912
0.8062376783909548 0.8749851623692382
0.050408080901682695 0.8268094561067434
0.9607035658253302 0.1946414956591178
0.0961610660813157 0.42394808787754634
0.43181953432605824 0.7363572171112396
0.9245294561381605 0.3398726182197127
0.6906969273704937 0.045740843396387953
0.6912548783527781 0.2447643914615576
0.6334958258299555 0.6152752989941368
0.4085085142813847 0.6257431437661061
0.43611003712402496 0.7004900957250011
0.5660996378139755 0.8484704671559589
0.9884104658561976 0.32163957885573846
0.8473078833562779 0.8103565955067971
0.7883270158438422 0.2607027391939176
0.41310462620345767 0.5962700095653273
0.7939484757689061 0.6317684018480563
0.046063249006832674 0.4520742208185118
0.8751334060539351 0.902702024646397
0.13250501868290843 0.1827586617984176
0.219639412128249 0.12859038727188676
0.40456316137665227 0.3233461003102578
0.6941574503115138 0.5276995891267682
0.9406386596046228 0.01564137967637813
0.6332147833062345 0.7001409005045729
0.35603735097664324 0.38448509555468124
0.9477462370411023 0.3200092358478157
0.4233816766562797 0.02303040975916537
0.8766585039365038 0.603618267535778
0.7492230402222029 0.3589964251930413
0.18667432673739337 0.6096641028619965
0.3670159599397942 0.8407116995443791
0.7599721442132537 0.8544898434661246
0.0633864951876244 0.03046434785130847
0.47995500337616326 0.5546461519717412
0.11945618459089946 0.6349228755682825
0.19950549846952814 0.08097151179738193
0.430697719427263 0.3449785415045321
0.3436185206836442 0.5242004771177542
0.7281696828416764 0.8917560110318496
0.3757244521475418 0.40203284128707106
0.0641155367412296 0.9925202924414953
0.9975001947563693 0.06535763571274056
0.03399243569780053 0.4095883903829074
0.8339600395770153 0.8484110180085651
0.7565393350078955 0.292240958544393
0.3750100752324337 0.7384563838679374
0.46278011381293727 0.05770790258473513
0.1503386521449881 0.6299728854857278
0.3364915802574646 0.4039864581645072
0.815491491220441 0.48918628480591475
0.2763386915663262 0.39143115304547105
0.6705452562804786 0.6275439482313683
0.9735282006406236 0.7987175213908184
0.45124681963834035 0.571929415924771
0.34300136230005696 0.8350788861762759
0.6077361178668084 0.6362217563451027
0.6415642535321353 0.8166286991506388
0.36883249933534445 0.1263234017900885
0.9259721903523199 0.41962279832986105
0.6104211384116545 0.5238046956414764
0.9122099462184694 0.3948909756726646
0.0009887780122350698 0.6386358229219387
0.32139485353227215 0.8961352541816903
0.45207662619292077 0.0008575413888789463
0.16335394851203566 0.5637482611581881
0.17944764925066425 0.18110977956886565
0.6533549440432129 0.3010619369024934
0.37703733932412287 0.009009042944937429
0.5803160833972052 0.4183181388355375
0.891403302347811 0.2641531873390839
0.5510440779817283 0.5200006924480294
0.03555209941715587 0.1438254668415162
0.9787676474582945 0.5147585217808048
0.582719626867531 0.05328052195579702
0.49265371026348803 0.669646522845859
0.4943307074593726 0.2609456562527115
0.3216610187492466 0.18491613074644286
0.6125318922956069 0.5212318114041088
0.7407534133469689 0.9080772230233523
0.10181796128909926 0.23427770966697992
0.24394423471922488 0.6529041356209198
0.3229160080568969 0.6996962465618277
0.056116611794919447 0.6646516259578468
0.7337642229845429 0.6802959646074538
0.4715712131952783 0.8038546860170075
0.28111335658853 0.24162187654157918
0.6693754790669058 0.5810655937968223
0.4842974415293304 0.571255228916886
0.7595793949296308 0.437569449338544
0.6113153568632366 0.25983590619870256
0.7792597147915499 0.42911052019043505
0.1757523171910056 0.9605202441007594
0.7326868698005671 0.41102559504079994
0.31445133647265244 0.8486712514357466
0.28823402376668183 0.9297108523640643
0.5777816232122086 0.44853255039626894
0.5569271958641104 0.9345875441191649
0.6731343873641031 0.1837633315181746
0.5141800877383784 0.1563978213725452
0.9292053975180183 0.48291381636213826
0.4369218543860536 0.7932881486665924
0.7526158955658273 0.4782897099465695
0.4841451518897526 0.5488372802972259
0.13032020801409394 0.3884241888337192
0.03236505633229747 0.9571923919071561
0.9920458389575038 0.8981221544293587
0.08595823945469805 0.07679727981790618
0.15219218707190918 0.3461416945729743
0.7509757926112761 0.593433611759012
0.8268774716300478 0.6417890264373665
0.17633514311076914 0.8324277699257192
0.48822633254596126 0.015637520802008087
0.6754199177995672 0.5385259201011163
0.7727670521843488 0.5411271306011374
0.7248890892861226 0.5384754278583348
0.09387395097413798 0.8730053855216693
0.4757658348973608 0.9709597805005481
0.4245793328727878 0.494363037398569
0.1435943927385923 0.6856294376231562
0.9032966995878797 0.783559571456109
0.3156691078176552 0.7604705076961031
0.1521077623141751 0.053698226268240834
0.2907333526299891 0.965975655145807
0.4093823597674038 0.09410762298440711
0.04941996984115549 0.597619066725946
0.9588734314348062 0.3138712000425192
0.4404489795433011 0.010205647904780069
0.49631407932270477 0.02222406661067411
0.045521628434114 0.7729481182177291
0.38791539973574185 0.4202242527054396
0.22317781928283265 0.7827136167657305
0.7671984036885897 0.7086769434070272
0.991584434837788 0.9191434595259071
0.05494413828465272 0.5251686997361953
0.5174076492984043 0.7650685315172447
0.10071511466985394 0.621607550684929
0.5214738473159182 0.3367103023805218
0.6058625807969351 0.9466812059535596
0.5907171272546818 0.6632569009476565
0.5249665906759888 0.6982572935779234
0.6732857382291102 0.8100142743446201
0.33056243520190476 0.7869485375232428
0.6938229710268367 0.17359639693019724
0.2245174370968246 0.9143929064736644
0.6690648644588435 0.5997972022184201
0.8686059375489137 0.23058537421841607
0.9811609642315671 0.7813003819131814
0.47263831344247764 0.17447859881203986
0.6052151306893876 0.34744961577526867
0.1267939674739338 0.4846527571098198
0.1504502387639104 0.4633314918195972
0.2914241181185173 0.8208384527310637
0.4940719064701329 0.3480780800928942
0.04166115774299084 0.028672840403128896
0.41131290489563566 0.471990075830345
0.10228116985644053 0.90764178281405
0.3917134149522954 0.6411821727703595
0.20675184377088485 0.31498934004755985
0.2627548866773095 0.14108030663265048
0.8636060427439693 0.12407061040051515
0.6651108852501177 0.8659690099558073
0.06616248088099685 0.4629460168105666
0.6141896476332771 0.740711607309583
0.8496965930726581 0.40653109210715566
0.8110312954060923 0.7115650231467889
0.32206440820433113 0.9712180974418423
0.6398380972652769 0.9768961663969924
0.08545387443298647 0.5632125333225344
0.3880933964625659 0.3066386606912703
0.5863249520824301 0.9896063672687887
0.5845310361860787 0.6220081851874268
0.6317163263037622 0.23846930064385363
0.22020878765173824 0.7688733128110372
0.4660261894068345 0.8719284270927277
0.1249434509745988 0.18622380063729138
0.7754053186609102 0.2906072779179154
0.3362174194327485 0.03444576111231723
0.8536444741502995 0.3986991680748
0.7712881090328187 0.004655545629083546
0.9299758378718401 0.19850416964718476
0.6018708396557428 0.821588287756188
0.21094865580924194 0.8790606152575129
0.4759585638369759 0.24850225497681477
0.04487785372097863 0.06952319898164827
0.08130750511840912 0.7527866143660724
0.13619626541422614 0.8913663490176249
0.7219504320850598 0.5821314765983294
0.7581956537374341 0.8576499263714097
0.3609295887343178 0.5533651284375867
0.12954217041098404 0.024771337584630793
0.07404496417984441 0.6353364211642893
0.9114324997513561 0.2277674641341596
0.7713839749222391 0.5087520110617605
0.9657431045142637 0.4223230149653192
0.9697735709460646 0.4978180684509901
0.8850883387147299 0.45290457489618285
0.03274490499546223 0.011335484564414688
0.3874082048039078 0.75665032290405
0.5835156662395502 0.03803261606316655
0.8927098481273279 0.438352786973923
0.8188020864722896 0.38928452206871
0.8095525320170198 0.039665144347318604
0.15282074205071283 0.6544008900051206
0.7943115650004431 0.8240929244699227
0.8730078580088083 0.20610757419920844
0.39727823909171 0.9231626118229561
0.4836511732605666 0.11664765710440417
0.47763446960764555 0.5053184986831634
0.11719230951497361 0.047113856018512035
0.7841281170842176 0.6444559242681569
0.6285102659172983 0.7438598567820791
0.6923192621637972 0.9044983425991495
0.1467280651590095 0.781703734967933
0.21150444163802384 0.5701998604282799
0.7658987487022377 0.004368963733872633
0.37445558544494983 0.5297575303678006
0.9273515000705643 0.16201175955155667
0.2515223023049322 0.9827289086900679
0.0704279172411546 0.4115309304828576
0.5383420362293267 0.818785285075255
0.7858511663789223 0.7863469727123051
0.6111237741800473 0.8945609074029333
0.2702402598115332 0.5398172605874201
0.15777655701421467 0.9738699575739014
0.40574227652232575 0.10613316346035173
0.36216123576197123 0.4860439024963854
0.6316040662786706 0.09077755080181249
0.9981879977076977 0.43945936247259754
0.27436316483138223 0.5927458030518062
0.3451998555836615 0.5587239599609677
0.20403784162230654 0.7984387329679412
0.6055755953066146 0.4960705594900485
0.4539056617526338 0.8600742877994616
0.627086812278959 0.20790588772917262
0.4428079109241916 0.3183387116097758
0.08180884947800005 0.019147147669273057
0.5307904556186567 0.7359900939495161
0.375565959611871 0.9579623655480278
0.5816034619044257 0.168186838405747
0.5522359776378909 0.7681222598612878
0.13480947607556693 0.41676487880186697
0.10209343585244324 0.055707993835255376
0.8288809952399359 0.1357803959977817
0.9241778131525773 0.5097821457545946
0.8963363491121144 0.2965417048793568
0.19706994515986342 0.6058576416165657
0.041022955030810326 0.05219446952988949
0.785056117452918 0.07526124836357484
0.0841664994216218 0.49223915440763943
0.341650185857999 0.7681670237923177
0.8878730631999829 0.8765191883671541
0.7332704589847119 0.6225291916411999
0.5815614699827336 0.014450368950226222
0.2538220930157302 0.40686610520107425
0.6069448667701218 0.8745307406108267
0.5631636231439825 0.8176151385572179
0.3136048086359402 0.5784858549508964
0.8193565571531074 0.7735428589429278
0.8206471452106356 0.7497870780510527
0.027752734325831918 0.5861919944274097
0.9014893501610501 0.15272046015177
0.5937312977626079 0.1634244560392395
0.07237482890433578 0.16170595974707047
0.841632235917213 0.6832860507553788
0.20476553698907218 0.46202528381161345
0.85741220516138 0.8538842896478547
0.9172040982262477 0.8770277024739273
0.8556399509755137 0.17754708209071635
0.206012475416276 0.49625421168422745
0.5108514147398349 0.8982677748887491
0.5169447828040081 0.4988380756619415
0.8281254721916056 0.2598834237543044
0.39302543154822933 0.503165377953894
0.5362678664121079 0.07736243020025158
0.07376939771960656 0.033721416901814294
0.26998668325200303 0.32709244921025427
0.08266259109892249 0.779845904313702
0.4526745333343225 0.49502162866567123
0.8856055698340537 0.8734024449467523
0.917832586561881 0.4105104380465401
0.8505268002364268 0.15134545763266027
0.9044704505259265 0.16312911953792253
0.0334292314560003 0.6097737411202235
0.13078043591081023 0.9225126449107237
0.12739359444071718 0.43294005616903597
0.48662489680423815 0.04113736914323485
0.26710331736448256 0.47292521113992825
0.21512736519554898 0.0004474392900477575
0.139613358089822 0.41871754396733074
0.29290447949900433 0.3115810361486606
0.20529979227159356 0.8998085079345186
0.12330529950826397 0.16433039875200595
0.27407926716947784 0.5911058121570694
0.16290742764772537 0.9334035990089367
0.24684304603822893 0.8522335092905908
0.9848967420435579 0.3025329125545684
0.32874593702320287 0.33817130472936174
0.8339706733203245 0.33782488978460745
0.9969072785168296 0.2528168129667232
0.09460340510894327 0.2983009781943484
0.9987009456171818 0.004103980320035783
0.2839985444582167 0.5468035239979245
0.614262318910594 0.8161430266443532
0.7074963995843175 0.6963079133365182
0.21597147485402157 0.11578078047049845
0.6802049302898827 0.21571184223962825
0.27047878517990354 0.3272603745063807
0.17818188902970156 0.826938073220691
0.6018537751821444 0.5032184629379912
0.8473244139682539 0.02723704444729247
0.4202233392957342 0.3841406496583728
0.8789716264367184 0.48177500824493014
0.42685716730392187 0.6565651123473468
0.2972386601289958 0.9426526662494212
0.6859284853679244 0.024240287596698717
0.6008813354052989 0.3513903078589513
0.7664951621382325 0.04042381218267943
0.6502511061760128 0.9422354085606874
0.07843450249279083 0.29125399463274904
0.46872896056971847 0.7976453588650141
0.7698398663029931 0.23853829811175853
0.8807878384676866 0.01699900623390027
0.023735490276433957 0.9376582584149684
0.7900610004890447 0.2166641310937385
0.9863083064415712 0.633666652644217
0.4125953046072133 0.49116683822429996
0.44347038499822466 0.1961924267632773
0.9562747749783949 0.12133271938485812
0.5195968595551157 0.9959953421665972
0.08557927600757642 0.8906048343474071
0.9058942636047367 0.5782725873247896
0.6824803423407695 0.3658350582401546
0.464021141615534 0.6622068012938775
0.7608358714904722 0.7767497849350746
0.27927203103944587 0.2817671097720853
0.12671845215065947 0.8178488559035437
0.9297918318955389 0.7102752160258023
0.8001836226294823 0.9914005743350398
0.7588753009618987 0.9249584433624922
0.007259096883347915 0.9525389715037154
0.5758766087123299 0.3107497124957812
0.7222601101192616 0.5817099925740556
0.5360401316212264 0.5408525081920545
0.0694870050170262 0.03105863460805014
0.4923826110486571 0.7694575048550809
0.5727178767836307 0.9219832956183962
0.8035656786929677 0.02095813902242316
0.5957363548088803 0.72082060661359
0.9017415305540433 0.946561849838321
0.417887950229042 0.18687547589850584
0.43703443591399527 0.6292855164800986
0.6284786216382479 0.1498514520099543
0.6102852057689472 0.7617463935853153
0.7000850902866702 0.6791761695412533
0.6106614430830126 0.35702673345489955
0.12645838016644606 0.1697110135253148
0.5100523472664504 0.4309245373937971
0.3421116122111689 0.34134545827117857
0.5982753006238815 0.8280181193615519
0.1744757359676754 0.3851987134815802
0.9681072439000233 0.8156982235692267
0.10798130708024245 0.2862622039484526
0.7622524254674539 0.5433510840875222
0.3546483447162858 0.27386185741993874
0.5447835843088109 0.15009059275565462
0.6158263047117676 0.17539248240872696
0.9131516568857765 0.7004343448706203
0.01106824320937072 0.76807820835945
0.49798789615860795 0.8122664664564265
0.8630176861019896 0.46107826726063617
0.7496374310430602 0.9697157884874141
0.7509040817607426 0.9696326761294636
0.22734945753527191 0.459680792256177
0.8219296499895896 0.43048387422847867
0.4883621516038501 0.7683482629002005
0.4530205059769399 0.07698496951916733
0.7620315609110053 0.7686960801299563
0.8127587999074175 0.07537547087049434
0.19213511342932832 0.1342019251365758
0.2716336348714401 0.3684826116875679
0.5006675462325143 0.2357831332737348
0.30022991153684675 0.6102981790917754
0.5420603424719836 0.7384046715340449
0.3562329499707453 0.629941488294723
0.9820171161300617 0.21358963875001558
0.8782330875591942 0.4640725701420707
0.6343880362163208 0.16670813206001855
0.44050571745793987 0.28110282506008866
0.762410452438159 0.9295822594499994
0.7282463961038703 0.7440699031248788
0.0978982293576709 0.4793649472741057
0.5267881129532419 0.8671428271511987
0.009659552345244515 0.9530086684636341
0.5264282977124617 0.017535118415924922
0.5575879115784323 0.9633000960912843
0.5886626764592429 0.5563323013931418
0.608528502227869 0.10759114009663495
0.8252842684823203 0.37647872400010707
0.8500861376604167 0.19950601045892835
0.7768474530335476 0.46919350067715726
0.08533327523548895 0.4215919489972293
0.9749495660783871 0.5249525218433448
0.037306929398449595 0.5150671342407016
0.09730980734713235 0.005073752129449938
0.8952765975300967 0.21160023647510418
0.49658183932478894 0.5450640992517912
0.006579750599140732 0.4120715066412486
0.36611712423481757 0.19251060422368993
0.8426309066955477 0.49702384599043037
0.09702458331219188 0.6327719333209634
0.747883371324521 0.7340320904476574
0.26759551425402694 0.3944865178290031
0.662101989924516 0.5452558470850182
0.33062591241018 0.21068450085655588
0.23679465839553315 0.21483705142780862
0.17751271474335728 0.4726060200129567
0.925659724531319 0.6537629520189616
0.19152650118292835 0.39217599779723855
0.5316670479110168 0.616645755794923
0.35210237051586923 0.3354472485708593
0.5759730052486227 0.18885680822668927
0.44898112575089555 0.5714672891301447
0.04198959576053607 0.6500425364772278
0.1829807984242986 0.527229225404872
0.47466283272131604 0.9801587978706747
0.7968237474936131 0.6368250463901091
0.05851993562379243 0.36505087616811704
0.7461562941915225 0.7257586707795314
0.2565010265979313 0.15155113776497275
0.0908732553630689 0.6153497285315082
0.9890364159548817 0.7213659406173507
0.6343071899011965 0.02511514108589763
0.43852113102954937 0.42024329862895926
0.7901950481121172 0.06807894017711957
0.7750345072572533 0.07326833144359735
0.28792674979249866 0.08210239813242226
0.03494523543231831 0.9702620157001829
0.5271912674321366 0.5066329373138583
0.24269173476457673 0.3443987967202178
0.3434895326381482 0.2745980957923979
0.924458620343523 0.4569549850339407
0.8374351257929202 0.6189798241673836
