10 8 100 5
321 439 585 346 893 338 692 944 548 586
1686 1531 1311 472 681 605 395 493 820 738
1558 1789 1559 1535 772 595 588 595 625 504
1811 1362 1623 1588 1412 907 988 660 973 740
1593 1475 1519 1605 1458 1486 560 310 709 943
1411 1525 1950 1336 1435 1246 352 464 488 690
1789 1623 1532 1500 1673 1320 375 754 915 635
1241 1283 1627 1790 1373 725 931 565 588 320
1648 1447 1312 1735 405 408 911 654 500 826
1301 1352 1376 334 957 825 687 386 326 888
8 8
2 3
2 1
1 0
6 0
0 8
6 4
3 2
0.8895628627476182 0.40074510762728266 0.9422136632967701 0.36172717571862373 0.4436741381520609
0.33556676247831446 0.7973969960370292 0.3806256591360011 0.389601152013849 0.10679179316984194
0.7078899426339194 0.9025595443302601 0.40008387311045374 0.4355928925916684 0.4595413052389702
0.8263863689091415 0.7311402369986688 0.59035978574694 0.8833449624746179 0.25497929341683606
0.6690237794141052 0.7632707229496167 0.5937933119600329 0.6586312662469098 0.4746928490002945
0.38505841988845246 0.7539137643839952 0.7501371307689108 0.39144104578277544 0.49520592004180364
0.5447657576363417 0.6229127312754951 0.7016952434160943 0.6476643710022097 0.4971031780888122
0.28359806706498136 0.4103961025267211
0.2167991268009084 0.04726752091508901
0.25431353842944726 0.015374234341392512
0.5241627037889192 0.7526139769409348
0.24073750549955575 0.4235407826396713
0.37067020776586346 0.4072370530024736
0.11434494688155561 0.5163056120044933
0.2818646762215029 0.11347120397442145
0.2673439239035005 0.34867163851227145
0.3541621809051667 0.0013961395962980294
0.3206415061676504 0.4178974371614599
0.2910281536986432 0.19346897448828804
0.9470420312787708 0.6650525747476279
0.8813629037798945 0.13457440862564019
0.7162925867115917 0.7054999444660537
0.839780578316548 0.2419631955854049
0.5537689624305244 0.13885272361235312
0.8643057055132544 0.05778421287974567
0.20493845896453444 0.2787879800693229
0.2076877890091724 0.7387991399450269
0.41511095502369133 0.34649192517919225
0.12825430785912229 0.0730856557407813
0.7311452725926282 0.1582603491988821
0.38417576134464215 0.07473955324944948
0.8849312036758312 0.5578587015452618
0.2582052256306686 0.11075660892387651
0.6183816375396993 0.31721607995443146
0.9236213363004968 0.10618206835454158
0.71967286741995 0.42271572780107647
0.9820425095204253 0.19307756481648575
0.9629843565244711 0.9378374521141177
0.6691694381702116 0.8508462942888744
0.20299991993622912 0.1522453987909087
0.17888410411529665 0.36611856670718446
0.40811757119306535 0.5031160835940411
0.41943227907454217 0.1853704205818667
0.6451373378133682 0.6690803026181735
0.6694451386553617 0.9418284564951664
0.47906440809918194 0.3335338310280709
0.08423358720171303 0.984049480109882
0.9784473535121399 0.8992095247151166
0.6990826023590906 0.2975894369148566
0.6103019211746892 0.5588020255785875
0.4633343636324012 0.40253520857066927
0.09811697424770705 0.9237255361035468
0.5770046958282151 0.6124073331513347
0.12216447403634811 0.2849199533498563
0.8709763013244669 0.09458350491777656
0.7429787061502771 0.8193578268055721
0.7506639432124615 0.8664193823044293
0.8097748715865003 0.6878208056468151
0.9820489110086974 0.03278121962926095
0.07209747625012852 0.9440412756446794
0.35936541706898595 0.0035851991558819574
0.518772095371582 0.49453328219100956
0.935327691694906 0.25591526813432
0.08707867202773367 0.7051775607631381
0.7168128862288585 0.7210096480291552
0.9272561840529869 0.8701581808519296
0.07667464306190142 0.8359935682129613
0.8060880808349913 0.17211443772555368
0.3938120856078353 0.40936826158089823
0.6360576924665402 0.13368097203711105
0.9966522549143455 0.9223514781606816
0.11360106294670991 0.22599994415830404
0.8088111712903094 0.14805082037144723
0.09835142658695317 0.16711440912425113
0.6090143108262576 0.581202962426717
0.9264810546849227 0.6268647813341766
0.14681974471800774 0.4850752959750546
0.1361769418123937 0.24860680805140212
0.8769507414142466 0.29845509688937977
0.8164628348472278 0.31386433519590096
0.7237304355677694 0.9914675817580292
0.9939156543996774 0.6713695913888809
0.5720144689278905 0.253158270974174
0.12223118049592996 0.30453186846706415
0.31893368875805717 0.10436281832204242
0.623077330383234 0.09265571309711329
0.950816473415053 0.28276003675865824
0.11185496554769414 0.37259896813488513
0.7893468603407761 0.5065773265419384
0.3613467770247847 0.23106177872937805
0.5491139234625533 0.30086128383365174
0.7767980013417579 0.8028465550046768
0.48352111484578586 0.21447553215211057
0.22065227613257754 0.4792803402398851
0.25984405035696834 0.6898334235252663
0.6884533993866173 0.22686347676803043
0.9294867636880269 0.7782106312279575
0.8493945967608525 0.21630598436708892
0.5379496856773138 0.1309801210955639
0.7231672498927506 0.3802121298646399
0.7469823197114063 0.9868891934203847
0.6074040198620878 0.2760811602263764
0.017517664211678108 0.7297187437373807
0.681882402487991 0.4751181640589883
0.900176636353442 0.3165059952994884
0.6817548017224142 0.5791257958727056
0.7770097974000048 0.9135138356204491
0.9486157131780013 0.05556578535643575
0.5449046152321191 0.1797959501657631
0.7257254567056246 0.5231826503512702
0.3218256611973416 0.010349492760314938
0.21090274102097717 0.20644207253518543
0.7331288240872238 0.8482393110407156
0.8949642957224384 0.8681655204026695
0.5068128341396076 0.8515600570863378
0.005165536356251721 0.5610637272523302
0.6942655544705312 0.2762874408857654
0.31480949845051476 0.16081422810466317
0.6591323883858462 0.3336917072968901
0.05441088221286883 0.3991117761197054
0.9023601392093832 0.28354953193129684
0.2567435829159159 0.9508313775950015
0.5804324454327572 0.5784517041458936
0.02637696636029463 0.1906109797900415
0.7251949801402537 0.19168983314472854
0.4502486217597865 0.6887008835346045
0.7064523999934527 0.12773322936431764
0.9824258457033248 0.1470364353558824
0.7874259547666163 0.46416291464270487
0.5845860665713272 0.7610386931556623
0.42169467351457146 0.5567599351728632
0.7039009054218754 0.9574340264602306
0.07396874218189642 0.4483404529223176
0.8688703065370817 0.2632176052452089
0.5359456378298713 0.8469210076064131
0.8782836444396878 0.49646517329930195
0.30530357246124384 0.26768288686562314
0.15579312177063231 0.8499804076589914
0.499968919118565 0.7649278461655684
0.6801963175401187 0.08705819101184042
0.2579797001328874 0.07465800053296179
0.5401003712100763 0.8571764302966953
0.28100836614093594 0.34465637605390786
0.5289414440906373 0.3949121771197406
0.97574081498381 0.06947635009471442
0.05513376129026759 0.563428502562686
0.07436582588496221 0.993377690255016
0.6098950757171668 0.6291218925850335
0.6995573094762915 0.11171156488758927
0.8544426437526633 0.9855559525192954
0.4372526931184375 0.5604898602016724
0.8830851236462189 0.9836865433542716
0.24433261521227068 0.3549260238767835
0.036501078320119174 0.6810990287164773
0.9640417038157261 0.8076516917419214
0.5401929446846276 0.3050936169481784
0.6015240606980616 0.03166998328553694
0.9330044032067699 0.9680028867390491
0.8515287262227378 0.46856536439139185
0.5180138267248384 0.9139460730874092
0.6026172619622279 0.6745303076380749
0.8005966404441098 0.22987911431044838
0.7197095436322525 0.4694279051444672
0.5843544681805981 0.21077385040082608
0.9023281674427741 0.6239062538523106
0.42916738546826205 0.11229789531111178
0.42229444126752713 0.18767324350736003
0.13704191117685505 0.7690997304000924
0.04705578033759861 0.7302005972739656
0.9454288846992087 0.028593917018512327
0.8681311744840998 0.5410851687487317
0.23004144995469833 0.5371710833098036
0.7927585545582139 0.3272447456071228
0.25504793353250577 0.3169220928133485
0.03322358059784536 0.6511101797072698
0.4841689213322242 0.9301099007837543
0.6518247272812125 0.7110441912869407
0.8567491984932336 0.6727840739612885
0.7982341464307816 0.8939501252207722
0.33284747718583874 0.7556103144050146
0.6101466325635967 0.7546979564847465
0.9485203174043366 0.6577020729703216
0.14809641753175828 0.003257091326701156
0.20639557284438603 0.6945106089824631
0.17208530126894095 0.5611055026022052
0.7976056992752316 0.5592712382860858
0.6340641235358835 0.03714540447507009
0.5244501337240943 0.12495001328514044
0.6074242306168798 0.8692760061639866
0.3009614456166272 0.5692854439229689
0.8986655469242466 0.43773849052514757
0.5309021417220923 0.9937421832599194
0.8125259073708804 0.2949046738452372
0.9527534612695674 0.17960503993064858
0.20203234940758863 0.4560960623575756
0.47078963056288137 0.42389911902785515
0.20484517058108143 0.5520530643404467
0.8463084878917588 0.2938974510481407
0.6263070209425843 0.6322399693077361
0.2686622263605438 0.3648861411050073
0.197668180902957 0.6903081405100755
0.25274908313759603 0.09861537953550492
0.27651461775533903 0.9593625210275711
0.001559324582999455 0.10626253744785696
0.2833734925672995 0.5548932452235553
0.9664011155434642 0.12043805378906147
0.23521907258100283 0.5874075768943121
0.046495597929583576 0.40964873620555475
0.9462632149952437 0.40969635550836814
0.0899452080400096 0.9051284877427619
0.8884351792255816 0.6581172197264544
0.6450624473693707 0.7860227257925021
0.4408599364177408 0.05754603205334763
0.22959932493924606 0.7776795501841969
0.3019304105367895 0.17284126069037709
0.042648033277879804 0.6486012009248809
0.108152027927505 0.35080047286560956
0.15187696593946076 0.2814177520768151
0.6524996861577705 0.08780806405550057
0.6133837780669151 0.37079491702314793
0.021748252406973867 0.8202207411656679
0.040907586091669 0.7740692308223347
0.8084512584533463 0.8229349215133859
0.9521044600173061 0.5493814427354275
0.03474440321424255 0.214353167799622
0.17298213661740047 0.5359214352217838
0.8752404424606741 0.721051227948236
0.6292215591827361 0.564074267686149
0.23644501512416705 0.2219953745315577
0.23345330628058192 0.31776814823345356
0.8015960493302552 0.9002845401564523
0.6647175653213311 0.5787491454393725
0.014760745407715214 0.8940234915669241
0.7421916112580791 0.3761726610759313
0.3537618544075778 0.5218972681916312
0.6873752068288801 0.452432661863843
0.4963187180225457 0.20092934297914122
0.7047101569164012 0.5051398878279851
0.6374781391864304 0.9478757670479776
0.18821224424542926 0.8621630085484315
0.561817406971165 0.26771914481235126
0.08311197104101353 0.5033915145542465
0.8435122620080653 0.030726590074525273
0.88649821660406 0.14982469448754832
0.9809158084151546 0.8689427276332631
0.06148480093061415 0.4764007693981771
0.453690371199337 0.6786218357714404
0.6191331241829003 0.6028844651156244
0.265910479758277 0.035476832205939335
0.9095155746150081 0.7789180963097346
0.405462829359414 0.8273317422017803
0.38201437987486675 0.7205367304484092
0.13089249789544533 0.6508835664566925
0.9332743334767872 0.2941610854423029
0.8565718122563317 0.7796872617704633
0.5334280717240372 0.11548029195793186
0.3398094154449165 0.8853019954560488
0.12968392238823068 0.9711630796957058
0.229140116461225 0.007911190349427333
0.14030600341071375 0.6730850133498465
0.8797801489073953 0.21311560072131752
0.9854496740982328 0.77567384515063
0.5173383324117662 0.5538464565146892
0.1767245150505461 0.6699816847286517
0.04981290928827442 0.40443113080046755
0.9117428944476265 0.7317025621024784
0.6606300395040539 0.27168274152536864
0.9621911142190704 0.4953083417475699
0.7524406735678273 0.9357304112640408
0.8192125714108027 0.45190556575886975
0.1516292915277575 0.34220896260072053
0.8368779257111347 0.06708022824627169
0.26851608602104426 0.05692112938220273
0.8464267382110746 0.1905830970115574
0.7112396244383454 0.4857152935121871
0.05423433889844542 0.44199520317572016
0.6056743252800247 0.05517110384907875
0.590921923723378 0.9020002021612683
0.9949947074451859 0.3420896188348117
0.7942357425836002 0.012311495114166071
0.8133383631372293 0.09987350724763888
0.025750417509118773 0.45461072668549196
0.9695815113732171 0.6443455330950236
0.8979786546905295 0.5435201499351257
0.8394694943932004 0.000990470058499504
0.8856943209115586 0.6145826830968881
0.5149494429716406 0.8297139075103583
0.46208168981137887 0.8529231266091064
0.49877537298563746 0.8543449870669417
0.22392653029017473 0.21496523702364234
0.22708865453811033 0.6910140156154423
0.22881964529898968 0.9146636871683855
0.4571795415403179 0.3719249548044794
0.31785988433539525 0.1671899430511341
0.9354401528484573 0.9173589778534454
0.8572062526809627 0.8716725402937249
0.6268055194797162 0.2710140056321957
0.845366544624145 0.2940695756815572
0.3736181103862728 0.2656307803068523
0.06118065555302943 0.7164714663128156
0.8389964641441143 0.6294226985568208
0.7437470951047105 0.4150132908851023
0.9002802507908712 0.8266997135747529
0.3201356831833071 0.386566690136144
0.8468614225148405 0.8065055122603386
0.05041826596349952 0.6930347063208102
0.09713903062418905 0.5120521240813332
0.30385112462072317 0.9708550594997158
0.9508323623938619 0.7274463108595404
0.9622710080155839 0.5366831083713182
0.734531235705586 0.20031989220087887
0.47878268101948973 0.10880252048801142
0.6212942923192737 0.6055279803631826
0.8333085009238672 0.6150950862202091
0.15595519705310634 0.43739477278517214
0.511962550963796 0.32197538036035356
0.8800310777371674 0.09758827946356119
0.9114255419820052 0.8718561582395472
0.15288875608483 0.37930443353532395
0.11434081272998586 0.6623116829422095
0.9069882539097318 0.42742168027714444
0.5768909616511528 0.5004212551992187
0.5946991610045238 0.8531114922958221
0.7094908975501484 0.7177358246887402
0.9658704305794477 0.17270029778540064
0.5759111002868205 0.3584268995134947
0.9793901390350763 0.7639443085155255
0.20011605511738173 0.03110333626923567
0.1377693943755478 0.7345532888197661
0.37615756019319635 0.6754235398276149
0.7465563929019665 0.8215656680937249
0.19019738683504706 0.2626439254819717
0.4868764855440195 0.7240647943656437
0.05531454802011093 0.07792216266438379
0.487120909919704 0.41156344197563666
0.7687871290838768 0.2796242225040073
0.5979549765849257 0.29765127033328675
0.028894574867856182 0.5435290251771538
0.6289815035328044 0.99952050107741
0.17890048400855507 0.549775823928508
0.2242842456928169 0.24968542757787882
0.05787639482484841 0.6740405290635303
0.8003866223106029 0.6026648324058885
0.06488046687675464 0.5323288152904033
0.3790272136717625 0.6002905299213566
0.7720623418768602 0.6090583495468869
0.9790971992746482 0.1928046841354336
0.4864584372594438 0.2980088492478683
0.09635709757928601 0.7682276494132263
0.4560975519584911 0.11070876270022523
0.6337582322120761 0.1270327112648879
0.772035399849776 0.10262220655490428
0.22076401363746445 0.20715464045664067
0.7820452754845442 0.2487571468801424
0.627822941319649 0.9205508115238499
0.5938043394817571 0.46689939718797047
0.7629654289210865 0.7902327811989085
0.4959084702195924 0.5200091970927054
0.5665601471693209 0.35806147085914874
0.09002398257604227 0.6057492603944881
0.5408187297366767 0.262752316585142
0.7707569314283729 0.11715939329566183
0.21158342906387384 0.7687592126728937
0.949595230145537 0.516521353410152
0.3942483670468171 0.6583656806349623
0.5129513585046874 0.8210509358685258
0.12974606349554407 0.533113658995054
0.31003404699374504 0.058330990286270534
0.2585517294835029 0.548012506393478
0.15193844650239408 0.2694701411745397
0.5895772645088637 0.619906804601015
0.20540493295930862 0.49769482293320166
0.765354081864229 0.3898411266643529
0.46819739960891793 0.7822317247850819
0.26351538869870095 0.4781114837975975
0.47271940100431764 0.45885143687444496
0.33432452863817197 0.17809400640571704
0.14420891530138746 0.7581825684969374
0.15961849131283734 0.7482414801749553
0.903089541159116 0.9081024278405316
0.3310996623623026 0.10781397364099976
0.0018756546971920862 0.4706486130502161
0.16124166139778717 0.3461385362678866
0.28860462646572116 0.8188414042833365
0.60202020026274 0.1372166740531109
0.2971289009800999 0.036810235562054316
0.3010646534284982 0.2838084625332049
0.4336641447737837 0.911674216167605
0.7888555632761687 0.12136279337267508
0.37410507952931304 0.189743885502885
0.3719283373291886 0.2897939093829429
0.16745423488418276 0.17915034320053702
0.9866014795304188 0.7611494886020438
0.4580382294930261 0.768396428752899
0.6569968033132274 0.6838703448325494
0.7562376626793763 0.7942135442733342
0.10688447356121422 0.8020222907401726
0.4861844719763748 0.8080124179886965
0.8923535702655647 0.5496771213720282
0.6042782840354437 0.9546549525560717
0.273300420948015 0.5368789622224033
0.667460519825275 0.8323132058558176
0.6936994980381677 0.7259648834067964
0.5256106566245149 0.5143946459483115
0.4232900749025723 0.8258603935376061
0.8563411109644181 0.22544122231620256
0.09633701753065815 0.5315855641887215
0.5930030028680984 0.007136895629072049
0.9495953130061376 0.06987140377964707
0.2572789757092744 0.011366168120649167
0.42828893747613916 0.2176883940633949
0.1499720452105009 0.9627065213516479
0.7011414603414443 0.3924563797425167
0.7732401437888876 0.6296602891251972
0.6316608418778908 0.04229146939358985
0.7328335363565119 0.26052307066292846
0.49592269083057317 0.9366429425690783
0.7796472499137548 0.7770357658086537
0.45875151964600414 0.8942471764355042
0.006096265489098585 0.15752308156624562
0.9949745420245744 0.08121260709108924
0.3237349040310129 0.7615743796255114
0.09459757740643271 0.28083181451453987
0.33685840315865256 0.07037513340509394
0.6133905797210308 0.07712394918573495
0.3217942810754566 0.5507395180611607
0.03035370720718311 0.33725682854378825
0.5550998500559932 0.3743268007765179
0.3301970316288356 0.20864124187560984
0.11312849024443139 0.2829062121605308
0.6515380607104444 0.08149456950595568
0.6168228950127417 0.9708431329709675
0.485407558627339 0.2780053590066509
0.01132742933919162 0.7262989448834716
0.14526922873635928 0.5494212665079681
0.7322208941966208 0.10295386359577852
0.36822355468982537 0.12971642399304195
0.928391980752654 0.027046422064830322
0.02124590849581054 0.5975120431433354
0.49045025363529327 0.2163104797992461
0.08914275620307266 0.04711823362643908
0.25819832435059675 0.5037146611122256
0.4188747672354731 0.637262758179256
0.16697678553024686 0.9152698476004695
0.5632746786321732 0.26834453570878747
0.7011907473126593 0.8886694848897734
0.09730727959133922 0.5501515535174499
0.11878526529944189 0.43703276346056374
0.34376578866139096 0.5216972526374657
0.042108309405015865 0.49494849215740255
0.6539761690216586 0.771517986458687
0.9325249929220372 0.5876737033612105
0.751729827775657 0.17614477072058699
0.33090262645252455 0.36876258221654057
0.72358664998602 0.4833486316544737
0.6469974540664778 0.9802090432232524
0.5455885129307307 0.7554757106074677
0.8098121643862646 0.8962805881177305
0.15458183943008685 0.10266966342802197
0.8371227539554096 0.9237060562805335
0.8344086024704953 0.48455190472852827
0.042881140943640705 0.9862003475039807
0.13677560811241163 0.6242088414812046
0.48138388794596687 0.6773414931135437
0.6753773177427858 0.8458461327908076
0.5100820311957108 0.09930104163106424
0.06188697219708028 0.38010948927128707
0.42555760549130595 0.47619928767239617
0.89966464650521 0.9128463435666163
0.7359850432126227 0.689660080450869
0.3631374758953212 0.7524711819996401
0.6832707590876261 0.35579973397688325
0.23602572092274765 0.9751761303444715
0.22207581773670193 0.6956098478768493
0.5740532750072127 0.17421678036956023
0.6033484494870447 0.5950146331949075
0.30749741669937314 0.16825081764101357
0.08701588089628398 0.7568788533133082
0.2139668223760509 0.3113558575804305
0.5046991340400495 0.1319512783870962
0.7676104134523096 0.48369396843449586
0.9628987538653282 0.19093946496832337
0.42376918074038605 0.8759566401502776
0.9011567155104308 0.7197266490158121
0.7220055402835441 0.599092431623963
0.5608361748828787 0.12528454194993577
0.7243436882711998 0.5804897729895289
0.06641771358330417 0.7226713462043579
0.10377455491272092 0.2871263161019857
0.15465516735994966 0.7648652245966456
0.5774160063994163 0.9426925073893271
0.40091108414980314 0.24446333779718232
0.2028955766850722 0.5301463507804562
0.6741302197384891 0.22008933464610014
0.005364710266005046 0.018355597251686007
0.021540792803288022 0.8265946648038771
0.6948262433286363 0.9802854949610253
0.88888259896829 0.7314274893865766
0.0007525118675115738 0.5064422006825786
0.31478663749274105 0.5706065779730749
0.7403157705272605 0.3778770134277276
0.9693464476515616 0.6991178161872933
0.9194772315991273 0.36406126550330287
0.7492908916997465 0.9665483752392963
0.6365711417408255 0.9600656838127191
0.03690570734464993 0.8060076475911704
0.5597863166407699 0.5308074995548981
0.5054150284701338 0.28515461321225755
0.44953652883456474 0.7593792993785007
0.8234007872944229 0.07727509715074454
0.4060183351153748 0.050489988538327424
0.5852862109690982 0.4991914056780298
0.2310484214783073 0.2782342383048868
0.5732489175412305 0.9636624872203641
0.9181848713831235 0.3385684132455056
0.08165680909382278 0.1410496242978867
0.9754585477009854 0.6046836105121542
0.5512711445070966 0.5090320868243796
0.8106262427170328 0.737020800393603
0.1777635240701485 0.21900858325093497
0.31755523928907614 0.9294936948872425
0.4586008363284615 0.15359186066807484
0.010212946979008208 0.6083439330680922
0.41615569879217884 0.18260439027649356
0.8498314732022905 0.5316155583220319
0.9983017302861266 0.07532724960088011
0.48029198087907 0.6963364144677169
0.7920479522385222 0.2830675503916098
0.6819612971629201 0.6223475878809823
0.7753375132928728 0.04527301367723169
0.2031767038622021 0.4701183702055516
0.5813491101853869 0.20317181883902524
0.3359207661623662 0.38227552445689006
0.900111119553392 0.15217359401353803
0.22791819662174895 0.21112306142555526
0.62291822396019 0.6862973650487831
0.6650459980330128 0.9448165305180469
0.4151154505317598 0.7638941589234121
0.008107051112174135 0.1322161997725919
0.07171298114945701 0.7337763951668443
0.6293811034570576 0.8259472827055312
0.9386922398769064 0.505252464291015
0.8372293602507905 0.08066420010286035
0.33379437282376334 0.2870613421177117
0.8892718209620045 0.3060359651908182
0.18599767345361906 0.9516216394971022
0.6930164600890467 0.5109961747666751
0.39706759903611233 0.9857385485795425
0.33359974029013095 0.935635635941467
0.6647102793868287 0.8465049218400522
0.024807758253228007 0.09648306323248179
0.28281877970154246 0.7255321443859486
0.042548522731667315 0.7061955057002964
0.128719093145105 0.5101101994308619
0.663036866013496 0.8548135214397292
0.3302390161473914 0.7558171829019045
0.9064071375901213 0.35808863135465274
0.21449123206663234 0.7210063422431447
0.6757867890073102 0.10471239241909625
0.6775642081693187 0.8670206447031534
0.1730587249131732 0.6639339444602008
0.1255015598794138 0.6447731734634314
0.5955387530920735 0.4582279571869283
0.32351149333991813 0.9678835052451915
0.38265755165890014 0.45347995423614895
0.6602059596467156 0.5996846437540084
0.42526646047461547 0.15631858860960834
0.4491542574863632 0.6942334265234575
0.3177513804034082 0.9443711703156166
0.043230747222892996 0.7908676506479411
0.9625890479140071 0.7147611158264782
0.15261275643455452 0.9094304844094117
0.8383928170944066 0.13957657107651777
0.4453718169634939 0.8826684596661731
0.5096698411008538 0.9166168395745438
0.8234701050739985 0.6034933420899813
0.37955310837090694 0.952738888935837
0.1574334176144132 0.5731500565345351
0.7941863453741747 0.9978239525793589
0.7057930184710794 0.1940533246248748
0.004014907357322572 0.6862388227982934
0.495777352632397 0.8200526102002672
0.9168948862544828 0.49317440576352944
0.1986783231470064 0.8148466694576277
0.25085844701826865 0.07397978074352696
0.026527634359968966 0.15054248604085263
0.20960030841089505 0.41984699018145144
0.3351002309965918 0.6471576214009351
0.9132775137007454 0.9364244801635129
0.6438013772461353 0.1339930274268173
0.6184273323259528 0.7290865345688142
0.9434633284097107 0.6622069674741982
0.49222156771229253 0.7398598770167633
0.9277048817545372 0.909299756739163
0.525748177045974 0.2577374276429447
0.7940449135390337 0.14052560613162934
0.7811222332805949 0.37811824960325513
0.7959052135718878 0.9587297528457455
0.4531977637123237 0.753364250559083
0.7172214883811521 0.9022699577831803
0.021753404731534864 0.11940788185047158
0.8042107015249509 0.8599396785956614
0.7707303774492433 0.5235979923850125
0.3690553512482193 0.17558005285503375
0.6492052779555435 0.03810581729012252
0.06586890426492653 0.3729666018352531
0.2899310585962227 0.030435946260340074
0.5577758193841056 0.4878591595438133
0.6021560876862215 0.8227977528628361
0.2158386151099767 0.33931689617051397
0.6858108891382255 0.09463347756679319
0.09689753711000937 0.19367767862615737
0.7414175804649978 0.27421764397107085
0.5347210443282182 0.36099768494452844
0.022603763330702797 0.5182668021799155
0.7327008022097539 0.30472611862376486
0.15280802601215315 0.21862798507430803
0.2517255873069375 0.9955800019799055
0.9660484034248134 0.921351145220862
0.6342166683521921 0.1296410987681682
0.45558874813453243 0.1282926998363425
0.5211569974570398 0.17400897766806156
0.49871985544072617 0.5886407906506079
0.15194256214383506 0.8284660347964368
0.4809772863261037 0.37834569143821906
0.558875825685285 0.48133360394327074
0.4823638071890999 0.15730809537889856
0.6494209475450878 0.5796524912103345
0.48823883619050323 0.33093645193287236
0.10985245882584449 0.8397264534102284
0.47474921532369807 0.2585519385551438
0.994559424700332 0.15531661647690553
0.6681853285883859 0.024057834789509736
0.3841611274769028 0.35398365510111396
0.880766972400171 0.6392378391812668
0.031269857212482766 0.7123781534140547
0.5181264784970891 0.5634931738909674
0.10869478310417735 0.3502595122700667
0.0033363416286111836 0.7134967590539227
0.6291379175688174 0.22321247451023574
0.6793384404376592 0.6051204978524523
0.7633041854159373 0.017747484601033037
0.43580287966093856 0.11390777289886778
0.857213285949264 0.2501489302411235
0.32676046118814006 0.5465579606017756
0.789874558657264 0.8200651443764055
0.0553519332012653 0.43067096832952156
0.7476139576088792 0.4144373872726783
0.6053988730915612 0.49902547021752897
0.042681295729632085 0.8803489735868733
0.989675599816294 0.9865202540550777
0.35875491192711917 0.4821279787875463
0.576513862459604 0.9189482743390418
0.9330322175043961 0.656754130399412
0.8479914321976361 0.31292657204282626
0.23307273860580113 0.4474942890109679
0.6401245066306203 0.16365105903052668
0.32631042216896256 0.5907240394916626
0.5641550962979704 0.6835817599046119
0.682234283583737 0.22084001376696638
0.9716795444801178 0.6570651046527924
0.5877564594822182 0.3465781158867327
0.7553418764425925 0.9287913177071307
0.609864146988438 0.8795824932678113
0.24636900888304236 0.9220931693426526
0.6372499084817926 0.22327380580244438
0.05996685078163644 0.1548760962135438
0.15623688578095285 0.2077018300607616
0.030868491891867578 0.013281279957999326
0.97318534128082 0.7466487467997454
0.5229603788361201 0.17950744340867764
0.20105556539377112 0.806734595855864
0.38440097390482375 0.5312002789222585
0.5544437517858838 0.6630966419987769
0.8769163178952442 0.5554645329481909
0.9818489174879828 0.08570744588923951
0.22978083533794047 0.3537899088764993
0.9467611121412158 0.696145381116555
0.0011342879262159489 0.3474123843250547
0.3471365052538713 0.997814235839011
0.6246400624788908 0.7859882924821826
0.24889877045249875 0.2678333702381068
0.35205877928155704 0.05478443094329233
0.14816250604433878 0.9834507328670252
0.6134789747774991 0.9743570244782938
0.8337325733980105 0.9174423570417771
0.2623229829815015 0.8234141391699192
0.3090838678915073 0.88171789628844
0.8099298428137389 0.014971662686125597
0.8749507474648013 0.07133690200253295
0.8366727968774603 0.7994613214745858
0.8864905422156213 0.08150171389555672
0.39811084939617203 0.8611135095045714
0.8732014265988579 0.14508805832363403
0.45749929717065174 0.03235568109830256
0.5367918063280779 0.6390971819920597
0.06721135800269651 0.828887521962673
0.6951755691752346 0.7167914711572296
0.5614420216725355 0.6811131542337798
0.3366620512222327 0.34513208712515286
0.44209519558446053 0.9411206618163599
0.9050507830901331 0.30951041674675084
0.04576964018732976 0.7221785252759982
0.517044193812126 0.21673806703827614
0.7717464158722915 0.8782928651460287
0.3635899757406067 0.2140557351339556
0.9369513287615556 0.2515922404169524
