10 5 100 4
1104 1200 1098 1436 1747 808 1061 734 892 1287
1211 1637 1288 1408 1277 1772 555 756 1107 1189
1309 1699 1210 1527 1482 1489 1053 776 845 592
1005 1437 1460 1134 1505 1734 691 1236 654 613
1200 933 1692 1138 1521 1179 786 1244 871 923
922 1051 900 1429 1051 955 673 518 566 696
940 514 523 606 654 516 1194 818 929 763
828 1201 510 504 653 808 552 579 719 636
683 496 898 1211 739 730 1304 1024 1271 627
938 622 1037 1207 1174 634 1231 832 496 1133
5 6
2 4
8 5
9 5
5 7
0.4231107941387179 0.7813896129779612 0.9991386501805235 0.3627735932039166 0.23519630648620132
0.9505849012127598 0.5488656345731311 0.6406502595891838 0.5256572073582046 0.111483018656637
0.7474765971191031 0.9625531248463264 0.311954132378985 0.8629298526722353 0.3258000495342027
0.8718779618863293 0.8972524118688743 0.602556257821451 0.3634265672353222 0.222284998847352
0.4961497218251114 0.8897887241773745
0.6570465157240271 0.8889945586881987
0.5329507448557971 0.36494056395541685
0.3745165260386989 0.7271327076371237
0.40560924502082485 0.6215959907930906
0.8281737984212736 0.4130738675743424
0.554436581461146 0.6033333620445447
0.2107302514679099 0.1688559345559426
0.4729853996373985 0.49734142893179434
0.3043049245366434 0.9350714390068082
0.6540404406325775 0.5170213174915201
0.3609790532405208 0.5203844063255829
0.6520395327277289 0.4168382098860701
0.30677970813847266 0.04017587575535253
0.9995008607405373 0.47626812814977804
0.7525857788095127 0.6913685744344944
0.21895001766910793 0.4627385112266025
0.6097190956963157 0.3273308127490482
0.7441071347080761 0.6824962369668284
0.8897649388248285 0.8917495745735835
0.2743831000780368 0.14528818305215463
0.1760547864337012 0.3228234449955272
0.07510743247609253 0.8471845994942904
0.7888842421642586 0.8781300860463208
0.7831032736264152 0.28199910877790213
0.7050016488686193 0.6433336669091338
0.401347210575858 0.5577347261644636
0.03342794565600027 0.509947708257297
0.5914181312850624 0.9308453208187957
0.42894598268617146 0.585976751443483
0.13394076026131052 0.39774397847674625
0.19487001637444368 0.4375952926648319
0.45736643119247566 0.4661240686146486
0.8896274072353088 0.43227026294257676
0.07486700772318766 0.04597247629027934
0.9345356882418108 0.6891207889800686
0.05485932329694876 0.02268546214165501
0.004820504979140994 0.49688345978096127
0.6224713271634945 0.05375975000455835
0.40175082022276576 0.08330625367235811
0.8341401144306164 0.04909031705332856
0.990490949102163 0.08270113209709917
0.9943665147251501 0.46321771832676006
0.43395414673724453 0.3916331576299863
0.24193631527259285 0.7766760581948489
0.7104805151323312 0.35588660156360463
0.6035055365211588 0.9218123805808196
0.02299042747130131 0.9116738653003562
0.08457150434871497 0.6853547020804793
0.2553196447746211 0.8025846121036757
0.04272858104201793 0.6222669453960197
0.1839255277733982 0.8031476396724269
0.2992639158158221 0.10657589447744598
0.16235913439284233 0.6691693463175792
0.43307714313569545 0.5188059928158619
0.24488707256853348 0.8645887609819727
0.4098815194004659 0.6946157409583187
0.5243467196350409 0.2757515284090135
0.5052850059680791 0.5097429396058908
0.31765672218135355 0.2594315452523239
0.11553777108874419 0.2176412403916339
0.19790946864861292 0.543569812525647
0.029220559587587625 0.18502098017041302
0.9774566456263707 0.5540957045707959
0.09350162129502082 0.7775063058098777
0.30834425163155466 0.4221626067202364
0.5740898034993538 0.5370430367112475
0.7479495680352914 0.7384876973261105
0.22696639365205118 0.7851532942696733
0.5513153512973414 0.19388738458588128
0.02667557150859401 0.6525091759277069
0.26562132365711455 0.20747410396244637
0.3735632999676979 0.6784208174085071
0.5503104805735186 0.16224324270039636
0.1583075295086418 0.643291266033295
0.016821431349320903 0.5451930415752091
0.029471054451412515 0.6319594965202757
0.9342700667025532 0.8804611357013306
0.6206763038424237 0.8999987657556139
0.045357597636993985 0.30710429599638545
0.5190890946842663 0.3089120584964178
0.6753444164156082 0.604712571968335
0.5784260705234754 0.6751868756985033
0.3178759829552784 0.21162624612548386
0.18685502450926483 0.7252742762974398
0.4411074292363386 0.6220225510464759
0.13183380349637752 0.3232683081340413
0.4756986062345603 0.07786475388339342
0.4030826248723802 0.9590931400951226
0.7359267464605312 0.5725925531196194
0.14812578256344633 0.7024828550269251
0.24333894529469546 0.7505663263526035
0.02111380493202697 0.4599162167831372
0.713944456289128 0.4238155971601638
0.5930866896257998 0.7979742921115034
0.31741247765450953 0.988280099733138
0.4524735457310707 0.0367103608296635
0.03505149847958933 0.2709096165005873
0.07969485202734394 0.9126362438525555
0.6945260613912252 0.8820394381991523
0.4178141588398616 0.3220423000911201
0.8923443446535155 0.27578000581141504
0.7885833087668395 0.153228986764818
0.34805656293252984 0.2727503279599801
0.8639960672422673 0.18966940911171437
0.9486225927697383 0.4194502075796438
0.8366800807935155 0.5061396581103126
0.11198829843359137 0.5797623567502308
0.6543573182077751 0.9318558186557682
0.6195062283506545 0.8403988536395655
0.22610943696393893 0.1889853173585172
0.03079297213582266 0.23519101464957592
0.30107074736032535 0.6291050442146229
0.4106578790202704 0.5444965926893546
0.43747427318083787 0.8950492117546103
0.6000123703981801 0.9410256001200477
0.32009661108194587 0.681970556863422
0.3349775750396824 0.5036100606121601
0.336831686744689 0.6179925297127415
0.8930842390470797 0.42124052584601035
0.14257952211013558 0.897429536102033
0.26661707749020147 0.3677095732962026
0.6726505209718108 0.6111360536617956
0.35158744955243293 0.5040766985244425
0.44681614498985267 0.6336982416760488
0.9850032929029773 0.683809412774931
0.1945694151013635 0.012594350976163682
0.6223466545305281 0.03266849922313275
0.23689316000248062 0.9532322743395605
0.7832724449225448 0.9489216285368653
0.8520310219856913 0.4952761397958352
0.8362170229616404 0.22947819184341656
0.5090445729289259 0.14409330799240028
0.7181087248231013 0.7663131969904025
0.5208774299079999 0.5019971954646323
0.7211801831181766 0.14697149119526642
0.16674227464299585 0.29584464765524165
0.32896080426529895 0.22429792280885885
0.6227668902109371 0.6491568553322129
0.4762646554444583 0.9782819670961005
0.3634330578507008 0.8852589516300877
0.4524884343957949 0.16455330660480105
0.28751244122461683 0.555973530995352
0.7856476937180472 0.17824938458027062
0.694205075581676 0.1320826573514604
0.7809104316222941 0.8687085375100951
0.3436337289966267 0.15417839816617662
0.8941869230695536 0.4494334663858759
0.42556775899863086 0.02699145296277372
0.7533535060010856 0.262092314575207
0.04637361844166299 0.8161974355499113
0.9261664723553253 0.945103065668756
0.2591160195680102 0.9457800700919612
0.3999211068655626 0.6364870972195107
0.7698734094027184 0.6472632716933089
0.2732310579489594 0.5107280533261829
0.7661039113498407 0.7864362624118617
0.7377857401710659 0.49193561537927666
0.002895619967441476 0.3304726074285955
0.6728361956459403 0.17974346049361456
0.6141754098859746 0.4815569062589158
0.4551966106553518 0.8424567325755268
0.19215745153503705 0.45035700683140245
0.23950497337290866 0.6246621199795763
0.09344055702967613 0.5625991319591703
0.6375213270776221 0.004048457573262665
0.4841487651657186 0.6978246915239479
0.1358732371546092 0.44089800165027015
0.24506730900485474 0.023497515233086963
0.3380211196247016 0.39689683132957243
0.7365699941628647 0.7223897532840968
0.6607936637439733 0.23827755381880378
0.6753776873544004 0.13385004965171543
0.5746623331180192 0.1554093651008266
0.1441852819795415 0.678421608153414
0.03753286566335201 0.8146754613117271
0.835619659648688 0.41817611316020176
0.9111701177688778 0.8010628946442977
0.7683576375901551 0.2113385038998914
0.10021234241344845 0.7600628101975053
0.4034555181755617 0.7789947073150576
0.8823142099268597 0.47034069941372825
0.6395217146738676 0.7374532385055557
0.631487574343081 0.4355484578468156
0.7081328853327269 0.7198903258040579
0.19604210719305515 0.128768319778217
0.31662636127033195 0.5442351821121836
0.5633376419062772 0.9577245223454485
0.3889814078805014 0.8068984248971924
0.981238971303269 0.1973647004659409
0.039406239799796294 0.6967837895768496
0.9575373091234249 0.8480401886809721
0.4454959475440665 0.5792502663986874
0.37994292990838474 0.8914968602419071
0.19668628563572654 0.23762664930460287
0.7652864794703589 0.6683678095397096
0.5422846387682134 0.4675306369456562
0.3988248531899785 0.7576481269975266
0.5835286648901126 0.7826085774457803
0.8722733357985311 0.9327142965572901
0.9638149008150612 0.7258676120928997
0.0580179774593772 0.07199943993575597
0.05874492190363023 0.3124227556010015
0.646454033072855 0.8708189496910861
0.46557404499220434 0.42693565201119843
0.06592479300150522 0.6889555189776195
0.7338271435539712 0.9706353051818217
0.04090895123820859 0.8114703972735713
0.8703014614791931 0.9602812923845572
0.527721728210329 0.7891937306045433
0.49015414612492614 0.511124272578843
0.4970172986741046 0.5873371707977104
0.572438432274446 0.46867725443987407
0.4961000165010203 0.11426109777395865
0.04887095673682906 0.6840953002219723
0.44503631498241436 0.1883697377689031
0.3840330644937051 0.12098262918459368
0.036826209396773724 0.30059708037114685
0.6304862280486101 0.7679248758087789
0.6124831345481532 0.17696921554113354
0.4196290442338828 0.334215775245688
0.7840153508145071 0.3361026984000963
0.10078001991588126 0.395783429841539
0.5627455648555646 0.11111916151236256
0.9770234012078713 0.7463032553972344
0.986670967997963 0.20571882912139183
0.742754715880267 0.7513857124600174
0.7607097556975115 0.7365047955465134
0.7433615061970267 0.4886238386093358
0.260719829711237 0.5441869115961686
0.09925008330714058 0.8271985312247943
0.40750734036101965 0.44995671841530926
0.15572362141027085 0.44988033775940295
0.358175774414184 0.8643463917215091
0.2586691152809397 0.2834096649985367
0.7818790423001214 0.0932579927395143
0.3410886040520662 0.9549114220026091
0.5599505318697817 0.5496325270698794
0.5597108458004827 0.4275060624290812
0.9603601488063254 0.08977108941988088
0.7604372807221187 0.00256541684462519
0.66623799208514 0.7028120454384952
0.970481928429856 0.17888350075384318
0.21222833373753236 0.47071952377556103
0.7988242776008259 0.05530953300427388
0.7834354215607346 0.6506040015899728
0.21992090346937965 0.23416114797180043
0.7048143205895048 0.08666666465805406
0.7518748233013439 0.20980388618951418
0.28295459294241 0.5052216548674964
0.18763741759295205 0.8299344391974202
0.16237462492305532 0.882091696074494
0.5289794065255369 0.3460089128552526
0.7991826841354861 0.9407251612570597
0.634656185824412 0.01946695442889257
0.31870004493200277 0.3404416181960572
0.16009120603116345 0.1479906028089255
0.7821648040110949 0.673428522994258
0.32175256522346274 0.7420829452981632
0.7977522717893917 0.7409240897112435
0.9999761997797214 0.6285999331837842
0.8382463447589545 0.5416754026178627
0.34469839769044763 0.15861935352933854
0.9517940593859922 0.8326024767863249
0.13926933096684202 0.44448521847407285
0.8345533760371142 0.6747229622270043
0.6152866824469334 0.9439430139667657
0.36023551667147835 0.09353633078413082
0.17741694011628395 0.8226803196400296
0.6676424888220203 0.34430789159284814
0.5541795554545772 0.6655271961013842
0.2913365667718557 0.29743227212237033
0.8319455756762266 0.161048436477214
0.11138676388195412 0.6190839410772402
0.16947864615477837 0.3336643454309469
0.3490395304471001 0.1463589343263516
0.8818620777864716 0.6920621992579621
0.4546457134675639 0.2653006150073449
0.46281974822002137 0.557769097475534
0.5786259224788461 0.5653700232992589
0.09592268919868308 0.8850490694644348
0.9152785097596807 0.7448891278113237
0.875582394967926 0.3669278917276608
0.17278051108910208 0.8583796436193685
0.1338346474401051 0.5860129569795776
0.06797637051941519 0.9352489103295549
0.21250411125844804 0.051411228734037806
0.9170594059393069 0.8535419237448727
0.714275616917494 0.9991679997232021
0.6537265938777372 0.8923359365076795
0.3445266713438553 0.21009752866391773
0.5567007837232136 0.29871949253245966
0.5927762307690168 0.7840824181075483
0.2110650854193079 0.14179332641778353
0.7611020701551061 0.4200908128788232
0.11674559435644483 0.8774364431336101
0.4721796175362576 0.9663906958842257
0.4905082544027275 0.17293620768004425
0.29674752732211607 0.18244125070294293
0.39441619470486833 0.337236788922461
0.292598189384788 0.28530455936662946
0.5300116074620911 0.5700478118914596
0.7217504908816674 0.12518219040525969
0.7912084604397143 0.6420271631172301
0.8590283516926984 0.7439487966004765
0.44643925312804655 0.06119303418791122
0.08881849606650771 0.35704339744021096
0.6701599840979198 0.8442432576657894
0.3779610919514562 0.06344921854236585
0.20206858908132008 0.9837371622424911
0.8460274311056233 0.15994081639049496
0.33623268767267733 0.11943595967431575
0.12022234278218757 0.44904120831523286
0.5369093725879197 0.8079210130095331
0.3083928372204492 0.8735700983449866
0.45930676442701523 0.9633503431387149
0.9607071205525792 0.00544336940167911
0.3801545432523392 0.5091799687977177
0.6969851932040103 0.7438904790419671
0.28604874869121333 0.4902336941494112
0.8652707246675881 0.9426573072795192
0.3453115890586298 0.898301438882279
0.887621628058509 0.6370754044053695
0.8642636654348121 0.46393050697542715
0.825605690028917 0.4887991446274176
0.9088393504432766 0.9939383408554299
0.3589368190014983 0.5790262467031415
0.04994704239901804 0.17132725370984514
0.4537300163286577 0.622998570581943
0.53763101052546 0.1355447953520963
0.4654266284708979 0.6142735940360144
0.3130194245885338 0.7568195597651943
0.7155304326814431 0.31267200150775176
0.050098426914772176 0.5945702133275217
0.8514537786367857 0.30168735108156963
0.3798778330535222 0.5411006763979829
0.08596431066773191 0.19744677710997127
0.9322286214486313 0.525508690409094
0.003849214982402316 0.36458071969431893
0.15429505474987004 0.6775712920776207
0.19425706888562155 0.4582070653492212
0.07212691085490586 0.2971853808656528
0.21397740148538835 0.9797397563575267
0.8121571066485738 0.708950761839453
0.5874595980260602 0.6243280789586578
0.985413023143497 0.06111299066328768
0.7274030389657731 0.163615028930592
0.6897923621844029 0.6197884175648287
0.19655772494298795 0.3415038497799576
0.31263188107041207 0.9151991790559726
0.9750671033872551 0.30172750718071906
0.3021674235132019 0.9892356307737662
0.35985682228679927 0.7887702906486889
0.5244045984256378 0.5550317465142636
0.999377879990178 0.719209531168751
0.877602227149852 0.7411383801285361
0.8448784552860855 0.8778971067803347
0.33237589464056194 0.768351998367828
0.06010144855062527 0.19251717264208068
0.6802418079093193 0.8462222505427981
0.782806158842414 0.3953085614692453
0.3691651787608341 0.06862041739199998
0.007405355471621133 0.8473107094128467
0.9689122853373462 0.7582213883956994
0.6163369838977408 0.07500778128520746
0.5607886293872995 0.43170809929520826
0.5186246663718816 0.10103076418823598
0.8869453396206395 0.7724763225812386
0.7509858878848823 0.9865252310271304
0.5984265287008248 0.6675035731898438
0.2296776368921567 0.4686344234516917
0.6507391958689908 0.5632229427399955
0.6172652645004757 0.4935865982872465
0.4609177651579244 0.07003876472790682
0.746227107627442 0.5501109300507758
0.9298790134841664 0.02673204757095271
0.7642203175581426 0.09702177217017138
0.8076899758752356 0.34533771003901115
0.770054268939101 0.822243904617862
0.4233040264536059 0.5455153145678036
0.45287292465517415 0.07286682523339327
0.0826486444152692 0.05348745511256969
0.9646964407991869 0.7860858210428903
0.487948120171944 0.33240381419467524
0.2647113209003198 0.48970154277546873
0.5544886375369342 0.6206553232166343
0.4450382588974353 0.6917785008257367
0.7523220225816365 0.9400998039543784
0.07892503195021261 0.06253911334853934
0.1443791610301277 0.07562048956268086
0.5308260838940153 0.7872560912837503
0.28607497481135 0.3603113450339397
0.9670325379990774 0.39747363053191087
0.500295314403552 0.07629001041034145
0.751372163355718 0.504905241014572
0.6283205270398413 0.4408565188989797
0.789634828352241 0.89274940904515
0.521838595829033 0.3390316141353229
0.0005432745930353811 0.3926375352796059
0.08780340251301166 0.7752134377701669
