10 8 100 2
1004 1035 764 1155 1165 892 1119 840 850 1122
1146 1142 918 1049 1057 1000 1089 1041 1137 1160
955 1124 1128 1073 1146 955 775 1178 895 1011
807 1187 972 1012 986 1156 1041 890 940 966
839 761 943 834 1117 981 1136 801 770 1163
1077 796 996 1106 874 1096 784 923 985 1040
1008 1086 950 1164 1175 953 1081 1137 843 859
784 1163 1131 998 953 1069 793 836 754 1140
1092 1180 1071 960 1060 900 839 980 965 1016
811 943 1053 1029 1168 1170 891 1046 1151 894
8 0
3 0
5 3
7 2
4 4
8 7
9 2
9 6
0.6443484564045046 0.8914876193172865 0.46523134108203085 0.31465539359694183 0.34054774898104984
0.5797785601739625 0.5521878488105235 0.3312007650987452 0.4220728591764437 0.46716313011266275
0.8145323467751819 0.5460108876273753 0.3614925180209129 0.792029686496409 0.33575403909870866
0.7848870759589608 0.8178856355145845 0.8212246090004243 0.43106375471749103 0.16926214082737118
0.9262460421136003 0.6867086979594519 0.8752841359370753 0.7394629845983106 0.24131992337456964
0.9167792503506556 0.9389682947852438 0.763828291981536 0.995791038441175 0.49846989542640185
0.7562117288608524 0.5299760457434471 0.34918262064087274 0.9197557249149193 0.348716542413642
0.05090003163084078 0.19447794802289065
0.7905282487328591 0.37142378909869467
0.5146029445416422 0.37009365664364635
0.9875747994145767 0.5872062124671391
0.9166699481693008 0.6980605646002171
0.14761847442292142 0.8013084946375955
0.5335421335057808 0.47438434560939835
0.757821128401369 0.4138200294938199
0.11054531925673827 0.9432040573249039
0.056966296623457646 0.5220099387340515
0.9254979952318088 0.7267728611648028
0.8000250664911825 0.0431694624994976
0.11928815244340618 0.8160713890793161
0.8453909839720719 0.18492321261168176
0.5767522128434788 0.3990599665461425
0.2730645635845892 0.027107154282660417
0.950717458938356 0.5064721361744313
0.8974195243805205 0.46011504431824
0.6388791693717752 0.32291460263969496
0.9336170211321799 0.7564847735658833
0.4194810653172525 0.09867048399140166
0.7618892345824015 0.6222116961813349
0.683857664669546 0.05826279823032343
0.9439401761830848 0.41650071380170783
0.7664390898749991 0.5098066407649995
0.5530553684293624 0.9288935195287891
0.1630459147193679 0.40564913539698444
0.5064394325756025 0.2059170965249033
0.048542872079573085 0.8369850899470224
0.478307549579184 0.9736427916485262
0.8726861087409565 0.5800628683282771
0.6645825453280916 0.29068874963813407
0.1052663850424469 0.2406238326975878
0.1285015862759189 0.5311765641850903
0.8207301412813548 0.7845151990040569
0.9351368154934376 0.6967898665634857
0.8286341733002478 0.4607418026553942
0.9644450574378789 0.5884929921279942
0.062440481680964055 0.18507781857371475
0.6244319147077937 0.4835619668205444
0.5612854428982166 0.682554811958018
0.4796975416953726 0.7127289100423353
0.10906932390021096 0.9626033126361058
0.4742593682677996 0.6384333805000877
0.9102423213437985 0.5796197688348614
0.5304756658373482 0.8051172592495808
0.8901410951515958 0.9893197925820998
0.45499577082338405 0.6721879555148951
0.4959570142108063 0.19308852608220173
0.3199841548937217 0.16778566859346888
0.23263704097350946 0.4776721871617937
0.13254809317667715 0.0059793527044016415
0.018011841241444504 0.9252131484578818
0.7316345208808706 0.3173694815721664
0.9865967790513277 0.8054572363563997
0.5688990796479303 0.9267590612212666
0.7090381718594938 0.7712668609891311
0.07578409255858842 0.7072624472397147
0.8373489590125704 0.576527805086622
0.12446871887235034 0.8914896735357145
0.9937750453869412 0.9893662031981274
0.9145410801856868 0.8882382063100354
0.039383781835854004 0.8033803729348907
0.8019143803300248 0.6750833994503553
0.40339175036844055 0.4628634036545196
0.14105698676465117 0.49812785325229614
0.8816091772013372 0.36616676593324593
0.5442127080607937 0.10440758293081354
0.6106085929259795 0.3164083360574841
0.8911444790338725 0.9518981908956134
0.5952508015434956 0.9842481646353389
0.3611730382967109 0.4231323667632967
0.7205763768576032 0.88354042495342
0.7463636691600277 0.847519552257094
0.17267325990313176 0.6116060799845322
0.5580561523175647 0.6376136763552498
0.7997631371507017 0.5919892115853043
0.06997243583486923 0.3512278405209497
0.1738250670086472 0.1472951620903049
0.7906539896512053 0.9560675488226373
0.5607604146170617 0.3549384212086917
0.3220760467516923 0.1280546946597947
0.6652348869991587 0.8636287675371832
0.23338043214519977 0.5958129919087003
0.234325045272485 0.5969242850412404
0.5862446014988401 0.6296571126600499
0.3694094028461572 0.35707371739764593
0.37002213393774697 0.2818309107028283
0.024933688444693347 0.6568486038425152
0.005588761806156084 0.19335205704502645
0.4793453670747785 0.585123588309933
0.585051924853855 0.04074917064643069
0.507720824653527 0.12152302722778252
0.537243792536052 0.5251035427571378
0.9928737449165463 0.15181350521319525
0.6600820476717295 0.548757545022023
0.8493869388168169 0.2921144753185456
0.7797947190313619 0.05400642594774885
0.03612442784302328 0.7510782384514343
0.5212751341062654 0.44463836035743376
0.6461068314987384 0.8621904125484225
0.02981112277611664 0.20175247059752
0.3026347027188563 0.8727770153384711
0.4136398347591801 0.632530970944776
0.8292202367266026 0.7098340692467615
0.41498495885636166 0.5245544383596605
0.5195495220783755 0.17673109688449196
0.3519676678247188 0.6896206391347941
0.4427100980280194 0.40005311701520485
0.49730962233190357 0.18036578196372677
0.6717566494371467 0.3315461374887374
0.4202380441028206 0.3424255411443793
0.00510885712619924 0.23071646497419485
0.6186079275412883 0.004938166837410662
0.06690947048667883 0.8010653055113204
0.5252942268912209 0.5131985368201271
0.9244366659090717 0.31644551933473775
0.29195073582015585 0.7826666761963572
0.9282906138868459 0.16907921759405542
0.5617146667933648 0.22534893241933074
0.9710957423650417 0.42034678193076247
0.5710503001114391 0.47606624641840467
0.23640787691038945 0.09150500038524689
0.839162352768601 0.9295476768029178
0.9981305397332856 0.6039193880992206
0.4206486371520797 0.13335184990595916
0.9701842769335518 0.15043339774306164
0.5669400260181408 0.6750165702115016
0.5896163985017038 0.5217079888364375
0.649965891444074 0.48961533513193567
0.14174734234910225 0.23299016399603212
0.5222895755231491 0.18331854397156677
0.31281366632971364 0.7483171122586474
0.5161940866188066 0.09763442086386687
0.46722696365122696 0.648062024170327
0.8566423828764578 0.8279074564819369
0.5242718057973759 0.1196048753044483
0.32909010145637363 0.6897386055874215
0.3741995662180104 0.3581863237879408
0.016646229705191917 0.26156752095775504
0.5347049362205785 0.12151013718362402
0.053423793697621846 0.7349053682308699
0.6986236173147429 0.8984892509700624
0.8096692623710642 0.6524746934036827
0.2701648254922484 0.061887876121693663
0.09653956745623193 0.05997243690916809
0.8669247859496096 0.11931497751020559
0.21564426331403408 0.9173227270797626
0.8638470204170712 0.15408883336474344
0.49131798453889797 0.42710028243803966
0.7629376852420291 0.5701530300135511
0.18858574066625944 0.11153906619832643
0.8805190553301445 0.5941952146075808
0.4083269619625254 0.10897113785848056
0.6895179571359411 0.8406664360071472
0.49158247683413925 0.8314801536535865
0.5689000314043284 0.13059598047734
0.9679519625310689 0.8380678898490213
0.25255145418202396 0.8641435480298114
0.6888090124045028 0.6855000394331996
0.09751018634560471 0.9543763142462802
0.03109265216513868 0.2708661776306167
0.9550398575981038 0.20177783657083825
0.9470180591851725 0.7894400696449646
0.21590184908164023 0.9041725980234987
0.3625366458348831 0.439843595839682
0.7035749606145818 0.5900462642835063
0.8500807000739004 0.06958716559668021
0.5969775674895954 0.093278467391398
0.5043738056326601 0.8773324002091316
0.7130763916831133 0.3857332815207968
0.8160746035515682 0.628301556181551
0.2405796981950752 0.8007239683953136
0.08475121109301886 0.6822957564616434
0.47620990565635224 0.934467960468232
0.3214594531253381 0.1421759773306337
0.0022124249055428535 0.16982887693582027
0.4028611128901103 0.922724953078546
0.4300359296996914 0.5296510239084773
0.19790060066168058 0.11670532765638852
0.2485967013676511 0.6236457235508726
0.009458914422206366 0.6382122519754971
0.3153591203889894 0.5103910449179172
0.8647567463778472 0.536487677889834
0.09647477271326865 0.9448628789896252
0.612983944515352 0.6400378312549717
0.009404366470521675 0.45481242031354707
0.4509173182042734 0.21980132488863258
0.8535345130642462 0.843807412611498
0.7668154331816281 0.6407955783010497
0.9565443838213936 0.5360049553166315
0.44246312178774194 0.9196960289449505
0.30623276301306945 0.8711157743499258
0.01245060740305215 0.10129307402659138
0.5179152872728996 0.1429807227625075
0.8332366707135932 0.6296977750781096
0.41180755604650376 0.6289169037265148
0.6116021596707193 0.6010061726747005
0.48126202860540856 0.3821089258984882
0.9497415171275776 0.1470241929119518
0.6435789386505255 0.2918567434364847
0.866523050101651 0.4086695268713265
0.966477253788506 0.9392350452006377
0.0850710749832837 0.8640789045303892
0.9406782170401862 0.5181060820742298
0.6991592803945286 0.022043221953142567
0.9174622613729124 0.15040658730478196
0.1960513370197252 0.1158833182741239
0.13415295886689282 0.8762818817072331
0.9034022248226579 0.6359201187557992
0.20651128819119258 0.86600228728769
0.9026104326881845 0.7028039142841791
0.9417030662852854 0.4288316347975041
0.154454405315406 0.6000173342937454
0.3760024888986726 0.9837195742377909
0.731620240678365 0.8528621576572344
0.948576264615425 0.7245257417810709
0.46185543049021915 0.29021796184705795
0.806754680876907 0.8188380978567864
0.8253030613647183 0.6836701085843855
0.6791795878626457 0.29511879163760946
0.916525469289343 0.3316184053748674
0.6150496812538635 0.9548922121740682
0.8919463049489931 0.01735016649387333
0.39567703333186555 0.9686643306800571
0.6058801377953775 0.016086376623022813
0.9273802464790171 0.8338939947412238
0.9432149413999529 0.405782143075595
0.4883658340337762 0.7850058127949353
0.20663633896284406 0.6636934231316105
0.3887285452022826 0.16044946072558153
0.29692746953431226 0.6108737928454409
0.6984418622953832 0.6944243109421817
0.8522578504694811 0.5564855212642688
0.9481931045557799 0.9662767660550964
0.03144337801969277 0.865084198532311
0.6113322553672629 0.23274741690056588
0.5002795458276625 0.8809385906451539
0.8265791005713359 0.9972420031887708
0.15773602373184326 0.8338674327274158
0.1260753525567977 0.974769591028753
0.6650699936001789 0.918011945121034
0.2710831496814263 0.6396212246612885
0.42406925192122746 0.29992274613865355
0.6665392513359201 0.24496827724355041
0.688095149676667 0.4407987586199116
0.09139372880512608 0.8799331518025548
0.5455262418124422 0.9670559691519269
0.466874116519167 0.9978944939809096
0.23877295851543767 0.7289418870321449
0.018608949003784847 0.33077836999431476
0.015114132573951666 0.1835846696855825
0.33819028432072207 0.9629217738045965
0.1381578424871337 0.44343486686256406
0.23959342713610576 0.7063068578559775
0.3694108246724359 0.9474159904130373
0.26923147740022113 0.511066571951184
0.5866789533494456 0.7957876542427684
0.6292074016665887 0.5218901698243787
0.7840475767716606 0.7653907817678249
0.974708532186584 0.22155703367797686
0.36198595500395925 0.6055353189104067
0.4749522296984241 0.9101332827334498
0.3797917859383533 0.66150450166838
0.5876816832612348 0.6120923571279213
0.11278959666684307 0.44153341709910165
0.571769107806877 0.8822527426124338
0.705128548052034 0.16371273714958035
0.42112062223926805 0.26923879265393413
0.41132508972377324 0.19965946305894722
0.6390418897922223 0.586180981748393
0.32723876545532615 0.6200973225610265
0.7743305327917431 0.9879390657278022
0.36165067353500047 0.3095896155440443
0.49022458560558047 0.3128491175905488
0.17485217232452688 0.12444728885366363
0.7046296777427157 0.1721977871382756
0.16619742847452312 0.5051779660491689
0.5634008634075718 0.6877064367184995
0.21673037015437968 0.7457990596902653
0.5336398344778224 0.6036693083534339
0.6315141854385573 0.23010513053234583
0.7382690835101169 0.1771250247389331
0.5985547817686885 0.8974671970716819
0.16692213316829885 0.598740424970617
0.31286595619174973 0.3390045676243938
0.6036360477880565 0.8847493284464283
0.2650957007954473 0.8816825752424227
0.7215967625613295 0.5949070627481787
0.875176668850719 0.9128262475333431
0.5608415364953012 0.39364529963623474
0.5857609415046665 0.7295409946549887
0.7394526242065163 0.07412983072603763
0.8521536353035191 0.6233077873657145
0.5028265490303381 0.3816793795419253
0.784572515909076 0.24594254269955695
0.28379310245527933 0.5965930457312021
0.19281287518042145 0.5792331422035315
0.6898308308944412 0.9015146584625946
0.5099396883142713 0.5776404739194003
0.2407811843705543 0.8338791262500267
0.003007462213163503 0.31507381086532393
0.776643385142681 0.3120468483772709
0.2962122803557803 0.4861304440375216
0.272692404328281 0.6820083048112378
0.645556891785414 0.6212910524839641
0.09954897849876487 0.6206706095563448
0.7861247161568883 0.25871397873167057
0.6141786561727305 0.7412788876140497
0.21185174069838109 0.11779581084105839
0.2471538139308449 0.49763725058115726
0.23606476984586178 0.6368638837152045
0.3387138131305636 0.5258272365428904
0.5661419170952473 0.7089756066899588
0.9336949243036603 0.12639548255407296
0.525793666326823 0.1423086164176821
0.9543669860545971 0.4486722931994962
0.6427173309812668 0.48455895535894045
0.831355576027708 0.5878165202582539
0.8599014041112292 0.8186856697374703
0.28801779380475123 0.6969725196347569
0.44786374397381246 0.3681109233140809
0.043850141834401946 0.6374236709663144
0.47871892706597885 0.47618005625685234
0.0556429171684214 0.07857756512368863
0.6493515185184708 0.7050425483712319
0.8453858157600356 0.14670752732185122
0.04638861043024245 0.785715944143208
0.15491467428017858 0.6863939889012662
0.08381129620729433 0.48559361583614624
0.04314546461756197 0.4241062943974774
0.4198863502245982 0.15367093796362585
0.11129492882984016 0.34689486172777473
0.469856555999572 0.052161318309684734
0.5048399954651022 0.5564395448351078
0.8003906261998439 0.3147379280274192
0.15254610632328092 0.9333030646072653
0.2502221191307026 0.7999493797562389
0.8651600861001025 0.14552798326138228
0.973159117694238 0.8058684070123676
0.28675075775207537 0.5933682411215775
0.8182091295393807 0.012252032990890838
0.3083760240923883 0.8763676753881084
0.6144190465312434 0.6966931332152699
0.6594824259892773 0.7168670857657158
0.0030656005324540825 0.28350418505172814
0.23589591723523706 0.977985471304629
0.9551720735070344 0.2498797450833441
0.18153164020197687 0.38159013454827706
0.0068760308174151685 0.8209930536384773
0.1774428046293759 0.9393124995954456
0.32344038398059727 0.1279401969661742
0.6039898382487137 0.09345707368832512
0.4517633077695178 0.34276915697180255
0.49323561054668064 0.5670173048330345
0.3788782106478481 0.6164508397921455
0.6183775750004479 0.043841844879766834
0.925684022364996 0.03414105403315881
0.6973290132614611 0.014226237189026936
0.13646374618225576 0.8294233608062143
0.9374125743833024 0.8042507098485738
0.1872396945490351 0.21831315405639695
0.08978767985006408 0.3634162319114558
0.2871153957033912 0.4689933655738572
0.5692891180102502 0.28903027963272043
0.5632113373567407 0.42134647291779115
0.7067249122378383 0.8120860662448637
0.9408986070127578 0.25597891710830956
0.9374666474677935 0.5671679539869838
0.06789465870908828 0.0040561238632199625
0.5928705988548006 0.9985576723863729
0.11960198937370459 0.7579392927491388
0.7822979971065716 0.4631712377232633
0.8295897457333237 0.4253684935849249
0.6210032295190329 0.6587389001181119
0.26321663102573045 0.7892752083899623
0.7182017277074486 0.4685323948231779
0.03350541813403818 0.17813121795289666
0.015036899465244558 0.1944195622913778
0.5454218379832207 0.2885445421331647
0.42827653908141006 0.6782246111017358
0.808771692679503 0.5099505527817001
0.5685408579842497 0.36763539979724746
0.2615225236222105 0.9448767357275232
0.4345145450003103 0.18534147940009338
0.2997878386111341 0.4697918146564961
0.019202703245172037 0.26792620664230715
0.5537731826387471 0.2643581524379961
0.4872165845096428 0.5384273662809322
0.1169338572572658 0.4109452283001278
0.1869693279491793 0.5196224939181311
0.15332712598437404 0.20940541851507644
0.557409020596086 0.05418700890985373
0.5796613367883585 0.2895587106670596
0.27542150367607743 0.44978266528503363
0.027784103807956706 0.637158025424271
0.37619567044887714 0.05580087692709568
0.1820836676136357 0.8999510089802008
0.34740740861338404 0.32607906543263687
0.6127835943377442 0.3302913622867234
0.18763517497723736 0.562597471401989
0.04100831337662614 0.8113493044422433
0.1264805390365702 0.1336949953621689
0.17261360166445905 0.25906970320161316
0.009679648776542704 0.3038258672056955
0.2787138703570833 0.27443729352016755
0.4456661904354364 0.3729625500270377
0.29779240214411096 0.6132008956594894
0.30834443733029815 0.4815896905458541
0.8267642400175159 0.5842565007715559
0.3143771620938389 0.2522815800693581
0.4025019355206232 0.3197456914861798
0.3373393973869079 0.7029977643316725
0.1428719871023565 0.6646860012730167
0.820842606105453 0.9271793673313748
0.26810840466483343 0.9589074606008547
0.13528930853475196 0.5517436200807966
0.763172868310229 0.4384099360721332
0.45404863735908285 0.8721162852393385
0.25249792945968763 0.2324641990834968
0.27005893975596895 0.4715783212227529
0.49129851656121803 0.12462480186139491
0.6570392213290823 0.789854100534825
0.16326974632411662 0.2854176878178474
0.32570574506158345 0.427893269644988
0.16789304323729315 0.5888124333160578
0.8879431956650905 0.888513858683007
0.234000995721364 0.4035809433445616
0.37089798922971107 0.601740463353823
0.17853156492801125 0.46452263956310835
0.17439978170217918 0.35064339601515027
0.03541686716412262 0.1577847646983448
0.2549927258965379 0.17305357128344911
0.7976527894793004 0.5586930904084868
0.08026553260445346 0.4450744409245795
0.9091432561988619 0.25186535573254587
0.21176827733725023 0.09283035440598675
0.024763493313619156 0.8867951236964797
0.2989293539735909 0.9628538734283343
0.4181319516297213 0.8110025730600088
0.9594612291540909 0.12316500812922082
0.38522163442273705 0.4504805533578604
0.011729376284385529 0.813764280258473
0.25046842742458164 0.6952296363741177
0.6375349373413359 0.5435323749098218
0.8858193226569129 0.3030699564402033
0.4405059702176166 0.8407753127800639
0.8188356819699247 0.6884654767139025
0.3258047823141257 0.731229298918084
0.30689038126391144 0.7932174516504216
0.7509783052451309 0.8944147524951802
0.9749025903468851 0.8698923214034953
0.7788531742968827 0.6747886999904604
0.6386609980124658 0.7775784304649305
0.06276198729058602 0.639225388843792
0.5120790386881526 0.4509004847362563
0.514278985813309 0.346185916401867
0.7778657313791033 0.8053165809991822
0.0006175249720505871 0.830810025519005
0.617500192728367 0.46275887042125574
0.3590129445958137 0.5824139853291146
0.5620443113582072 0.16092453534532325
0.5779708182129253 0.39369800213214456
0.6037365990437704 0.25168796892918843
0.19925934056720407 0.14492609951209734
0.453669334852169 0.7453133779631207
0.5333479868604698 0.3532912424307484
0.3743882162282808 0.9555235101188977
0.039340322247503945 0.3768463907508861
0.4429432644223148 0.6614805113548283
0.10675959281370062 0.9137622217007122
0.7970711897208713 0.8937262519704419
0.45490145694803497 0.26906162893173824
0.791421653325485 0.6782612660700118
0.6358834941795675 0.08705516714872097
0.4900339649197294 0.8448784136314118
0.9987187509805657 0.007434520231366815
0.11586340345103885 0.698078844314423
0.7667847426055545 0.2894584042949131
0.46896874769539765 0.2873427143904146
0.0633171640354353 0.43066126550139905
0.9894798466363386 0.3803238788580796
0.8996837169409642 0.37459698688216725
0.7717719203451019 0.6408368065193257
0.3263627687146373 0.29242657520836723
0.33757921681713143 0.49593296637086115
0.7012309646296744 0.35986060256500796
0.3578046293712369 0.6014420524288504
0.4565625286817594 0.406837573015854
0.32731850250933237 0.6138945946173369
0.2927968606159421 0.1345708638759393
0.9334156806936966 0.32108074072175063
0.607306135559728 0.7055379887554634
0.9262796173435628 0.60169886895758
0.7167121074322793 0.5976385990506894
0.4656620406609393 0.972659351069818
0.6364942134359277 0.906352947973023
0.14503250453700023 0.4323047328618299
0.43421178121350157 0.585742335466537
0.5307565715968499 0.9719641318883256
0.212355072193521 0.3645572723375583
0.8384977440039034 0.5732563065143053
0.9769348437341796 0.04102921208829535
0.6064268492217433 0.09558856450720299
0.7001674713536066 0.35565137727946183
0.7822680544718406 0.3914508557101737
0.26191432630900424 0.47124889693584215
0.5717213317139986 0.14778511104868186
0.2751873540482306 0.9772180502111936
0.31428823700807507 0.2929651735180394
0.1133067627033979 0.4814935134681002
0.04011093403665056 0.010812856409368576
0.19380736889070938 0.8925308356008592
0.4759460786539931 0.7419899829779177
0.6627272914032638 0.6847614549564165
0.5966992418374839 0.08669682429579906
0.8426638646206159 0.0313000273792996
0.9265179154655856 0.7228167874176386
0.9124832940269318 0.5865399419911284
0.7884463024156863 0.07351922719241633
0.4618008538394296 0.670176109400358
0.5724313412165483 0.24332068864243306
0.6647448946536039 0.776754176610641
0.45246901728261113 0.12878604575241903
0.7754069255832263 0.531168064497056
0.3177681268976509 0.8755137467485996
0.3384568354669606 0.9683491956840526
0.20289543428171197 0.41692684061650676
0.8855597485525994 0.32114752011949244
0.03840249556041342 0.13076610202938443
0.3408707850566879 0.10520335633338651
0.521970625756853 0.40535857696207445
0.8083791455842844 0.6706712641910066
0.1319173567036962 0.9365217506742434
0.5807743645922285 0.11249082821619583
0.5476121741229025 0.7735026622858474
0.34138753117352283 0.07302011572500477
0.9739799915585015 0.29756291009280655
0.7088346145412576 0.5508943137746962
0.33834576613683565 0.13049845140872574
0.41931739196141793 0.44295663025162835
0.1579912555483658 0.7565319748795079
0.6633554442396847 0.4332165755417736
0.9048099541914094 0.6955290159123984
0.09857082964240482 0.9297110881209303
0.6641273299241626 0.8091480673190035
0.0691245786501482 0.5213992400326317
0.8360060406901872 0.12311775535899239
0.7113051829038963 0.19014558308359697
0.27150574548200623 0.9287047688598549
0.5006209032531659 0.12866176270570584
0.3498812908524749 0.5111112210528705
0.6934544899911406 0.4414077879484497
0.20810625763986978 0.6660758347190956
0.20282310875682152 0.8080960249445992
0.8020604850361008 0.23508746951504578
0.28888264330869595 0.8666732553136827
0.2899033597823646 0.34182263475215
0.45968023362569 0.9961011328006029
0.5351697748643554 0.8241333810252487
0.580300275713064 0.8032411022084591
0.7277936474594677 0.17864331535347566
0.8977007359470255 0.042288684164211165
0.16635483462611234 0.5312579737152052
0.8510260849090452 0.1254227596852553
0.7789114448938366 0.2956550485702749
0.48604473463964903 0.4413769154311975
0.2072776056935275 0.18728029196111828
0.7644986333069042 0.27588010774515825
0.5834496251422192 0.07759491172997768
0.010673379242328807 0.33524434729752106
0.33192517613163197 0.29563826779734326
0.43482840149071356 0.7281709317919189
0.4682072578370653 0.6076466478880862
0.1647267573355986 0.703503657686328
0.3954336660137996 0.8720395973119637
0.5111020870942085 0.908258758350271
0.7776824316919086 0.41067373646787675
0.456452760197847 0.08860234686427093
0.41199727572237976 0.6123649274598142
0.7166862533219855 0.8773189075835346
0.007015227930725398 0.5424954491936766
0.17492575398549692 0.23328969534825017
0.19083706908699405 0.30558751062437484
0.6570494422566349 0.3015902540056188
0.1288173426195547 0.060507882245700806
0.4943239649552813 0.4976680345386124
0.4937820835348272 0.49857185799776516
0.22167286881967274 0.837457259527639
0.7042042729492468 0.03675736128596685
0.7497299073258752 0.7457109648078943
0.6231260132050047 0.5154640929223031
0.963983129866818 0.8796063378353933
0.3403000840868531 0.181380973824119
0.4871854685527177 0.39488103809018593
0.2506241323414564 0.6549349765617456
0.53347095059579 0.4400300533276791
0.18503415624349095 0.8851137285114032
0.9789736162153799 0.44720417548327696
0.34557241229800373 0.5742385503384881
0.8061867527101128 0.7021954104616548
0.5473291135267317 0.7008226265210358
0.05936077759987768 0.3777043470316206
0.9153513773298256 0.0018688091585461475
0.38603540018788673 0.08572763296221453
0.4853608966604259 0.852546572036605
0.437145387536251 0.8445964506621768
0.5875663272348142 0.055406263292856694
0.464470149683367 0.3962009727998992
0.6870140622270029 0.9694556786203334
0.11260712884793933 0.7959897243441176
0.625357269387665 0.9806959942387043
0.44618004207197925 0.7508819462558105
0.11871254265324427 0.6758028625768451
0.3263591282926779 0.3024327026076783
0.9728231593325667 0.040607389083277434
0.5678480380611883 0.3981824706512642
0.6014839162932135 0.540578039652506
0.2010432275802263 0.10062420205402534
0.011403698867812784 0.30883930125952075
0.9354506287352917 0.5141078684731886
0.5611116273417713 0.8822429676427759
0.8983719797813776 0.17474356587787332
0.6584988406601879 0.7300724429393164
0.6611352539349284 0.18786707007044212
0.32319437920572525 0.8738552962302422
0.8844486210759928 0.6244510390623361
0.833627102190704 0.6696376906686432
0.18260470594167377 0.5293825312269285
0.28899061129905723 0.6360668446438356
0.5935549568501448 0.9909182683934381
0.872105051178881 0.30049463981893565
0.8326940213199889 0.8318911852961302
0.2928418596274789 0.5756041961961229
0.5007100341045203 0.03604112293892037
0.40033829813601085 0.751465493644613
0.7136922576731288 0.10073350752318766
0.6972891349253736 0.5088033269609791
0.980423141279622 0.5459118934476057
0.4396685889776244 0.998381150371445
0.8272826583307413 0.4919473005644741
0.7842251047021127 0.5833654265878743
0.31243820226766505 0.6466604888900616
0.7251517262196912 0.4466388500710401
0.9198056722345118 0.27073728663031704
0.14099939929766947 0.42771040965445417
0.3768869386385305 0.7965088076939226
0.7840438768722473 0.2225960360677688
0.7109108040236802 0.5319403796837543
0.22724967930941564 0.9210104648358688
0.15994774514994847 0.02172105537696445
0.47008696099491853 0.5533785367803925
0.12441958657736252 0.2849643611502537
0.2648378551557442 0.38962414122346556
0.04021581067349933 0.9916099037864303
0.6620402234210037 0.9115840009955092
0.004886962938214889 0.8635390169773929
0.46014488784317 0.693624177727781
0.5719039165914153 0.5622893062986232
0.45504509459309284 0.7807147626347626
0.27686742642287343 0.1454135261067815
0.8541326652353576 0.9025566632521265
0.28736803586566406 0.050954785166823724
0.11929174168661882 0.7592763825025712
0.9727795043137577 0.39930166926743405
0.0906462803964323 0.2522687892451816
0.3621801156659532 0.9228720389833616
0.09137044791738602 0.34042571305269687
0.9925969001343313 0.27121677262704336
0.6080935307589854 0.5979631218588559
0.0656857469855463 0.08628297022694742
0.4757309167678747 0.7228525509189541
0.10111005277036145 0.9351837357322843
0.12695298315629566 0.9242704975236251
0.1519146643919802 0.4856385221963664
0.4309817851530815 0.7277250028575184
0.3233518502962356 0.0690073311540369
0.551842725344601 0.7878320191006771
0.5339275394620075 0.8080049655748962
0.303312859034917 0.8694188233219862
0.29903170113528854 0.7539213727683931
0.1667312136898873 0.9626781060982654
0.00798579908063135 0.6000114145946189
0.4422379063904094 0.5179831932317813
0.11238866079082621 0.037196494955010984
0.7680214840735125 0.9374217937680775
0.27137248172357054 0.7071636768290812
0.10950878657670504 0.2797999889964977
0.36519639806478965 0.041969461443897904
0.3388905153687358 0.31868872726153996
0.15291335398426353 0.7449496113097707
0.7535790353008811 0.4748547150180906
0.24301010922105126 0.7657398338444175
0.07429249411796035 0.6944417114012329
0.0369422808199833 0.38454864578890313
0.3815843018031604 0.18572038995508922
0.1416524753281465 0.8188843302901052
0.28497023068039407 0.18142339647901373
0.6360511487090132 0.6948122962137828
0.13359388667478211 0.2362931488132547
