10 4 100 2
853 1762 707 1082 404 343 1644 577 649 591
1808 374 838 1340 356 1040 828 1624 376 865
487 685 658 1956 1706 361 902 510 742 393
581 718 1326 380 1203 777 1845 1031 1207 1619
444 584 955 1858 1077 376 1764 693 1989 398
544 809 1802 834 853 716 502 2010 1394 1380
1263 364 472 676 608 571 2139 1444 1796 1473
350 1062 635 659 590 1832 593 1974 2712 1438
572 1973 1707 663 395 959 1300 426 2289 1936
333 314 446 957 745 351 467 834 1163 1389
4 9
6 4
8 3
6 0
0.566041034311592 0.9763208190836454 0.5192646835223254 0.6024207500438119 0.30960133595953643
0.7917818844589555 0.7120627543285145 0.5173038735131962 0.8823210932808894 0.3029530286992468
0.4737408325740664 0.9357210875966966 0.511742813719371 0.5124302894506916 0.454270665035711
0.6111554721060766 0.8851090146918266
0.8361891045036607 0.8719434309053191
0.33891597428594866 0.5963838242788395
0.8100735986635499 0.7138566266192656
0.96254877509597 0.04740215742079479
0.5824557730118216 0.4324270779968875
0.038840097242232474 0.7922650711657984
0.774018747381158 0.5508987171349169
0.4778656878613414 0.5900772353738657
0.651331928356695 0.6882902972387375
0.5106741691470555 0.820762250331873
0.7767755543645603 0.6344438115323694
0.5599987137883482 0.31432790000343847
0.7300039239130485 0.28896881320862566
0.3292258366706966 0.12738591398296673
0.6433877167283784 0.35317639996454164
0.41097440086309023 0.5175242032688125
0.007036979402229804 0.3070749344671835
0.2728897934656791 0.12356757426448328
0.9398297931127189 0.5927394664775949
0.8314296282886524 0.8544175947974422
0.8086898633151891 0.3980576192204859
0.6788196999119709 0.5288140108379937
0.959535204417812 0.5517191220547555
0.1678545179695179 0.5852990199345078
0.963534921672617 0.7334576546411418
0.7474207536385771 0.8622219257259698
0.975004633796307 0.518547831866303
0.9540593465932312 0.9171659409333139
0.40096921756076176 0.6255171865109646
0.0900421282971482 0.14127448225154504
0.3513825498373606 0.3715704211952031
0.5938962495465441 0.820975642187342
0.6600422047667946 0.8569535462938727
0.16027303109424085 0.06704447767956268
0.35395801386004533 0.8175901495999365
0.7146303979719104 0.547111243939836
0.4001312382471336 0.946062771995569
0.5348134522413139 0.06630802542295999
0.30727868180182605 0.08723730749913106
0.727395752936931 0.8192898706082323
0.5598851061647308 0.2882182174761485
0.5800223419444968 0.45789195848661723
0.39447448626622683 0.5161255167281238
0.4695052850182655 0.42058891568598966
0.7721309610544247 0.5270349174853859
0.22160936386924313 0.6184475632786752
0.7955452805023093 0.07850578491856686
0.35323763341934566 0.6109326896795475
0.5578309584278882 0.8560649177769017
0.15847212489247187 0.4207453799147205
0.01703130104059869 0.6803126144936571
0.6978843432626762 0.046456224385942324
0.8867325215500506 0.7202554087690618
0.23342924051589442 0.3871618545734725
0.5568028153093398 0.7373802607995295
0.026144091282840565 0.9216069252254553
0.6111892194077575 0.06215724681588708
0.8645284426029072 0.9275319006792158
0.7942974063658976 0.9086869016672279
0.2621220159928004 0.11163009676859703
0.5555956792603924 0.1809378838947433
0.3809101018645842 0.9237004246987999
0.5188410684718154 0.5504902773296865
0.9613819520917826 0.7948716188939571
0.04272991765804046 0.26457102229028484
0.8274058912841529 0.5788277808577986
0.3033513094975737 0.9723010453623024
0.7251091903539164 0.2926850847060578
0.5905843256462338 0.8914673965339706
0.3601357640248881 0.36501610716725663
0.39963230535036054 0.11563589319229339
0.7889662589634456 0.6338906460796099
0.319238032650776 0.21386624580027047
0.8346110986199438 0.5732916174026559
0.8903275686297043 0.5284816605272971
0.21652998643780963 0.9246700281769584
0.42673508508475 0.13939589230737082
0.5444156387397174 0.14785687916116697
0.7729416504131974 0.2346298759567793
0.5765859405518714 0.08629160741222264
0.9800126696533404 0.5875780316506882
0.8198994340166481 0.7560549322218739
0.6388987065498659 0.13003368505694968
0.2980689298898527 0.6746859398689309
0.11841308998329803 0.5607967796949613
0.0005769358053897555 0.8861616330967859
0.1315535211849581 0.19215748906142815
0.3949887714293763 0.7240695764135494
0.09501242206880711 0.6686858252540957
0.2922612456263025 0.5591990738753196
0.7683998261947633 0.06176682262703004
0.28698508907703757 0.39866927147214204
0.19611884359295062 0.026900790583289425
0.9261917512735234 0.7318684950891692
0.0014580414276146314 0.20342081331957362
0.07787743185876961 0.04948027053173787
0.5924178488566543 0.6091850683887077
0.23193364070568667 0.7104864209217328
0.8464753312840989 0.5344205018838164
0.7959245698988202 0.8283892028374522
0.7266446866144489 0.31607604155739
0.9577112895739823 0.3860512205741693
0.5663489026611794 0.12623736339162894
0.574929821361432 0.2814877201675541
0.7483774737397522 0.5725848455195683
0.07612364879622269 0.8242206712514122
0.6935755226053781 0.11238766176003967
0.9772344683511898 0.8602031877441298
0.7944485557794552 0.9488729347968861
0.5826565130000629 0.5102236660837078
0.6501051028843761 0.3151489691877154
0.6040397767060264 0.5727092495178547
0.39278331379372866 0.5767682191901164
0.18606958200993873 0.6392781410438497
0.31440847221595103 0.25518930008446494
0.4922052636611649 0.587206851768401
0.3384026718285993 0.3002160051285385
0.5684067104037975 0.5799913106814489
0.4373132754502804 0.60000598739514
0.8736041728407202 0.6469219804794677
0.23011638443303561 0.7602184549302107
0.6674128861387763 0.6471441935887248
0.2527741260834373 0.41359019140288367
0.5647463344837176 0.005801717808970208
0.702336801107484 0.7990787765754088
0.9235914937661416 0.4450096741533114
0.16922660390681687 0.5731373700846134
0.15883318478286057 0.9518623370519081
0.621244552369947 0.5468625151944551
0.022583215405495682 0.43913725513563673
0.05613248157138506 0.2612782110902365
0.3738032270496485 0.9338143932533387
0.03530085943607841 0.002818023606101727
0.13820570020677914 0.1049308868019958
0.9870204575885961 0.6465861580122865
0.6270419087755552 0.3709382975344149
0.5553230032973284 0.5313737570239123
0.6349455318518291 0.6570478888935767
0.9981455220160289 0.38750698956076746
0.5474118020794596 0.9015200060591941
0.5048082097407067 0.6203061736058562
0.037544195552925874 0.1787809081766738
0.63364870573992 0.6683401564625864
0.3409774850197418 0.6254227476540783
0.014881641917721566 0.6445842203647225
0.5234486070404383 0.37238623936234116
0.8698046908247681 0.7705324574909811
0.6313680013165368 0.8239014369977227
0.6969747501000612 0.294928190811764
0.28631288939247823 0.9888182955312277
0.08441711697585852 0.2525900672675443
0.47661536281103634 0.1384475581939073
0.6916876717924128 0.8877446666678919
0.5943526538819466 0.9454762743773502
0.2099063738979925 0.6025536471224469
0.9745234132307878 0.6105378915326438
0.8610532087546847 0.7569582030166417
0.0650015299244251 0.5357255924684179
0.893809900525786 0.7275608032432161
0.337147492918056 0.47417468347221314
0.9420662864330371 0.7802784453950773
0.5642403561035085 0.4094872228507158
0.9677141512123728 0.46082744205262505
0.3629170719515973 0.32510101381757917
0.17548822427522404 0.33375596954868914
0.7180305778772562 0.9011370925251447
0.9259824124617768 0.237018591421009
0.20276708640774754 0.9878438699119125
0.38763453859883934 0.948739149132537
0.8587420417422671 0.13569860628387787
0.10680031143756086 0.09580996304020983
0.47027625005356755 0.752520081941374
0.30839458880146253 0.9665688638560812
0.7556662768344362 0.2988829417364438
0.9441946941984158 0.5257014611927036
0.24531644218915583 0.7719380853365516
0.5977028409392542 0.5183246325168973
0.7578790912075379 0.6492040623072544
0.3084342834266274 0.039363016296183106
0.7095719955248008 0.9525416695574465
0.11873089556570893 0.39609242613653817
0.31862463378135253 0.8287250270023467
0.13532952164231582 0.6370439489146402
0.540736383276325 0.9687654335837679
0.08169187710991133 0.7392278469047358
0.9980111541622216 0.6328596575970438
0.4236864765338446 0.19560639140437464
0.28116750669756607 0.09014730794627357
0.3622307925879298 0.09741229850247302
0.2641727296115455 0.6245368424730606
0.49393179977891477 0.6972559320039533
0.4555519460922235 0.7146284528696882
0.30024223632743263 0.8101436149037182
0.5270146164269909 0.7705048993331505
0.2145803386598828 0.49183495094201235
0.3489991461736901 0.20841353253039552
0.8449421746358035 0.12107146277059022
0.6902880643277298 0.11949672629886376
0.3568260750206811 0.5634956720758311
0.9002919268187812 0.5522307935728366
0.8291917309508496 0.48869789272819153
0.6376255619483369 0.6883943770248391
0.8280821067886357 0.38267847372644903
0.2881246023212487 0.15313676727215375
0.3206311177990593 0.5472345650337713
0.08907034254845136 0.3950159448539954
0.2153898953237896 0.654813939965678
0.10089948388151315 0.3683812239966755
0.596830952942554 0.5297855174430186
0.035834270885026775 0.44024034722917005
0.7424405209852207 0.023524645811593414
0.8828257437901108 0.6141738576890561
0.34231605166956136 0.9157254100481849
0.1787743612395729 0.04994033751327431
0.987288787628938 0.8526806852904514
0.5529788982803001 0.5250297004023867
0.0624347875568958 0.6445694146692833
0.46620360121314186 0.3630342777616571
0.32347264706314016 0.7271374487260895
0.32266835934600446 0.9529392841099549
0.39438232207400703 0.15386126095719543
0.633796873039679 0.30373808885203224
0.5283935708917751 0.8769403421606379
0.406438763294084 0.24461930269108767
0.609330669735682 0.7642191087989667
0.07141820146213074 0.12931087229320903
0.7248381099769945 0.1334080520446561
0.7841520788802196 0.19678725368010963
0.036962407726283564 0.11721951749799864
0.10708724814827364 0.6146627933424826
0.692997026883098 0.8961496712958885
0.5104897962882065 0.7347620357635807
0.349472471547718 0.22154003339560346
0.06542026315089133 0.39028798161053846
0.05087200346040488 0.45631262747043055
0.7967044029726227 0.6726375475846571
0.0017242317872330215 0.08073727576230039
0.05284505847671328 0.8727267159716385
0.9203232794831231 0.791535025041171
0.6208609948380337 0.5480234139834548
0.4656761436107657 0.558476796801912
0.4729803414275988 0.11602951719944654
0.9647143460066894 0.1544122848949372
0.4710217667385985 0.021084148304899575
0.9110993810113335 0.41630664671456974
0.9927659127772761 0.7017692635978439
0.5652253226587374 0.43882571174808827
0.6374984684482394 0.7345492621147782
0.7894538083452656 0.22189259612944623
0.0800363263178494 0.865658963567556
0.37103120653004495 0.20117794262208122
0.05365022120649954 0.9356477165221091
0.5192374591544404 0.5527411156782724
0.9358409147467848 0.3252916499150085
0.6836423523526247 0.8144104190280854
0.8381008117685851 0.464110421237242
0.37888605412100373 0.9317214829404561
0.8108569782317696 0.0010352852692867565
0.2099600146229903 0.8558308645849861
0.14167117840645904 0.41504994797854744
0.3854727882407045 0.5251906100814407
0.5911726396600478 0.1487704081309036
0.6437691126128973 0.3189518140022829
0.16465624001239165 0.7559403469546004
0.22123436821203546 0.5362139964712547
0.2603739650635304 0.4708355348500177
0.8123528217427374 0.19276397459067907
0.9981104832034096 0.5455054207560768
0.11853645002766866 0.7558282211080893
0.2537734168083201 0.8009507126234552
0.6566084474320644 0.4999209386034258
0.548938242239634 0.5577588033172833
0.4485891326189828 0.9349117333945005
0.1445690255569294 0.8517810447463954
0.006970262752101997 0.1570693436636923
0.527653283647018 0.003104344378212609
0.2261854721711909 0.4054757059582752
0.13366519158754042 0.08396406547257129
0.17794179364442586 0.688542545909895
0.6584680861059566 0.3742181960862565
0.9803054801334814 0.9032942296434334
0.4990454639230675 0.1649154200987346
0.16389570971668932 0.06860445619356859
0.4756612401007301 0.9896221340725853
0.48370809816830485 0.3830817369281778
0.6409963849749352 0.3104916157922837
0.42094203763229365 0.48983023694367134
0.7263628921349004 0.8331433539084232
0.20718632605285459 0.1892002495030929
0.9952000406230932 0.3476469952672172
0.2591438655511189 0.5125041893035074
0.3211752845128293 0.2293610928282548
0.1574318875006333 0.41454760489749876
0.7049408582353676 0.7925257420214251
0.9959054818930682 0.8378788567390174
0.20463909263199298 0.9511481629033542
0.16390627241385824 0.8926012446688314
0.3803946612064204 0.6837443167099562
0.040038712170753055 0.4220999693605716
