10 8 100 1
453 330 371 1997 2195 2209 2239 2006 228 915
271 422 1499 1867 1802 1463 1563 1419 1756 745
416 1572 2418 1753 2103 1493 1671 1958 1411 2022
487 213 2131 1400 1768 1596 1846 1839 1487 340
338 211 472 2184 1602 1535 2161 1634 510 355
1151 661 638 209 1697 1514 2142 481 599 474
848 296 405 408 218 1540 484 754 180 816
743 652 522 233 187 431 286 1052 263 960
801 587 974 564 515 363 275 1101 837 846
611 545 1028 397 252 354 616 1147 250 417
6 7
4 6
7 0
9 5
3 4
3 0
7 5
5 4
0.3539946465361211 0.7929615948643954 0.5331654973817136 0.5152089210868918 0.4986456681460608
0.7788040404100923 0.9933534244854001 0.8665207280932163 0.38219570019884525 0.4131875476935507
0.6094793643751463 0.4351029125091054 0.7842458087227733 0.5193343786866742 0.1572307442694621
0.49749799283145185 0.6408055510496472 0.9834429305709365 0.30173246078367194 0.3108223480684863
0.479775619479524 0.7024189186429555 0.3442638385202181 0.4395450849594546 0.17965340341347835
0.5180393754559819 0.8044800671729166 0.6350584200742576 0.8080689302267472 0.29776746904250995
0.9220687506419218 0.9788977624796189 0.6111458478290265 0.8124154681133522 0.2852029191980132
0.5433860861452884 0.3848573395836814
0.021852814354768046 0.36682166289318796
0.011160955430517205 0.7578859841443866
0.7388114184328098 0.5407351051855176
0.5952262900477696 0.6934699534729865
0.5550930298447996 0.23672843436340152
0.05569169911814931 0.3115735879365058
0.7101982490392651 0.9949868089682401
0.10277494694554679 0.11702951081070734
0.2948383813810136 0.6221579037288536
0.47057044432683104 0.8703962032034154
0.5601415117453539 0.24007277667363836
0.7070021155211612 0.20089236677923128
0.4109120340504797 0.12029503921401985
0.9386036864569685 0.09581801911695487
0.4327118017369318 0.8182097613157333
0.18812293554465231 0.9668780051117212
0.2583329793183804 0.2091625208462784
0.46262736051158515 0.4371605042807072
0.9262745824805099 0.630147548594459
0.2334315723682867 0.5401850828924697
0.6150971329689512 0.028937463666316
0.884240786271888 0.5561456168535055
0.8834245081575476 0.24672063544823541
0.46473073885667127 0.20652489780135297
0.1558338074265373 0.5953775167720965
0.702197250039581 0.3772370607767985
0.3761484347869337 0.572957738707383
0.09550299096583226 0.6031048979759028
0.7416649905876214 0.10822784034256183
0.31856443342969887 0.31013672679871784
0.05466924378422755 0.8395382166919496
0.9367054847870462 0.8636017448934266
0.536734728080074 0.44961302168685924
0.27796132335332135 0.34055364206668104
0.08524401870466547 0.9063455717319757
0.9535228381671728 0.7577925161681511
0.8670563452725972 0.0008594268972548225
0.5030817434431483 0.023957281014058474
0.22129244156923544 0.14885698291230876
0.29966495435595353 0.7861893166489196
0.5798867168514927 0.037390804103405006
0.6065312071442448 0.822383292533049
0.7768083340712317 0.2225063576637023
0.7759887728821888 0.7748439099797657
0.498027028023726 0.03593453127519197
0.35774585229629663 0.3040384324264789
0.615145212973486 0.07131979519213183
0.49653827789438054 0.5832681449443542
0.8169135103549723 0.014406936858188502
0.08056936034169615 0.8420602832108741
0.32285129013955016 0.7923239353094931
0.8426524483611866 0.3639658057159807
0.8562470366297046 0.8963384622684041
0.3632586728854126 0.2601383371909449
0.6337130271345968 0.1502033398392566
0.4429419085147406 0.3167585718620407
0.350072189426337 0.6019198513716009
0.3146485901047247 0.26111678972924945
0.1632894933516218 0.41645317221698175
0.8781251193035076 0.8318015483329833
0.3846234209619055 0.03535497078941585
0.7154188654190519 0.29981942596098055
0.5507941848166842 0.9824773433830805
0.732084402057704 0.6251637982485414
0.6513439226330755 0.7446090303151707
0.14922772455787658 0.3779683282028048
0.6915879613396516 0.7033915872998784
0.45665158401009087 0.9059249302793015
0.583507179227486 0.6290039327242696
0.6491179972704935 0.4860684503491548
0.7727067901657139 0.6221617087794713
0.17495393232842327 0.8265467774129427
0.6856979983670684 0.8949556113044259
0.24647047201380157 0.18915197649582915
0.22848046322975057 0.7938223628776684
0.7877754683870042 0.3454220981307605
0.19759074346076244 0.44872717884904745
0.5898424147881687 0.11165043946557485
0.8091243416817389 0.032385045333931606
0.9237472334419716 0.358871052008507
0.9388066287736809 0.1874791275338792
0.6800965246726249 0.7271014499122956
0.9324772902909171 0.05210181021469196
0.922255765405027 0.26619017519112353
0.17390243007952133 0.8491958561103088
0.9031012873527051 0.7075622881115113
0.6371258625057075 0.5987917603765176
0.3401861407323157 0.8048208635866105
0.3069010595157753 0.4989439219956253
0.7201942651518161 0.8948263529614917
0.9855778235230461 0.1132848059545637
0.6534751549288695 0.5297838458969955
0.7281383259056129 0.7773243670331016
0.372698932177123 0.22929764646085204
0.9568169993313946 0.22843032549378428
0.1292084483345739 0.5155123119620539
0.3020773799156595 0.6487260002830793
0.6065401571770879 0.966767895745194
0.6362725449662601 0.9135469958529987
0.9919297122262019 0.5906614575259013
0.28469555254978607 0.6636862423428771
0.4247370209298178 0.9204688787027091
0.09895661282239931 0.2838796908359127
0.39604600500602016 0.4995116478624695
0.7940592233008599 0.3277082333435295
0.7551078774032642 0.3261193099745281
0.1190873923760396 0.9355215310530585
0.825262540681424 0.5967738887789222
0.6161265901619226 0.6755890222885708
0.28065822556929754 0.5939870199180943
0.7274912377805218 0.6165190614662626
0.07089897166370829 0.9464698703461238
0.4160114832030817 0.6433585689668568
0.6999838898729531 0.9055489512760702
0.5684793925603449 0.5040002061300177
0.7542010690675449 0.6987389090175982
0.6372953630213902 0.6315636769894359
0.6522735837473235 0.37594209842796644
0.8684661428116505 0.24145557933792694
0.7644922132443486 0.35690960456544585
0.0065159503500573646 0.6646197837079708
0.985751239953927 0.16890744904431632
0.7287875489682327 0.268609571968081
0.20455327204850926 0.9940776448827413
0.5375033020812001 0.23941338083743835
0.2318563298195695 0.6261798527832192
0.08532172455679565 0.11610145379847725
0.2602777994989991 0.1737445688846777
0.7754449995168184 0.6624601763517612
0.7934577589780258 0.6069681938974829
0.880783264605018 0.9572448793967931
0.7790574205579395 0.5459078339241652
0.192004989137589 0.6780744945489976
0.9438871054885873 0.2554452533978715
0.854481546022132 0.1699682470630317
0.6354326798142389 0.931717428879314
0.6081415887252766 0.6375554760170132
0.946236654155679 0.7587430460575808
0.6954095276364938 0.9708902930039309
0.17983059939110402 0.8053042867539943
0.9682856467298868 0.4900182909450066
0.5625252942677319 0.3300336706265683
0.9905175506992889 0.5431033665878575
0.679921135513746 0.31493701516605643
0.8094341067618094 0.06183384620382393
0.8031889991433652 0.7279380557647368
0.03196781633356993 0.28030770088202694
0.18607292970702072 0.42672332415150316
0.5062720808313013 0.3627344839359503
0.7503504305367432 0.7612418950049893
0.6245279031667692 0.044760237285276894
0.40080793991557795 0.13375754479133062
0.6007843350242865 0.6649610716068708
0.6424805141868404 0.672539676061293
0.06736354446980353 0.9874866858685496
0.6570356641887807 0.6192182839948595
0.5132675131576507 0.7518937930578635
0.6030736352428725 0.18563531973406544
0.9913973788819557 0.26116844333512934
0.3466634280928651 0.5434350030328607
0.40921232304477084 0.10637339599786566
0.7100569949986713 0.6778333462883555
0.42600900801741015 0.02472111097612939
0.028883679139567464 0.40908169982774223
0.6432622247016961 0.12008394442170878
0.9843863089161797 0.5267380079716444
0.84564381295068 0.04266049774169822
0.9193065090816641 0.9897503005457009
0.9968595785211702 0.5294503842938503
0.954392259677022 0.24375104579859963
0.507897402103147 0.1544307084059262
0.23516425597603452 0.4206153661362575
0.05323052132021422 0.3843606490343723
0.05092131617011875 0.7366712936055875
0.5384092413526755 0.23505450086972535
0.8359149726646209 0.7980416959759014
0.14059106054131076 0.7092899863660693
0.4434837379697538 0.19147498317937672
0.3559270900264524 0.03286386008526598
0.17912972239352487 0.38011283407104934
0.4361525493425229 0.8052191757203575
0.8737111911369482 0.09360281062539033
0.2789246352904833 0.38674671816353867
0.7711167311975917 0.7779985575065964
0.37053418995096576 0.9962092112493299
0.8331465078313733 0.3769935201527168
0.5646818511918035 0.5872510549986589
0.12661648922744595 0.04088346249916475
0.7248717895807981 0.14464852290867536
0.13332532345148063 0.6161935557904252
0.5151378832318432 0.9772232665392133
0.5922750093230889 0.5629141251526455
0.9183524919511228 0.603677645436786
0.24296079266192816 0.7454247053179142
0.0936127663297246 0.6895251260564437
0.9738122162579879 0.9391394950734291
0.03272577502306229 0.4444377041791727
0.5012966843984636 0.03619499426923367
0.7621405365012581 0.793381100346251
0.14871904234980948 0.46697541771994544
0.4373909940941403 0.943941495778037
0.057894706133580165 0.568737222954188
0.15283123102889484 0.6277535702899437
0.8317830238854047 0.5725586849245825
0.03037705406508029 0.9838554422397283
0.27957105188116693 0.7435567922062463
0.32370902619229125 0.04868699864468251
0.5163550713637681 0.45516800159554216
0.4442707565399353 0.18192500635232234
0.6262767091626615 0.8066614309934377
0.5099094887723836 0.6596134771715385
0.529340025611712 0.13917253810625918
0.725552366537495 0.9347519893331131
0.8285976366290344 0.8183127674152135
0.21679349762965594 0.7952561621344711
0.054209515767637884 0.5910833296428288
0.8873225907113185 0.07798429486261682
0.9345834084652191 0.9468252612181007
0.633195581804241 0.059298071356699955
0.23326384682312518 0.19652880376747217
0.36926229108608455 0.31805948376776105
0.17466838807033525 0.531608420319065
0.19702870963961683 0.282511059816382
0.7516890651725572 0.6036384615644741
0.9219117087187203 0.23888653559368267
0.021466824548057373 0.21617726842853235
0.5131579508433941 0.9833168344436274
0.5400949762390326 0.0745429338852126
0.8611288183315908 0.02621245471829492
0.2133840280045154 0.6379056513912338
0.09511743051428789 0.04098760629545528
0.010151170600848358 0.47580393765841444
0.35018307995259623 0.11562194909968015
0.36744080905749965 0.6609086979075796
0.5555212334470894 0.6382135427472555
0.10732601649146267 0.34860763729380606
0.17955012206638 0.8078077268400488
0.9900987887798447 0.29854889828367037
0.7913003334925495 0.4519129079280626
0.4100040170203283 0.79400014730999
0.6006589266628786 0.9232253925841056
0.04575509771952069 0.165554612145711
0.9069977467853023 0.19108030136119836
0.33491027212053304 0.18633523906211003
0.840001783540645 0.7619449903763211
0.8040331746623279 0.5391489985182392
0.42153800781350115 0.1924669041959044
0.6830683688344894 0.10455995434071341
0.7970831402970322 0.14234966906918345
0.48608489031400026 0.8405710796618022
0.8125867722440123 0.28315639566398354
0.83507882516758 0.6806806519046675
0.27619267026280103 0.4303225317475159
0.024489830172805815 0.12391719196693485
0.39562936687394346 0.5310077940809725
0.48388989714183306 0.44960029784691
0.62516138602919 0.5547910764200636
0.3620985562207395 0.3167085067278439
0.1615506592957212 0.5601803794077029
0.7711481776429263 0.5780585708694106
0.1907366265390853 0.5064509543056739
0.3589976840616893 0.28063644498073437
0.4151633874066516 0.33828616820455015
0.23828618036655125 0.06338265280531119
0.017665868790579964 0.5096553382142213
0.07467635119423188 0.7507849818059156
0.824508475562058 0.5052902493237579
0.439705064971881 0.13213042043426926
0.019978246849540637 0.48653002739959317
0.7449597656382569 0.22954186908294183
0.7845628531937627 0.8297059513002532
0.3087737912220372 0.480732566541735
0.9556402063549616 0.23585277267518867
0.6433082176952578 0.8574044965450469
0.5246164590689193 0.4570898491187114
0.8317292481195933 0.3764001805186763
0.8451865809816776 0.05512562135868859
0.4540980452787371 0.6557753526159216
0.6970460135331218 0.14962840184252357
0.4603686740638304 0.8049670571608436
0.34601669686687364 0.22956424784563367
0.6431385455253069 0.42090273159831226
0.3671053965488913 0.22394199234154422
0.40215024916770825 0.009754445406349843
0.854181819462706 0.80468654585901
0.7469029187718841 0.4789717145067687
0.3794903196299131 0.4300305388634853
0.19220988172250775 0.9090634100901367
0.58552732170206 0.2557624601259989
0.23334828830647436 0.4286506316792027
0.35589188383595105 0.5185230518568704
0.8054274519354714 0.29263726304387916
0.9832170677796115 0.8255795288540901
0.4969132755292325 0.83988531647634
0.30516484007154476 0.9708870642952288
0.34075530924022135 0.6651517131255467
0.24334893645624645 0.7478198058342709
0.9795977086242666 0.6869306193566667
0.2924940714458155 0.2694063779579938
0.04236687172852527 0.8441599040694676
0.8406974838718662 0.3285657780298026
0.11372808333712414 0.1842997201598746
0.16001979827949842 0.4122921449508852
0.8302129429241951 0.31247135124951586
0.38080940887614423 0.15074702049773325
0.847038329902678 0.14786611203504352
0.7982843509165571 0.7484146664992166
0.6616175584859132 0.12436451125534753
0.3850509121140546 0.6015358517735425
0.761306459139063 0.5448846519459019
0.9195502815669261 0.7889621086007885
0.45835206659141536 0.6067436913609736
0.058305208719365176 0.058491435940748904
0.5502740346425685 0.47077271668647436
0.09405101641344471 0.8018685137989381
0.13257469932546906 0.8767775389338412
0.11020677193293871 0.366002699219262
0.1605054209771628 0.9983793154325289
0.995434590438329 0.702681339156908
0.8205702108412785 0.4133658354931007
0.9874034235702311 0.5480859830487135
0.9928232637192052 0.5856681731316868
0.7891768219316153 0.15072292070744275
0.3446081020130709 0.9870470928675601
0.056449846340558496 0.5327259787896232
0.6334368513603303 0.06832315865723526
0.3256026551437965 0.4530808432688058
0.23004489212582535 0.15222752117404625
0.9217660995947288 0.20825593089406547
0.12029450434815869 0.38592733673909363
0.45147888593981134 0.7184920966241259
0.8786950852180089 0.5821349119475712
0.960054358971244 0.1682791649401416
0.2806680485636903 0.087953964001805
0.5265966690116259 0.01550579920080608
0.6526216119895882 0.6200155740209248
0.053080840222386794 0.2834102105968588
0.919069655763679 0.22981685859150236
0.5314634640578815 0.2439640879274667
0.9794153899974238 0.05412407699161137
0.5183330708714025 0.20554840880063519
0.8824061337394942 0.9516169904170588
0.08185551511800315 0.5617785442357566
0.13459176673580364 0.24887051128176085
0.20452648384471606 0.7685016195297181
0.774097774809203 0.7900005061955941
0.1867621300850666 0.9693018097043495
0.6268582965482346 0.9098910891343754
0.8715422503768497 0.7438486767170951
0.9823017334924009 0.4412564843130886
0.8134047619642504 0.19867846724826688
0.7672107957352663 0.3668053920368326
0.5348628460410321 0.8212414772845493
0.09553901081514349 0.8903884835680209
0.4938080030212868 0.3852304716350534
0.6670902285237241 0.060998729200815616
0.7732107682656228 0.40536060232574034
0.10774339017707968 0.16175671488055166
0.8866843403799329 0.5723004791232866
0.9921455218594906 0.7679611749611124
0.4705219158530183 0.48182245915149524
0.6104874853515443 0.49215340522611384
0.2882824193313669 0.21479312783127558
0.8040151398644877 0.6641100345675826
0.0777412446259036 0.7303148349160478
0.2274443212369488 0.5905190560811822
0.5212093548578369 0.8288546367882901
0.4925915811190851 0.17063340863761578
0.8640501217846663 0.32487350194930187
0.6131473317214202 0.7967213142951917
0.3262452720743423 0.13240691752355094
0.3598441932195051 0.7913787460846189
0.008687209241893035 0.1348794355696601
0.4709879591720483 0.8220984904370616
0.19317247033901697 0.18086349454084516
0.8773148545361413 0.9508324746124266
0.7275219308026737 0.5554273639824594
0.4525426966020989 0.5193935383509067
0.3611773172474593 0.5029656850363105
0.005045901816267184 0.9803401733014252
0.9904368317510068 0.6166349044397137
0.7992500496626118 0.5178363569839726
0.5726167984559856 0.6033785216538035
0.7482348943822728 0.5026148737823672
0.4293528231258963 0.12328863305309312
0.6722292926834155 0.24619745506736979
0.2570734255892291 0.3548061522742023
0.08718306071584236 0.6896178523863881
0.13476795332967773 0.9350610537688753
0.9651165135623352 0.19380311412991413
0.9870484518009481 0.8850679961623056
0.7582010387483957 0.9068479946912356
0.8957210296730096 0.9373257462037745
0.16356934302909032 0.8957592726764672
0.04488519327235618 0.9309528479524589
0.9953523812789138 0.5256384553671136
0.6151853172873945 0.7140949083410297
0.7318509062352303 0.9886586507689565
0.37981010801479376 0.3630748246839095
0.05949989202479711 0.6935613861999823
0.4714576611796 0.7969575348106779
0.33182319022994267 0.7253036718579327
0.4224762537958997 0.4444318523009556
0.49879727894920434 0.808833042250648
0.023875843513840866 0.5092007634818021
0.18963792247401945 0.4958465144154556
0.9666046121272698 0.9895851294575453
0.28455886658853324 0.7792002886541276
0.935050171976052 0.009034715649837155
0.5857351394775745 0.5370185512604193
0.7702446972851715 0.28316267944295626
0.867506916516765 0.341462879337489
0.4886708484390141 0.17784990332920558
0.5324619434859057 0.2023983341025115
0.2937148164877348 0.6439116808559826
0.298528330587319 0.25546636526356625
0.4942414949287015 0.19452279074321543
0.7859511951455891 0.9738954562119639
0.9611037409646763 0.0030548354115547127
0.5079887406431203 0.18894508311878666
0.8541769333291414 0.5457836459324512
0.13176659966215576 0.5648713403211638
0.6240188042497228 0.7308540624384101
0.4499764154303063 0.5523810888090028
0.836748262879859 0.9428990051380179
0.6455245932953895 0.8650011235555077
0.6781298077520426 0.5425367397114995
0.7389536012993583 0.5885645362589389
0.6038730239572718 0.029370717073787134
0.0975637217440426 0.8170022010078211
0.9626417946897095 0.3619772259591987
0.041521763408096435 0.5397575933887084
0.8309284371683714 0.7102178090273357
0.6758813620299706 0.6442330157311553
0.8653191912367546 0.40429519227935207
0.41896705219031816 0.8493019874643108
0.5170138558690156 0.8567154653292315
0.5063035532652314 0.8196173223195047
0.6156602437662986 0.10850995371333139
0.8462056998480445 0.451696898718112
0.5361991738184946 0.993954996015614
0.35537479344195 0.8970656628176568
0.3789100784228061 0.060564112261365155
0.9927336380218017 0.74514719260461
0.4327408635452248 0.34682491626018264
0.6132696646590574 0.7760954935526718
0.7602490456453022 0.5340390908962729
0.5063277543195146 0.48551202119584946
0.8362665082384855 0.3983082536160991
0.08627139080746016 0.4381385449483728
0.7119953868021411 0.8416622932723246
0.4568593076069005 0.15940624609820264
0.14510104794383172 0.5135875960104623
0.3633636003595031 0.9092338272981428
0.9240875212706106 0.4341598027243725
0.7001251495810712 0.6320464659059049
0.6157505271770758 0.22006841031102242
0.2670131709734753 0.06455075325773585
0.5153403455341719 0.008715739328065242
0.32554341419821187 0.4976009410542557
0.26410361736505683 0.9171005509977443
0.6694892041028349 0.3701365552729261
0.08528201055461082 0.4635316741187079
0.8664912914748113 0.1594392738142807
0.7507956875818051 0.6127103811961561
0.3044767134421529 0.8315394103268692
0.6144612110180196 0.16461838847222676
0.551570675829091 0.19192696621132255
0.5756483756282469 0.16989723150521074
0.13060296210422861 0.45564719925135955
0.8604551474841555 0.019437507826650657
0.21442950241528158 0.4697842335461422
0.7496419632106601 0.6413913646997276
0.6439277361567304 0.9435446827891716
0.5979428772060476 0.7343349353111261
0.25823040920346796 0.08759422017253748
0.8370197524307819 0.6851812562367525
0.2397802846975663 0.49103548052147716
0.9684828729866108 0.3839427869525951
0.9869073517888944 0.5689614754373629
0.7035366467414417 0.896071958889477
0.12616522577597133 0.6970550133722058
0.6665861677222944 0.7438043471575333
0.8779263501793417 0.009506822977005669
0.4016247892691447 0.7273315348497955
0.7635281627170212 0.6965715929628435
0.5634059644822669 0.20533856830459318
0.8982842202179258 0.8801429997724786
0.7418428898457132 0.5953458313097457
0.20993944604497727 0.7809377378481541
0.26355539916147275 0.6824291781392653
0.12522875054274696 0.32702586293057045
0.6915590749169804 0.481801163581169
0.67063373406653 0.5161098478292081
0.05989665082170026 0.769649594229139
0.8298981169062118 0.2159950899251024
0.4042606213430606 0.9099541700635365
0.5971877550396505 0.4367587274217386
0.9014720862369028 0.334758704194845
0.881221343368181 0.621794866839859
0.6620679719936478 0.06522820023682985
0.7872339039233167 0.17436261866672775
0.16230310505239665 0.6615031134850307
0.5660427901694041 0.6220789211055209
0.7724989410935821 0.9459331045384947
0.4706321668685982 0.20046573142360535
0.6032976538142805 0.9384229966130413
0.4110570316870523 0.7502021399516259
0.6018342615458898 0.8412136123924161
0.018129965099644485 0.7427250582696623
0.815993871731961 0.351772862308664
0.11836284152420617 0.8956211665444498
0.17774555497038724 0.03809050293059957
0.11309655877199543 0.3373851078994581
0.21702983153196187 0.13148777603923723
0.1375450991605598 0.21668983214862014
0.7841468856172216 0.23621320246044197
0.9402553657148587 0.50942897955194
0.8674863715098597 0.24910860090299747
0.7463376369086681 0.5719163776593972
0.18385931146301115 0.41171756944632243
0.765618118809356 0.9735848256364057
0.22926604302191445 0.6951222704756836
0.024518095032361575 0.6444528276221304
0.06478125489267894 0.3452729103610861
0.9130638472418637 0.09223342667277712
0.5971131529282339 0.9210615235182267
0.04564893499134848 0.7708798118112108
0.7123762940721061 0.15992984270173394
0.9980461227535917 0.7734166673557434
0.9081421678511732 0.6378418657379361
0.9730258963503453 0.6331053830999
0.7668814425109185 0.3824347233070913
0.03754141184071491 0.9201949319315041
0.33706397134550903 0.7070998721612651
0.8333263506213056 0.3399576280760923
0.8901120756898222 0.4016605662690498
0.3875714228545115 0.1573049441580785
0.7601062027930021 0.6899631659158465
0.9970029973490433 0.5383069054756908
0.6239322698309242 0.3132062376194198
0.07549001361394114 0.4820307539758677
0.2846536604427925 0.4065534012050782
0.23708579279553876 0.40856460263131766
0.031042786276819 0.7784876258526134
0.0054750988738676565 0.6406871339033038
0.10015799172834572 0.16642169675420515
0.976876023479452 0.20527940789305954
0.9404945658728876 0.5572745733323643
0.9919323797807955 0.40269203600181647
0.988119556507197 0.02317413146063263
0.8967653688770323 0.26629028763495466
0.8456584764069408 0.11874269910804469
0.3320253972420357 0.04670837910980086
0.550107093199184 0.9142766190719445
0.3593483455132924 0.5636746799039036
0.8672234450906711 0.5850720638424549
0.19362978112416163 0.6502226671191162
0.7695476326737987 0.8686686430761248
0.9279229606926629 0.7208888840678562
0.627814653606531 0.27236261627968816
0.7505570758151818 0.9184364881804181
0.9182960970313712 0.7576549372304122
0.4359227286635168 0.66577455680497
0.4251273064257959 0.5437006859531739
0.420821980321898 0.8962321396490074
0.7693795918439568 0.0690065370957893
0.20559712019453502 0.2146598461493856
0.23614377618242477 0.8364854502345793
0.17459358074189613 0.12330758822983867
0.048716894677561795 0.7850009812854961
0.7433161741176786 0.718855486646184
0.6667225933435803 0.99252649563581
0.9646448930621094 0.11949435495818284
0.595160396112423 0.11956571834553897
0.776717876459128 0.9516546290115657
0.7761653903457284 0.10163091401645463
0.530457149918842 0.23122649065365541
0.9242566936180858 0.8349560230837842
0.282425109288136 0.08457747034084595
0.5450574403154465 0.7014386941884228
0.08303972112729885 0.8120571170929045
0.2985970859210876 0.21078158513051415
0.6581983391617725 0.46473489168224824
0.11270102920107194 0.361675381341225
0.6244815204991341 0.052067865696977744
0.3270745267394497 0.9063785601323813
0.02160113372931849 0.2876032672699902
0.03296152801826957 0.7748543726262314
0.7895301060385067 0.16368968884814983
0.855373161709053 0.010249786164722385
0.33301598100782925 0.3828622115245517
0.08373339022645632 0.7902605190591578
0.17815706305346057 0.9423241614276694
0.3861613161988031 0.4584468149641576
0.08911844346327791 0.663558608754486
0.744803619542995 0.5717943536461001
0.16957730934778592 0.10239775951236596
0.4288337322185598 0.10746575353684307
0.5305697292303908 0.02496117108368856
0.36320601312919276 0.3611537768721511
0.74871676027451 0.4767705868921064
0.6123929741819574 0.5929205432708697
0.41664289243106456 0.015766917767056077
0.25015128180433766 0.5201233147303557
0.8074958373052499 0.4159567839900735
0.025965386173680605 0.15615366531129427
0.6496919072580776 0.20021577854160566
0.747866050064482 0.3909808647145354
0.36881375340577804 0.46437876057568217
0.04802724607710096 0.6109397937065728
0.27755050720289476 0.24018516551671865
0.4905307665167622 0.06550284924379568
0.6376131663300906 0.15763232144148076
0.5332952944768519 0.34750091647335224
0.22173499360757543 0.24332645093586724
0.6286069104016663 0.04866795858597639
0.28477152794811356 0.7273629236463779
0.2585012713515551 0.14386581259363473
0.7256633562201158 0.9087796245454145
0.5310458447314097 0.763298372329674
0.8115443949331194 0.12739483179306088
0.20704604156774065 0.37865300330195284
0.0737848955527527 0.40684693498639124
0.9855100625607598 0.9030151661319687
0.3282743459094606 0.1276823064474506
0.701960484746259 0.05388985170120808
0.5945614294159614 0.39148367094353453
0.023326798725787468 0.5413342440817901
0.5601662067974356 0.10497535665203861
0.3663400268639745 0.6329337805393367
0.8088477375978504 0.7106504724587321
0.2227623445231628 0.22732989335790577
0.16903701159140572 0.9714730122409079
0.7672565475646467 0.02413876117399738
0.22652259691180032 0.5960152371186382
0.45893900892022255 0.11029649752641024
0.753517179902099 0.76447324821009
0.779106589608455 0.9337329904899447
0.20779724044549663 0.9681996143561722
0.7245152468458396 0.3111757035262077
0.40758905567529413 0.91729049045461
0.07185913355337115 0.09110441968395788
0.4077543297072723 0.06950471306431827
0.4371595853507224 0.6934596747462072
0.11781564470911343 0.40361779155873667
0.08915405479898819 0.1515512366173819
0.7702765277862791 0.31375283289216305
0.9415777509439587 0.9213463998754392
0.4271996998758407 0.8455308371535366
0.3571334203851979 0.2574337687209842
0.344762490881676 0.9700014505912562
0.6769151467959522 0.31941716969928824
0.0243928257286119 0.9799607160982344
0.09958836265997051 0.29622029526194016
0.3109530064141479 0.4337162860882888
0.12983744105536887 0.9664897840852897
0.8078210208775147 0.2645490579753389
0.1018259890080575 0.8723696172285216
0.4486710981931088 0.21993230495525995
0.5722446187894168 0.581059972242375
0.3682651401568582 0.54673024226694
0.11175439913869822 0.9200095335637715
0.9260694906710913 0.18726681935476885
0.012502535236025958 0.8318990774226043
0.9911022828189473 0.4055421114192306
0.5745353809781137 0.8177253154727964
0.7180763405953392 0.5805800621758201
0.631444289234596 0.8606887385019137
0.47084051859222065 0.3523001508175754
0.9358809408689361 0.8633262418451435
0.30250353128243956 0.31981021068453086
0.3863001927171015 0.5781622769011319
0.0009480561780881303 0.5782800640214558
0.19817577619873905 0.22222279159631952
0.8840831213019942 0.778756437920062
0.5665928342495403 0.5170979423339099
0.6222443210794588 0.022787208729691644
0.03156069172878029 0.8539751790964039
0.041833021918584734 0.8214936585818173
0.1724248690879533 0.023733451001859418
0.8096592007745005 0.7431039083595292
0.45053455966715905 0.3514088048557906
0.36882001267695363 0.8726776723300891
0.01842318400778664 0.25742622700538575
0.5037286302375477 0.30348512517686443
0.5177743694047934 0.03207426942187652
0.014756273000618547 0.18043827051835892
0.2005642007294708 0.3258054326229285
0.16756413187812003 0.5509378028934044
0.8445261122822745 0.721413034073078
0.39048939957708373 0.2639731954510689
0.3361692633582827 0.27070270408783714
0.982863761412464 0.7923867399738074
0.473663357447631 0.8518774705977787
0.7350019747795775 0.4053753143024834
0.6948822582739316 0.8419997345382382
0.4456619913339739 0.5417875456664452
0.8502980776483222 0.19002151571111137
