10 2 100 1
1092 1694 1520 1219 1037 1323 1027 1294 974 1059
1719 2348 1544 1486 1301 1205 1211 964 746 903
1103 1713 1627 1134 1166 1817 1254 1049 896 860
891 1632 1174 1267 1266 1457 952 869 732 669
1211 983 1112 936 1083 868 853 1222 971 605
743 942 994 751 1284 1188 1140 845 742 1104
1080 713 956 1154 917 997 617 822 830 906
620 815 756 653 851 581 570 902 1020 841
567 861 657 632 563 666 609 828 837 473
1049 740 626 969 935 506 606 1040 613 851
2 5
7 2
0.41720807483989536 0.49865707454006825 0.5542784253299131 0.531752683219513 0.49248868010834657
0.4802151329929565 0.24239223111616148
0.06887908470285753 0.6261445167340927
0.5362390195874436 0.15365675148174773
0.7840050096750815 0.7247907010831527
0.08893857941885774 0.0608343343567328
0.8012400262287638 0.019785797341522304
0.25699304988466465 0.03275792573477543
0.6357754013067529 0.8648975354338981
0.928605955893518 0.7405792667822031
0.27545746082953015 0.8983814051473067
0.42561337197399873 0.7262524621206092
0.5628505850756866 0.3078042973379598
0.571770932791569 0.6278949075652598
0.33594549258566486 0.5800225808483126
0.09174419713772597 0.7515539870715815
0.23152980237663146 0.2781779176360146
0.5748497455667376 0.5539711791390194
0.12633715708623328 0.886626203023422
0.5936945995842391 0.39834854800092057
0.9409911644565008 0.49519893372931234
0.839566987208596 0.8530831150792164
0.6436884892533219 0.25450328706337366
0.4346584389875967 0.6547131417408554
0.04717543223265297 0.8361744094174113
0.4855081483779784 0.28567107063914055
0.1885833861207351 0.624026449699296
0.01802196829145153 0.1815740356292066
0.45588852400633595 0.5340441766838968
0.8117763072787494 0.23403106022559372
0.6165773350814427 0.8297650013380742
0.7794999798515205 0.13453023664871377
0.6577857267770311 0.45447526419369155
0.6593086541357416 0.7051215946430767
0.8436161486204352 0.008337037800155711
0.013637214598571035 0.9284231296538745
0.14837130135418808 0.8501817671822645
0.39632897170106807 0.6147443257219698
0.843631927364042 0.6388817820490982
0.9060604929100315 0.6859236388894905
0.39157721454504335 0.45025365514885096
0.16770818995570158 0.9419637237012015
0.030934054001481304 0.7082063827961844
0.9571054234956637 0.17723691426451071
0.2304238157502001 0.8346029389809655
0.44427922841249656 0.5342507950529258
0.018113124078750875 0.6080003381367465
0.7880848205606106 0.4510838599021687
0.9573046928889015 0.43468135651313045
0.4255936476837192 0.6090957788602718
0.659437296525988 0.5574647482852042
0.7151047876393932 0.6693090051904398
0.3460285226813984 0.7297375784740077
0.266955856603736 0.1634437036177454
0.6981122596978706 0.43176093984416797
0.7261256106242655 0.41663485536164213
0.8939832823946114 0.7725831467523085
0.9035289798591792 0.13619218740290906
0.6273893549961664 0.5818835703626422
0.953889421776754 0.2817052662694979
0.9163712112205389 0.631127457400039
0.26955477364956293 0.4342870646965169
0.691087633575642 0.16082656740946044
0.9238500636332176 0.6594367527635043
0.7853434839415554 0.749986256708326
0.3096469216128106 0.6532673672364282
0.02788123674486842 0.9688410899613122
0.9882130340907267 0.9443073175320076
0.30698212718374474 0.04704465270512115
0.15341522935855023 0.20198127897548113
0.6703958565545298 0.7779944009440221
0.7486534638286899 0.657737127271611
0.170520519787295 0.5100793367216565
0.9970448783257579 0.6839336175877142
0.5167263011134244 0.13386944962699432
0.2744154240602008 0.6336030569129967
0.07608805996907475 0.07021861840990473
0.619185098896837 0.9424654417121427
0.27606201886874104 0.936832822295558
0.5671756909534089 0.9826494815726567
0.8669363070829246 0.3851627770557282
0.3840862865162791 0.4846827419216444
0.0605503511077381 0.9731194702872934
0.17655314300269165 0.8352796998267806
0.1310285688091104 0.8365564190273218
0.6377743446501265 0.3479312029050148
0.3574932553698251 0.5715973848621037
0.3849397706599842 0.6354662450277662
0.4530205962842626 0.48756035409203813
0.6243730057805019 0.8907805571977063
0.11825232439649414 0.6591608124841803
0.2552523908443294 0.7648803247257177
0.1740835871468276 0.7799323011761712
0.0726524461230198 0.3188372435028206
0.4416237223705748 0.30735806407246713
0.8559755468817862 0.20740001919417583
0.6820059680805459 0.2923451754627866
0.5105820111372632 0.36302278073701744
0.7307362394421328 0.04518956404299468
0.41690161920516533 0.8637470266441787
0.6344090257001471 0.3768525893391401
