10 4 100 3
991 1184 1198 884 836 1180 699 813 762 1145
1146 839 748 1188 959 1442 1453 590 901 1336
738 811 1469 1280 1377 803 1477 1255 772 1059
799 728 603 1324 664 1227 713 1064 1345 614
1239 1029 909 1264 600 1431 576 1311 572 840
672 922 1375 613 1085 1226 1260 1275 731 1325
750 570 745 1304 597 1042 947 1232 1080 1413
808 1240 1412 1022 712 975 773 1252 819 1211
921 1302 1173 573 1025 1230 746 1225 1005 586
1199 1287 1118 1202 637 619 665 569 1222 1121
6 8
1 1
7 9
9 6
0.7708412510477305 0.945198647059291 0.49368702052952396 0.7338321929874588 0.1660281994714654
0.6837777172196102 0.8324072079907057 0.9807861579757617 0.43016415398289864 0.3405085634168675
0.7723270193000169 0.5270448222999591 0.884563170399564 0.7417609397052511 0.3496981742229933
0.58797714124289 0.4978800466713771
0.3481570481877916 0.582182700420403
0.16115197222146693 0.6950989102888718
0.45682172477970817 0.3146100150850728
0.7035540196042569 0.6012936496877923
0.3997735144480066 0.6056014822823517
0.7470323139589365 0.18037209150663625
0.13497767023261908 0.969031642658168
0.1852751635824088 0.25677769543346973
0.3332977546798934 0.8702482224103336
0.32855624666978334 0.996274745909979
0.2343828526075049 0.5245582591389202
0.9661661196316611 0.7993376109677721
0.20213689643379107 0.01149522125269864
0.544926108874837 0.02325855824934342
0.0873792276485339 0.38548292828058295
0.6858636649491516 0.8220738123468148
0.5206798916429709 0.8318064296711756
0.19923078672516126 0.5984687010707181
0.44253201032682066 0.1337820217443395
0.8497798113936652 0.7777209541670682
0.45509470485699155 0.19711990197249074
0.5335476252115465 0.4416285748724238
0.05780721568489744 0.5515726940680998
0.6224915052230087 0.016625533725981523
0.900798124865583 0.03860247665536298
0.9042459976795283 0.27827726598044533
0.49825689704970944 0.15958994108732583
0.8144246389375875 0.5824991219913924
0.8625004430495604 0.3856359278962618
0.6915727646755996 0.517893487901341
0.27631854815553036 0.11155640510313014
0.31638353670130503 0.5628746061267762
0.18952644330339252 0.5120699086928255
0.16237733061388426 0.6377810724307647
0.7342318902007756 0.9081526629338734
0.35130153633614447 0.4884655813558447
0.9565158623991128 0.451816545393541
0.2634013756901892 0.986562393099969
0.9536529533231766 0.4336738251052701
0.40646673176339765 0.0014887059486499155
0.12186082901927997 0.006363237869128291
0.8150358838259719 0.5098237913955921
0.1466499775728305 0.6172989262802906
0.7622862860673394 0.5777000636455132
0.8342848309525324 0.33730728410649125
0.6034785176322095 0.02479768318292841
0.002461502654119707 0.380300192182601
0.7345917190587536 0.2034956941465058
0.7362652208802272 0.12977906254738092
0.0942381145521416 0.4865499403237874
0.3634660747021665 0.7749819906639641
0.8752678701007433 0.7670644375408477
0.36679124202418145 0.3842560984155168
0.08452917175479557 0.16328861065435585
0.5002879832402729 0.11471021567407491
0.18110268972757582 0.6768577914992246
0.5844382233078746 0.2534041504658482
0.6773716083266192 0.06928851067871444
0.7393906597141195 0.842587156690507
0.9766874337877174 0.3826223784534295
0.23971122846911164 0.5908824843237901
0.542046174374881 0.13093733984258926
0.4742882668888686 0.4164533416445393
0.6292128551920886 0.3573949408958961
0.2069391361980788 0.25252998786083425
0.5119108562892583 0.05825703563617979
0.2898910966218404 0.42671990039216934
0.04935891578001739 0.46211804717808525
0.5202372873382946 0.7463952913228398
0.8860584657067141 0.571861551871963
0.24750618104592093 0.6889668724589508
0.08329225985790378 0.38119094979161594
0.22613654789845938 0.7415715478207556
0.6919872097829056 0.894306089524211
0.750114014760707 0.09145748849414526
0.395843749344686 0.8458820485363157
0.6212846885456011 0.5257097035057849
0.7439501350378039 0.17605857366850897
0.5899498059523747 0.6320286485268722
0.4828581897171289 0.5297111852708309
0.9636746878380535 0.762191185647346
0.5659655731163509 0.6910434129405827
0.4520626622466697 0.43587763220226194
0.5839095778482317 0.7454966119225626
0.4803150788227497 0.9707649597197139
0.7846197816590219 0.300144973642666
0.6250030374759508 0.9001594236220389
0.8560173265436921 0.030289599901042186
0.4363592598527264 0.5523563196303836
0.6462992062742958 0.3533068754077795
0.6826313880170389 0.3938618263741953
0.13242597093498665 0.004104665006972041
0.3310753242112261 0.20902946864129524
0.8537966827220684 0.23553348398282292
0.559896173732406 0.0146231073070886
0.6788272470424028 0.027661830322996073
0.6111783616199005 0.9265573181500175
0.7706665655505194 0.5495024511989317
0.6849285781771877 0.1477603910376737
0.7191597727110193 0.42510699384290196
0.08406283423567684 0.7758307442053198
0.7287960062579655 0.10272989995368254
0.8709140052339865 0.4490366653677711
0.4540149933795159 0.3422467894863046
0.2387374807661522 0.07993113449048228
0.19174673159949673 0.6346424431989337
0.27961123314376235 0.878409289326245
0.8653827555899276 0.0004913839231523998
0.7128023426619592 0.9184524858469705
0.5339633629527285 0.5320266145415242
0.3170358910428126 0.5408947534101209
0.4512415688390654 0.35610002224040627
0.19128892438170242 0.8076127759369764
0.7008334416675921 0.09780553691829996
0.8153005688704003 0.4546535694206806
0.05964568469969844 0.4564719266535182
0.7944169830026735 0.9054214381720052
0.5373546057946659 0.4949385072334489
0.6522260320443085 0.23662923127953328
0.41890297372378016 0.5938471719499574
0.2933063191401324 0.1024527388961769
0.7820346148039363 0.9600894298223894
0.9505014428461056 0.5479860297414942
0.24920098366094923 0.008219659393245093
0.4711840225705961 0.5430810334612977
0.10091515870163859 0.8537829052905288
0.38182992646968583 0.9841823792883384
0.11215221410754928 0.0531936754052309
0.42670712408901257 0.08051846239749927
0.010973121186223178 0.18510521311771222
0.872183111276021 0.3112274503069563
0.9495480428278986 0.8551882573398373
0.6807681105128043 0.6053988749660546
0.7936208466533021 0.35859752423171254
0.7233126218966723 0.14340003714859817
0.6095199320682816 0.9938068629759436
0.8312587337792032 0.6824211996501632
0.31215131025456566 0.5700175020468194
0.7037839643221091 0.4262795500382277
0.8110855242469925 0.3633126850721462
0.13649632067035267 0.7882333967048412
0.867625767050761 0.2932604390312292
0.23775213173147192 0.4559128571717137
0.5703719491616821 0.6175340325267722
0.3660522181943373 0.7916278300429449
0.5708826507728466 0.46157045783061346
0.37458173838459907 0.30067130037250234
0.39107658255232813 0.7016977588349249
0.4515083829140898 0.7230926729922618
0.36875192158713466 0.6801830123481971
0.820319422215563 0.5111277636032101
0.8567475163773683 0.05018074538038819
0.20004357971704723 0.8240062419578813
0.4887859079908381 0.6126285515318102
0.35482334857990083 0.3237578929138605
0.17860859569548282 0.31796544403520866
0.8984104708915597 0.013821973703099344
0.7448220226659474 0.9051966297882892
0.12298848870768819 0.550667081837759
0.44373916765188404 0.9354798770559969
0.550717653536241 0.38856313599026104
0.9750270900942419 0.6767136034522931
0.700701831684216 0.22119779904756287
0.32898648998499347 0.9616301080410783
0.08361567890963295 0.19596470942843336
0.13803040336446992 0.7984683646925828
0.023297456815325468 0.7175105310859706
0.716889723041606 0.8881787026989321
0.6333928585726079 0.9104133896968203
0.18532280487083663 0.8051717146881312
0.7384445876607693 0.007611974300710145
0.960376407991524 0.3022692536447622
0.7920001277879591 0.626386868972681
0.14093248740615638 0.8198866633240764
0.644958118837166 0.5776536046297327
0.5520031242481287 0.7326666497439038
0.15063298941487524 0.2968668678330566
0.13887113760262904 0.16577510833869957
0.004803928162382398 0.9602148379138429
0.12160539670238846 0.085118359287357
0.486192441038203 0.15874752871130848
0.6563999087522039 0.18901003872795497
0.8685372313524438 0.9550873132199191
0.5202774054910995 0.08262652509762791
0.9719217908720912 0.7770219287771425
0.8748767465085105 0.5558700121234952
0.6265625699790183 0.18567913862803298
0.2961187460089447 0.742072332450318
0.6799079969078117 0.31046340838932185
0.7502939300418354 0.49960127864438486
0.04374121970897393 0.8956801589982739
0.2864586378152496 0.40751884109858083
0.11405043833587647 0.7527522643188111
0.8073677116712095 0.7976161016970682
0.3787554387747829 0.45672471452775265
0.7515924490690109 0.30601368705901777
0.21251909687022041 0.7444468804149931
0.9692776129334304 0.6231265433129227
0.16569330740519783 0.7971054425859687
0.4868599027116809 0.35654414343670204
0.3872704587939233 0.9687694624553809
0.43540865115724303 0.48693895209600324
0.48843704535418064 0.44135172277232493
0.5626327492462619 0.9436570646231015
0.16291476592311493 0.16009466364761393
0.6271846848173919 0.5966269696214186
0.5451939414906994 0.669926079623461
0.4590836765703077 0.3200550613603177
0.9902685366331585 0.28199758407977327
0.5980881548740853 0.3490106203562491
0.399367925565405 0.2763659565766894
0.6958405277209045 0.3428905944886038
0.6940790889590482 0.4783767040293787
0.11360321741942458 0.39523975653307497
0.5877619414126287 0.9365331215341883
0.8992083222074927 0.41345660329586464
0.7777178886811524 0.723267755095637
0.649928381982706 0.8206965322214885
0.16949103532780385 0.45859857631229284
0.9173403175352737 0.7420711620355098
0.6981813937102495 0.5587157974813415
0.9086236664332006 0.9103343716351424
0.01440986936654265 0.6929657293247602
0.05665489687099079 0.237426816410526
0.6746378606545287 0.9105737448233491
0.2545703382833342 0.771373109373372
0.592112546451709 0.6847755590780056
0.9144905820422045 0.08142127165542257
0.09256732634524867 0.5522495873805338
0.6693118045548077 0.1771955244474499
0.060402472232009785 0.28884586653993494
0.996344505809514 0.06723105428102416
0.014317576624069517 0.7153829929548041
0.9629710391083002 0.14163986542255125
0.6147574826411377 0.7695675456707756
0.7543154651778639 0.5513106914429686
0.7290261391341508 0.7902036048558472
0.7382356268519612 0.5577901746551688
0.055847585928155974 0.08651947514475311
0.5839349125045725 0.391998351527612
0.6434292384856029 0.7618449577880055
0.8279284905270639 0.6693220204447341
0.11775002855728567 0.7990370421209179
0.6495943989084403 0.19005298780710045
0.7864693441481139 0.39021826492270173
0.35513049580973877 0.3233933857707545
0.5864760829829467 0.5451392375988311
0.10926016427047003 0.0005882799488934332
0.7346145635731942 0.6373019097586456
0.11751986176652118 0.4256822801026756
0.4954204123701569 0.8401273620424958
0.1531954007517422 0.6278996885120827
0.9495716558142144 0.2574586266082086
0.485779468375759 0.17371727849037533
0.6915856200279196 0.19769229885346928
0.553535071447129 0.07188647198908926
0.5276256649868527 0.1263255585645311
0.08637775842357986 0.5109183152725216
0.6145637452451187 0.616052990545112
0.6297662943800362 0.057302712179182036
0.6036857090711196 0.6050580725915005
0.06010226617448389 0.33469600278289247
0.2954215397595539 0.2502631078396076
0.5102204033801687 0.737703281648042
0.03244016796773641 0.9984588436135775
0.3060319599275174 0.11344307162833012
0.12672509464603143 0.7774729527321083
0.8419743001189628 0.8683916544683463
0.6447030637668432 0.42361509998100133
0.45961170355407877 0.1283011157550673
0.27599126790223383 0.060832141572418674
0.23119760738550843 0.7964258704396892
0.010692168908914335 0.9284343865821691
0.5843279349905823 0.4183507216585398
0.9269345668745932 0.158766433597735
0.7621005186875363 0.4053688454246265
0.4834716691116192 0.9636634370046284
0.4623629946632919 0.951441205520339
0.14132685114961197 0.278708798099744
0.5101529826856679 0.3762124094132513
0.5100872275174779 0.9527266574325373
0.5527687212880579 0.9964159254520777
0.7568355242794786 0.8570999242170454
0.8723541548810023 0.6449569824019703
0.6690628027623808 0.6269708718276583
0.9432727995027659 0.26258167745815064
0.17847456741170808 0.654936918583064
0.25840818066468896 0.1299894799645469
0.14016588825879772 0.2631939371704912
0.3919984924051745 0.8024824379791065
0.6895331222668157 0.06050240992149836
0.17787417431275143 0.5300770974768261
0.2613118780196726 0.624857462663357
0.21949014174260717 0.39089571298074377
0.8514587652873269 0.7205593277556046
0.5833759766769857 0.4309760171751711
0.19146906050850188 0.03483062924095659
0.5110406841418638 0.8860375847777395
0.5829088118032737 0.4615031931995497
