10 4 100 1
910 1307 484 1346 1625 1542 454 1339 830 1355
1315 685 486 1003 1096 1360 700 1603 947 469
661 668 671 1489 1075 631 1114 779 1065 568
695 812 1240 548 1011 1669 530 530 883 412
1271 827 1155 708 506 564 419 1047 1483 503
522 649 892 459 979 585 910 1402 429 1286
1664 1172 1315 1617 1413 944 1623 513 1251 1098
637 1165 855 941 1049 616 619 1420 1434 1441
790 1223 909 1351 1611 1187 1574 1005 1623 650
1193 525 1662 730 1021 673 1267 825 1508 1383
7 3
7 1
7 5
5 7
0.805460509096136 0.8309577691123382 0.49017180501278174 0.4528909040934752 0.4509352272591738
0.9638485093343372 0.6098394212900815 0.3646673307352243 0.546230194602189 0.4861682702130177
0.5766762196297641 0.651605981560063 0.3888939302957303 0.6569124203166345 0.24658779702270747
0.05238963582556577 0.30302738255241746
0.574320260016149 0.6277302806785419
0.6023736181975226 0.753408888932664
0.8320806356105213 0.48711494733286
0.13845965505075508 0.016819437142691518
0.9163255849266216 0.8607846674697075
0.07795553453791237 0.5557818557771996
0.19694728905600578 0.28891383153047423
0.9944692307849803 0.8182218663439178
0.9465653422346274 0.5651414841347813
0.454538320776698 0.26313493692645884
0.8177463574556783 0.19961426010688088
0.7302650660107446 0.9207337179955057
0.8481483088199961 0.38437511122652945
0.996772783807975 0.5198305232328
0.5526754578478712 0.756571131667273
0.7174746552755795 0.34536087714364627
0.08088922798116926 0.03600150165944194
0.047340467584001455 0.19806973638204695
0.9845309958109687 0.14357495714592927
0.7638634486893416 0.4134036359312827
0.2963472666187412 0.781422947421718
0.4031298169186166 0.8177004706281423
0.7189666052463262 0.5434081434696438
0.5775162367692992 0.7276497670919961
0.40254087191889787 0.7718341623066014
0.37831188308582053 0.5123715925218093
0.7128747167174472 0.2025757937465844
0.14198233506314395 0.29218355757390047
0.6013489983768423 0.35229004212698967
0.3703813884557614 0.9546461971213698
0.2509539826842071 0.00830640234762936
0.3679294418706349 0.6467079842900387
0.3438094350495451 0.3122229167236308
0.2564304557255026 0.8386707411285936
0.3348569534406418 0.18268660196417885
0.9778045481319886 0.41446724485694
0.6228676013587799 0.9672268600605729
0.3733847640705783 0.256253954701797
0.4022893403984442 0.7030990524150635
0.1740696215262425 0.25327684604759604
0.23738810423861056 0.6116560557672699
0.9112643007286594 0.6680965049703853
0.6748111598797633 0.036728586813284725
0.4490680276615273 0.11159735128477055
0.7423066612111375 0.6593283615357943
0.17909986973184044 0.8881941284615187
0.8337042023118302 0.461884427429337
0.5336539988454838 0.18042603184688932
0.8325580041496485 0.1736982875184956
0.5760274959858913 0.15360315015402737
0.9995080373373093 0.8534860646412865
0.3286947511914182 0.014303069334145047
0.47243503999990977 0.602228772749271
0.22669667183308428 0.42565388369760426
0.19121809382822108 0.04431485383456102
0.17723823354302382 0.3642628250228823
0.6343763840501593 0.9727555267400565
0.8570602735513078 0.9948686048249482
0.4790191520611038 0.05349823092689343
0.97529166382615 0.3760406580307234
0.14503692323828998 0.1904884111279861
0.7429124067944035 0.29860710301490223
0.5468400226372909 0.06769191935582497
0.8133530692955311 0.8267130825652633
0.9826904343035969 0.7378272162714479
0.5263214390046957 0.9978340563227475
0.035000707151539245 0.7498632403252998
0.06974603389150702 0.07480559300626055
0.21157949705026002 0.09098304166317517
0.7003128836168637 0.5126968140323991
0.08059975621689186 0.5065085226204822
0.0720352578161878 0.7202662971843024
0.3011762692699913 0.9475554230224252
0.40490680890588937 0.16462578023245178
0.6592905044344863 0.41296387855511885
0.18580306201964314 0.5794751407736456
0.6838401782633059 0.9972766036893668
0.9297639533817412 0.49394638231317867
0.15794579103612794 0.8722270165940236
0.11043514969684964 0.4323195203562993
0.5534882447133418 0.15221872588587115
0.29149368668689 0.8511807799325004
0.5314957355107404 0.7973588629168928
0.03871126615019049 0.2701336686301774
0.27897159391494997 0.3588228196891632
0.6387164157627796 0.4759079496295606
0.42397195973154167 0.3242086532677797
0.3040068406275356 0.4353025161820754
0.42053815232624037 0.6287763917627704
0.27435546736735317 0.7385385605009187
0.19599843088549096 0.43536478951225877
0.6925318929112578 0.8725045350707652
0.7926436835630828 0.7414229677420481
0.7643721907391907 0.4714423627472455
0.9795288434908165 0.912715364001617
0.17584474342494527 0.287191369162219
0.4168011638765303 0.1859137434068696
0.22742478267260213 0.3714482229311453
0.6880449544808664 0.5378423334907267
0.8668248717560172 0.05303231527434238
0.3679284388877 0.36274861167270456
0.8461792778090245 0.12049371583868895
0.12012237778770207 0.492681840288812
0.37844232390121446 0.6603597346900074
0.2713478752273244 0.8278950964286358
0.8399299670161533 0.70651771436292
0.7519098452698636 0.7064706595349779
0.23234973172793683 0.8035677907525474
0.48843415364226517 0.00445677675502365
0.042489893668583134 0.029116515966578715
0.05637905307978386 0.27811479809963235
0.4566999850612814 0.022267456155020016
0.9142330287853189 0.2698907321464614
0.2146008235472736 0.9993030213451275
0.6196204259510527 0.9258874373273211
0.3812193438745499 0.8453741443031493
0.013238709569197038 0.31093443759148753
0.3336436173201185 0.7128740899645658
0.40100353577439907 0.6979833671991325
0.7336286515951009 0.15937653353764625
0.01583670916225044 0.6987224528314127
0.5712307313866007 0.5302130815651314
0.295459621182645 0.7962420253411093
0.9688280517094838 0.1154115001311311
0.4286955038587539 0.6385471763227781
0.7413198402059167 0.6055027320678539
0.6543464757286275 0.9323470876039037
0.02316005200562765 0.999622225598825
0.3458994832394826 0.3350383248450379
0.03843811539991138 0.17926039706606844
0.03918454359970558 0.6398094200894782
0.9843932099851636 0.6047918675579602
0.902244795917724 0.9004654648510537
0.3298884536880098 0.2568276933074227
0.5643980447641295 0.700999003671297
0.48711984172944933 0.9694064926313257
0.30961346837057824 0.20647303894086932
0.3178991464388161 0.2548870604340563
0.6986045333480988 0.06518454987509337
0.16797052368763987 0.9368340037698935
0.5099059720542081 0.733810563166176
0.4183690242518179 0.6416176049596138
0.15368784348617526 0.7244083546605566
0.019239337765753373 0.8127617480320264
0.100041015483334 0.8317227682403259
0.6827080598605446 0.05231389483027393
0.5685029090458389 0.21433805866978028
0.892161973270966 0.8832093878720835
0.13695956317625413 0.869425337775326
0.6048531249086733 0.4730352808308549
0.6984580225334649 0.33828507007690534
0.46903980562159875 0.20902161040747647
0.39708142735852836 0.8393194260110692
0.14167859965610297 0.15053392556817635
0.0579700227476756 0.9638649856382928
0.19545757598637037 0.4672959731245774
0.5890997530891464 0.7680393288225498
0.49249479119992023 0.14248200220505503
0.5466993042960175 0.25061894059529943
0.7395194955429429 0.9897424542116737
0.8137023339579301 0.7126371317330051
0.06290803653652577 0.09819999208372998
0.3347006456420327 0.4396253707398252
0.060846162408581206 0.256946056974263
0.3148883251695942 0.8171945898581303
0.1991401676161484 0.22792448547144106
0.3384135006078448 0.5104535289478229
0.2692139411171799 0.9730711791450593
0.9022731196660259 0.5302810523408128
0.14672703637226192 0.5226770614833827
0.5724550290650003 0.8731165540346097
0.07153989590745269 0.3597875142472351
0.052483612562626236 0.02610012287264185
0.6875709414967683 0.556068438502836
0.9087660749628874 0.3698527364197808
0.8361564844747429 0.17906038570031346
0.6436263289293731 0.08569088529781221
0.785507379044178 0.6765687623036885
0.5729603844552775 0.8518687014837132
0.18463991337905128 0.6512296721525919
0.4380038500818979 0.02301100011420809
0.12523979176770594 0.3717526858348703
0.6132490695888291 0.5724735894831772
0.880733026636269 0.10093073742624425
0.34143388534077435 0.1204514119178266
0.8293310349310001 0.8247520682006386
0.08510901249402059 0.41430232619089247
0.17616533469819617 0.7516280630538541
0.012790368964191279 0.5988496278613364
0.14419981188054964 0.9327096869992573
0.4657403291190714 0.10921797687715262
0.3116907991457385 0.9366443544500773
0.6701969576961919 0.5440004845489159
0.8408159194917966 0.556681639612872
0.7127229179449059 0.024297446504353504
0.6236886856877943 0.9214174656276635
0.953656044932599 0.3465415556928517
0.8614872445184594 0.47699738469296604
0.05515204297120624 0.6126678643203565
0.9749470565327236 0.39463833836188544
0.21637069537572318 0.9471079975129439
0.6762002512198466 0.3721930530599369
0.8881596239111909 0.596687529285415
0.9846893334882945 0.2593672400728262
0.435532260045401 0.06505686813885059
0.21765824889752916 0.08860266204069744
0.927098710047698 0.5455938739004687
0.6624530262388735 0.3748286769068929
0.8467908075913197 0.8680263942672528
0.20343543318187085 0.7767312555192485
0.4990810178532872 0.592803065895543
0.3295764878702392 0.8289512162525419
0.6366594640490777 0.9934855020556888
0.4992597844120672 0.7258482781219788
0.2844356503364709 0.21711555237770597
0.06682300711297229 0.15594147516413326
0.06018057230828622 0.8582045877827218
0.9357869063277371 0.5693569418656867
0.2744407961589941 0.48093649093879676
0.9349333482976872 0.9910664225094901
0.3448618946222739 0.49108410162875993
0.4900320754362064 0.8486504593705269
0.49921569575246916 0.41502489057136627
0.9515334873619863 0.22036634165020907
0.8555762372613103 0.31525431060733333
0.8097368776127964 0.21291981443356245
0.3884506598104711 0.37602627367734565
0.3179593624942052 0.9547919321505358
0.614366944405589 0.4121508397714213
0.184726530643335 0.19414101642890835
0.10389716516014591 0.6339640372048692
0.8249928738066588 0.5439968480557287
0.005569096495493087 0.9383548623302678
0.8877786297326016 0.5734117836711081
0.5852654297897995 0.989466742742773
0.17723931361889544 0.9570683359307857
0.27625736173741133 0.19440317010972086
0.5116047846445122 0.8757023761938796
0.2823725349005608 0.4522359961290343
0.15539667498621568 0.7845518952168853
0.5716843590730563 0.7165355047952127
0.9345966838691968 0.5504814608286233
0.23794497865292996 0.7286613657596739
0.5348971767214463 0.09731811062508378
0.38670764722354445 0.41923065551156946
0.4979354183281772 0.5392595130955034
0.0003703321327392928 0.7378373330230841
0.6999273749690205 0.517783887376625
0.32589508787267185 0.07098285831208617
0.9731037530576336 0.07825565609199892
0.3863149812977831 0.334146342905812
0.2778778952151435 0.6841748303675472
0.28189198832093454 0.0485386735537372
0.2846834441078112 0.2102055536720966
0.4454374515735484 0.010683748037410457
0.718507830611504 0.9256979750255936
0.35079487500582585 0.08548603975284119
0.9395440305526215 0.6368732188904747
0.9694656120556728 0.35889779098695884
0.27489088783810556 0.9726828871353765
0.12490713129953601 0.6749279064019851
0.26852321281938196 0.5103511176116049
0.220870873492101 0.5045750703482781
0.6756989938946083 0.8882408030323865
0.3516196381773884 0.7976847902514679
0.522152320089047 0.222310966207099
0.38193382540376497 0.5500684654244408
0.33837650348751813 0.7900548390659399
0.011865657828371123 0.31193766397829115
0.7152222217916091 0.5017692778697578
0.9566057075732359 0.44791024647343636
0.17175617778130725 0.6124645854943149
0.6798840140054694 0.17971332727271894
0.6122858334227836 0.47192968487130793
0.9721532927820478 0.12577814256002573
0.6186783308794455 0.7579409977710598
0.3914137383405287 0.7242281642226918
0.4454650481546032 0.3578438050736463
0.8938196504947575 0.3619545922609524
0.8740381232852308 0.49391865687881253
0.15326647431821705 0.03805398082394529
0.9398437611607338 0.5879026777297813
0.4675801434018443 0.509964385992546
0.8567833998912338 0.11861129438445506
0.65934349412392 0.9330050502844591
0.34640082791278415 0.77333621423861
0.008441931797489977 0.9832618225659537
0.781878087020714 0.7900229978861817
0.26612926649326996 0.9589006636176658
0.11637846344062508 0.8388049802140678
0.08847004534748693 0.6870186202171604
0.5937918377952767 0.2658053895048005
0.7439713238273828 0.7194313986981336
0.2792621934509456 0.5222091532249773
0.4494114412914332 0.7293561841287717
0.8789338082119573 0.048069583508203007
0.5391696018069538 0.2876823657367187
0.6491547848295611 0.9495163856186333
0.8963703154258915 0.8844597196666524
