10 8 100 4
795 836 1345 1327 1333 1283 1333 1332 1276 848
858 848 843 1297 1349 1319 1341 1344 813 828
825 1269 815 833 1273 1349 1345 816 845 834
1209 1278 1242 854 847 1319 864 799 836 830
1254 1262 1277 1274 847 865 795 799 866 855
1269 1241 1267 1273 1279 832 851 797 844 853
1206 1216 1229 1229 797 799 833 835 837 800
1249 1265 1223 804 842 854 841 862 862 866
858 1250 823 821 841 838 801 859 861 816
868 818 803 870 841 866 821 809 848 809
4 0
0 6
2 5
3 7
8 1
4 7
9 1
1 0
0.6204212744801971 0.7221318002132455 0.4001687431051831 0.3516859195941096 0.23434473884233065
0.5595000988845598 0.5186447148700962 0.927485881149144 0.9864427217747025 0.3700983418198901
0.9382473290159785 0.8461691639169167 0.5295580402007999 0.5282863673099355 0.24645266101520438
0.9213249179817853 0.9010895426236485 0.650759142219252 0.6466999452165505 0.37779360593784583
0.9324152942096502 0.6932817799176956 0.4047960530209116 0.5243440463451676 0.4298786076163724
0.3045013529815649 0.9955454647233737 0.5945804718371805 0.34886357797208684 0.33865530668497695
0.4599800616054489 0.9930518325255109 0.39117340522241345 0.9237558013973037 0.37533886350864665
0.04899488070916158 0.2878093215323685
0.07766518011357437 0.6893521781969925
0.8867912522672066 0.9915467734031369
0.827138372653409 0.6764477977468579
0.31199231196218236 0.44017965100217626
0.16664283395600066 0.8533015407564528
0.12079868927312676 0.4638404409006618
0.3606059014176888 0.7455371690152512
0.5737271239523891 0.23989558989078485
0.6746497903609994 0.37955602019349133
0.6066357706932486 0.8698314972877348
0.5108242757575636 0.33942360586212894
0.6298366261839874 0.7370840318242906
0.496965900277649 0.35246482373122356
0.3381089765693044 0.08562407652868309
0.9178276988528009 0.6777485319570127
0.8246520997118463 0.8004265151282084
0.6059536017889906 0.7551040509870774
0.05212309716488628 0.9702942089392537
0.6160007595743622 0.9632182236400637
0.7700011310514903 0.798804103804176
0.6185863608941806 0.6511173420668839
0.19927134738222918 0.41172337810319926
0.9579808216774948 0.658098398847661
0.016669038485913168 0.12803357655611092
0.46515541639409874 0.3746532715311701
0.4288904401996645 0.5555455218027583
0.19246971920025469 0.39074021218285515
0.9655859290587139 0.9824356349331527
0.05531363465318262 0.9505261059539276
0.618922008080522 0.6301737384194157
0.9310962965946157 0.9634339855610783
0.8429442371095603 0.20243272530953127
0.33277035248693054 0.8418824087132291
0.7611334587920053 0.6916948363451496
0.7397431815827133 0.8127249762230278
0.5362810887172611 0.866621609686449
0.8578897763232836 0.08651539428373867
0.4007613815274784 0.6707450631762442
0.3021362374079941 0.979899893669282
0.8000654819713446 0.30433314580922666
0.5969315253709473 0.18078049555412212
0.11945454553156343 0.9726082668793754
0.5624513845632098 0.28966365094302793
0.16373866875514254 0.9508431562588275
0.20920260038528138 0.8393495264079092
0.04947699434570474 0.28913765206673236
0.8003734707963863 0.6321064817323367
0.8044150291960368 0.9397883416064774
0.8684965237651618 0.558289662830264
0.41449369876650977 0.2794179451465515
0.5857150481925635 0.2882431079816601
0.23532635709704186 0.7785031362643711
0.1961042335037737 0.13760535148635689
0.6106198085556545 0.3437917637851349
0.4586166534435041 0.5988379794065535
0.8829572686476497 0.9139582229198662
0.8236785863882685 0.816584786034469
0.30844417751931963 0.7187789441823196
0.08572752183026666 0.7481545458864336
0.4971344615146551 0.641414556108141
0.6988701246149334 0.3041047606832614
0.6041430916725488 0.5768065094836567
0.5914276492888162 0.7623066629246185
0.512333955852424 0.5416625210518233
0.08229504305762547 0.25779737713916195
0.4725149032503364 0.6215107688953536
0.07582725871976481 0.43864407934476346
0.48170958830847654 0.5308211552261666
0.9400661349745081 0.7451368678090649
0.4850697440621021 0.40555421468103514
0.9776765036031023 0.558346404388254
0.8979055471090478 0.12967076784539233
0.33206419686046096 0.7908263605147685
0.7075023077467075 0.9769612854402419
0.33541824645706164 0.26543910873571597
0.4186626483150824 0.21190527637920287
0.7035416394886351 0.10062871542334517
0.6799713810668935 0.47318114977913184
0.502318313327764 0.4257679824819902
0.668104045347929 0.9439731632877773
0.4973229535127457 0.531235265228146
0.4718453306525181 0.8598320708262754
0.2215635331726371 0.037623639768268324
0.7376106685445629 0.5935103241733921
0.19075868980482058 0.9176852723676205
0.47436471796503255 0.887367947839149
0.6591432460526954 0.8830356448924244
0.006197797668536786 0.9858332348776595
0.9594887745692047 0.7859577222211958
0.05701715767595816 0.7466152500583687
0.17036932749456613 0.13999226253580654
0.6784654375772634 0.21704302841736856
0.42845875857560944 0.3102972473205119
0.2685025415055564 0.5184874203499663
0.8703452496106516 0.6774566873090582
0.6996261842460361 0.9620444473867291
0.9407236624712476 0.23231577693494243
0.8292714666364636 0.4251186512744216
0.1544714087397414 0.9166417154659385
0.18000848678254155 0.027413564716316507
0.38999430722900175 0.6548996195337502
0.21219290688718062 0.5735813082827681
0.2752805395243283 0.24297512672286192
0.3437378857296871 0.8194723099808232
0.20278449652970276 0.047393871085601225
0.1545255630336657 0.22118872194055927
0.3112302972233012 0.412820919949181
0.43534453231431347 0.4935003746521798
0.7235386864269002 0.7176273860252103
0.7977394279196497 0.9011256222864659
0.05275957355849159 0.10094439296210655
0.4287006877517925 0.14334386767746365
0.4468593623073809 0.211109574514593
0.6795569091330798 0.2982714341456598
0.4478318230579772 0.2961028167038686
0.5555784862829825 0.9356554592077237
0.1687804871464751 0.9972579521961156
0.6659007499820286 0.01316172311558339
0.27634777319089787 0.25211372165538926
0.8695941698460725 0.792191477737948
0.3974294588200673 0.9522757663570207
0.8239722992708773 0.30173006864750085
0.31037966119001115 0.6320968132127462
0.8360940616964951 0.2579597975214003
0.5481141981207884 0.8390220967125703
0.14673191033091904 0.36325576433296214
0.41068517611240485 0.358438693836304
0.12116811577020514 0.9519102477376558
0.2677887655470186 0.6324756124469155
0.5396901335036088 0.7694891030223319
0.6098955304007716 0.889842476492394
0.06312374402416077 0.018923291280521948
0.5670485704685515 0.45517625135212536
0.04023774210697151 0.086963226545544
0.5421825663049566 0.46391298818061055
0.21974884062188726 0.2678214684963718
0.5976026967826371 0.4971219119399246
0.8171956472950022 0.626296594906802
0.5903152909603286 0.44056971879388285
0.24175079427423696 0.4850247720685015
0.1658417486272965 0.799874037756862
0.02957770667639492 0.10445212684527627
0.8849128671137096 0.2629343733000835
0.4321798910743131 0.9077208605825144
0.7432469694307517 0.38787408142988
0.9468114789931621 0.8719907689218815
0.22448819133330478 0.4750010463588603
0.37362884810572483 0.5142620923975421
0.13418198203048992 0.17260049686548218
0.5725874415063799 0.2632329933656594
0.18855273419549423 0.24674532130701632
0.2967584710497755 0.7392287334065053
0.20277433993301064 0.26006443306555194
0.1959118964133162 0.8934245085844217
0.5230677717470065 0.5644760047610651
0.029805742109351607 0.5806844392942909
0.370903080124936 0.5381354639998199
0.4530031900739633 0.8775347827795861
0.023632425773998378 0.6813128154706694
0.2700278323273049 0.9529031664912557
0.6489844322372014 0.6762752996818329
0.9834433673180645 0.01228141675071126
0.34291803154942735 0.052579797770091696
0.8734583814961527 0.4476917041027306
0.20879621052796637 0.04936353154868378
0.7351985196381261 0.8629386419434668
0.014254037067173764 0.7360930063085884
0.22879020133161765 0.16607321325728575
0.21659485455025318 0.7218183866243455
0.809451251992513 0.8772514106546339
0.13642072713149367 0.20914084229017926
0.5932195734600834 0.690407853530189
0.4614300843057879 0.364653511832282
0.33899404772297625 0.7180158703813551
0.7298124132956101 0.12180729269456858
0.5838816684635912 0.173708028499034
0.1909600521766437 0.20543499050280034
0.22370392626044056 0.8541258172991577
0.8929677148726911 0.6249108385760453
0.37980734921769654 0.4651222274593285
0.2713269060249208 0.12031134067521831
0.3812713369767693 0.5471304598899223
0.7944228359499625 0.5095612195308648
0.5342547427079132 0.3364920839327157
0.2254029854184405 0.08983961629245463
0.29695917030020547 0.32065799081113444
0.5441910705322472 0.3473359897277819
0.8953039529048241 0.3648472525570605
0.8656512496668363 0.6724025043881623
0.5148477026223468 0.25256420621327513
0.9007111146180389 0.6862561493895909
0.6060359931639991 0.7418756426071387
0.07491558100405382 0.2922862184831454
0.9441692425022714 0.516905813458411
0.4149720398160044 0.38985373770152076
0.27581837609912685 0.24002917738541063
0.03625616895129191 0.04510468871997775
0.6609273726384064 0.2126547994122019
0.23997516827388465 0.4447635506858223
0.9345964606715718 0.3886779292549025
0.3129833469536438 0.5836895253094776
0.793181629744925 0.18172059373641236
0.9100054561870621 0.7407265919711006
0.07177395071094295 0.3057161797370742
0.8707296966331968 0.3252220109574935
0.4611513267180669 0.6778034232319845
0.39644424857480565 0.9792445353432488
0.023384665926655224 0.7517355781313078
0.4798668166671538 0.1507242086299263
0.08585857271385677 0.2710062531806381
0.592480557421408 0.052895658499246156
0.18665623885708338 0.49916687633755497
0.6813488798263987 0.4628889141766175
0.9804197974585285 0.9928495557063657
0.9500422505603574 0.6610886194960739
0.9756561484613053 0.8914491567921135
0.055872657811196325 0.1960615486676398
0.6980361107951045 0.252044957758095
0.8278082458294265 0.5176566622800649
0.41345053892782135 0.4544772617486119
0.3361249837975977 0.2586837973630125
0.7147359699929243 0.6149537930552087
0.3739010519131827 0.2990571958735957
0.9080223412169126 0.5960392007958808
0.5007782177046096 0.4235767936803321
0.05798760604385955 0.8617102920058248
0.35418005911960715 0.5096316271623189
0.4487453280834224 0.3080981091632802
0.11088886377594953 0.5888830502355431
0.4162539221870114 0.44147363786573535
0.6195332965203306 0.354071571561273
0.8890324241787599 0.01796969509506119
0.10571613874324282 0.44760223071259375
0.5100804975591653 0.04245264447049668
0.36686654207259806 0.7934188795348045
0.6970630178751474 0.7700920607121464
0.5475269105001099 0.6451939404157077
0.03652737499352465 0.6368517644306952
0.7250162006706824 0.734107673978253
0.32415825831503553 0.4386595511811595
0.4347579046915595 0.2105007250670623
0.2897084642875931 0.9211948823765317
0.27860321100099483 0.5726705821544573
0.25278008413219566 0.19812439457917197
0.4810276724483513 0.0818530429608526
0.14429064897628274 0.3902163975508699
0.19786161025034743 0.05153044362144921
0.8099468257958868 0.14385794742497615
0.7158668029669253 0.30124685178759814
0.09110295829759418 0.4879949720623964
0.32621342184532365 0.5552029304238029
0.6006268872714127 0.4948766269321385
0.12369445460786332 0.7488253985084155
0.3353005152838149 0.013383863039243993
0.8419121348799254 0.020398848413634152
0.927769517058288 0.9800925085890093
0.8431225000464067 0.5650496578613422
0.6021375998570035 0.9015659374267617
0.38349005488803134 0.40407221122214954
0.4488794575105972 0.29700317030921375
0.19678602311198734 0.007564209905648767
0.5550972858783565 0.274016374036516
0.9475534610596674 0.3950712036961763
0.6635408824093858 0.330473671146144
0.08299026701136314 0.9089970874044009
0.5039260569707174 0.5559017640337569
0.36071423981595374 0.5999585362433597
0.105369757322469 0.036862186147082365
0.6634863844046679 0.9064575261018346
0.8407701431434587 0.9783974483726634
0.4475634995806419 0.30603863622193606
0.01833221867344914 0.3940210915811502
0.8242099986974996 0.2353706397927915
0.40984755646873605 0.16876178737809755
0.2859639663494229 0.22811435876588448
0.12400530248817998 0.16228752694387327
0.6220161628827747 0.28303278669684295
0.31698597695836317 0.4246374507344415
0.25424559106137123 0.35509373991975135
0.7636623842334387 0.17438038419145818
0.6093217802314326 0.18113493468192288
0.531099260084847 0.7193059590243962
0.45938941783251974 0.8768358314497191
0.8473393578008623 0.28056564409995
0.4692489272007927 0.935807347555351
0.9839077557546863 0.4405748983435054
0.19790013249569616 0.42951759617177787
0.6913414659079158 0.6106615943071989
0.2624214111615888 0.9895456840196786
0.953636715935976 0.3688753716869311
0.7001777898033583 0.38840091243474917
0.15020562383486458 0.5469987405173478
0.8661227319264506 0.6528015362341772
0.2371326955452 0.9922386247053905
0.7315917098793354 0.4161445232542844
0.013981429657482725 0.7051986910023074
0.9049986242701984 0.3922137386162976
0.3333717477000624 0.05850272003299595
0.43492657070107765 0.12393422558510925
0.5550603448845259 0.6311618275573143
0.7042825627101914 0.5596470208171249
0.31196830177022594 0.6791756020972197
0.297143388174145 0.32543302949829545
0.15677870635190727 0.7570088891582734
0.4669936097716134 0.9242527466637489
0.27598747942726853 0.747480314139912
0.7814463340696025 0.7287749859367822
0.37133300094476906 0.09655307020136084
0.7076330386738985 0.9787020622274596
0.12407993583245269 0.28892009989017775
0.24327885735921373 0.6377159818852502
0.11982774567577525 0.3644959308317932
0.08548282826679632 0.996268039967038
0.06897434453478324 0.6817686025761451
0.8197890669622416 0.6656274175473984
0.9394573792881398 0.9856699877947888
0.8398216178531408 0.9875415462593093
0.5400790191275899 0.1557440889935373
0.5220510118569122 0.6010599836517263
0.6562715011500364 0.35057014478294257
0.9722878562726855 0.42169127896283065
0.06889041136084084 0.5959635512225576
0.11401652170998955 0.07793288590655978
0.7222915945756265 0.8996221713046348
0.12848770059674663 0.762888849770897
0.5072364664768259 0.7005689399069872
0.5812474815903674 0.10910520512122157
0.11848704695555612 0.33738278975361835
0.40838933264222965 0.28428044536992303
0.597772001677036 0.018563232176580513
0.4130508144802034 0.797627491893361
0.1365138226598397 0.8940920911510901
0.7741509818769727 0.08836241072977424
0.7638234808834723 0.7856838588600188
0.008780454959724127 0.5440666059898971
0.3783688390316373 0.7229015875772451
0.17252688956111428 0.7678563716875271
0.4891738534556864 0.1868885363417423
0.23601673754798003 0.18026514846229102
0.21869702437482785 0.1537929382626575
0.14127513380172196 0.25237537292855383
0.07324592682608788 0.6197984964694114
0.29233579689517164 0.3705176109847621
0.71793876537284 0.9683456306334455
0.9398725746521828 0.0739392246757431
0.3117277980215829 0.4764085341368014
0.5466402627560594 0.19072809888805442
0.2006726926303839 0.5622930352484607
0.37484494947878844 0.019054241192534738
0.18017373342678833 0.07369187475250683
0.7307915405707699 0.20028743819335038
0.14251156955014466 0.0784485148183307
0.7015116247446889 0.05358098836729552
0.24068397807330832 0.5214322966575935
0.643424784841462 0.3972405738298186
0.7122942761309388 0.4476042040113448
0.08437365310608747 0.9720807595299696
0.5208467326202635 0.16317523438318626
0.692122181539472 0.22180079500607763
0.3061322369713857 0.1620492877551465
0.6941165862441971 0.9454838263471994
0.8899936690410741 0.4116383592760189
0.75358866278097 0.048191750402587274
0.06768845266795598 0.36207055039790204
0.7506893672521957 0.17056610461246247
0.8823498569674235 0.01858535450939658
0.3972966295563023 0.10508722426116579
0.5602773111200656 0.2705068939003812
0.24229308175091768 0.8387902117526993
0.4884717341748308 0.6045003607018409
0.7298193008130516 0.6708264572017255
0.49763644881470914 0.1346992264374276
0.5598782898553847 0.05741664849764927
0.11638101806111889 0.6103593040511275
0.499724052538292 0.3887876155245531
0.9578263472564716 0.5091899334514931
0.002455211241764399 0.06185764751936995
0.7340425659747429 0.19569700347178842
0.5671387367911407 0.8112958397014891
0.18444532605174202 0.4920084797053228
0.32750762788186205 0.36184105623784113
0.16536204450115322 0.8869403512949805
0.74125463832889 0.7295342042202047
0.4352819342556695 0.7471787597596244
0.050604910247744606 0.5406564242829133
0.03707668414724652 0.8075378982458505
0.3889418936264555 0.7215383800827455
0.2533405984685879 0.8121350780721956
0.6723914972090619 0.7546120150207563
0.4916984928057908 0.6632413822751388
0.02612623715646234 0.6352833624518577
0.6363741575661732 0.9342460819293703
0.8347060212455408 0.8306686831643844
0.6818820399815524 0.6512119583624127
0.8533074748085239 0.8310153778525919
0.23070362966085467 0.947556563151752
0.25578992250361177 0.8121325574047986
0.28609558765561216 0.8361665724075609
0.8653329885885981 0.13024283790182412
0.32554516008789447 0.552873240234875
0.12772195669182063 0.038777887804021915
0.19445732076583955 0.0336220152022515
0.6250363839545825 0.11162694937191842
0.026055890088114264 0.49931720046247485
0.7810552168409737 0.32059133779782156
0.4502855471500431 0.31369302601620586
0.8754752802895627 0.1860591944540091
0.8398624002474566 0.9823798394094532
0.26507950240353195 0.4246485926349459
0.22454251496259858 0.7267092451651853
0.5443861710791131 0.5926151216854125
0.25695535286997995 0.5637056223994596
0.9649722227637856 0.42779442947041924
0.5563298889532307 0.2638099873537454
0.1185387023204647 0.1433681346470781
0.09946767245862076 0.2053987392851968
0.05753717259923863 0.7000505120298337
0.09953966431756767 0.8285862047024348
0.4225583057517608 0.9611420876387473
0.41937873525557845 0.135062522227007
0.6350252524592706 0.8991751970218282
0.8304078741800061 0.7857665783370693
0.2759905841312964 0.8500212391481052
0.3879688204712197 0.09762169453372205
0.9369113829398159 0.07513341872276547
0.1669859598034784 0.17603085635940796
0.931430820248518 0.012346322888192374
0.9388511233008467 0.9025023328058783
0.9258656892785766 0.13716015845979146
0.44494029347560016 0.9649589858330327
0.31917900452364156 0.06836071425483858
0.365211859441807 0.5642285090593104
0.2608290672945459 0.48480083975981425
0.624940037539899 0.9051901344675912
0.4907124432280501 0.7772698888285599
0.4219825182022725 0.2387426905131198
0.21248329297145108 0.01975402013127514
0.2965029722627348 0.20541142844587879
0.14035454540579884 0.32968320751811686
0.6911976280445684 0.12133657163752032
0.44798523252477507 0.36040908649469916
0.8989140165588376 0.8960958081024972
0.9008134546379898 0.3064654817011989
0.09865046546801937 0.6887584634707589
0.2999083922280077 0.39832697187294763
0.1334861184853633 0.8465669887873908
0.7827051627859869 0.19501687492559006
0.7902711263673317 0.3398501216156975
0.859481379035379 0.10074624314373426
0.4516070825237102 0.6754575604046009
0.6501464144741678 0.01005685563308134
0.6340734143701701 0.7578014026612383
0.0998621088932996 0.7647347945298131
0.9763722429576744 0.2783166025751125
0.07249973317962422 0.37502814160298725
0.7278173582545993 0.38076743644425215
0.04944166697251973 0.39148542051314306
0.37037435652941286 0.9805213798191814
0.7362587439937893 0.6778870086048658
0.6481675213466798 0.5984504493712319
0.2721524314249255 0.8496398246707282
0.6785785880475279 0.9426510969378765
0.11026978859183822 0.5084701750065352
0.7618340274659829 0.44016711658397156
0.2123918744249378 0.5184840134141473
0.4953183408635977 0.10463589223302527
0.9178175632325254 0.5682163417844086
0.6066535806070479 0.49523244720984927
0.9800346239951769 0.826523862605264
0.08658699617071974 0.2714758089849718
0.22714586509082668 0.23946952790386855
0.0011771648429292902 0.4581551529015422
0.2556851334042072 0.6211109521731983
0.24172001306569046 0.14889591080468434
0.9198906836275555 0.06247545839542745
0.7807839968483719 0.44728121360846473
0.8711245858869381 0.8941612195621105
0.15359410698935605 0.6435541845404411
0.784478578763526 0.13089605814855454
0.15109217110489181 0.1744131957164201
0.1509982140461683 0.7439652667766976
0.818529763714428 0.36584652674201057
0.9852379379232394 0.3442187473258551
0.013553166806405503 0.8808572862253305
0.512169327988895 0.9981415012377575
0.7694733090685906 0.23571965571487863
0.5355348190569644 0.25673287109284626
0.7002432782208725 0.6776681730107157
0.0474004232653682 0.38160536214577556
0.6394090234373926 0.07150940972622544
0.53480291583927 0.5909139442092615
0.14775326827485125 0.9694550061300218
0.48030829822623455 0.6392781934404423
0.3848449657937365 0.5008241048641702
0.2285620442767773 0.3541600237019258
0.35607859163625877 0.4758253579750038
0.7828302819418782 0.6514842765674072
0.524303653544643 0.43503946193794674
0.5168366186663276 0.846055478553758
0.12939887246702586 0.9310472241808934
0.19528922255470627 0.9127657965584537
0.7054723799955 0.5526570805451267
0.17808542079102807 0.26117009600139274
0.7362925444328334 0.1426932918564945
0.10632573300030002 0.05057693701731192
0.6099130497444705 0.43135401383897154
0.18217515801047868 0.9325529475461831
0.48986806718747355 0.19379621355898102
0.6698965901025946 0.43578873874156043
0.3694696404283826 0.8708344075908863
0.3962068949521753 0.3879738456945694
0.4515477730354478 0.574838061020972
0.6676273535684458 0.5317536089568005
0.24462921554789507 0.7018488706406834
0.43238000888828565 0.6955563670194365
0.9083881239602964 0.7097463961850088
0.5218686396963752 0.9421754545864689
0.582088823721252 0.14906920111756627
0.8921333631778015 0.4565785469219843
0.3963655414690326 0.35978000891982687
0.8433759686894753 0.6134647690970474
0.01989879459666266 0.23800000124371268
0.4536582556044324 0.5561664278962886
0.7809693160165851 0.5814801331567525
0.7467343748317323 0.32187593095684774
0.004767881435188137 0.24160249367679731
0.5130290238083879 0.3950873847726428
0.005218255818471018 0.5750828056615773
0.7728080708101006 0.4764326457902215
0.18644281316464184 0.7618884139853179
0.365132186730019 0.12412867152978735
0.24455650806106077 0.614750346092003
0.5646483600751493 0.8345653413580318
0.32740668430834763 0.6992887612779304
0.8138690078872242 0.22667187166975644
0.9683354599869727 0.6736377608897068
0.8885970343546892 0.35753330160588503
0.3069600000081829 0.6057565538656882
0.31967146288063075 0.9654159995371787
0.25121060371473414 0.3877391243841426
0.6421775254973228 0.2851575235654482
0.2029999971737393 0.5188621736962589
0.15260712088954964 0.4443555856746626
0.6983153590246125 0.9122237970240901
0.003986684543589636 0.5338839499131764
0.47825050940223934 0.9892777639686636
0.59119532648172 0.7924651676443764
0.6476865216870036 0.5385735055456315
0.4621722310012546 0.3377773017245227
0.8253284748876037 0.9161974024043724
0.22939153480438157 0.28398701373319524
0.617807069918237 0.316486383276241
0.251338139403692 0.003287182704039271
0.1991643877486211 0.9938697487453256
0.6798662793377235 0.37883001861845544
0.7320075950370577 0.22393496171316962
0.3800626986497606 0.11276879442906562
0.6126444091054613 0.9859551279215188
0.5338285915425389 0.25129271355081584
0.3429330141944593 0.9052536604624191
0.6545671960301827 0.44880420078389616
0.7998816066685497 0.43635907363444915
0.7683511967294954 0.36179301718728407
0.8201323770036728 0.046371469394293596
0.9673385047947609 0.19214803820450044
0.793902589187174 0.36643442569005735
0.0534262244249093 0.302617001608555
0.6192280370984542 0.7427335056066473
0.07846663880309279 0.44963307727080637
0.8343041257037025 0.03864830651436901
0.8787405500364631 0.44784411051765494
0.4014170812241691 0.5069163834083126
0.7996658682275362 0.11574544500116724
0.6674152721983684 0.9776108544064623
0.08608382835814976 0.025431578156760892
0.897012099667478 0.028391250388368983
0.8439799761005597 0.6521156083764246
0.6040379746110862 0.850296605725325
0.20941761325142583 0.3960237519059737
0.38205796228535416 0.058090491146186585
0.6746905625161794 0.42082504346710015
0.22733885932990727 0.519298015859859
0.396566371609576 0.9600827613225269
0.019538392291235773 0.293850486492764
0.7399102946215286 0.5733417376121486
0.5631538837500047 0.6283381300054676
0.4186390390334205 0.16691460814893588
0.4316005081929293 0.7182508361350917
0.48724215274433935 0.11827560950014293
0.4778870557492054 0.7087259212023975
0.031420872821169565 0.6562597294083437
0.30468370622740637 0.7840755439284148
0.9362699350624892 0.3602155948112782
0.7689925426617312 0.07162572939683831
0.7432100543063211 0.6629466217104287
0.5634947710863616 0.23407928579532444
0.0027028631473526854 0.6595933192069492
0.5115954011259825 0.5283495347508427
0.1190770105569543 0.4154306809601591
0.5512223698291403 0.08012066623404257
0.0666913098040276 0.7306087451290155
0.31858297592506135 0.9963868101558515
0.3977652968415717 0.9158552233728143
0.02458456873760717 0.725729542919263
0.2659486041419392 0.8077094672091703
0.5868606682832227 0.42363009712454813
0.6706837598133109 0.010015659733026538
0.1495910605129689 0.26287042750096656
0.8129103219913023 0.82896987817044
0.6657807495301244 0.22239859117181582
0.7051955340927221 0.9485129592160564
0.6311201903673553 0.32747833862886866
0.9855508856152186 0.05220407327360399
0.20770313287250297 0.5645250361445491
0.4943903495435824 0.6793147267283106
0.2788966436347058 0.05970186455356963
0.3421519422460346 0.23580084357118913
0.7222041474502696 0.5434166285996593
0.7380375343830843 0.8412800816252879
0.6989039371488399 0.5664226538464556
0.045821512933085895 0.5264646594417342
0.7739071691849055 0.7357337434304423
0.9226847859772711 0.2196396805559322
0.06455554392670826 0.39009579797631044
0.5995565770320808 0.08966151667308386
0.9006152355304393 0.32051132285761996
0.33876204857278625 0.9274906205195463
0.38559503757061253 0.6712979928479612
0.10594237356892289 0.1579545043637316
0.670315517238484 0.4739157955297024
0.5322384246380063 0.9665860839666383
0.41115749594860995 0.7836313994071491
0.49978009312567684 0.8261892164188032
0.1937796669994989 0.4624849640858577
0.8746190141541452 0.10424096003531957
0.7005064177755216 0.9483886322166049
0.3099864399831689 0.6027720626903701
0.4844061999853755 0.9151816361899872
0.4443031918211875 0.07512047663524957
0.1914844357488592 0.024396391377668136
0.7536699543456338 0.38651610239214196
0.9392346419468076 0.17919552205694633
0.595768785780481 0.18339752865248915
0.4188824873178516 0.7511844066284923
0.6168688968451019 0.19375689717623157
0.5343125284614576 0.9440240867572454
0.9001970611134584 0.9588128823922641
0.6295900340299032 0.8531119838626784
0.5707884896634023 0.47915578367011435
0.15915245435103476 0.920716659348173
0.5804093804776094 0.8190955385074556
0.8420195444300218 0.7536799885040235
0.6290863890264189 0.007602926825220235
0.628086058433825 0.9301337106201544
0.7474435071190801 0.964500092835556
0.10399266260606166 0.5758168975391238
0.198832441602669 0.3725130339319429
0.4223278765218448 0.039856927556843225
0.14851088113706767 0.6222332954970478
0.04450527919826097 0.34882031174398165
0.599707028792337 0.5448476505226398
0.6547006230480972 0.18661794491214856
0.5543440264487993 0.2651522825583834
0.8294905615548733 0.4210950103651483
0.32820028678066104 0.852880566501478
0.6588107383014117 0.9458315795600847
0.41749287983109484 0.4811810894920354
0.6718982993998859 0.8727094142555765
0.0915882323627144 0.3610799432861256
0.18466051569378505 0.40706519472584013
0.6686343098646677 0.22990415566252276
0.7754930924413801 0.8842606697590787
0.2251206499100631 0.3000838162291899
0.5731789348774909 0.44349717344260586
0.3605418527990718 0.2663684139197098
0.8211024774867604 0.8537553334930841
0.5122172623414021 0.06545439143511955
0.09790538275853966 0.6252823558318092
0.09184407481941226 0.12566725097128395
0.3730257511377908 0.8386895066880444
0.14403218543296514 0.8563520212603091
0.11867805273506171 0.9548194385423727
0.056747710196380696 0.5067369504623398
0.8631685206875854 0.043274490537985155
0.2444981417682408 0.7082913620734061
0.2809758992636535 0.2665093096105282
0.3675863897251861 0.5478670537560251
0.25823850117077396 0.26900574431740076
0.14280967684123236 0.1063496576601144
0.8368962594501992 0.9961565472951617
0.35448123168910417 0.039611243717766476
0.9269707276243742 0.8246772079086615
0.3693513790159022 0.31774720080833685
0.4185368353986383 0.7725701108301515
0.3946803256211753 0.2805753293103732
0.4879511218376642 0.38479332856104587
0.39170061479121854 0.4191604757461569
0.5217450389154379 0.933943788105642
0.715467463820215 0.9690196110466229
