10 8 100 5
1015 796 979 657 973 617 760 606 538 744
551 729 825 693 661 848 831 662 616 967
846 1262 860 860 790 870 1120 690 1003 829
1177 947 1077 1154 998 908 1200 823 683 1078
814 1099 1444 1193 1113 1533 993 994 732 1255
858 1071 939 1201 1662 1129 1385 1358 911 879
1264 853 1094 1268 1767 1240 1236 995 1142 691
1075 1112 1484 1359 1392 1286 1001 835 855 1231
875 924 1152 1025 979 930 1102 992 775 1145
1244 834 1054 867 1232 981 1200 804 997 902
7 3
8 4
3 8
3 9
4 8
4 0
5 0
3 1
0.9855332537491146 0.9876434320624852 0.650662134306446 0.6819434337289638 0.1972680401424042
0.35413541184550984 0.946588670712772 0.5050505184580656 0.8326930796534582 0.4063768924175232
0.3511139235933763 0.3472620429332605 0.9538287052244268 0.5724151722532435 0.27865343490608946
0.618337186226464 0.721754035059148 0.8977660530224403 0.4790153055879137 0.3401886895700411
0.875893939264708 0.7141322193314159 0.8023009985909673 0.3434428112962264 0.4589629410590089
0.8744008757018125 0.39212599759780115 0.7608326185187059 0.566139208361909 0.27703088484856925
0.8240091041408184 0.3797238827380496 0.5624938486644946 0.6879495840751593 0.17870026344711124
0.08573748451496765 0.8244081782836798
0.8566214312969573 0.38212622581999134
0.800859973980649 0.2930683069746527
0.16963193169254498 0.18616824069664006
0.9361547179916148 0.8427866476501005
0.4126310432397686 0.2339627167936451
0.5921547843889472 0.02715833603726292
0.6307883855628218 0.9436473794299478
0.45574725680429906 0.7010447525088441
0.7076297554044801 0.6232918693395801
0.5938052645911556 0.08618423239163775
0.30574500891952194 0.4063733961664313
0.4085664195592311 0.8803903442254433
0.19913682667804933 0.15363490517250433
0.6024383588266924 0.23222307445846768
0.8197290885092336 0.4834058363066349
0.007781284263212562 0.8568787611960775
0.8225520598546361 0.8435865394665549
0.602608362738007 0.6140270869857178
0.9749853684751977 0.1747083873342612
0.6057836214214585 0.41179397240968796
0.7270779614532885 0.2272883820638567
0.27720538139463446 0.869489522882918
0.03129785820382769 0.37601824636479364
0.03937480296304208 0.8986493759172192
0.6433457192758398 0.10713232425378827
0.29760653398767967 0.7124631334664944
0.17755366683702767 0.2342872345881517
0.2398690160426753 0.9190000226584145
0.4549198567237416 0.9014262866132947
0.17908130361549546 0.7817643304825939
0.10070950577807469 0.15965242461590146
0.5058879114906802 0.2096426726603995
0.9797537153547402 0.8264544217078309
0.6107226283828304 0.8680597565640771
0.1903989589159183 0.911466480950379
0.740982686229382 0.26693193109157387
0.1101539031536054 0.46009944256216273
0.30719517724985934 0.8759158213743612
0.5113956184620023 0.8696312392222767
0.6560596295983485 0.15129381037546819
0.5407997166105996 0.7826526263511555
0.7700449004867538 0.8978300278476801
0.3324218058739845 0.20948166334998297
0.3216819020012538 0.7495933987080379
0.6687010834392941 0.03452387899573961
0.22788285386899365 0.586872117080109
0.9895617372950141 0.3061118200903499
0.3956632149674948 0.4901084037678125
0.037704006010423674 0.12363796126783466
0.24311298204304066 0.8279287267247561
0.9150161382731281 0.21113622073102922
0.8411398917993711 0.05533856634572065
0.8135885548823991 0.5114695666273805
0.3942913182193213 0.514594096310306
0.5870680335566976 0.037530030884024956
0.4808966240147954 0.4337455588204864
0.07525931856134815 0.46581101576797046
0.5538119166646982 0.08341422221344974
0.056244515145114526 0.9055059454818086
0.5690371486836794 0.1768284434469256
0.041907457010291305 0.3330688731571627
0.8031106622028785 0.23005633668256453
0.7189179203831733 0.6725137330390194
0.09533536475391058 0.004894109266210478
0.4788989332915201 0.541589204835766
0.25862657439875325 0.20677009010624636
0.7293806652547901 0.3687467726647493
0.08843244407769757 0.624829358693149
0.23442233664419665 0.6880405436692674
0.45780503069159617 0.2944218301445316
0.2739873501271679 0.8555148146120126
0.29069781265232786 0.031392649270602035
0.9060694043991229 0.6539878288463785
0.4450299401867679 0.2886546796684042
0.39393201696225355 0.15881315054164613
0.6801785537832055 0.08726021773403914
0.5044690842681083 0.2979155745453528
0.4444497997418855 0.17215083536946163
0.49335467910109987 0.24004436750178382
0.21465625633201624 0.6168803837348207
0.8968723519757267 0.00007730195872301948
0.9384698376766119 0.7201146002063701
0.5514430596998658 0.9503923879768268
0.6736198649922278 0.03470664726241579
0.8529561008539024 0.3889764204906263
0.9131258693026045 0.36267301660107787
0.019532270842915977 0.46864967061809737
0.23055895744540034 0.9465558288383311
0.7316450417318647 0.47985484836453285
0.7036546841451847 0.6076892238127996
0.1976518162438372 0.15351078072024338
0.022112305566581947 0.16752029502502963
0.6021833792208193 0.034689474552666466
0.041455807186429716 0.8151328343145943
0.21104524724413487 0.13359779237932679
0.5628044009230475 0.7727424587211302
0.5259099571385073 0.43678770245310194
0.21725255148974498 0.42922495940979744
0.24203701435488845 0.7483043796649136
0.41036693654900214 0.46458821440710807
0.009235470865259332 0.6606291418547376
0.2695333712119017 0.7447667444872823
0.5767104399873348 0.9260581230487355
0.28097239077502567 0.0666633094221949
0.8153726956907807 0.33162897445433326
0.31402584438949344 0.8723814686911922
0.2908781332623027 0.46068143033383224
0.9861254744675538 0.4561622302458397
0.8029487490004565 0.4432673849261224
0.6861541322871345 0.8140735148879021
0.9040227760736497 0.8325970433707226
0.8992495451697331 0.6138124877510642
0.8925300528770601 0.9866656361054582
0.9848135901301898 0.003233036276009571
0.9373586428195986 0.8140936340582008
0.6711670196353301 0.057384846934646294
0.6971330890167546 0.5905006279842535
0.4592540616914549 0.589167355601542
0.21213100008580432 0.976912475662798
0.7480400140802188 0.7127422063692397
0.3704239348850018 0.22907994405819387
0.4391259271367245 0.4274438451360203
0.1634972191149302 0.9900353671296374
0.4014673397776751 0.09807987093924186
0.014256216163509139 0.1359427505249926
0.32973443497973487 0.6629628415416398
0.8598557185920646 0.481219219400014
0.8256403778895796 0.3575862907372882
0.44996333348952744 0.6442347262565562
0.5194498504090919 0.7057632081623493
0.16235423839784313 0.01967457420928076
0.790039589362729 0.23620163816244877
0.1462754739361658 0.7881594136966046
0.811891224248906 0.06271829029937437
0.2938689179996521 0.16007498867745995
0.08557255664546504 0.7896282318214087
0.8542964963827295 0.6816072220694218
0.3286012019100488 0.49962826273777683
0.5861518419577447 0.4694413024962303
0.49349769142138733 0.5928620450070277
0.863138953484667 0.8315427773503921
0.6132883708347168 0.5076526588356141
0.3490958899372789 0.9746553722572355
0.2863197429112905 0.6825334749096184
0.26350512570218787 0.45932221949791896
0.7796748281996164 0.2371322975151371
0.6372499396074438 0.7987862127348213
0.042717902171405475 0.431197544650173
0.2509661980934903 0.1628414640747169
0.1455714127772909 0.22936997520358537
0.3938999124435367 0.6952993546848754
0.3699847733219519 0.24580635900347825
0.8970929924659612 0.5423462478644216
0.6003737842640793 0.2641612413086645
0.24154913282231405 0.2496455250355909
0.27126827179915747 0.36302086784130183
0.22723205211064812 0.8600706071804247
0.8315649155119862 0.168074944582709
0.3431939342997914 0.2897125661782516
0.6006077800294234 0.08648531717639951
0.3499952653975049 0.18368620055766138
0.7690960643295022 0.997923726517564
0.6074063360133646 0.23041131074347354
0.029515380805272384 0.5357487823230536
0.13989850304305906 0.04686996255895881
0.007805492479771026 0.600132556164714
0.42587051687484134 0.40786821852534416
0.28610694910354684 0.70554588891345
0.45491684629464135 0.10334337106060598
0.48144346848747777 0.09992843126204165
0.39934150044577854 0.8588026617076296
0.5432955856504855 0.7496795249468651
0.2795137011828559 0.8280829728910948
0.06300823976880632 0.7990184667082467
0.3269686969954875 0.8258474365643171
0.09388941718276955 0.9748325961551063
0.29711314266417266 0.09909249635034834
0.6649009091088636 0.41350898060887875
0.42557654859839 0.5901503651230957
0.345480335245244 0.5214287269427509
0.6110810074409572 0.8956315394152432
0.8127207406501169 0.5348113657661282
0.4902763625289861 0.436308777343446
0.1623084653672271 0.04555520555632753
0.8325837854366263 0.8549555347503084
0.06323832942069796 0.7743056566334172
0.2689732422365012 0.09818618913742139
0.040167754854236515 0.6818365142821048
0.5421582247634109 0.8398829976234139
0.3244028149308791 0.24311665236418034
0.16606991869566778 0.6278744400014733
0.09938307183053863 0.9694418125948925
0.9806717736128094 0.599444047575515
0.22581634943284268 0.3174768215592365
0.27502795665000734 0.4914858491343925
0.8325562406525906 0.6039071606264172
0.8402872368024785 0.6159853118795178
0.3429180083215293 0.42764367944808046
0.24953067096836867 0.8610442820901811
0.27823088089879744 0.44485448226474555
0.4963747278834705 0.7736301644397794
0.33649304537319225 0.3519876887268645
0.6935434262204272 0.5762498730676993
0.7808850624340156 0.5513163594803807
0.22866136815486193 0.4297580321106431
0.7776288487817642 0.39234227302551483
0.17604443419140425 0.9714668778652222
0.7252497225884713 0.4906603479136207
0.12466583118203323 0.26388048586207313
0.594726553421314 0.7133330511960867
0.34341841799649186 0.5695645185986815
0.49325346316655216 0.05543430202552746
0.507395576361632 0.8446592828003263
0.9405422749287251 0.39718373662563344
0.17133243555935818 0.41577281978743574
0.858030460328097 0.8186862850754717
0.8176947578539209 0.8896048817798146
0.6824637660109578 0.06610104570579911
0.4052850287408487 0.07365403754703603
0.17776732573023613 0.07598736410454343
0.8672271712558186 0.14554365195861863
0.28666631191637104 0.929103505795073
0.5512445750611485 0.7033449425614127
0.9522807429915792 0.8693065077732816
0.6800408159181703 0.3977886232886365
0.6834975821423164 0.04090192082502697
0.2587301361682788 0.8357981670836543
0.6795013097160474 0.14633346112776446
0.40556485464065606 0.9588836550767832
0.774752861910601 0.7158606860171617
0.6861908894507076 0.9056872460017793
0.9056999788398719 0.4759490783775364
0.43385842936233376 0.055260168538742827
0.10923592749139721 0.8640610779037514
0.05686851875517496 0.22813917057732014
0.5561137389187434 0.4795101925332399
0.6490124748664334 0.17002609109769784
0.9319257510265797 0.32240810082780946
0.9974677083516466 0.9009401576576626
0.1884641236387543 0.7283167318177521
0.9370083396422881 0.9457116574441029
0.9685338350021033 0.4025552953952378
0.19896962885871217 0.07753252340054773
0.946154530409093 0.29382861581177266
0.5686944583230595 0.30403141092361863
0.5679785270430318 0.8737723831769966
0.7459301187307392 0.6784566734607869
0.45558440846089576 0.9219994764113548
0.8513928210423232 0.01060627681317694
0.9097767818150617 0.5333605260725305
0.611326658530146 0.9866042640028865
0.21795445611344566 0.6575868317750186
0.6092743277361103 0.8775741960946766
0.36893840722626714 0.08148341431274964
0.8029992662720107 0.33550283036543305
0.1276262715605614 0.23341872703042243
0.7921206768033671 0.028271324294615985
0.6175812383779657 0.12068061098922489
0.7036365507037752 0.5268940545496699
0.7124507241631148 0.0936087594056072
0.27893404244451037 0.7760600441099399
0.40704267363521707 0.28312276905264255
0.18257602894608138 0.7768551807517186
0.19183503689207115 0.8766383860721678
0.9550874795127615 0.7870570016173526
0.9615016105684546 0.2462589830494537
0.0603891180357321 0.2039035315722424
0.7706776666405564 0.7614498438581525
0.4000641463724004 0.5193734148715576
0.05951212446960308 0.9545882084682737
0.9183831664269428 0.6505837016423921
0.8271902283922994 0.11499000787304348
0.875500891294442 0.17755953032514893
0.5561403496208728 0.47437326121189893
0.6885522097040833 0.2788004231005041
0.48562528710768915 0.5666762635473637
0.5278814637827951 0.06292621361379558
0.24537232092729933 0.98253358164443
0.12151764706981205 0.6490180804419008
0.9745792170069831 0.12457039491948363
0.6643638681871091 0.5962083042521948
0.4866419941048845 0.9311355505780377
0.9743216733006181 0.2519184881146097
0.38744260411048526 0.15059274156285496
0.48672388244605536 0.6098351504824187
0.8199844458102419 0.5197196674108462
0.7081173731102224 0.0738500245049516
0.20371361777469077 0.8508753173767885
0.2152994310189411 0.9928047305741317
0.33112107474874564 0.43505761781575014
0.2454257662528898 0.6454483915117832
0.2754833402618815 0.213230246219692
0.8357389226343452 0.24747111343967587
0.9144712432878686 0.5858719804639507
0.801502939751678 0.4682437763935936
0.02001016567668823 0.40562291177611787
0.15933436064911866 0.30112813763824064
0.9579524063915517 0.3264456398079367
0.3811998791899047 0.9029443609669581
0.30248651323089715 0.38547343924862765
0.7701615330669176 0.011031975207152822
0.7028211335349079 0.6060003897746014
0.8388412981359177 0.014859531709379814
0.8923360107555585 0.22874458164405875
0.3712397109676595 0.5846303372250845
0.9834149435737243 0.6207392415736142
0.7912457970215443 0.2694532247272132
0.41174799392050154 0.8523907424500645
0.026061175149647342 0.7072152914187577
0.023713027856247626 0.8198584514865173
0.22057023337168125 0.16748401192033757
0.2507383958204712 0.2041834367091231
0.5117887684519344 0.3517362820101626
0.5670722318834422 0.9825394927058075
0.3942360535307996 0.8816173008719932
0.2570658609081704 0.002650653493154742
0.9474006813176796 0.11083001188219832
0.9140724371396911 0.3601512575350436
0.29592958610466535 0.19609398820889212
0.7734134104460109 0.20018952709381543
0.33796212847294904 0.8612960723998191
0.2135447055930204 0.9686290883166628
0.6616586231090986 0.8118829957196383
0.7300820347467991 0.033260357356741155
0.4347916158228331 0.02734553071448964
0.29088176354395645 0.9611706467534966
0.07533738295911707 0.544269738449132
0.10341194621486882 0.7223973145059461
0.5922860909100642 0.7333115047665169
0.3824880222801288 0.6640469765640251
0.35730221945864216 0.02827195902387758
0.9784024202226593 0.23000089712048855
0.6999199207571725 0.7232147204829391
0.1647869386192633 0.26326646940402365
0.4490473115825384 0.020736168025743185
0.645290741447549 0.933405303535453
0.8399468421757295 0.203821098807772
0.6247104072669933 0.7631534368802269
0.26174261664953136 0.9788619222883013
0.6128304894376366 0.8338593070412519
0.5790012769312916 0.26256285040130134
0.8248661014428793 0.8122432339306915
0.6558365792966334 0.6149621927006839
0.9810315418970392 0.9943240114764642
0.7949967034975134 0.891715244663642
0.2049532664561724 0.8473522422021322
0.9390049124977664 0.9347798668301943
0.31064615544344276 0.8352460243630073
0.16583140682717956 0.8219299302808671
0.028435957129472778 0.9654005611171674
0.3547563498738928 0.318654992862903
0.1777078645459571 0.14371828361961847
0.7223151284031453 0.20691288023273602
0.1674000499668189 0.8962463608055677
0.5144107109692462 0.27627365945700166
0.7423907851228424 0.07342420926206472
0.5920910566462747 0.23765782922474066
0.2238581854799746 0.16523435942915787
0.5727090355651381 0.222204910202632
0.7199828138498714 0.3752268416386677
0.9081837227985752 0.726233375835653
0.5254461976797609 0.4431515901160512
0.573247248289042 0.6135060567402277
0.9932721213265236 0.3953996191192082
0.5003044209848291 0.9909165938346849
0.18138780534615484 0.5026245752645555
0.9664299824361196 0.16092565078470455
0.9450760823038489 0.3595461276646492
0.014899420437014532 0.523099995640113
0.004630102414563186 0.9297398531453835
0.8982348073165318 0.5884580087764142
0.4670487254451461 0.998931636589145
0.29149787862645526 0.5938577509610883
0.4514355476892893 0.6136207008121195
0.7814928166990291 0.9137478558445882
0.7149056770095443 0.13901544645531683
0.8758368167509858 0.017162770579380204
0.21680307757750827 0.25409257184613376
0.7986894171626835 0.9743842198806008
0.13240502420281008 0.35101853021924034
0.4429280152279511 0.3919797338551192
0.42476935563681195 0.30801738098883114
0.7125678948711864 0.005829391010378382
0.3502498924056576 0.29283696039801765
0.42032507037872957 0.2963438213883691
0.34990037496326987 0.6894058858540961
0.613571172788588 0.5173752600149353
0.6439671235746536 0.242273054867026
0.5471028553141546 0.37192428493611995
0.8386782434420363 0.3629030015738115
0.9462906958466692 0.8190959063082368
0.8949971402060515 0.882746787354177
0.6643726749956891 0.9537571613336615
0.5957216216157804 0.4528906852790697
0.9229107763073296 0.7454039078043164
0.23379599628814152 0.33937538843615456
0.7327604934261125 0.06106535412057368
0.6099706872389021 0.5891752269585482
0.03394686151137649 0.5457078478402548
0.45663940669972036 0.9846295067310435
0.8948872166907629 0.556030348917685
0.082964031131048 0.9027823715734857
0.742360388498656 0.9288012539624755
0.608853346641699 0.5890120154225567
0.1417877061558641 0.4192707478327442
0.8262265118737488 0.5994549500962807
0.19696994395816447 0.5874175594104769
0.998454151730011 0.315332110773193
0.9666789225913575 0.004049236809848145
0.04487427919646936 0.5180343241976064
0.7939457210137599 0.8518502254712073
0.9465116437858385 0.39962472586104636
0.014037709913952146 0.6013117637618683
0.3063824642202406 0.6528330594796148
0.3529572554693152 0.4529752933700133
0.15052205662154883 0.2348543962840024
0.6981438278068068 0.5572710557623104
0.3845815313649241 0.33080095640009843
0.3349154910065555 0.6248722328375125
0.2743014418778058 0.7920979055993613
0.30116082222377694 0.1328541997089876
0.24475538493635063 0.5807110667492001
0.6402523370713866 0.44920303262400796
0.9943400670675573 0.6717342413749341
0.8498454623363803 0.9872389540641637
0.6062038458459238 0.7604265342009116
0.6644230747427704 0.7327708421650763
0.12249456791217028 0.30965572550730314
0.4007916487322154 0.8381264192780487
0.7487269920678954 0.4336685075658153
0.009120404196889309 0.13542593017266835
0.04687000937171715 0.14541044312515283
0.25790946555471406 0.21072056452455512
0.9361308385561045 0.577760151540123
0.4868639698527628 0.8438086627300303
0.7198153704659973 0.2735041012698074
0.7569110644283394 0.2442319426873294
0.5960607887646101 0.9120309656404804
0.5268908316547483 0.11875725214650079
0.9352306298259481 0.31423620134523866
0.8766462924988772 0.11288313927539684
0.8191679694037795 0.3820927168107022
0.2981921409383841 0.15041337803649601
0.4502952313441666 0.23112236123109486
0.12429752955207296 0.5480061604562476
0.176945861453619 0.9737736750268264
0.895350698071659 0.9919984505356905
0.7020044208739713 0.9646884137610936
0.45080952771925076 0.8664899370093979
0.26973662018205147 0.2754434013974034
0.7747694023104794 0.07311339145608997
0.6804356933892199 0.7787775889664381
0.8871028606058813 0.6843123976536161
0.8743745515747883 0.2910917395941126
0.17278558777826958 0.30284118971573726
0.31495954019950956 0.36338741342588676
0.6970388616852539 0.6322532598030768
0.41808575841595763 0.19135717731715318
0.6984248445824432 0.049895508641319974
0.356757327126765 0.4356794130682047
0.5910049558497894 0.022274888189092845
0.2564890044095469 0.7343285362915541
0.6279104228287566 0.742534573799573
0.4982102932732311 0.9970259260283996
0.5187779855363206 0.0974382303555168
0.15657260700762166 0.3267404721552303
0.25575180494390826 0.17362429964026282
0.6327759020220312 0.8777377895906111
0.7241621478584663 0.04479310395154679
0.07372859466629444 0.6321360085167698
0.8235752563454357 0.5930232285509618
0.7363543765662812 0.05202989284214232
0.21743919457406036 0.9103538172815047
0.512305756659678 0.7953239224039264
0.13853426979102168 0.6304873952006718
0.7400300028103861 0.27691179573816505
0.7619467147787389 0.0772469747000446
0.5239466275469116 0.6539602493777588
0.7712966476327254 0.4750734309217961
0.42439958305749403 0.9595446871333424
0.3355111184584152 0.5756101764611832
0.47968063978738007 0.8218829574500337
0.1385696628392994 0.32916722530882514
0.4693592433557432 0.7272339649219923
0.07111457570911872 0.2785481168878663
0.6319874173213345 0.7618612430906146
0.6067189146428194 0.17710471269531824
0.6357697862551881 0.020354497607370847
0.28658293730832085 0.7162062310618638
0.7357392671629293 0.46297260565165743
0.09247892162096405 0.8122022413114807
0.03022677519350525 0.28597225451519415
0.40128478789714084 0.0022672841886763884
0.6874835606934249 0.5868408417037863
0.2560678871701765 0.6396978004859946
0.18863516876906838 0.7923121246039146
0.7526931617467476 0.8746341808569322
0.2431057995459922 0.13313949779926304
0.10936973240701464 0.7055528924211969
0.2339038979772763 0.13407175918837022
0.357959675217735 0.6496684315441881
0.21157478091137194 0.048798815704999665
0.4296035165325065 0.09865220757639892
0.590579702543653 0.8136611801862821
0.2491943280015303 0.8614529960216606
0.233296571629241 0.21470697808914774
0.1963218912183411 0.9694521066855042
0.9389651331780915 0.7064370609522177
0.035289728710600654 0.22205048120691728
0.3616153078725275 0.9578689608543471
0.017611669524317364 0.002822762242530752
0.9037210613056468 0.9061446594602856
0.42988185870557016 0.8443617140572997
0.5279562171403036 0.19345368029525112
0.9527323625631883 0.649045423518934
0.459545588536433 0.21371801470772045
0.4126765273946895 0.8417526275499265
0.3251526827766884 0.9563559044559451
0.5889623440577483 0.6453491148913284
0.26287131696261845 0.5280833498960196
0.7547416270063403 0.04459448997021642
0.026110056337226517 0.34660826102639186
0.4348060144667425 0.22942102746821535
0.5763152411152535 0.0024021279367076875
0.21219935059129247 0.7254641677737879
0.8373757744277852 0.842944084852189
0.09728895021485462 0.24482685866008258
0.4580998644753844 0.012268413943670176
0.33066979121799944 0.802383000119202
0.31197883685936545 0.3346776568716716
0.6496234328328487 0.29857738636161857
0.40121016289798295 0.3844640660393832
0.9507603876096131 0.5963730888315104
0.8111446203134411 0.650329629964554
0.9590274784663493 0.30870928447826795
0.8168122623987664 0.3484713552303038
0.5328433419091967 0.29463616511223867
0.7096495366792821 0.4049733419998385
0.22357868124052316 0.12138475899702761
0.14480941307852313 0.629971367296617
0.5529328705254353 0.3205998582763847
0.4771957741377961 0.06266817925820178
0.9505851532359904 0.47085896483457645
0.6082498486078218 0.2671320454288797
0.8754204919929258 0.9502143027188825
0.8526659191665267 0.20237046294600636
0.3041258333060506 0.6601718595949657
0.8841408037441483 0.8686991874406635
0.593307416438287 0.28597027114409146
0.14739414932839567 0.6836616572269332
0.7801916420008517 0.025571433520051423
0.9142282600786096 0.9328068868820898
0.3107189003982005 0.9029496576828613
0.8593104504410616 0.7848027448641011
0.28391300869951297 0.5444015215256106
0.85026839033096 0.34546322741551694
0.8259584371524213 0.41002067078705484
0.735617683081174 0.06815919250741898
0.7359229065634567 0.8274291038906609
0.6836823469372708 0.22017738045487656
0.18603641611496347 0.11324157396700762
0.10005283589105995 0.7255285155652242
0.5636155529495241 0.0745750921261712
0.9276325716868585 0.5918084548576563
0.13344366980219546 0.5796951412414579
0.14485687803886482 0.66113505672457
0.06046700352570977 0.9847844852488927
0.04526570323286827 0.25583883829510823
0.1665409805010336 0.19079145444008994
0.34758613085347134 0.05568287307458797
0.0968461631198736 0.6571296350961151
0.49430251478612486 0.3914774513396255
0.6499727443365899 0.8292366736055667
0.37669110936286465 0.539139597822208
0.012372478702319611 0.37224246087956536
0.6466230382207394 0.8264656608318663
0.21484433192713315 0.3002233166851258
0.03669417048433998 0.11501265346657674
0.6624086924736725 0.896709175416694
0.48215953347970775 0.947113163658968
0.5803320284260163 0.3798760229596494
0.3352390430557646 0.21748725650103395
0.28587669993379117 0.749448420746162
0.41537106848258976 0.7379983818556584
0.5229521389888285 0.8845125829674214
0.5181556619075505 0.3738425009192803
0.26463533611549406 0.7468380362860856
0.19375553479805396 0.6364925937940709
0.2880254264441866 0.7368703030883585
0.3878922139407308 0.3568592648895701
0.5575367162996461 0.5900977493896571
0.40037537592606953 0.7827200482082552
0.36413001599887584 0.34017417331794286
0.563665851899561 0.23959998506913616
0.8019565022162778 0.9681874011596172
0.8966557477820407 0.10741172963954781
0.4745836361581386 0.8450939680164005
0.6808010927974579 0.730141192870535
0.5504340565190691 0.42645720834460654
0.35331206378185587 0.7771103030507436
0.6481490519376536 0.05169400297136839
0.7776833498195148 0.23387829993422993
0.8339065332779829 0.14948128764244561
0.07051885307820904 0.5685645430097697
0.9178606555660211 0.36697597593577
0.6795395766709533 0.617517671952408
0.16711993034590544 0.09466617625890716
0.2613941534931572 0.9550101294136892
0.5079762347492518 0.5462514652600687
0.486582066921718 0.05637455979566797
0.9615717183153492 0.15820953032530283
0.8137829137887449 0.8590057618433946
0.7818689086496593 0.5344320277860584
0.20700228488746508 0.05186315659356833
0.6958018016774203 0.5547349320768031
0.8131435591249654 0.2728834287966746
0.7719278829044429 0.39984593473213637
0.6248597767905715 0.8566967265311578
0.5895203089261054 0.3204244930365887
0.35029641494837405 0.5190095677457442
0.5164070185512932 0.515495356324003
0.42348477370308246 0.6641991945300014
0.6603331837124418 0.9667922976370746
0.3077715785486952 0.19383900959270295
0.11735868672414496 0.9252848503169491
0.2792284246441106 0.773064889520872
0.9506834808058262 0.7834247845542783
0.1511759289630612 0.45754622808530043
0.2654775284032973 0.42004301716428616
0.3770895164829742 0.09761250146276668
0.14579852728666487 0.6049913044541544
0.22677330878342428 0.30702206050830827
0.9933870408663479 0.2568210588566222
0.9290676578080062 0.27767761666247237
0.6819666335514258 0.7881777650980937
0.9834725679685912 0.6526402873349557
0.07395307291362752 0.2135039883677219
0.36096742104462143 0.029542475148401026
0.8242452401425258 0.39716913806473664
0.36385955289701655 0.9853543917353322
0.02428423017154735 0.897049810507512
0.6749901271790661 0.29494868466937096
0.5919412434599596 0.059417889175052974
0.6127198153029105 0.13681329555031208
0.33383642107302913 0.06570746734683097
0.6681877282183843 0.9769251804214956
0.6033630269399863 0.9044917395228693
0.556256599778516 0.7242716752870906
0.36555841480628826 0.3849956973713786
0.37722987213074544 0.02313696690946232
0.8743866059314882 0.4874339958442431
0.3957746310795456 0.7370854920885861
0.978915885998098 0.125339455874238
0.7197878568092795 0.4581766130470486
0.6117535693331873 0.5754257385546413
0.1915586148322035 0.1488790144852865
0.19723481823068734 0.32959640630897913
0.6974834278208606 0.1586472259600431
0.9620974428209819 0.6973589600730923
0.9361740190467784 0.8454659131735496
0.6794338193310288 0.9161639886302353
0.49584558271146517 0.7155608716447623
0.5539415324176402 0.5008183721758304
0.9256662637218809 0.572610847870731
0.5245881442738967 0.7317710902114647
0.12054163261154405 0.37784748351012043
0.8792378318387857 0.01613114623692602
0.18738598864051803 0.059600712922801335
0.15646171738657078 0.7261549595713872
0.21591925405267376 0.5237681332462771
0.3590861016317253 0.2885575394860507
0.7905683069961256 0.29619554044910146
0.8599817006578405 0.3985724976188989
0.33091002155619464 0.6137284079503036
0.7441163487825904 0.5999008474764373
0.8519164717207672 0.8759347119255232
0.36438324416187373 0.8136740302736618
0.04100536562678103 0.8507936843593642
0.7984102821894052 0.9077697534702069
0.283791726620362 0.4762078655458324
0.7011348396956842 0.03125127860006116
0.0014652309955287546 0.029589936349374124
0.10870819669793774 0.969377248547109
0.5297776212275496 0.1634649500580505
0.4051544690977258 0.10994471454858812
0.9195546889612878 0.42212802356048096
0.6102306644887552 0.20719647540370278
0.16288013995068074 0.3184706952211518
0.4774880262041934 0.07170211221176181
0.6356575712078096 0.18264393956093983
0.147374806801704 0.47806614794428115
0.7978251149023952 0.9520228956189374
0.053469167648280136 0.6027731548340471
0.2253909967993606 0.4148576068099099
0.7076228612755531 0.9469852120706872
0.19087677086214305 0.14813031421817602
0.9940998930675249 0.11165381633824079
0.7504445164718025 0.5803726645169911
0.6216405648359729 0.9508112378881974
