10 2 100 2
664 590 686 663 841 858 698 796 656 703
662 709 735 701 853 899 871 709 1207 694
643 771 797 805 900 1125 1373 1389 1301 1206
686 845 909 1002 1108 1803 1470 1404 1348 1293
722 916 1001 1005 1224 2406 1700 1477 1444 1397
726 741 908 949 1481 1721 1451 1320 1332 1303
768 705 798 887 917 1589 1461 1322 1246 1263
578 696 728 768 855 1385 1309 1286 1269 1247
575 658 627 706 813 811 1283 1220 1190 1089
690 656 618 608 680 816 775 714 1141 656
3 5
8 0
0.4175301998298073 0.5630043162742716 0.8239672329712868 0.7122103266682625 0.13160642855989588
0.2699660671350459 0.9236406147758531
0.576880363464302 0.28195004931885226
0.16788714359455081 0.17517916890480034
0.7432234699008076 0.7271803693102388
0.6926066057055658 0.6986001696715329
0.41994834376152546 0.4196612728750686
0.6486078226008869 0.4985349241516208
0.5585896330808469 0.4618541800090965
0.5584315200274874 0.4455102306802703
0.7263792004445597 0.5549224017669123
0.40207966085904534 0.3512390550363882
0.8206583768466447 0.5293304568401891
0.06457718052025507 0.23291678463745225
0.8123117851477086 0.7870493563524306
0.5867812517998103 0.6057507927770769
0.6277192198034964 0.6508503056475337
0.16140761799531878 0.8217261342972746
0.5923461932837812 0.25668154662980114
0.6786945722559161 0.172265951676694
0.07675664025497153 0.9928832536144283
0.47156774645648647 0.43140139158795465
0.6647663622812974 0.8452718091090066
0.5592209507866244 0.7166826654207192
0.7866303467206608 0.016297825067039806
0.7361800879253373 0.31043855192510583
0.35351382595880043 0.645326259190403
0.33317481780477065 0.638162563986675
0.16424999733395085 0.8094570557760068
0.5534439644005777 0.1780741534078243
0.6232943417952546 0.7864450706341035
0.8552667741237203 0.42065079725669596
0.42044109621615666 0.475824190677238
0.35774184610727455 0.7581519850045846
0.7010039121598406 0.5529507317625357
0.15904728091164078 0.3731242710498963
0.28325364857154356 0.48568102143121417
0.31078854443334647 0.34767041241795993
0.8618965731662571 0.8988024273322568
0.45331701552486403 0.05166097340358311
0.555720488513183 0.9855634638115529
0.10946365651535173 0.021589687909103095
0.5898981006286208 0.5555083046160063
0.3795801399489176 0.7933525611938084
0.45126234915373487 0.43465956531524674
0.9752455069976815 0.2554351569526503
0.16334636392161528 0.8483803089949649
0.1331772290697848 0.9359090799302328
0.35212997736978235 0.19120101877936402
0.6509803578959852 0.011908506744110703
0.750338325841658 0.37373181434246305
0.9574307495804761 0.6106823408054802
0.6811808536428752 0.41431760237788007
0.9973077618819535 0.3513137112614704
0.26537598421827857 0.4907575342812849
0.8123278125444668 0.09927735781648495
0.6893959349883625 0.16129867603777548
0.9797535024922628 0.24157995899084272
0.9825114675571538 0.48831865235867644
0.2123740864787842 0.41551512068040464
0.877500978687487 0.2580008888112766
0.2532348240287443 0.3525685189659593
0.3557357672837631 0.23905086250871066
0.6156365807162258 0.7265349661689418
0.19484878310922338 0.5256533705258335
0.5420350230719362 0.13906928966811405
0.9176941294020522 0.5255969877008992
0.6597036180319007 0.3513280271967578
0.07290534253984204 0.5542424662903542
0.2296996290553217 0.14041760862169794
0.5553999957392008 0.17087151689903135
0.8861497369260685 0.1352411786734109
0.044248847898880284 0.5463251232609829
0.8736574997019344 0.19941699498258258
0.8873724849853863 0.20957082946797256
0.12714260963183466 0.6042103120064732
0.23568921845781876 0.925620533118797
0.7290280455939246 0.2874131943627356
0.5512361476054162 0.6708296312129867
0.7066332172444625 0.44860014515635527
0.8664718853286841 0.7194105171492096
0.36557905256059975 0.12167596842519579
0.41988909265617225 0.9261722997517192
0.821994814093769 0.5906665910227438
0.13527015139790421 0.44302291624463663
0.48658801008282815 0.3270588699061745
0.34837845761728237 0.01982470418995108
0.6876438910312548 0.763447774590049
0.7876152584513614 0.6342513352249839
0.47923980928514864 0.7571862136797693
0.14387068734169572 0.1025398836656175
0.8450747798493834 0.33295473992465996
0.7555476389085509 0.7937286140510289
0.4222854293213891 0.3834137692430566
0.40727267037288106 0.25641104226830835
0.1860234210091145 0.40911546680063426
0.13897876293025835 0.0209571510790445
0.9089420463264279 0.36342178107788636
0.6263871571407778 0.6772791577976176
0.04257838843270356 0.1841129377510542
0.7992367885055123 0.6347669257126689
