10 4 100 1
713 726 830 847 797 888 868 776 797 753
774 816 842 855 931 967 921 882 794 725
797 839 807 834 968 997 926 915 891 856
802 819 915 971 1016 1013 961 921 849 805
788 833 940 988 1101 1192 1086 958 925 915
924 927 951 1087 1113 1306 1116 1017 968 941
889 952 1071 1095 1273 1415 1299 1137 1054 1012
934 1057 1124 1311 1472 1630 1464 1298 1152 1088
936 967 1102 1144 1227 1424 1273 1191 1075 1026
903 913 985 1077 1127 1233 1134 1071 1033 952
8 4
2 0
2 6
7 8
0.48446204909095225 0.5669188137650418 0.7580466457226605 0.9874250674986966 0.4157350566202431
0.3955122916163365 0.4679825120210348 0.679405088769292 0.8835891109153986 0.3509051986962225
0.8243686995732171 0.9941016739755921 0.3895379123698924 0.567302700435582 0.371598245812211
0.9712209884524301 0.9056137284509131
0.6873710287184933 0.5777473770231611
0.6005492301187085 0.24706792517748766
0.7347180957178916 0.8183129351926635
0.03966046618073937 0.45160233867889943
0.21053770241748482 0.5784080746410476
0.6243999155278777 0.6863593988555354
0.6876529855371232 0.27926015717330976
0.4639785604243356 0.6503890371178427
0.7378492536574979 0.0394615272148644
0.6010642851929651 0.7607144249184097
0.1216973031982096 0.6579941384438837
0.8768959295604566 0.9026463407710341
0.9787522371847985 0.6487308653787422
0.07540168425543681 0.18685417053327913
0.6626169874414052 0.3147138167263428
0.7029303427848748 0.06807997780774322
0.6396447712088174 0.9570226003072584
0.5778310590321447 0.7442830837379806
0.3171075525305185 0.49023686342174866
0.5608303798266345 0.19532767749757918
0.39957928192291914 0.18516860052438733
0.43891700082749363 0.9397168665914011
0.8926630492970966 0.6365816093943983
0.2426397114821517 0.3083180987093943
0.22559185483095057 0.8403460112522472
0.25227355292701015 0.4621382396002054
0.812690859389515 0.3687712712001956
0.8280849035177364 0.5873291560227523
0.6218088369791595 0.34249211128031454
0.12599223840694362 0.02306527410330017
0.6020832664025082 0.5233337665011792
0.26026182281129717 0.8577337318148142
0.013535837528365846 0.7550473253861467
0.1493382491018358 0.7091066777265513
0.9496889467909513 0.5141555534801863
0.7112264241955271 0.49786284862707
0.8013299580318662 0.4058765734730523
0.04685865247718746 0.2060266043108998
0.6199298743409214 0.2937981589403198
0.33688572663381566 0.43828758665231615
0.8259047641889405 0.49281536245204705
0.4082648954635453 0.2168683756477452
0.6920803218443212 0.2312399918819028
0.900281308827688 0.0013625138587600727
0.29467877391095176 0.9705038112149178
0.8906229306411544 0.6220239772576961
0.9778342179495823 0.6912674083102195
0.945437020028469 0.2948677418548198
0.8841014274182784 0.5138729214272852
0.062313270128325104 0.6202976511572706
0.37517033332104055 0.7572483085160147
0.2864421638746353 0.1000990654484013
0.5986261275474145 0.7618566974372905
0.8455752138027233 0.8443527926481291
0.9821817587384025 0.3709142175930147
0.8445376476787438 0.5376443226849545
0.06355553835411043 0.7534322138108285
0.41154356381990453 0.16878101683909885
0.1172855777298265 0.3337704507852468
0.7870100359579304 0.11705086733229009
0.9541375675777737 0.567994502189682
0.4166556736221734 0.6296856550813013
0.7089947428591723 0.8592186267626145
0.7253416502510661 0.7696669124294497
0.7061986647692988 0.5206444876124647
0.5165093273481931 0.7890641722521663
0.7744095416786854 0.5214581063777524
0.7343645816392492 0.11340513907211647
0.1777969931529455 0.6791668026083113
0.14187627496097233 0.1731391187524256
0.8210616546030203 0.3209382366590545
0.25041007993578734 0.20351353785567539
0.296279444467324 0.9580460956583887
0.9755028844530254 0.7002378187915881
0.3052555525140106 0.7840679936513455
0.1095802782728641 0.8036066576018244
0.09143538492451331 0.5346201379681099
0.0040735349486167305 0.978372288867587
0.895604773116732 0.10275278742623861
0.6303596592598308 0.0685344098755134
0.8094644778815154 0.18628107545454986
0.5801100738017171 0.35342120714273517
0.8345950853686233 0.6975990526656315
0.31669889107910265 0.9434865230633425
0.005615221925779679 0.7125975822818689
0.817359595282523 0.4800839513042552
0.9060473112127947 0.5772606413070334
0.841872159778942 0.9863284192183206
0.0287376834220352 0.9150225929388953
0.906367969783382 0.20267552214111118
0.05393348401856235 0.24544727555028945
0.4158008602145038 0.693715888473132
0.22165506326244833 0.3752230086627195
0.5194361266861172 0.1504948624980309
0.41865291588254516 0.016408972232207164
0.7136663502920122 0.18117700014756966
0.6539531039499598 0.7908979605472046
0.5297020773344578 0.5742816981872776
0.15942573427927798 0.007496025974712994
0.3317461483829305 0.9851546791285675
0.4525650981876901 0.13605458334864062
0.9600885848358458 0.3413104933444111
0.3804820756884295 0.6487315767103923
0.019388247655235613 0.1668489899793475
0.06027874057074811 0.4619709404642127
0.6267143910854607 0.4406257901640356
0.11685669295477319 0.38440387594119585
0.9295165534168082 0.9623155432113275
0.9678295254662643 0.7066851475743745
0.9075223052747146 0.867443027961242
0.23359600746609477 0.023997259405981408
0.3970992525347907 0.33268073212168336
0.38102280496615504 0.9720350849452704
0.24964138575850892 0.2869139983355804
0.3309323540355036 0.3473340129715081
0.5945005651211792 0.8336154156994997
0.138616949165018 0.9607877369546505
0.9231214622444939 0.21829858544454583
0.24695144793689416 0.9082413061547263
0.5119268664932499 0.4761513023895838
0.18836516477955834 0.401962524799228
0.45407855116661655 0.05916713311431554
0.8698106745206418 0.7543503373067639
0.15619200211931172 0.4546851613414775
0.3121848336704651 0.29416081511301573
0.2452740438999932 0.4712978785570392
0.6491597029722884 0.41782073531980735
0.689087986618248 0.39630628416513813
0.6618417894911197 0.09241194416889331
0.998953265414648 0.13999733175753537
0.23064567283839632 0.40126758369902404
0.6127250587468702 0.578999035456319
0.03941216512535428 0.05470195740062822
0.6726975289215555 0.2536729114638836
0.17648541853136512 0.33742247631110867
0.8626393158825021 0.2718927436421821
0.9838891810482329 0.04540137405958711
0.526189880045828 0.029100361223181714
0.7169751121711287 0.747384215324596
0.7653721692173647 0.28767406608512514
0.8313351219781433 0.6425069061620103
0.8956399239468953 0.7443758632243522
0.2041412251105177 0.06383350681501598
0.7376718447493593 0.04225125878094582
0.1952125517891643 0.22274484870369382
0.768592615948855 0.7488978218984172
0.37861770256126026 0.10157468693831495
0.9909216014685289 0.1715280012743019
0.9178294096470145 0.33161365916411945
0.9861202337352839 0.7011085375859945
0.49785992670534784 0.5496211086545837
0.09315910061941746 0.583476106687099
0.9448872227925842 0.8458040634523609
0.544994567912255 0.8665480494629121
0.363293549938843 0.9307028966751669
0.03999726319304564 0.8790786260908958
0.09568867787967283 0.49016426887080256
0.14747911025161575 0.5090018402882299
0.3709521049102775 0.862075647508747
0.84276827076962 0.9308877681259786
0.7277282602217556 0.7979513637979934
0.7032182617810891 0.1324182316312954
0.12867017029351824 0.7401156298565978
0.4685578143644855 0.4739540997206986
0.4159227351176482 0.09497753087498984
0.7321563999465104 0.10903887570399506
0.94014290311796 0.7236778845283887
0.33017731054092225 0.9265192090527312
0.36227784467518176 0.8518317127973494
0.6902996155312764 0.08520855125873927
0.20236783508167888 0.10491210867881628
0.7341111672646456 0.7729764177394036
0.14691177679012069 0.6532163916349341
0.4552876226193876 0.9620324099469884
0.02317089480959411 0.8151399142035436
0.022981314731264302 0.4928310249216368
0.6749613516365336 0.609337129287999
0.3688791479209601 0.883513954233542
0.8054199697983482 0.26690297594019374
0.34008924912803495 0.7237495015625139
0.5499480243638977 0.3714821913492474
0.4128945833967266 0.7355205257667532
0.6998141928199364 0.36621079205186446
0.49619549110463046 0.2162686699054548
0.7827619612995853 0.0727246964842665
0.3221094764199963 0.09496078346493064
0.10016744819859347 0.5035052819739938
0.1526109979685235 0.012664491166066938
0.1185697751814685 0.41334004242896527
0.7248760726392411 0.8157887957034289
0.12169188929510044 0.35626795640671616
0.9691660538519156 0.053298258112783437
0.8862440071631141 0.9736971809007837
0.9320133860095632 0.47417742506384397
0.026744581445886206 0.5181405866702475
0.7524509786276974 0.03718344093527337
0.27560887094986364 0.12214065446243594
0.4999394197363507 0.7464021129981944
0.0742815100663945 0.5989081257338253
0.5955616087615916 0.2639319498500503
0.6372003264771076 0.41372868789615236
0.5930565205873677 0.2679534082236261
0.7169173249595837 0.6304072976342143
0.2509284374828944 0.5696624688782344
0.02122510837009517 0.9482329789261119
0.09099942257844584 0.09854522712241431
0.19064090864165006 0.8294499027838589
0.5059823602353883 0.9796221338532984
0.02384246766947462 0.40588997259228154
0.5321115178598106 0.12981459706750265
0.22997718918158472 0.7870747138548442
0.5916649326746053 0.091703632793664
0.05363452350820186 0.12977522415839537
0.9509666314634322 0.5944368505330864
0.21377865624853798 0.3021154554461609
0.21084377682663802 0.9583519520324173
0.0765156931731108 0.15424507821748223
0.8340763438882557 0.14584440093709206
0.44079157419094517 0.3797796190685683
0.4931768222754518 0.12016867778531837
0.6780745133103512 0.18529878332686267
0.13296576546872707 0.05172753526851781
0.8115786317643798 0.06320453095495426
0.5592641287285232 0.9859232134517579
0.4454986815010853 0.3445471107144291
0.22135135346973311 0.8359794751260456
0.7769356634199613 0.28143145421699267
0.7051848785922954 0.3044493702824327
0.6080866146269086 0.6696283366561995
0.35112690066337215 0.53918095374117
0.8524750948878814 0.8856617177060939
0.887884813262636 0.6124793484137261
0.232205083083046 0.09786683562816423
0.25283070690950504 0.05785833533984164
0.17711494106992332 0.013862821907985712
0.5665606217628991 0.6540190529761081
0.16744203758020815 0.23349809822850642
0.250732477001929 0.22774684546232082
0.7786057865857965 0.18430005413610595
0.7712576061437904 0.5537768356711368
0.2526723929950654 0.5117575192284816
0.5694999035653163 0.8037816179672566
0.3113093936745033 0.9323389617631093
0.2526686732927237 0.30072144151661107
0.922214963662179 0.8487540192925422
0.5307432716771954 0.1511870911820723
0.11510312133019518 0.9646865009044305
0.6483291211642137 0.5863670401786973
0.4056399724707904 0.7453668797703961
0.15495329409279646 0.9527576454120086
0.22741349491786922 0.5815506253457774
0.18935266397975536 0.9037456721631074
0.6353335466422196 0.17630448103416518
0.4593736914997919 0.8062418934512039
0.32767716722575124 0.9187386059876401
0.7457897103353586 0.8286685071596882
0.29820819939612897 0.04295566410376184
0.028372704059798526 0.1110508121277678
0.2940059069712504 0.23131903289681244
0.7423960442231625 0.5288268338314364
0.2316199263995713 0.9380475481623056
0.44486630224191415 0.5940634254667039
0.14698091310856087 0.32575116791916003
0.8286953728684361 0.40039111068833
0.40771673309675904 0.8905461339017824
0.9293888432458348 0.9244171842693751
0.4754279229545795 0.08980702771363203
0.11095753835232025 0.7275405186183583
0.3658796043971677 0.7544433087708873
0.7564569177958338 0.4191973937712714
0.16876821693718336 0.08403487534708454
0.7993574350422648 0.42207054553852763
0.8952171980683523 0.8002721250934277
0.5116434256391613 0.10985445735026311
0.8655837934282731 0.477207889056376
0.5377727707179687 0.29783191881309157
0.3980206528225929 0.2493592355422296
0.16439811317909214 0.9287621382007856
0.7015691443925456 0.1556293769035857
0.8407655158519658 0.9906505493906514
0.2428468198278959 0.12465823127015163
0.07324950702602528 0.44678909513144927
0.24762324249937429 0.008717001155950754
0.3259597351830248 0.18275825879358476
0.3462926144101406 0.0716146894303673
0.11547959356120163 0.1647064214546594
0.4805135156573106 0.37508254461422563
0.07289470621686478 0.4648857600680911
0.5129904919336723 0.7781281213951985
0.6511000175600508 0.3391637505095142
0.5227335152676817 0.1704178346348615
0.7450566509137315 0.15983529492023152
0.07439407307694412 0.7903705972221702
0.1356981398601227 0.7480521895883931
0.06470370385586088 0.8429645905021714
0.2322093104436851 0.006305016879053271
0.3160788687512148 0.9604723292841695
0.8021971808796742 0.12805294445840865
0.7533615646569487 0.9810538600780825
