10 3 100 5
763 748 821 815 849 654 816 591 596 674
796 824 855 814 780 748 749 706 788 580
818 989 1012 997 1070 797 842 786 833 641
858 965 1005 1175 997 1057 880 983 781 645
1088 975 1218 1169 1187 1037 1020 970 869 812
1051 1148 1126 1246 1141 1240 1221 1054 1082 853
1092 1075 1098 1142 1254 1314 1275 1139 955 893
1014 1070 1121 1146 1169 1334 1304 1175 1171 932
1082 1072 1229 1095 1188 1385 1316 1377 1091 938
902 1107 1225 1161 1084 1089 1295 1138 1062 886
5 4
1 3
2 7
0.9604784746319073 0.5336313892947397 0.7846011626012528 0.5808972449859848 0.1095544306460833
0.37769130270661083 0.9350152389943045 0.6809318799144506 0.5560550325586004 0.4053512596408083
0.3678113327843462 0.6818333467119959
0.4080089843304533 0.930753465536682
0.9907324688355414 0.0446111134122793
0.7850490935251824 0.16542135709530492
0.9663090338858655 0.8686333061614973
0.04315732029623054 0.7208578032883555
0.9135330760969425 0.20506598322921055
0.16108576800783614 0.8031451355396679
0.9615185336339607 0.8897674080584386
0.48641114451858547 0.1351422102078368
0.5311948755004006 0.4814388820808333
0.3331571640983919 0.09599621079678733
0.7464495122454773 0.05789938369008585
0.24783663560600555 0.5097128819832282
0.25965523153619285 0.8422173235911701
0.6434410862955413 0.8554023037611558
0.4648053340313356 0.7136850355734712
0.8918221757145475 0.3680148137577066
0.08027644954494861 0.7046577676430976
0.866852961308769 0.6290792923609148
0.4003536575296731 0.6837363115605555
0.17169555016891724 0.6370144809431035
0.16284231991740694 0.8871272970816597
0.8409052877647207 0.557935920012139
0.8370638578562466 0.16427597229350654
0.45572187591831415 0.5672774793411002
0.24752199416551113 0.21793128485616986
0.25796411494613447 0.889774899702964
0.7101632940262388 0.3706437950361561
0.13242991070744803 0.6460638468186712
0.46193283212235703 0.3923095748454817
0.8115279977485208 0.5966876011738282
0.7884974366693516 0.20565484346679286
0.961985612988989 0.32215274061879895
0.7517639900022672 0.4657597288864055
0.1676035237507567 0.5236531326119531
0.4002158226231203 0.12913810769235923
0.8650552116061638 0.16601458212993592
0.946401008228245 0.8542211712035623
0.9516769943644563 0.7843812849320362
0.5323950031396252 0.19059951532700414
0.02460540814140799 0.7735138952646738
0.10641846220781148 0.08646254461188563
0.6217516202063771 0.3590867394428303
0.08029574451653798 0.9020429194580482
0.7593676435377192 0.9055747249894348
0.013843690934989272 0.7889129481497983
0.41221657511227816 0.7927711262204831
0.9242953632711801 0.020635427240361492
0.6050629837401476 0.17392297979397653
0.10718450030370175 0.9150309378490327
0.7542188684087074 0.6417741885913628
0.7950017632261093 0.15281642983862986
0.9394692089793026 0.9696808925411731
0.2514427438554596 0.15900723558359964
0.9096172202430464 0.9921374283255682
0.9889213332252349 0.45420209557255475
0.09896401111822728 0.5106868110794553
0.785917247059986 0.37889017965671257
0.024852947519803603 0.5961687315801762
0.5240394154179473 0.0373135131179505
0.6465528823227158 0.5400163171820052
0.7548093266527118 0.09118558626242224
0.9192303448587085 0.9555820243673945
0.7297981074095372 0.17508310468289623
0.37210724649936266 0.8185532683611736
0.7033173410267599 0.89316028756021
0.29207739029072854 0.9780014008725522
0.9056807026398874 0.4561482639330656
0.8764865437052154 0.6050949021787635
0.09614552176839619 0.9281455543254566
0.8075752164698087 0.8255788525410694
0.20787583710107782 0.5398485753709596
0.8769118564346934 0.5683364064376859
0.6405272778310116 0.23349638553342822
0.7617105214573279 0.8398262630707838
0.8698160859779891 0.1426002427878994
0.6464369506612762 0.9129239041021422
0.629331099037175 0.13388117886869733
0.08984140287492726 0.6710520273596385
0.5352893940337744 0.058509248756255294
0.3993222887070782 0.7032629417293383
0.06768013669476658 0.9042252754080249
0.7284844808946747 0.2160954173997709
0.33846360493725003 0.1973013454436614
0.051700327444450966 0.805763017658401
0.4274291689327141 0.2873782353561811
0.9738258243706277 0.4516053629172876
0.14635259350626195 0.900253004146468
0.425554638359829 0.31514050744474864
0.6986014343250024 0.45063599503821994
0.7653035006133018 0.009741529256646508
0.9979262871499417 0.43311852741445134
0.04415616818400547 0.33679792603927683
0.15672620777195112 0.45899099976613744
0.09065593740606959 0.19924787590830406
0.7483740694934018 0.5211427963761703
0.9893512215185118 0.6578381964319786
0.30821682794049776 0.23519443662071748
0.6139995366638249 0.5320490572264163
0.046270324959597486 0.40358446889874955
0.7359425193441687 0.1306105490555738
0.9111146795215206 0.6798338878063133
0.8045835157760128 0.15165313941879477
0.26317114463577296 0.7379068596132612
0.8686601529847553 0.9403939721235954
0.699542277056185 0.24477231832710244
0.3063863351915608 0.6470687501126844
0.4291877439736129 0.1537701192648584
0.8736157345258351 0.07863172565868015
0.24978024762137174 0.6602330864853363
0.7431049054502308 0.06037312756322755
0.4696044799271897 0.36101286253463916
0.7141646198738731 0.23064789481243486
0.25386072644635527 0.1612808056012336
0.1676869457906287 0.6347207616318662
0.6779593616460371 0.167266442313309
0.6236739670964757 0.7893053303861799
0.9695052927131753 0.4235786871922751
0.7811118120213811 0.45706024370358045
0.37461910669665666 0.1352312684499517
0.024642321020502234 0.5243930831895625
0.5648724446764883 0.4694826979022335
0.7889433446780194 0.8942278797201679
0.12649997010540015 0.3865096256820615
0.01589516160491411 0.5541234263563877
0.5233249083360261 0.9218593993327835
0.9773071107228661 0.09163347476753114
0.8275791254185823 0.015711810830678408
0.44375560648751633 0.6854098779949773
0.8643302974025326 0.40564875908137044
0.5194538839535154 0.18652330595886446
0.5387383981308944 0.35340269303316396
0.7805325562312861 0.30097135866937297
0.6773893291285813 0.8749917684038464
0.7416574837206562 0.1714440377008537
0.8468150723806731 0.3380777832034332
0.019760853827904157 0.13060238733117902
0.5208990026923954 0.4307834471766483
0.1306046134152945 0.4377714127377197
0.123404416214147 0.0899632808997155
0.6228427608861515 0.33117721130244626
0.14819022334877308 0.4661859035959197
0.8809379433191327 0.8936996772633705
0.3098924987624576 0.04246603128885318
0.5782009034049862 0.2234555267722338
0.5538316430744921 0.6102229343084433
0.43817078718579205 0.6128201699746514
0.4710862126020756 0.5888485150666449
0.6198714090414925 0.7951767143119595
0.5650563447720056 0.9021943508481303
0.32444088109145675 0.25331280243781684
0.4182623382187778 0.0002541460202811763
0.7259067272026376 0.28890489643219985
0.12279335653405199 0.394340377952791
0.5823221297032983 0.8087265281204958
0.28734152140752034 0.019380518620886633
0.8638826300554998 0.6918976358371816
0.3906213250537873 0.6455929095878936
0.9046341533039151 0.9651699062627648
0.28411711961816755 0.3427205487036935
0.9697413250478142 0.14103792256884917
0.40913425542778326 0.5839238356321339
0.4347048735005612 0.4130693709191846
0.7216264740585909 0.993874744576926
0.7655144702788228 0.3977965574121094
0.4039277893634996 0.7288109001460037
0.9501986221167193 0.01490727043705986
0.5105055138427159 0.8563401966009969
0.19281431817781902 0.8718255314350769
0.13722015345876448 0.5568002197976121
0.07087528475464921 0.636384177909173
0.27105105195236456 0.6784248242221749
0.2790606951548631 0.6644730004747434
0.23140699225844208 0.8479402449323941
0.1814501430250821 0.29503695271517283
0.17799121654161398 0.32434079681068884
0.17265149088007958 0.8593121721250372
0.8548483787374475 0.31548071454522786
0.38682871926324425 0.4680605117484471
0.9910642989173177 0.8331910188666718
0.200481733265788 0.3934391065771914
0.6116434348079722 0.006481210931123416
0.050258124957177186 0.15176210866178086
0.735417793537505 0.707283763305617
0.8451345751470776 0.008394766417263
0.9511897224920158 0.7964909838914194
0.6700389499584447 0.8853416492674506
0.46056745947313305 0.9488705467176128
0.5887877148433622 0.7600423796077538
0.4036601263824846 0.12657495862348056
0.38597435050095563 0.13447862660679366
0.6218661334175692 0.6729707683620678
0.5421272753965027 0.9154097483533938
0.6781233640161701 0.771032005200097
0.3831162558250101 0.8547398817185075
0.6164562019797086 0.702022557684675
0.515214398537525 0.7177360799219801
0.2806479724879656 0.31305028802790136
0.051883680874803106 0.9077462226175512
