10 4 100 2
1314 361 474 835 1383 1287 330 563 247 590
527 1069 491 1025 1573 238 1553 651 1386 540
1058 273 315 1561 483 1398 765 450 250 242
242 1270 1004 1675 1241 510 1173 1655 440 1258
804 1520 352 584 1145 322 825 897 791 879
2761 1966 960 341 878 1481 596 470 371 429
1467 2008 1503 874 397 393 468 1160 748 1174
1832 1776 2473 1618 907 549 1600 475 393 600
1933 2395 2091 1579 529 766 521 445 334 1308
1575 2815 2828 1840 265 991 541 731 856 1170
2 8
9 8
7 1
5 4
0.8352672726106927 0.9064842363045331 0.4889336235724363 0.30374442050011125 0.1575352001668706
0.38350306673890555 0.8781736966227476 0.8865366482653732 0.6046562423155639 0.19499764647008908
0.72014752402618 0.30542369840159705 0.3777868006394955 0.9624815662701818 0.4817662270771218
0.745572558256256 0.13541574296441983
0.09461695208166199 0.21302297201269527
0.44479895353131704 0.5546853175036421
0.6094544093292116 0.24331467444167765
0.8563648544389104 0.08124304975885588
0.7247974765075673 0.4867669411578064
0.67271175257022 0.9564391082950978
0.10675993420815644 0.4355195490322019
0.9252568331147464 0.6854981954856325
0.5091251854578325 0.15121064230546288
0.8741628848680079 0.6975127193239385
0.9986049649192328 0.6608663891133955
0.9802955353032696 0.8717072681252074
0.6550715115672716 0.9867037161043233
0.2922826586659135 0.17647593527045968
0.5260437255393342 0.3797596655000064
0.5285996709811165 0.9157179840041432
0.6125691186357771 0.93781535123115
0.187976531061673 0.9429364459951144
0.8708488375605339 0.994937459853279
0.7996911711751551 0.010778638347681335
0.4970064342258629 0.26707221768075295
0.15328664709954287 0.6117232675425592
0.39872994344501955 0.8954901225121288
0.7968601412893612 0.8927766404408761
0.5878632351168473 0.43630012858918454
0.8282685396285456 0.6225093877661316
0.4264173872739856 0.24165933830229358
0.28739996883142815 0.6483576396800574
0.6321317553990426 0.6292375222795288
0.16408925056318435 0.26191813973872025
0.2636322718116395 0.4727173979139445
0.7361661171055296 0.6738152974878153
0.8315015506934784 0.9014872931465117
0.5005604682001967 0.09683741602865936
0.23849121250095529 0.5937494920251944
0.7093087111440595 0.7639207570698805
0.9202802523272664 0.32191038533341754
0.7736980470873327 0.3907278745094278
0.8501455256169081 0.27849835328730665
0.04622169663221709 0.37714819730661064
0.8179345521421704 0.7741738856660754
0.5859123406657212 0.13955343210581206
0.9919570625272442 0.19061095870545985
0.8256281387685005 0.20434823988739126
0.7592917185970152 0.5292152977506388
0.8208543981196827 0.4233235013702603
0.8962978929975314 0.3197888897350811
0.9645760869517759 0.06573819544355719
0.140817805558908 0.8381264921551796
0.5333856012274976 0.8562544308566551
0.7726611194589039 0.42592517338140823
0.5965070160596002 0.8314179641631416
0.47090219504705866 0.5304854978133493
0.024240586778913054 0.903893067672755
0.8831633353441999 0.35443865704941446
0.11299275239334894 0.47350264472520043
0.5836594820403735 0.3944130709206839
0.024763285925646583 0.11087422655366663
0.24602132219891226 0.030812319582031567
0.539087281494498 0.3928830572997015
0.5700857770955274 0.07389337174390298
0.330123538219284 0.1385018897095962
0.16146787672507146 0.9875864828000418
0.5615591946003846 0.15980037765159016
0.9196006020184788 0.7908852883465118
0.44783541352126166 0.3131889121571474
0.032658610554796574 0.6813633500622713
0.5760213685161588 0.3583596813747778
0.6023629891560853 0.9033157997872598
0.8490249814429904 0.8831522699291825
0.06961215172676227 0.4545315524057445
0.21984885768192375 0.7970433371030339
0.9640634141807394 0.8234766239574136
0.7784986525896866 0.2513025765567878
0.30389970931893995 0.274797365768358
0.6490173738887386 0.8619064309914706
0.837416307668311 0.07885495262256148
0.8868343903312179 0.8815100587325411
0.5678132539302609 0.21899932877570571
0.8278381574783571 0.43942741330162516
0.8609936917637013 0.46915773724123055
0.3878403193243236 0.07537347158764485
0.008669011276030592 0.9126768851600942
0.1870835713165342 0.14572744460600728
0.6668630884184219 0.0902258152434805
0.7590926824734421 0.7121757277446799
0.16039753148104818 0.8171821034198052
0.5876578000555199 0.667905672142898
0.5361331867762253 0.18866227796047985
0.682721902738288 0.47903779880939656
0.6194314107668109 0.8678336873990053
0.4680626459417767 0.6080503874201226
0.9199570560309542 0.7693709030856448
0.5124948409659593 0.4518026466363092
0.48382182398055806 0.13819124629248658
0.9474664536840485 0.753119125598247
0.7187633160429074 0.33117067417721224
0.1928855447071478 0.8524863007087131
0.15714248423270938 0.9462834544623839
0.17896525308914657 0.9092573294509854
0.9728053153463989 0.7028471193297012
0.4053151327965403 0.9491440951792629
0.7181804947192241 0.9514908776716942
0.6976484954709361 0.3815391726262396
0.5773014202521827 0.8430131161000047
0.5904285499201261 0.9451868902779883
0.7513472732367517 0.7675143669061935
0.06905399110049504 0.1670412118375686
0.165741718643027 0.6442397876840515
0.023032148083927506 0.36681873836986245
0.12938720070026388 0.4726271985319801
0.17279767764167198 0.9939780835089267
0.1801410803113681 0.004126335955787708
0.6887734797697649 0.9582129286264078
0.9789960377139535 0.3850695628710903
0.28642677032928976 0.1883251434133355
0.2528951030944073 0.05989538479902823
0.0597913510240522 0.4003352615565514
0.8812033369020167 0.8249937052400822
0.33067471695008543 0.7360801059713824
0.7703579620736538 0.4262480471969048
0.702911083353448 0.8761399562586847
0.5325621866381558 0.7130444018706004
0.7765780306580174 0.2532241154395447
0.33633618202546556 0.978748973933441
0.24080156855221357 0.21663112749158642
0.04829873255394479 0.14731137950042195
0.3611508425894667 0.061800947670597406
0.07558533698966241 0.2629502132767396
0.4672032316464354 0.12306152831719253
0.7671076086526372 0.014021203447787789
0.8731530391694671 0.1987664032711205
0.927554566180989 0.3060103337916049
0.6731894983354005 0.8521073402334967
0.451051455200685 0.4904506574296994
0.9671269816242556 0.1854315127436743
0.580798259045924 0.2499763471386096
0.40743132717858077 0.8098198811147033
0.8551921073120696 0.3677150876325601
0.8282996794876347 0.38370703773694403
0.5014094994593379 0.5190421332782686
0.46912362437593425 0.9054016190780756
0.37254379591922726 0.48279024973705287
0.7550453006576978 0.10189048251437915
0.4912558621601517 0.8940681707164666
0.8015922630916512 0.4596589641751283
0.4024554264260911 0.7912999245417045
0.03556907155214728 0.42006661624137687
0.7079294913609466 0.36114408327754255
0.12389297019975487 0.803441403219741
0.10723824051546771 0.5254949711182815
0.057330221454201524 0.5350233937558824
0.29250283839079594 0.017998945515549147
0.3544866617437612 0.1167337200117804
0.5030669086873232 0.9673523319311286
0.6814801538121473 0.03425189339103585
0.6799212946386988 0.6806266875669653
0.45181498832537015 0.06798505536600064
0.4265245815737484 0.5102351264475358
0.2702582655679264 0.6583290690490606
0.5627144998307929 0.6470305088942374
0.2153666551291875 0.7497370565432864
0.619650944714172 0.4831961362285835
0.4524603123791282 0.41106268382588085
0.19465796919387124 0.7350997248915765
0.8665449176031879 0.6800049717896264
0.5910626003545789 0.32412468303850206
0.1493638060638569 0.4409949710683496
0.7085553233618054 0.34348091678112525
0.7739317636575023 0.03591633949813278
0.2928845110648073 0.2228847459453469
0.5193958451480516 0.9305452300582222
0.5713074607399806 0.6360759390932564
0.6415865990637624 0.31412311778932045
0.8970549232336797 0.9662733249088591
0.2514524501042501 0.35430414517278574
0.936291301038815 0.5632032506535469
0.776910039771225 0.3428002571180164
0.9399052473565301 0.8122219171001819
0.04806920429550576 0.6798023002507274
0.11808079983498554 0.5242006127135093
0.23373750739520816 0.07426768126243632
0.652180376678851 0.9278451150361897
0.28773889055901614 0.7799437808191465
0.6725641316023392 0.0029962757857655564
0.7926995401433932 0.8877005475619002
0.46044664306006555 0.5360423517526585
0.3497116422996318 0.8349379509266075
0.36750033328301646 0.5492630773906362
0.759422197543808 0.6256131492051169
0.9678638385961584 0.970766028490845
0.7625750980706345 0.8112560571192768
0.6122497367402959 0.6086667296617148
0.6699050801799684 0.44649702277446535
0.5305065431511411 0.6246136936102171
0.32469879415833436 0.5730888395922527
0.747355014512781 0.09172516050200019
0.8478686526019581 0.19280110643940107
0.8263213202400927 0.7178647111942809
0.34497456209028865 0.6210922950007671
0.5869026663374612 0.9783592934801801
0.15117942882742974 0.1490042592987142
0.6099294259593409 0.3276227452315099
0.7763653982622825 0.5093493224616812
0.790631077606863 0.6113857525980855
0.8840268215423461 0.33467070395758713
0.013123850846997742 0.7637129577010402
0.9703236305222438 0.010157897234365665
0.11490432946774853 0.6628362137227097
0.48527368038910024 0.022421823255730056
0.00596991996572771 0.23055745669060101
0.1461592472411708 0.20669602832791978
0.5926614943122257 0.16326252173023081
0.6387674231069707 0.12396663562900967
0.04327464454511332 0.0704642956567203
0.07171729480728883 0.09345751862549734
0.4756042691528817 0.7295497887831646
0.575313431013593 0.05353884110298246
0.29906269790849227 0.29002713650504464
0.0842167112298724 0.14571585858178548
0.8669180041055873 0.9928263525584395
0.3547629254133515 0.5041475951266896
0.9505776728753208 0.866169840306033
0.5295625680893188 0.7385364797884417
0.9727666648465996 0.5336181038650072
0.5340696696725142 0.9416872082536463
0.11778307510190422 0.22279816398490482
0.04226547423684113 0.5877494253682434
0.3475386356700234 0.6227053848120061
0.2498349341464683 0.9506017071679569
0.5691203509012464 0.14308574872243307
0.04671970135825254 0.6065604168112861
0.8637026658513192 0.814709630889273
0.3039299352410607 0.4126571027415835
0.5239325214377775 0.41879456266982595
0.7333406374191063 0.5215994511429907
0.7513611156426616 0.24255600335744054
0.8353939674944193 0.6510465633009823
0.5036384224133719 0.12703672607268968
0.37930483609622145 0.7173835617156197
0.9626549405838227 0.49650239930914153
0.5479843478067086 0.23600765845532146
0.3249086920102511 0.3174146156594049
0.12353654415863846 0.16320811564447135
0.6558066920623387 0.05000983583214946
0.12703588877834315 0.7871410994151684
0.11199016656134941 0.7755801177477659
0.535500593593599 0.8230086943419102
0.4417726932057082 0.4088965345666502
0.031621580509255676 0.5661444658458676
0.7700781261241203 0.5928993279869563
0.46717625449072764 0.9336368049062966
0.28052008132849093 0.3534785011971302
0.6620447724604199 0.47287833200943896
0.8477439194341656 0.8564553075076375
0.9050348937484791 0.06254620984621795
0.743903903260531 0.22895836598570707
0.1060031066320819 0.6299033934004286
0.840461328897963 0.6624176513317879
0.20879557667779025 0.37684145865955343
0.7876215374665534 0.7512849993449953
0.21886237227712346 0.6242250988260798
0.1078886101740808 0.9877354491547923
0.2846768458811242 0.7457557242491848
0.3367334491491918 0.7477219118116125
0.952700514529567 0.812743303143576
0.682244232722371 0.938335048921934
0.5780869706766192 0.7909099377918722
0.7871819974399188 0.9931493222194416
0.700551868486821 0.6379888518687689
0.7994478111830885 0.6932015409627845
0.36456278501677075 0.3699998335073156
0.11304361612140967 0.3241617580128977
0.3992398632731018 0.8034887108656588
0.8626395572757173 0.26837160471193555
0.8773810754674587 0.39288451546569814
0.08422929483151731 0.6474149964340625
0.5383404932463516 0.3483798330017329
0.6214056289663534 0.37604785343971625
0.28643452619831256 0.46557042938368975
0.2667623134437813 0.16387171208789808
0.1701141351249702 0.9449894699982464
0.16879041072177303 0.4523949214263534
0.1888883237286736 0.9358011503166215
0.4876976337770811 0.7378756107876374
0.3382618747136381 0.1782619457973471
0.1915482504893602 0.6219434389181773
0.7233152422917137 0.11436673825558641
0.42505942474072334 0.180650548995424
0.2694953241418805 0.7980519258130803
0.7682721226021412 0.2885099523185515
0.4572507925688809 0.4660279167265158
0.17276053294759808 0.6479280653689863
0.11326434032870192 0.8123247790955086
0.4602280753635455 0.8222076549469777
0.8929663125908676 0.3067654108789244
0.9016837273383256 0.9864585446890295
0.35213978434515925 0.4395966596799341
0.9510711910996492 0.810917798237285
