10 5 100 3
1762 2576 1611 1310 1340 1036 1086 952 727 987
1873 2282 1874 1514 1216 1339 938 1170 970 832
1458 1883 1503 1145 1152 866 891 1017 707 815
1240 1351 1124 1221 1192 1120 785 1033 669 897
1061 1270 1158 1142 1102 1104 854 683 747 575
1134 1342 1067 1032 776 669 954 801 666 548
942 934 982 1042 793 816 630 854 673 589
976 1108 951 989 964 804 885 543 759 747
961 943 923 868 735 681 543 818 516 713
694 1001 753 760 586 800 532 789 559 695
9 2
8 1
7 5
8 6
4 0
0.8567141570773313 0.9508248170661953 0.41684316523331777 0.9206837686569673 0.17872809588539518
0.8191155288976861 0.3018099726681503 0.8726310551930512 0.39919135396243655 0.2665908313583405
0.803378261258265 0.8097409396064037 0.344612209615268 0.9744342637213388 0.27239915122640285
0.9542601908904229 0.5139774709542902 0.9646717385239227 0.6662954030554207 0.2824510309463738
0.2570366994377604 0.5904812844376977
0.6102385173284088 0.13988647886036887
0.8692824542950415 0.858799744310248
0.3545481863804807 0.9358176258724455
0.4143692722607908 0.3066142704366168
0.14836109880960335 0.091985762007053
0.20565780032151215 0.2144021116606576
0.3051350143790832 0.08538946572139916
0.8988860278624997 0.8879557118785482
0.9974772182195297 0.6683524104056249
0.46781344527068214 0.3168081287656319
0.7895492155445654 0.05655743857112361
0.3375276633232629 0.0921727063630573
0.28670746993285734 0.7426457351528217
0.36455890773098076 0.6714665249568161
0.6818524917403577 0.029737749249574508
0.5527339787409278 0.48857642615615804
0.7154437546970054 0.9519182446593781
0.7227098028252896 0.18524226461062843
0.7443345801036667 0.8806323062766681
0.3037130189521633 0.37028102349985725
0.20373957733078663 0.48116845897669447
0.3610862224642999 0.7332835039968124
0.3216299129323352 0.06980833300464018
0.4642843296160688 0.10360499726042671
0.20997474479156453 0.5642516485617923
0.9918811430220356 0.2024384968551003
0.07417490768413515 0.5964475506306286
0.29026518208917373 0.3828596403437321
0.3905107921712492 0.5712221176244614
0.3146299453491477 0.9434295552353991
0.02268261166402641 0.0919756104654259
0.5666083938778856 0.004457284300744435
0.8074119515349545 0.24594472311372728
0.8976899555625684 0.3337754243420925
0.3279024886214521 0.9004955704118884
0.30420284956674526 0.0576546022062121
0.8156481568296778 0.18065010946629334
0.9134681106878133 0.254861346557423
0.803680805585822 0.34437293753777554
0.656199581950095 0.13742800884743978
0.5112412195412104 0.42518010690350616
0.7341682300171388 0.3198645250656389
0.945531124097833 0.2085415026103794
0.2789226851277513 0.9039268364120234
0.38377311145312953 0.46731322890410354
0.19985449254064314 0.36944795283495724
0.11149736982123915 0.8549118191962048
0.7694480799413299 0.556794358838989
0.5523252314200227 0.13524857699603454
0.37821189141339917 0.8507874455661517
0.9081471593418886 0.778097386634591
0.27808473119664545 0.7874129112970332
0.7288557822707169 0.4358544337809598
0.5018896182478627 0.7077859441713545
0.1662009918698497 0.4455553747178289
0.31174979574925654 0.8958133867049858
0.6872960119298759 0.09593429665645115
0.9543733898895899 0.5325369041537902
0.6576441526956558 0.7846536242404707
0.3418112708650862 0.16823800867204852
0.3586671612776695 0.6832021186461996
0.3225310527906584 0.4873138352660349
0.7162577851975913 0.14405247900653184
0.47286693008151737 0.4722501619087245
0.04477712135497791 0.8987579040981273
0.6475677196352245 0.7673316729317419
0.5131786428720295 0.8970026663815556
0.43477292693901637 0.17707218113542655
0.8385539455294913 0.7264117706458906
0.5512710625393844 0.4763263022269586
0.4216961179098322 0.24576621559137757
0.5117413581006842 0.6477247069671692
0.17646606277624355 0.9207727611722372
0.24485459583693459 0.3855009898822759
0.9528047945537625 0.9811302435232845
0.10731441223131233 0.8460422340238147
0.27603602651934267 0.7775965548053301
0.7053965334006429 0.7144680533239496
0.9665308621877058 0.5820594355536282
0.4829317371947668 0.036983862536114076
0.07681200729501025 0.4504932404439188
0.6179483751661343 0.13659372953520355
0.8318345877609674 0.4176717902880043
0.016934577451582777 0.9825202375162727
0.8319494083447219 0.08046387552136558
0.2945236960234383 0.49951171018101803
0.3143720369139802 0.2948372810797999
0.9712967941290382 0.47033106941076763
0.9356892413349385 0.8829916281756687
0.10454175880320604 0.45760239995414453
0.15904583210828638 0.8028863220173927
0.29969624093382796 0.6260552686389915
0.4210728790388203 0.7631655785153202
0.2671838060404368 0.8205145240800105
0.004755584473081553 0.5024510310038706
0.3084598646958556 0.3391167031687785
0.9652523765554386 0.33500595108235265
0.8486350042590884 0.8433083660274681
0.26429018575846897 0.5432117704020483
0.7641490553627734 0.6339722100056031
0.30872226074370146 0.6780126897999923
0.6664260541435947 0.31880372348348907
0.7777414098139652 0.3389637004294901
0.6895758479521981 0.1873525173961097
0.8176473642675419 0.3618435195990901
0.7791951216230766 0.05581733410820999
0.1075289589442503 0.3284768088748884
0.29352932693002565 0.5477351477608399
0.38366318855344783 0.04300995735736013
0.19824593461205864 0.6377381082112736
0.4251750214751451 0.6573905321655344
0.8792548535470963 0.30650945274004426
0.381684381834668 0.6457571869029977
0.9584475808287496 0.25548821991224235
0.6368890576544712 0.6409149339640392
0.19554387935641082 0.00339923851074464
0.17822176964858993 0.18562989395096463
0.565719646235763 0.4935615849753199
0.08045430905343465 0.7304035043337223
0.5336821401170102 0.47587869316270015
0.4991254651705004 0.07128502712474205
0.02086614580382995 0.774508081670191
0.28630452711958565 0.5624869161989936
0.3052653076062466 0.16952473832803294
0.206773032472092 0.7552394473204016
0.5075689874674167 0.42241019902670285
0.18813444304748472 0.1394434111848688
0.5005175861514242 0.8183966087115391
0.4914497002321261 0.721253540849387
0.44815446616114873 0.051979219183789116
0.1964800333301755 0.04020463438700461
0.33720567628149567 0.8848446635787759
0.8083506389438666 0.8121639249246313
0.5978774766395685 0.7886210587808182
0.7651425708362902 0.24214106948451586
0.8722811476026908 0.4484414000537369
0.7820467623466556 0.9690277454376428
0.6521879276253044 0.0807830467437769
0.696830092190095 0.46238474060909707
0.349528914954103 0.6650473521604592
0.16671869081459212 0.42461608894450764
0.34404563994508064 0.1768273937663476
0.05739429370476645 0.37439937112610355
0.9987647510143571 0.02191145933328187
0.32231338182944036 0.21272547968439226
0.9990529521364777 0.5519598211725001
0.6440365668430681 0.15047144142993463
0.7288737450220928 0.9929301489782776
0.17934141355038258 0.3345146331747173
0.9039592260648106 0.6458330193693198
0.7613398906804858 0.2306199629255401
0.9736087651903633 0.6821726407382911
0.14380148039441187 0.5168805323054948
0.7189970915250896 0.620063835397155
0.43708488241756926 0.6989595270436908
0.9332809796985415 0.8728787859113905
0.6927587089881517 0.09056875923990826
0.006083162010199539 0.7738874494652368
0.1648913816213251 0.7686465965701805
0.874708283313272 0.9297738864054748
0.5242146410460606 0.5693104598824006
0.2801907394638816 0.6837080530106152
0.18882546761489594 0.09996361703067103
0.45090528783459227 0.03973090328012807
0.15678439391309884 0.30036693510605916
0.10309711265615484 0.1921270031463107
0.3267026576381671 0.12129782214453444
0.28952408739840263 0.1890241868278928
0.44987119502489636 0.7617225019650218
0.632742143796319 0.6909907599962277
0.3384582045193776 0.045130604200793734
0.9515482488106599 0.09594948784675061
0.03171020897600929 0.9850358581947574
0.0009630482381659533 0.23978363888498722
0.5541831619535345 0.6611324322547714
0.47668268813522396 0.6740111098986152
0.5747351036991251 0.015887674523249462
0.19330519748570008 0.9581996319635189
0.24098340184164968 0.06817200342241492
0.1268878479732518 0.8183492983832081
0.41468255474762095 0.11401205829448124
0.6886659480208686 0.21624544926005917
0.07747093594165122 0.28176553511946856
0.8719925090033975 0.1225661890017784
0.2833867132412875 0.7801618458934088
0.0041913904554573556 0.22395140807402525
0.8502505597967003 0.8758996147380425
0.6408159711012351 0.29226141577937415
0.6140705025181801 0.14592842343469203
0.7540274710419981 0.6465792266055073
0.20899304225330262 0.7816881009926551
0.4529380704553956 0.2555435720292436
0.12364004064798828 0.08036650985272531
0.13766439937824404 0.7286056709242976
0.32550312797918624 0.5685478942925937
0.4704180557588473 0.326043531857114
0.4470107446338383 0.779402551045475
0.5124125444087348 0.5824565923868865
0.23155558636064155 0.6604511570754241
0.9097542807042247 0.10676836686646674
0.5287288991262544 0.3768546178008061
0.23547330928541688 0.9057416810668131
0.20663221333865844 0.5105380544180858
0.3296884831239433 0.1997014102946888
0.6168306372977794 0.6351543384357632
0.6127876495932072 0.056870160402484826
0.7737308325923455 0.4042601753704953
0.5169656706644994 0.7706660974529844
0.6394797751215437 0.1848131168236009
0.014038397905145716 0.8775572080799356
0.5148339768033785 0.9461233269281499
0.30475709498470915 0.25425337569776074
0.3566179906537874 0.1676566798681276
0.49096657311434644 0.6622644508529731
0.7102106620899267 0.12375746267414578
0.8304805838319858 0.31754288121611074
0.7805894776622868 0.6917639169271794
0.6979884559708542 0.8378923037589414
0.305279900623324 0.9068332651472717
0.4337029530981631 0.5627928586197215
0.2695962560053353 0.5312840575199387
0.6109071053872206 0.22037791673851514
0.7308732441628272 0.7066998453170386
0.7302030391764476 0.29195709824746086
0.8162970917893841 0.841554405811862
0.5216897377687237 0.6322407957562775
0.1463134211122723 0.24759446070197244
0.04909834513447753 0.5117278800617666
0.3203955689549567 0.619202387143192
0.4914105645789393 0.43110523229555553
0.724446193629789 0.00039968312647697957
0.9331031981845763 0.294851384631561
0.2523432776772554 0.21447160070984728
0.3064900741452292 0.5266071451300329
0.9133624360907198 0.35941517209880636
0.8811263757743086 0.9806137855308936
0.6492238304279219 0.08588811469883684
0.7067939379995665 0.9272573334139453
0.17714631924814728 0.33711942384476123
0.07180721107139254 0.172956417342488
0.7820561670574693 0.7854305196137958
0.5332298347219313 0.9319988790783083
0.27002613969203093 0.2831302742823747
0.13442521267743213 0.9524813374795935
0.11678853388687416 0.8500121470199364
0.8302615328702017 0.24229304996624124
0.5857977254152376 0.08748440989978512
0.23895052708246478 0.4424552654060636
0.21451317508027468 0.035724207811306696
0.12031643850222307 0.4808673900645495
0.3821218927430807 0.12696717408598324
0.36279991115091725 0.322545027093323
0.7160918473434272 0.4021599350004077
0.6159671214586282 0.45677568683396896
0.24666269303848765 0.7186494135586936
0.9059505800138328 0.2859014591952853
0.14915216057102132 0.568229693319692
0.3812390601334441 0.5817296926973063
0.711016794534149 0.05652035667821953
0.3726146818724032 0.0956471831530048
0.9477717645363732 0.8373686079509788
0.2824437076872628 0.7006823912562044
0.8799441117066238 0.6563304539563679
0.0649124885416783 0.10929516466861466
0.49379144373366946 0.46513808264394485
0.8438611830517551 0.979228040946422
0.51467555330583 0.5314764727276391
0.10343656311141003 0.6277401902748558
0.6252533931500144 0.9887061323971944
0.26034639799129566 0.8146171665275088
0.2993664722287084 0.3647742221060577
0.5682169941981499 0.21287926517089617
0.030740047777039203 0.03696550755379069
0.8124487974739807 0.7036147940244246
0.8498728149372261 0.08573373083999325
0.9703095324039317 0.6782013544983307
0.6866289618066153 0.46645468566971693
0.24466091449453264 0.6113438436625995
0.10703138303850301 0.9654359856686519
0.1602387167717101 0.582689892636983
0.21048923952955434 0.6990435816776046
0.30612338910983583 0.573418440747707
0.9135123826046609 0.44772780957349
0.18094260742075763 0.3695884402651217
0.7708231092605442 0.03254745688545779
0.3483593806529013 0.9991974555888388
0.6493415568740999 0.3591209235007451
0.05874280221096728 0.39894787977774837
0.0076258851599195765 0.31245463491050396
0.40852166959809444 0.7727509475025376
0.0807973757417133 0.7021191120410304
0.20130490168467685 0.3342819457693895
0.13028671866116426 0.25218019350923315
0.1369078908456276 0.773715477016244
0.10858384288973211 0.9879428083632205
0.7958973174218436 0.7093000781922594
0.2324866484423569 0.5380157444305456
0.2294084598878896 0.2739411670839851
0.18476124738049182 0.1945000357490283
0.4991688554730578 0.06639437695700234
0.5116827785948044 0.6092957328686346
0.37939497678484724 0.7954805416379946
0.23280691950334753 0.4675351569405213
0.29223838131746516 0.14154628505472222
0.06328204847949959 0.026151978100441786
0.9798059057012625 0.6763687960735392
0.45834100366287944 0.23508260303815676
0.3267923188555697 0.34473781128523595
0.4213061058732399 0.6919759361971969
0.09325372547038491 0.6824169139630722
0.5178624476412266 0.3467208698240565
0.9819311574791034 0.2767574004156077
0.2330713476525752 0.5304234883790555
0.03860256472642454 0.37980793235939014
0.46374026182637973 0.13807095000917058
0.464351284459138 0.32822802736763856
0.33542121303628547 0.26093010434215835
0.6224208633612454 0.016054122850151398
0.7685231967043447 0.5833836695129895
0.6102532431235441 0.851347742685429
0.2739917591377423 0.0005908307535369417
0.9009204603239476 0.3276523148734969
0.23341155941780722 0.7947890124281274
0.8517412675672862 0.3250598482126492
0.5502242147854381 0.09939290439222748
0.6205901352958836 0.8280001306362412
0.2305545163213707 0.45827071479974424
0.05607514873299135 0.692753277348354
0.6097711435021622 0.3926013866193785
0.5751272598907087 0.8094634067845006
0.1568274393080038 0.10986492751921673
0.9402037606005877 0.9783137091433622
0.6038000751811223 0.8730403816818533
0.26844781499256487 0.9263131285552926
0.7545444311464002 0.7046864099834262
0.49725822592926816 0.10380950465763128
0.6555570862200379 0.18332723217286095
0.673854441519891 0.9155670398868943
0.11300391060335468 0.2692142983612871
0.31814997950056423 0.18187625434383237
0.26051574061858385 0.25798767056952343
0.4362462426783933 0.9064274039082452
0.8013435922834098 0.8358719413649127
0.7410721685858983 0.4676686199865454
0.8612518486242717 0.843270081894951
0.8627106295179108 0.06187228953702162
0.36782491987846067 0.44178259172570056
0.06887624977994955 0.37768166946725645
0.20815371128144666 0.2118855644702391
0.7185487395278438 0.10794915195156185
0.5663941049136165 0.2794720623853757
0.05714271796282455 0.7795705934443609
0.8909186481789222 0.6548954153647171
0.11706100778667294 0.17973017280258818
0.2045067707769741 0.5929852885447031
0.9287061324402248 0.1478079095872391
0.4909208284990463 0.3127327602710943
0.2990480295915765 0.42627064461237385
0.08652444970593298 0.40835077441520395
0.20753846838019285 0.8049177071636962
0.16192142460531134 0.39599936971793626
0.18645111939268388 0.35430219426294474
0.7417521989175626 0.3263061653698378
0.48475040042560846 0.46276860011974397
0.9536490009240923 0.3329775398683106
0.7466360219621266 0.31365101373812343
0.10286857313724518 0.5913778496608797
0.7601018172787157 0.15365663686700737
0.24870360777558176 0.9737440687655035
0.1904905326489017 0.45742203073882015
0.47245061439178015 0.5873418979277794
0.7445479470339849 0.5641841454695016
0.5681027726002807 0.023396872235088795
0.5784109212396567 0.9348699806855021
0.24143415326396855 0.4222751197946357
0.5978272183175277 0.9460646503364833
0.9870431713190708 0.13749830039486155
0.10056576593141697 0.9441800177740263
0.8999314754620746 0.5874761643785864
0.7083002916226693 0.2858200496792014
0.31401116869755596 0.4805918036756689
0.9899534684538904 0.8342420749325314
0.5100774294661494 0.8787599352544591
0.7901397622150526 0.21903142025050193
0.24350938363727193 0.9329619581099269
0.08700171514597521 0.5891226435397703
0.6719103772650916 0.2712730758127231
0.7811806616129215 0.07676793570230811
0.03092929929226429 0.6386291626969911
0.7701233426127769 0.6704845207681356
0.9725036663600983 0.9496789978789404
0.5340172132930239 0.12047938698939009
0.6072647288999369 0.6975132189109134
0.8944585263100371 0.580138056326245
0.752849492106545 0.23843005602763045
0.7837622460076485 0.36727665966027034
0.7511401618477322 0.4336183672993512
0.926578593871328 0.0072895132406938234
0.5768932051237794 0.5561389300229138
