10 7 100 3
660 592 1112 1528 1304 639 1234 700 570 858
870 1228 416 1345 490 496 725 1243 683 1137
1452 1570 536 839 1083 443 1066 1431 479 790
581 1032 1116 1556 819 1143 462 1716 1279 1205
432 959 1333 830 486 959 1765 734 1587 715
415 1731 455 438 1051 673 1128 535 497 1497
1149 1160 637 699 1636 1246 1323 1508 574 596
1022 1316 1544 1854 1214 609 412 599 708 1042
1039 986 1423 1610 1361 1110 1708 674 783 735
1339 1562 454 1612 794 1499 558 1158 1458 641
9 5
0 7
7 0
6 4
3 6
7 4
5 2
0.915638640368504 0.30203981650801676 0.7418617915065049 0.9742797226160111 0.4783727282588368
0.42685371260814386 0.4656885372552499 0.5044414243049764 0.45752779959817563 0.10974181960097402
0.4855431415908125 0.39946109711160205 0.566075338957934 0.32372488979676245 0.4053674340522515
0.6319971300335872 0.8640805069107671 0.7863655065963787 0.8205751429737274 0.20704339275800257
0.7440698997234894 0.6765884071356489 0.72819372221961 0.9343790367837304 0.11927686430256657
0.7260847325676093 0.889348155088592 0.6970921998169074 0.34048204856640374 0.3548117093000501
0.33603927231137054 0.2354799158688896
0.3132224636554306 0.5170494556906502
0.9100151851679581 0.15612478234766303
0.08280560725715702 0.19532374218163429
0.6022426457524392 0.012018630820223919
0.6499616810012274 0.9335474422640497
0.5400743289735832 0.8631055227392461
0.7878233564579218 0.3009441619486313
0.3798295849468871 0.01789904146124277
0.3944631626445114 0.6218665407460569
0.3799816501268942 0.8916960131618403
0.5614054659290966 0.015108867736677523
0.20191416241445648 0.28196517409147415
0.0241642375496518 0.4136531852901677
0.22963256977785762 0.847419005442926
0.572449567458938 0.853933875794453
0.5008322657574205 0.09199204786619775
0.5008542956103637 0.101903390904593
0.8982136558057681 0.06002346799956326
0.24129598694055066 0.37863740494535336
0.4218272717628435 0.9817796642322489
0.10980439541039666 0.9478087270517601
0.4264517539838275 0.6794619370052122
0.22558831958741998 0.22324432695952567
0.3558989491725879 0.7244046719946027
0.5164641359837763 0.9238105305276272
0.33787959477746066 0.17286459916477237
0.41888900235006177 0.1290783823975068
0.5056077257180269 0.20905291930026815
0.4983358928628079 0.47989775898755593
0.03215398507671985 0.4818123019303844
0.6225044217645497 0.4412297817329356
0.07613182215855407 0.8570548884061286
0.5673830172215293 0.0228676753255308
0.28202084527685933 0.9504687547579445
0.19866594602969623 0.778805017242485
0.7444321043525737 0.4189880800745889
0.6890032262427181 0.5960335806012353
0.5432398381716732 0.9072296215288471
0.03218356349341289 0.906875589457611
0.5457422063040085 0.30226438782326714
0.09508417020574389 0.98386351605832
0.8273496523364363 0.9366853517886868
0.7619702926501861 0.9336481042705771
0.3019933646084205 0.4232379766685084
0.8185545631741264 0.6184859679059536
0.7832577553750009 0.27047807099275945
0.980777262178629 0.2633139332410712
0.32214187894602064 0.11305227463450351
0.22439599219027295 0.6079890273027635
0.486541756802908 0.12851742535695188
0.226693239361889 0.5431935737604199
0.5853229728083851 0.5620509648880316
0.6860535250505544 0.7702057337909194
0.029620834959561693 0.13004985315954065
0.33990375364101566 0.3335998073674058
0.8495991954438096 0.5791823492320292
0.9954162719287012 0.20932879849135522
0.00806469517665942 0.46105642731809726
0.4041263854957442 0.5707525342218311
0.09516273386541996 0.8526873585013663
0.8980963715289119 0.020578273385425838
0.8886196027716755 0.3141622076258417
0.1867914621725406 0.19250564255267233
0.1497467907103056 0.7977053374186269
0.2480515969913275 0.9890266833832881
0.9275873523777878 0.0978687149608739
0.06049925775234222 0.9506294494315968
0.17500859616316555 0.7238118036891468
0.9453804217266215 0.5877172532921484
0.51809639508905 0.22578455727724855
0.6442837036720532 0.5278317747269756
0.26599363291165457 0.35823361208688365
0.5888440969450852 0.09897073734979966
0.4966824216446606 0.17915082749745137
0.8405971902884952 0.6745996769833409
0.8696954726869901 0.4308530506951749
0.8693496154296996 0.34495571354850973
0.4150824626058154 0.8184273294635664
0.5239182121960497 0.6551217393670838
0.562052841952394 0.2703415992321696
0.34038838407210226 0.29557931279352667
0.7040659160468037 0.37733628783483386
0.7094611945350515 0.17228590672832467
0.46315394995863923 0.8576147964743144
0.14386442977943248 0.8408816531321541
0.39259851860874906 0.07025676675483883
0.5376679805588773 0.3974516966624615
0.2605455644867678 0.6556627729152711
0.5902705349273472 0.46427276825832275
0.9964691564613033 0.7206661460754271
0.7788970962528492 0.749580161615329
0.9041147697918606 0.35960923605018835
0.9494824968940652 0.8201871405665822
0.8344374690506942 0.9922840716004415
0.9689347204588226 0.9139677543707512
0.47008110454900387 0.7394296809145147
0.09150648846016773 0.01884615458568506
0.3128856039221841 0.004527613717376644
0.7087116936350542 0.6304964699293809
0.14259569295047547 0.7433125865245322
0.7611421097547739 0.18869250033014984
0.9015799289512381 0.8392783481279997
0.6358787378424988 0.37507696562377446
0.9539279115348736 0.8703590111418587
0.5620912921123355 0.29970169321067486
0.9979316413287638 0.7261712570483316
0.2365488118701986 0.1142247808033916
0.27887439913968026 0.14619038709581966
0.7728100891762912 0.7783843685522034
0.18905325012933005 0.5153475173660331
0.42442484964087357 0.23462995959567112
0.6503919421019124 0.7364336226893986
0.38252749135544284 0.9419014776091938
0.06193764577896932 0.9406027516429472
0.4637608981264052 0.4133182941443556
0.1810195348151793 0.367030858664259
0.0022114348010264795 0.0053485040927123695
0.48292087329363853 0.32756192863564926
0.5777750339619943 0.30143583252040473
0.2582411170605772 0.21937284037674898
0.4874030686352204 0.9326210156835524
0.12585070775497975 0.2446893433796653
0.2136926324856856 0.7226857544926086
0.9050649185865256 0.8064461025825376
0.6602221460115862 0.7084816831889962
0.6685804525767554 0.6081902378147872
0.9886410434328594 0.8502154654203002
0.22272554600127448 0.25156166089635357
0.7265548956683852 0.36668699724492426
0.3965841326027446 0.9206342715192033
0.22260995031281694 0.6400014574473778
0.812216679709771 0.45744448031606444
0.2480729386047673 0.296931288652319
0.7982665015119983 0.5106485307179858
0.6162630238035773 0.5814489505536529
0.9079004010942835 0.11125460719295566
0.7443779578084424 0.0943185191856013
0.2566335561366264 0.39698639114666645
0.3649731233382161 0.7627800810815386
0.043562819732347435 0.06230534077928884
0.466358594051145 0.1251860085441856
0.32886604585241996 0.8656131094553678
0.9705627537404384 0.5701185881001336
0.6855589764930945 0.15691970098099084
0.3493534160071765 0.06499563854767265
0.007150451846208883 0.401076004172239
0.17446527562430414 0.810150166824297
0.5489799214882409 0.8915375929208331
0.3883555739356408 0.26975335638630416
0.83886091107985 0.748444949915102
0.8590489335703086 0.8257316446913496
0.9972803319483934 0.4697666670205023
0.8805764520742909 0.14048666644055396
0.6426343764632982 0.4335705130742604
0.8345968933086276 0.09482930031524472
0.34797974854133695 0.613113242101768
0.5448025124054561 0.18007601838885545
0.7441846558162162 0.2424007485996995
0.7483575499573112 0.10934782703123624
0.09298741915823427 0.17788059319436877
0.23830399999095264 0.9795056948954985
0.6952393674977546 0.655106006822685
0.7787493658652216 0.7343004152897643
0.6316372191021145 0.856446006331256
0.8925467617659721 0.8141740514695637
0.5097100632268707 0.6709940259781821
0.2664574824490422 0.8506849591359831
0.07668789709002977 0.4641128591939663
0.6193832957584389 0.6498013116256072
0.3912665991720905 0.574164645672067
0.7226717422428128 0.3166994891988131
0.024043359525820263 0.7868739870240098
0.17342992943890612 0.430960129232556
0.47119792968009366 0.3193895844660639
0.11292317645119909 0.30581763909489346
0.6586498668018805 0.5126130753558995
0.8483486749586053 0.5236242408040432
0.3618367511768976 0.32539290496072604
0.34854694193121727 0.714980371393767
0.05614272166544265 0.9530891643014201
0.19454471324742229 0.7525343395715918
0.9342149088378555 0.7504332527034054
0.48509474390820095 0.6246503113294681
0.46447329974460594 0.5923365773609373
0.3601849869152016 0.874414369177968
0.6913605574671051 0.9177251808876632
0.4142137379944659 0.571842233805006
0.010379463273302969 0.6574172220912429
0.929692746688102 0.9071064463009406
0.28032054357116154 0.6767370567642588
0.17569236569405322 0.4834146419250076
0.7006037476717333 0.9573923715453043
0.10986994206118683 0.7134170495953782
0.14959119612065663 0.4011984464066156
0.2284938408079411 0.9261125932847283
0.3786303203470027 0.015216032539093538
0.7579880818375002 0.3667781288747083
0.055192631574760176 0.4066144685312947
0.9937533530057332 0.440602229525056
0.39301122200888594 0.7541668411146301
0.7283560950419634 0.22120386401328185
0.4104930734649903 0.8596468085294369
0.01069090732889566 0.9723424673576486
0.08888044553922336 0.19057002053196248
0.23385082974736116 0.2061091679971392
0.901626144788493 0.9535763438757023
0.14077280714032492 0.5958446256073846
0.702845466054939 0.517173212561771
0.9087282441797904 0.5758648501752046
0.28212225916736555 0.20725979821993645
0.9333288622273539 0.663942823011344
0.4620346145011003 0.17834384421992056
0.5388170638714205 0.23742314659424535
0.6819809443722338 0.9328775337511441
0.7371964464402638 0.537081047461696
0.2832824359374635 0.33097972896180927
0.5096324793421578 0.02275083772092268
0.2600452714155941 0.3636860721733277
0.5880666270541304 0.5079632846523252
0.3623646764211357 0.0573477871159489
0.8658946279624005 0.6973920494823358
0.2887163783051443 0.988489685671728
0.607337019838379 0.4968290743097248
0.01537255538095983 0.9123305791762268
0.6032889250329856 0.2852887417270318
0.05043340254168993 0.7195483746823346
0.09082187224680682 0.3789730134227278
0.877165114034214 0.23580247942648835
0.48242911680253586 0.6756152707787666
0.3567837718599991 0.31731383773146593
0.23573555164748905 0.09487511850598551
0.8363626285808559 0.5850326282561313
0.08651248053032501 0.32723257496444713
0.12404727376324232 0.7175323245980407
0.19545497354477903 0.7980731984512217
0.7896429471924555 0.09540826458216212
0.23821511552239327 0.3446233181159206
0.5182509364104375 0.09576657708282044
0.7542078780540218 0.8309891340300124
0.6909709377328359 0.6248463979438741
0.9024118490683863 0.6432018392515799
0.10907729215327944 0.20802314156152568
0.06161069627603322 0.5780397907248449
0.9462410181294321 0.9545835054570915
0.6361597601643629 0.12171320739783309
0.8265529396033091 0.5314991447755666
0.8761164701789079 0.7985424599581006
0.27641012574111046 0.43051356238849636
0.863999218834834 0.9651501170604433
0.31334822346862 0.6891330023306141
0.8496063794658915 0.9380263238611857
0.6411053186855109 0.4940611909022381
0.6831318415744116 0.3878037201097
0.298367168979208 0.7551847831036409
0.5498114360964779 0.7736542497768879
0.5419631617571925 0.32463662103076696
0.8970331527986486 0.9733066849236163
0.8106191699716128 0.4515998458196375
0.723140470609746 0.3045446815397539
0.9118651854310282 0.4072644872014535
0.6405128111985918 0.5121215004843429
0.7717940356302437 0.4335488644869421
0.7654687201597343 0.34636768440649846
0.051915939984558124 0.01569404903450855
0.3092598608643109 0.9137224428786759
0.15684186458463345 0.23659616922536242
0.755046714279495 0.24144046466094293
0.5470949709282094 0.5560184024882742
0.9532168088915198 0.831114954095201
0.24131999118341207 0.22250707937951164
0.5683482936377902 0.7674824001610518
0.263660115308443 0.4046155529849469
0.4892966424260303 0.7313491890354924
0.028136352901138695 0.47645090369014764
0.5524007706196554 0.4578730958981996
0.9155888762144788 0.643682409333181
0.3107449813869918 0.36303928315735834
0.07483389748238478 0.09181762980137798
0.2668052993071657 0.3289004987471176
0.17868048839255057 0.5330203736497479
0.8477035911178405 0.4175525465162555
0.7900276677479374 0.5722144817817163
0.07913908057457486 0.4125764317898071
0.8645440492048613 0.01909218601893925
0.14458146111262837 0.7540119717981391
0.25378031938311985 0.6503181024605633
0.43630097056972095 0.6383349101355451
0.6506667104363444 0.4172324351230452
0.928422890176106 0.017977691828428677
0.3652881801177301 0.5889645093780416
0.050934692195545805 0.16517934475870288
0.2166985285844356 0.07438067446837127
0.8600663954324779 0.4039582796993215
0.4093070554636258 0.15828344254920013
0.34531319573812347 0.5143899002070116
0.20607793902834892 0.17342130266641842
0.33578870220378687 0.030365549214785847
0.448516093934904 0.19276084741687827
0.984642932572114 0.9784787701467468
0.5860506551102738 0.23456906321229076
0.5375605598150148 0.008149341415955247
0.8251196250429462 0.8565822529193057
0.2918061412830315 0.1348411542583816
0.5463015086928742 0.1294004075850197
0.7871072249360909 0.08705984047725668
0.7918033517784744 0.3123411651978725
0.266214994058507 0.3482590747949177
0.805392215653109 0.3783215639298998
0.21155135492060695 0.2067833832813506
0.8367433350238236 0.24795115393210687
0.6143343811760005 0.8402035561182313
0.025858504504903346 0.5524767869765057
0.04961040338934031 0.8004944088184633
0.8322157282372571 0.8115503025402475
0.17249534262488542 0.8648742378768421
0.3858894982697181 0.8652383438090749
0.09141905189408295 0.6736082019142053
0.020736058694023285 0.8742442393802079
0.688883346084618 0.5604279617092136
0.5925879519364505 0.5851546999529531
0.16621085875707164 0.8357224246268866
0.7121131619313288 0.5914798667552499
0.47745902800013695 0.014568899772359867
0.25516519791868975 0.46835863357690055
0.5790717033181136 0.14777193110291909
0.8958086388590139 0.048444058010208346
0.2904514875574169 0.8740399059341972
0.8808225398457501 0.5950963430775713
0.5746569406579398 0.4461125476416308
0.15234532894979425 0.6988302203281735
0.4584938514561985 0.5408677391620107
0.13364593197765728 0.05107644719988569
0.7654213148280007 0.8606437404442997
0.3954981010504892 0.20598455392603388
0.1807411471311724 0.7300584575570037
0.6765988436781523 0.587119038692201
0.4705641819656188 0.48117141982090694
0.9608668788282084 0.831736258582984
0.4188788431746353 0.01845145438173712
0.21429097433943434 0.6583607137179697
0.4405037720551672 0.17047700682717126
0.8401434046338088 0.30254305929018455
0.9669514766132006 0.5741795772137812
0.7639831750588943 0.08035799141580857
0.10282230312525287 0.41956636493949895
0.0105409507500418 0.006762805151321327
0.6948001046630237 0.6180720828356769
0.16612618590687167 0.7995822974713929
0.2042592732379216 0.8245847565536069
0.28225781513353954 0.3990712008505741
0.6965842369389681 0.8552236139318341
0.7805083958039831 0.46430534148097835
0.7365130965243858 0.5045611592438106
0.037907541345546525 0.9792603617307847
0.385512865088649 0.26945929246234335
0.675597678954104 0.9737220092274765
0.9872484335387379 0.619783908486321
0.8921861460585263 0.30366619231262826
0.07986788665046474 0.049952782783798444
0.5335378393662247 0.5783756946723688
0.9736835268937434 0.5029122445839864
0.4719978318850535 0.6922104777017157
0.1291772546471397 0.6361706536056826
0.2599035122232123 0.6339202298989659
0.8113614699864344 0.008067114579211943
0.15888963954969082 0.28094811890095794
0.17466837559621817 0.7635490260276037
0.4008999185689732 0.7313130558594776
0.013781649729913026 0.7816632342509062
0.2258089275713322 0.6089911614695447
0.3286104951507858 0.585714173597025
0.3170234321381291 0.3057684040389339
0.5615875380907032 0.9535028720915504
0.761874718679008 0.07488356408240948
0.24094520297597843 0.39544119023172986
0.02896195300402349 0.7487168018864916
0.195658697625388 0.8454723062108203
0.8307299558044772 0.2911828440869355
0.8873510071300648 0.14595140756434377
0.014378236741284578 0.36733400078716727
0.9212113030052498 0.4632787175898785
0.004378404553869286 0.9703601594616065
0.4416114088511609 0.8870288917334626
0.05089019174174081 0.17549438209248125
0.9040534680954602 0.6623596770596649
0.8247561425157381 0.7389263181268213
0.021719722071641856 0.6672876308493392
0.42320041897556515 0.8146905800031115
0.6032394613667407 0.10385470473778136
0.41440869359699106 0.8054442653694984
0.3690720224036501 0.7157700599119656
0.12503173558824665 0.7586087414572171
0.43992966021928126 0.26804798294828047
0.9774004428205032 0.17874632432520454
0.28511645085367343 0.4249714954809971
0.7607955138961098 0.5319909084744945
0.819054950622256 0.33038404649721875
0.42219617434029955 0.9659141229671069
0.395910999711955 0.5557502554886875
0.9336151947846805 0.7274037680817942
0.3374598436812688 0.7511912999868104
0.3015300370725307 0.5294309584421755
0.46671613600005313 0.7743428267625447
0.1550030759236709 0.3804808110439415
0.3606088480843128 0.04647829411079507
0.4381779898713265 0.33221781655348614
0.5085170135232748 0.6138551678588837
0.8583691837347731 0.7206586879174881
0.9944000014392862 0.44408943346437457
0.1081032970171214 0.6119208354528745
0.5820332150971146 0.9074772934584028
0.31814804511911143 0.7348148348727683
0.8833405400512753 0.3317907784695078
0.06404184751719466 0.9135847020012333
0.10330685526451688 0.044892867704653616
0.29197195366404616 0.27153390367304975
0.3037809489056966 0.3277736527303914
0.5217319198255501 0.6354732422649578
0.9095866382144093 0.7806237073857341
0.3558321430431719 0.9209928062665673
0.012752631129897773 0.624175725833316
0.1336436198107389 0.010431217312129704
0.2582973103469921 0.0797292824967073
0.8392611591359087 0.4783249379282748
0.7044719175480405 0.9387679484000717
0.3784215788954284 0.2782402703584139
0.6891654566717667 0.9649156787153501
0.7081555019777117 0.7786405842121698
0.32818051051739183 0.11006532727201157
0.11248427522283855 0.7583074700487598
0.5371447817873387 0.7971412277407632
0.8253446000317053 0.37708679925615174
0.22280535000908297 0.58180996538358
0.046922874039700746 0.6150967547628454
0.30451564214377425 0.2992344058742602
0.6466621145290008 0.27335132585837174
0.9404214672927127 0.89898640270264
0.29888876357017113 0.00855583012568828
0.1808084892651376 0.14319025185638878
0.4049058251810751 0.4383258807659496
0.1603531988538589 0.8998619606040605
0.3955186491095539 0.8355180680677965
0.3981349744019129 0.5792673404936406
0.021562956475535078 0.5814947819598277
0.5890769640692977 0.13830770248082658
0.8951903072106464 0.4512164183782441
0.6346385322143657 0.48894360532907033
0.9362911589148941 0.9128335241699599
0.5067957038834896 0.2125065722828421
0.8708007095020969 0.17687637353823793
0.5638761838770889 0.14360027798446495
0.7341345220035727 0.26720211878465383
0.5224810155395718 0.9580584685621718
0.40324260072076457 0.5751224117333322
0.5410053690833079 0.36154143156881813
0.2930082434879129 0.05869408759932937
0.371955818839963 0.6899217330919087
0.6676344144936563 0.4491065162242427
0.5170373414929759 0.39430898440826545
0.10202952780360786 0.39966386982351443
0.6477145126574655 0.9405517001016763
0.10499504290871475 0.30447599118966684
0.5518335847288254 0.7816526233777492
0.2796074266130617 0.7178087968376188
0.6484894361758577 0.5265962848163241
0.5167580181816773 0.3570591019075202
0.772911038967198 0.8042278797648059
0.4060234585818141 0.4568979083920819
0.6801027115941003 0.5808455550327383
0.34854674858311263 0.9122833686695422
0.8065021835146033 0.7230307795564104
0.18410169229341666 0.8427934896521483
0.8477429781304089 0.25640591838877325
0.8020447403801829 0.5182499249873695
0.14650716092574112 0.8295552091610028
0.0022509430599904068 0.8578343176326353
0.8627029730871758 0.4383291226402748
0.9945816467903743 0.30567654145116774
0.2751713768958566 0.4176031271177536
0.07429430366493239 0.6858039808423404
0.4330919266628206 0.4381956182617508
0.9310717956811188 0.12814318416960724
0.15244876376268857 0.9940153408378138
0.4947216419682168 0.28427756194961007
0.5907378322139081 0.7146244409199944
0.09278744086823454 0.4311426084898846
0.030819943080608203 0.899095194167483
0.6268991639433312 0.16434785266607888
0.5491876126822923 0.9464660502649269
0.15195690712036813 0.30307366326701946
0.5875090033329085 0.5169545297042162
0.8337828204929487 0.630815081904744
0.5480601578856106 0.09285151924998081
0.9444702854051774 0.06134369109650972
0.4803495489853111 0.44562492054101477
0.5090690560937368 0.34707694107351794
0.7562092491384209 0.8856530864472627
0.9305982900992713 0.9154665950464405
0.41910396982516285 0.36632202611460984
0.0500080567138812 0.2254626156401638
0.24254144064668304 0.16449206788897186
0.725875360375462 0.8803733843656802
0.09951521743284442 0.9247474098894224
0.5514048433637784 0.24102673823892196
0.6583290243594193 0.8458563896833797
0.09332251586481788 0.5189044766943571
0.8130624562381761 0.25461740084079465
0.690884007799206 0.12367984954464983
0.10073266184278395 0.7370990754132039
0.6163537596112951 0.7200597285303081
0.7213014322710434 0.8769238912109774
0.029149795119101096 0.770316781765479
0.9399481493041182 0.8758356092527293
0.8486259791517234 0.24722665549666423
0.9446996016414044 0.15026648791397523
0.6218884683593311 0.326110447284812
0.7077141789790149 0.7302703426962915
0.3157897797044833 0.5437030787784649
0.27139277650262206 0.7335949397673831
0.6743760421993021 0.398189295409054
0.5947333078709973 0.8815719875261638
0.7004863007584683 0.24861343718579687
0.722631467541766 0.8535396832676132
0.4178820976116422 0.23304464098710143
0.5074744128590944 0.25556202456875377
0.02242878127566006 0.4715776319731926
0.26499374523410757 0.6145031362749096
0.7224815486254936 0.9923365527849686
0.8795234106815539 0.6949075235181117
0.37240635758649066 0.05272276274326826
0.8535866015336511 0.5920204870073535
0.8924805949786314 0.06212910901940982
0.30846113340091397 0.4778355710924218
0.42470424885054503 0.7137808089943996
0.5467413115071575 0.6777234865980373
0.6811650270994161 0.0511866873553628
0.7691925929008525 0.18432586653880612
0.6359074378499081 0.8833501585166788
0.8386509978795378 0.9660859213225523
0.3503536364062325 0.5330752667253404
0.6152868237270115 0.18309494943789328
0.6499369442169267 0.11449382484395754
0.5967131833156838 0.8278354325544417
0.2025037951605524 0.4470837168785884
0.3897093070178488 0.09719378010498159
0.2029863549989297 0.3296677718536438
0.5124178109191713 0.9047272808854012
0.48319205652312847 0.8496704848514924
0.8967628183379115 0.1878150975733075
0.42511547134140537 0.6198706536564738
0.45502782537416375 0.8785780169071087
0.7980687708964656 0.839158918233792
0.9922223380961879 0.09031626503951018
0.09104545078553139 0.09929652876365491
0.3393701829276323 0.1688734492008166
0.3220081073615002 0.13015557728123617
0.7633350710385465 0.19539252611074476
0.027064948422947932 0.07113573753125113
0.34783751400462837 0.5253380624375315
0.6666132689133804 0.2185241532223252
0.33535981782057833 0.5006619602163083
0.5260792790545028 0.2531123560121604
0.6608216433322809 0.8560627568757202
0.30664239905918733 0.15663118148586253
0.5895444163667363 0.9835863992681133
0.7127115854908361 0.9674381835840955
0.25805099075647897 0.4337354770748836
0.2221139298396826 0.9831787719297136
0.26179734152068845 0.8858278028015871
0.3673368389266942 0.04931220028850247
0.10822593859935736 0.4785720858945912
0.8938213485662017 0.35173199336611405
0.7460300629809293 0.47244006650935955
0.961457465253571 0.5474370490968663
0.942942262348129 0.22355317539918285
0.2630513881052099 0.511792672153947
0.41078764391790634 0.10761378387255238
0.345464897788627 0.6773936740819158
0.6377249460044765 0.30067402077603433
0.1725439750067712 0.13038131307747647
0.24892773514536537 0.7554187009189042
0.1438473715373445 0.5530644675107506
0.5699098925132049 0.04047508499451635
0.5188647498294297 0.5171289734942872
0.3388428448637104 0.054492232803516005
0.04179989436361464 0.6187427420844951
0.5928956435721584 0.8874001110300584
0.41649801562590616 0.6186406023759004
0.19067140117014714 0.2285666338800345
0.9626854157735838 0.3586978789908004
0.7316502951835124 0.09646771753934602
0.5509170692415668 0.020658282247946858
0.8333631801084098 0.32942262930630584
0.9631667337101506 0.49422837616625936
0.7484939166835014 0.4561256741939004
0.1735097998430637 0.44586981171925855
0.745167556409468 0.7488219986554148
0.23395424528339115 0.17151134343404206
0.06334428549489113 0.044293597129696494
