10 6 100 3
398 1035 1407 920 1391 1505 602 382 634 1156
1779 1251 1313 598 480 522 857 967 766 1790
390 645 1438 438 610 559 463 1545 462 1532
591 807 1420 346 678 483 994 1595 947 1139
1717 1445 450 1736 1274 1751 1029 938 1034 1647
953 1279 1306 1394 750 442 1613 700 1005 1277
1416 443 1221 823 539 1286 1091 738 1463 1741
1211 630 508 1165 522 1216 969 346 1088 1559
348 1763 1224 443 1737 341 868 1196 373 504
1334 783 1543 906 1291 1703 1315 535 586 657
9 9
3 5
4 3
2 9
0 0
7 2
0.3225869900113484 0.5264841835686538 0.5413821288773957 0.38603207366733727 0.49725782056219403
0.32798776325101603 0.9966845049176487 0.43927864160674934 0.9270900043958976 0.32473414522411237
0.6739730051991469 0.8360935980993953 0.47598740570848463 0.6541167964004615 0.390730468877467
0.8734815905809499 0.9598703283464649 0.6425827894445095 0.658536240761566 0.34131601959594327
0.4873793516103058 0.7239318503568806 0.8685425457698139 0.6821120352996065 0.14728629981786315
0.2757321267354942 0.841957467188287
0.942519395514708 0.7324038937773614
0.6196220074117509 0.036248448405518774
0.06837010252882725 0.2140530480948375
0.24084628453977963 0.23500583193950741
0.015194142534610267 0.2418388674713019
0.5140772971622452 0.3743702674045921
0.37338207469510243 0.28156215615118185
0.30137444822588977 0.9120325399301077
0.7612547317016765 0.9379846558397373
0.6448246139756375 0.26431476014669575
0.1658879643939657 0.9987917486184623
0.0417075344463842 0.054093760405782954
0.6755940623169618 0.791525575370684
0.14782128259772787 0.4169763102968975
0.6778442272482283 0.32717580024772563
0.012253577336784227 0.9174213635755597
0.46681312247204554 0.7243890316908068
0.930214471497675 0.7708592975578925
0.6701894871447862 0.8549591075001528
0.03915591086984249 0.8528332844629742
0.4922722435845661 0.5511577107692325
0.5734261512776866 0.6712134323559431
0.9042984001471901 0.7977368627178087
0.1963089359936716 0.27637791462099615
0.42365051821565514 0.5540806396776652
0.1890964027276385 0.3615198982981107
0.32776815580167207 0.28038934663700066
0.9521704182062729 0.7692191275508953
0.9853137758281141 0.8668077116054451
0.9022784109638353 0.7604192755019066
0.015795128404326952 0.28430564265491975
0.6637878233108938 0.43629056241570874
0.3576194853957333 0.8704374044076733
0.08196699384654593 0.060713738924381255
0.5562117822914938 0.6631791568295176
0.03208209783205018 0.04863174627930289
0.6533335135878542 0.611652783107631
0.6511265044578554 0.4729700139774846
0.40464203359511397 0.7169656496331016
0.9714071302252147 0.349541321400765
0.4683138509203657 0.4827098924839177
0.5181053219503089 0.5692741712951102
0.3306467855158135 0.38527728353685986
0.6620281097513383 0.08047469055523848
0.5049337339612694 0.015181816731359543
0.8778885425757781 0.534002390805064
0.15070800919279193 0.16125727018931424
0.4853996499793769 0.5354426606017919
0.07125559355885835 0.9856714650739791
0.4284649178120208 0.4594593364850317
0.7790277496998821 0.17448167784569857
0.6367486167362919 0.1909541472813907
0.8032397867959244 0.16499699098206633
0.9527969255313717 0.38579147617208376
0.3894574128996351 0.5060497993075144
0.6557954984174474 0.777299845857452
0.34327076679763713 0.7936866302185972
0.07105570850453025 0.016185357740679862
0.747863715915954 0.8173492972142002
0.9649721914335709 0.45622231514848566
0.15360693820944582 0.7298968794722349
0.3613158181314289 0.37403569322907404
0.7310401401209827 0.8678155779726207
0.8456438484038713 0.013066423563391272
0.54364931097666 0.9364706698735203
0.25745395643575963 0.8270909311248795
0.23695348854728682 0.12030472095602218
0.8511502577617627 0.42075388905312683
0.46911712231633906 0.9695346424828724
0.6030640466942507 0.5907905306459067
0.7336015868254051 0.18472851529199552
0.46176977598975166 0.15679024108357553
0.7307339551125991 0.6261285058057582
0.7533294859423927 0.418034713429962
0.5092563887529111 0.30369421344006553
0.5332784669602055 0.41019823180200166
0.6896805987528125 0.9951389710774983
0.6641154116403838 0.033751488058502366
0.36487411344265785 0.6952516442888037
0.18552825093858183 0.19710439435658356
0.49631850579125136 0.3141723302427615
0.1871057464395005 0.5523888021918038
0.02279415101270854 0.38018281656704156
0.9506942582540749 0.08555126579434624
0.7717520725432621 0.8188947485805134
0.5369719536603552 0.021433609159745126
0.0070536436682118175 0.037668186765362544
0.3778192527017057 0.8780941445555059
0.6939440660612459 0.3530222546713846
0.43049428905590603 0.17986926285148486
0.8412628530223316 0.9106611223386192
0.3915883825889721 0.19059948363115486
0.16199467696344794 0.7443568531347247
0.79162784139797 0.696943339805022
0.08956642927382119 0.5952639784023317
0.5726864423907929 0.34614768099976057
0.023641761470282407 0.4360640363620085
0.556795332938081 0.2172729648768008
0.8711850717195366 0.3960831064154995
0.4881463338366854 0.9177810950289236
0.6247903139708517 0.6504372570480861
0.9984560487964671 0.7515797548857865
0.5852816593189321 0.9619802409523088
0.5950952511340146 0.15274730795121116
0.015791083003279027 0.15960711147246331
0.4428835636528792 0.8592078270194274
0.6473866277194333 0.07223372134295003
0.7419830159272358 0.117665469140398
0.3928571780257948 0.8639880309556764
0.13113757156799566 0.05098434126802953
0.8769320062676762 0.0794577074625149
0.06112086911883963 0.13992640826560843
0.6560324587809396 0.7119334636727608
0.8396534663063402 0.9992944677650606
0.6835294526853943 0.6158880900392563
0.8069929897745016 0.9214997697012945
0.6936876316121401 0.26712315409971255
0.6172701630813593 0.7599318795358936
0.4665688510237396 0.23911431469151911
0.6966472834612132 0.8323309578525482
0.6341054473015708 0.6032625721937976
0.09003882610321323 0.9610522216710002
0.3331974583721744 0.9202050470871734
0.7658024096812568 0.8990293648406433
0.7424187264084625 0.8541733841299863
0.018243074703052642 0.8676931330561528
0.5923460598819659 0.09809627124749443
0.28691561669180654 0.2766888027331824
0.46869962364270834 0.1992360761612313
0.5524149010893014 0.7114570282689081
0.1500215044989286 0.9764161882536149
0.7404410392096563 0.04533983832668542
0.8576098029768289 0.7203149463243952
0.38382297131236487 0.9294404626263721
0.5455379255817905 0.2656823475650516
0.6043929044374112 0.5774407594395552
0.15429903815080714 0.4064440574200443
0.5326969529514016 0.9714887550820368
0.5866082990631227 0.1997490151568031
0.42502587676706693 0.43884696605589624
0.16584152126427054 0.22667295764140571
0.2327519080960443 0.38397348409857335
0.4889006483578964 0.6416910508762765
0.43763780406659625 0.6621768823784295
0.2280961386984537 0.20287726288016117
0.044459241344039 0.6389200283923386
0.3761472401999515 0.8157621516702882
0.2326874015700271 0.3390233201504673
0.4140645389016817 0.2211444373399114
0.274713155681515 0.3887135260306924
0.2576595084441575 0.04145536977914821
0.4345489321131486 0.5570605329695197
0.641235538704579 0.07055024421335432
0.001603405381704004 0.6028453594698904
0.8968763676944782 0.9739250570620575
0.8699118940124089 0.029026348096755417
0.24330568551427212 0.5305064038414986
0.2779561240365833 0.659866507381756
0.8386946749565916 0.1246130426521681
0.35344126149906874 0.16442034676506778
0.3927556220562436 0.23031743222396583
0.38557285909460437 0.5400391366516295
0.7911118587150003 0.8671556767140012
0.7511895855497068 0.6325727097136327
0.2518371092061529 0.8695605982669892
0.17356874673871414 0.8690413123609164
0.29053036814483857 0.5144023094528027
0.4200221147817196 0.8266719565864327
0.3542190889903909 0.6838004809784801
0.20832278307156793 0.287002229544727
0.09491193739254555 0.47368023310516616
0.3097116831819531 0.2657891652908122
0.3157840623155521 0.8565195991250492
0.6099577744052698 0.02105732224784096
0.6692852256603585 0.21478503270532534
0.2680834586780776 0.8892762246007138
0.8573052784256776 0.34120927113655886
0.5666049554674113 0.6103439193611366
0.5010790880481317 0.7181162752926864
0.17373844698794216 0.4526941127547386
0.357079040130341 0.2954033054649208
0.5702607073323085 0.11869621155380283
0.9887579493997303 0.5752314070464668
0.7096780216205261 0.8617770673736964
0.09061492626481193 0.7402368667803207
0.13364518379906798 0.9446293232405425
0.6819644148961441 0.16551953623286653
0.6165567600818906 0.6843397164418634
0.2381193276866509 0.7334078099285168
0.22197641949647418 0.02340376713253267
0.81985040415649 0.07172077386873554
0.5382856501737066 0.2254293699096881
0.3161027220568815 0.6452515763947568
0.8788522880743308 0.7573788993599886
0.8785096908149572 0.3205553061755193
0.19486179176702811 0.186499200463214
0.6324504201268446 0.06539884872930113
0.3366724416671565 0.7372012066344678
0.3013188412405625 0.47299134842743285
0.20790266888074993 0.7290858968211609
0.26588094749676183 0.9442605514004492
0.17330535816434844 0.669926800919223
0.4703449241827664 0.21919992259375753
0.43588155728882505 0.924552581019201
0.9200308194796036 0.4508738205461016
0.5417793683892349 0.09681867286052359
0.9423739776817828 0.9926035203873667
0.9305818175951623 0.7815327618519652
0.12104150810398995 0.9294752640566546
0.8527282445327449 0.04952120555175887
0.6794837926516621 0.7725918611950693
0.5946847337800851 0.2280905796662429
0.35361826381586714 0.2632785191385738
0.7158142639820118 0.5917146087107419
0.06309009514946173 0.6249748959802071
0.34716675888934767 0.6504736397074251
0.3725457297486354 0.4603775930833167
0.06847225085004904 0.755980192058568
0.9238968041463085 0.4188079394652344
0.05102812792242717 0.9562718130282968
0.4011168110081682 0.5870231586047254
0.13895246372358905 0.8784601656329059
0.2220480394108384 0.9015747044000522
0.5577450247006555 0.6270702786369609
0.11455829327591394 0.02889988291511747
0.13066125445100085 0.7780707236682143
0.8699615216244245 0.6348285956797883
0.691587989424399 0.6337843544632165
0.0726550747613961 0.48128013194741404
0.7389422678210449 0.1074069482708333
0.6670007580176212 0.7663884158972387
0.26593638880372295 0.13375420781171155
0.4463976005458301 0.2284466508211911
0.11138519403743796 0.2382735309931192
0.8930868365777274 0.032918519985975836
0.2663175681110679 0.6302852050746979
0.828236408681494 0.05061358449690512
0.6823320225810023 0.17316608451636561
0.9173943664628774 0.2812683182511908
0.9287816413105594 0.18131545667997195
0.23874470915734447 0.7909142228504871
0.00780481859795823 0.5542669789525794
0.8720109836453762 0.7049546095521044
0.6523002785131173 0.5335583029692279
0.027904326974782734 0.34071060608247783
0.8428752915784179 0.9549943890214785
0.609943192389071 0.181847667737411
0.1750071552513548 0.8444087608722388
0.5163159505804256 0.38628462945121655
0.3684637453110646 0.11171368119311542
0.8705112073597139 0.13703322926486772
0.5931996324617403 0.382596114247852
0.32512943731185096 0.22372262320217695
0.4474243362816852 0.006966322827996585
0.1979825497414487 0.32211270680610427
0.7651765804769963 0.5517665635835054
0.06035532456698722 0.340217568562595
0.8182005896592073 0.27578239184593656
0.2620197436314635 0.6626196868163496
0.7235116644067605 0.9965338460869555
0.09190383983020833 0.41369416758627775
0.6765894843337836 0.7470547712929239
0.768864035452945 0.281066324381148
0.018728795074985483 0.757935656125784
0.9370337031759446 0.42747379095644256
0.7510552035045086 0.43540012598257993
0.7747001486520326 0.5003692202626566
0.10301230670524375 0.5545384086020493
0.9196518386703496 0.3422193822969415
0.4942557779607686 0.351397188877834
0.17633061768155867 0.23219255404012107
0.2724062550915094 0.7766804935152123
0.9457214536043408 0.7294848394054458
0.35320737151378845 0.6930130672120267
0.20097373668638796 0.11602636967952429
0.9855116432771274 0.7288348409373211
0.5423711214636042 0.7517545995123167
0.1276211175339379 0.44136275162885763
0.4654468271252099 0.7483845123264461
0.9644335879708075 0.5166609382214984
0.49949893635868614 0.2930563252250975
0.557591306795578 0.981546902070892
0.772969476816691 0.9472146836510027
0.5493908350439534 0.8662416316862325
0.7381092881624987 0.9373779844410715
0.2825927171519038 0.07418153299980612
0.3382226781288131 0.7033907374860622
0.7751086852791207 0.8897363113343493
0.7528802613844192 0.8601782623009793
0.5864279943538728 0.26033600080064034
0.0801772557821816 0.41672381880603093
0.9054223848886569 0.0343156787433363
0.8352213246455158 0.9441764458544495
0.9226064646886185 0.10960388236401863
0.9974348640537476 0.08953832443161702
0.24880087990747435 0.5655315344873044
0.6672421764542962 0.6912382783274045
0.5720005407778002 0.768983040112929
0.10806266895779681 0.8601539490157883
0.6485093720322301 0.42819715629011545
0.24475125730191016 0.43668995552603285
0.34323207878578166 0.2664423173056103
0.38510503803525653 0.42285160760733276
0.3976735857527325 0.8056689610408487
0.5006349263764109 0.8356978701624036
0.09256413121690144 0.15684485028085593
0.7923234596673732 0.6167475696903364
0.3367270787479044 0.3720133947044102
0.7546551252026175 0.7589024291408142
0.8148800229299307 0.7931744576607367
0.42194120690273196 0.9994026557505542
0.011308986923324271 0.4585006550799422
0.42856193921338503 0.24296930472893075
0.867243790083978 0.23141581647372922
0.41103546418107384 0.07583877837648156
0.038790547423270816 0.007044231808376544
0.7235063040227008 0.5911737796249441
0.8834429843498777 0.8814048119594415
0.5659658010658246 0.21299919132041922
0.8570546501191492 0.34781381966411073
0.19521969280487061 0.26394086187356547
0.17902126320077882 0.514320722019312
0.9514359337674136 0.9300439283045958
0.11122045731432961 0.9645247568900064
0.9627435052222073 0.43860239326960326
0.6089938613081749 0.51661886721417
0.22615748120299317 0.9869910363104639
0.20015587931571877 0.373353715630242
0.9580409019750171 0.26418367874023563
0.2282328187750644 0.8736958080028998
0.2570985549303957 0.8384463141781506
0.3530431982862763 0.3459912769484341
0.7777057935425908 0.2707411071112662
0.32349451413431085 0.13057913298568224
0.41505398626845036 0.13283115585292005
0.632977948103358 0.7361271521337638
0.7739156231412267 0.5181110967300393
0.9653122706713899 0.694698094556621
0.14714892339698937 0.09112381692974214
0.7527969892572479 0.0534184703327627
0.9348981235049487 0.9829384841656845
0.5853320621820346 0.6358796240424138
0.798292466040704 0.9621934405077339
0.8465757255609425 0.3929885194439582
0.6668385682029356 0.41446289262887537
0.319947689396507 0.07811850340109339
0.8480545892275446 0.3148512124183236
0.9423064291707897 0.890360674288952
0.17387810616007582 0.9057583790927455
0.891090996222067 0.7218942261199519
0.6699888240903806 0.09368273099710267
0.000879975833004254 0.06547439671535615
0.5229158068095987 0.03796118175768748
0.5490393350081106 0.13204888084395283
0.5189674761808367 0.5721589184378757
0.15409323851418755 0.11595942504341084
0.7324530270682257 0.2881298203243221
0.8995126080799614 0.7374204666897755
0.050098245830348054 0.9775434074800253
0.4556036517956572 0.08123373054946503
0.42222400761843737 0.17248488047838006
0.13453053357398304 0.05065366580697095
0.5927345281059471 0.7131508078998512
0.13509402105069368 0.9723287549130324
0.8877833776039383 0.9546210880931889
0.5060808642758563 0.4769834915243487
0.6368304074769089 0.9590581966445042
0.3825500698187483 0.8386246368946568
0.32620645924781244 0.7560130513512968
0.003980560317583537 0.06713649577930103
0.005021098308099159 0.9121893272386434
0.04319944166573797 0.3692721122672695
0.47156703887687534 0.022034923505321657
0.033960380628885956 0.8443732780086888
0.6793402184623527 0.014996709165693733
0.11759203654372175 0.6611277835582865
0.7737785762967013 0.56398286132442
0.9210293263441276 0.8859899693197562
0.8902604658313178 0.7101440968476678
0.7258541773865383 0.8815851061498239
0.9393533148468585 0.9133231020672796
0.9675195459758519 0.504859009948422
0.8414961652770381 0.09447365917368433
0.11392834917018502 0.08629432060287368
0.8764838961360584 0.23940587205983488
0.44269219317618447 0.18024953987779724
0.36173535838640314 0.6937882099815835
0.3525497419572292 0.22023714748233014
0.08112227106215908 0.1927021952266077
0.9966725521716862 0.19822435252792325
0.4151826620882473 0.7834020384335758
0.18304157388876852 0.8938369342520915
0.3059049792509412 0.33866839095214063
0.8786379310408874 0.9066108261759545
0.26032851751803276 0.41048401855897176
0.17391652725268902 0.8479375323595642
0.8263337374030966 0.23123127537769905
0.14819097330473485 0.047910320344001445
0.2803295772611607 0.691833757219454
0.7132698674563493 0.6454441267959778
0.5543500758484081 0.9899105902056837
0.5041501967207924 0.6448600895720606
0.055166594391044876 0.1234308500994532
0.4971839717565385 0.6328086788031264
0.3631669790005374 0.9271904367102044
0.2751363460319458 0.938409343535439
0.8530631328123519 0.0680763092848089
0.5055335004856052 0.35520707168025467
0.05095741275656951 0.2970267975708969
0.7321988664286239 0.5147420331152921
0.10069236429179873 0.43732883044739945
0.352536010935546 0.34371171963195746
0.661963794908055 0.021685003925242974
0.33591144415656227 0.6291082094019795
0.37877417586554984 0.8853730998769742
0.171715201691917 0.6551904175391197
0.591518430390342 0.38072581564823427
0.5086137372225106 0.7441974412296863
0.9457864825049056 0.13545549719555972
0.31769614471739627 0.26853263204100974
0.17070522439034663 0.2820229785920485
0.10132781096406585 0.971317903456137
0.29610261219638123 0.5566496656003326
0.9921099718913231 0.8019548909059762
0.8454415047791703 0.08287036759185118
0.12516111662762985 0.9697749411758292
0.8276727558268011 0.9038648388460044
0.6698001643560292 0.02461503344785454
0.631051861508819 0.09232416789537101
0.7293771971477871 0.6575691925523057
0.5215537490088586 0.221587294272918
0.10044067992605754 0.826552429092563
0.528313135311351 0.8630944729363743
0.1231567064743444 0.8699654342200627
0.9801474671107653 0.7752895377318525
0.2971919085857875 0.47557207881553576
0.1883819426323856 0.5128193788401436
0.6185969396233866 0.7655791379965846
0.05091662261807439 0.22795650813711976
0.44790176470874266 0.9564025215851832
0.9316238837994744 0.5338842832109527
0.7266280178116569 0.9089594475563711
0.43208075145711744 0.17762844554500212
0.21760324073651938 0.8794221683938364
0.26918257844881754 0.25719931827328346
0.36900879414078336 0.8176989282528717
0.5063998961585299 0.013044490313419699
0.438892757101063 0.18142018012067318
0.11918020348507352 0.9438103372405231
0.2039526563434242 0.6164437580817876
0.3953631508748252 0.25688243306681113
0.6698086009266906 0.44257691297672497
0.97357570279346 0.04541872539190006
0.6901985079112574 0.5088060497683675
0.3338021047620596 0.7334484941539012
0.5065349453540886 0.9399236928528261
0.434768883668039 0.31017357443754645
0.9431674637204102 0.29031729267528394
0.5361876815361792 0.4479526443756867
0.05287163921885418 0.5683927967275642
0.17644350646571394 0.8416049997838873
0.34627002000959917 0.5632294483116609
0.5461176694905332 0.3650668336671101
0.6727370882236046 0.081329646147416
0.23117780552080291 0.6806281903649316
0.8126946436703697 0.18360423680379112
0.3779665551704303 0.3106902977636705
0.8365708702448127 0.7608344911704048
0.11930702580345365 0.13862461175286866
0.041772154173987275 0.8236488549747909
0.9885898000252902 0.9049775937984372
0.9805713167884136 0.22680148204600936
0.9617838907818608 0.7762538345773997
0.06997357672537063 0.9088423734019293
0.37177945488518005 0.046242045534986564
0.6066897056471989 0.14212518546110253
0.6386462843988283 0.7916846390523389
0.5155795657651498 0.22909763805924244
0.32974892046649895 0.35046963997164005
0.14282564392209363 0.15195435684912328
0.9599148715287822 0.5797695637857831
0.24817857402557753 0.2928844690401935
0.8665723740977673 0.3409414200722547
0.5362933303325832 0.46046275922468993
0.7863785109165611 0.2945825089049954
0.4623918543490493 0.675145556399259
0.6872541459179082 0.9166948527212175
0.6450326979124619 0.3839425212890133
0.3680073076706214 0.6303084994466177
0.8209445906644302 0.5774563244746675
0.1545525402422352 0.10797399291282472
0.3242647894920274 0.40446229799684597
0.17978378732938882 0.7831342493167388
0.8570797689446612 0.6888525581477709
0.6311971043956792 0.5385512998274375
0.42853346201727627 0.49473957015547243
0.38026496866791715 0.10751193010063043
0.6243760053339877 0.3558359356884644
0.03944576198863281 0.7123888122432323
