10 7 100 5
1740 1374 1268 460 464 1118 289 1429 1421 503
840 1354 1690 1656 606 314 960 449 1305 1441
844 869 1400 1308 1627 1422 780 363 1704 393
844 1748 1885 664 359 1864 393 1065 1470 910
568 439 1227 449 1402 1251 1560 453 345 1370
808 765 298 490 628 533 1712 1389 995 683
1680 976 1350 1569 1257 795 417 642 334 942
696 1589 848 997 941 555 564 1589 305 1638
1387 395 349 338 1141 395 1564 1825 485 1623
517 1283 901 1492 1175 1087 1692 677 1584 448
5 3
1 0
9 2
4 2
0 0
8 0
9 4
0.3355920309734116 0.35147270337437014 0.8043822997868106 0.9066672323927834 0.45123464240752476
0.3380535655782249 0.3177717052546597 0.3396421162835922 0.7376688159605946 0.3757272129771393
0.7013131496107008 0.8187783220168343 0.7555805521798986 0.41318104165398983 0.22378804557754892
0.967828256300441 0.9313822841783517 0.34970345741093484 0.32840811847112394 0.12951573088679133
0.5420301674642554 0.34945760122150266 0.6189086699945909 0.6587418163392076 0.36461669512108075
0.4515982904081449 0.3972335298999981 0.42087451148222793 0.3993987906020308 0.39571453635974485
0.423876195971147 0.20920026759281152
0.706296775147395 0.8035465027929323
0.811615128250236 0.8244756270768385
0.4640893283141081 0.04069494707379362
0.6981635129445123 0.35312598170152243
0.3852078949141158 0.9275167798278798
0.8931775774744568 0.47252667173063423
0.32632314855514455 0.12556402585900273
0.9810003514545262 0.5480724757414528
0.8991490877145114 0.775958379714965
0.879899668914365 0.44041872803786175
0.5403206138874317 0.3509214392819102
0.6798515534716372 0.5670516076976242
0.6720558083858494 0.982141143418837
0.418862099666963 0.37472345642589855
0.8380709108515574 0.7476804042583531
0.41568465877407745 0.6011852302422027
0.6664761135468877 0.09874960304452407
0.463445417418725 0.14868915749738676
0.257640737483547 0.7757774024557471
0.09808947055776862 0.1597728320232925
0.9438560522507482 0.2623705289424647
0.46797769986969584 0.3155135948402601
0.7639902826174674 0.017266352902147064
0.7052532779395553 0.1539168309370047
0.5284678247248931 0.7289095815653888
0.7663412124888747 0.43161662359034403
0.22065216202953164 0.17382989100879653
0.26723176991175523 0.4532640421008123
0.9721659172859118 0.7679569232461905
0.6727045050123588 0.11395461592088152
0.8428738173696542 0.27917396410667794
0.05630957282288418 0.7268732766296622
0.2990697385957708 0.9758420825654563
0.09189093896170109 0.30100596798098445
0.5154258658400452 0.20653970624795326
0.8724991065134751 0.8873381565466416
0.4637205075388573 0.928563983217692
0.2905469020014826 0.9657856611722226
0.6886198170990925 0.3708841696746086
0.9330681339277405 0.1421868816017371
0.6647472533536991 0.14771483092374327
0.2570418942460231 0.7464765645249039
0.5555002062412204 0.8505760416472237
0.9745138317761615 0.9222909531003296
0.016438643915738904 0.7435633459649105
0.915343193864721 0.6564532658842799
0.14626653738098083 0.17505970479464206
0.053957982858703124 0.6595168752972123
0.8798459542499681 0.8712833895288741
0.9776473621288564 0.5727748748903585
0.43475962975367555 0.17059148095051602
0.21911462078252186 0.07540468501146003
0.3849205415602748 0.22838105126463382
0.27583831625281907 0.8097416848556098
0.6862082542716474 0.6819024590237373
0.9590099558601741 0.5977214443350634
0.7465700687029546 0.4666427018042616
0.7717762255189209 0.5616637332766268
0.5573890372006196 0.8029971765865944
0.845334710896086 0.5616588850971007
0.06610174053464157 0.5077722618022349
0.9274774672540949 0.9560455407636048
0.979762820715355 0.4975984456459339
0.37912846383533316 0.3334865555302766
0.6115135252359036 0.7373796913063018
0.38149254456470527 0.8882975734126475
0.7543475453092763 0.6035200378736887
0.4480634243762385 0.2068968111942897
0.6739981976991674 0.7975509705460302
0.8887670382687385 0.2542697567068606
0.8986852622489789 0.6272797318802781
0.45246260032900953 0.37859776992233196
0.09482042139434754 0.11223557301803821
0.8588683180636463 0.8635585883914882
0.5195182606609803 0.13401477671971707
0.6871220275550316 0.6074432415620874
0.01878770304751498 0.9466435925498371
0.08596373822536374 0.8104987923498772
0.7219566514321294 0.8992881200841978
0.7217575463481378 0.23980727872343577
0.8253965670969219 0.9119832960908911
0.8081909719956946 0.33191519279248816
0.04838652813212119 0.44132990112444914
0.9032958353966687 0.19653816289181614
0.6662099967746455 0.3191456835449533
0.6867132287673161 0.8866616578696849
0.9160241812742267 0.8991149256144098
0.8331078377700489 0.32314156794056714
0.5586092944596186 0.9245724113218483
0.02002024509738831 0.03688733983232284
0.2504276449840406 0.8344598498037399
0.8700898960753032 0.22034654595431702
0.6925157316941848 0.259621236810303
0.30742443392350904 0.5702879887951775
0.4398944795263646 0.4829541261569943
0.2677722703526868 0.7574780800768708
0.6364485127409418 0.3500546402417808
0.18495665555661334 0.44569310684891916
0.9615730793354613 0.5940105404621918
0.3013398282634816 0.2657876360293139
0.8776063552530182 0.3962972720841482
0.8462496263711328 0.3133776189419657
0.9360234309311211 0.47032870885220834
0.8384373769158644 0.6199850839398229
0.6374780404375922 0.785960593406827
0.35605644154303895 0.020547185798964085
0.4173605303997967 0.19364828818412216
0.43754125982596737 0.6571246047034234
0.2710409088453911 0.16597862400769992
0.1723155338763125 0.020301720151928437
0.9351217105413399 0.40507413297527184
0.3509408760488182 0.35690748776651504
0.38619890818401714 0.2558643205919744
0.14976584711557872 0.13754936574162202
0.14800884255753233 0.22256096565918204
0.7442129637895347 0.8936713232101663
0.18096028509071194 0.03194665680977837
0.5829564018865963 0.9636618801989685
0.6149985195083565 0.6928843614330951
0.6132350043054247 0.6588897912006524
0.13217879466581928 0.9933932139266555
0.7215965884834834 0.30060281617818263
0.005111290324084861 0.2651702834105536
0.3315019821639724 0.6145926627270393
0.48127736055862114 0.543394935332719
0.581313960783894 0.31417122292719957
0.8918272291000835 0.9747566064503483
0.7191056272931453 0.1968770483728366
0.07329290830606583 0.9082216287667728
0.03882140156472591 0.19850521497459095
0.5870258643041302 0.10145732433528121
0.7572138030236804 0.8576308034813529
0.48574192231845803 0.11587383992705691
0.36792097356945064 0.06257508805674528
0.24754146392729814 0.5001684897187988
0.7900772342038758 0.4433228480154936
0.5345520780815003 0.9107263304456183
0.9380472136352096 0.8524762097289305
0.35558389642640176 0.9372614876935732
0.4966758923466599 0.4656322410063818
0.6946601482922794 0.43399521178043154
0.7450363747167901 0.4504852768177814
0.42808858173262787 0.32058209056202736
0.5646471222158516 0.139324248150138
0.49947598668843574 0.5038441380105863
0.8237531561422946 0.3136072113778181
0.4260733050983605 0.66651920540439
0.4690441711719049 0.45882035510711594
0.5042461658227995 0.05600293912375509
0.9660935671756887 0.94644419584562
0.6241991678405312 0.6938692040807821
0.9182204394503164 0.8666327635432893
0.4917819079921488 0.32638400065687523
0.296425051760852 0.17708527307693678
0.9328395540505472 0.05257200491977421
0.6003824747155859 0.031980587347414824
0.4603880081361027 0.2592471373464096
0.19438211009463768 0.9513720514271224
0.4580380589469757 0.9993073861975841
0.9913484996132493 0.2455922565622719
0.7810836249807733 0.1662056209053986
0.26028035144377126 0.8904089927620555
0.1793212724599964 0.1927530049832924
0.2218334909482449 0.9357592550667357
0.37311021444285486 0.6390974528157063
0.6201238120044696 0.6275117492870619
0.8143207199979801 0.9049565630630627
0.4469964146452339 0.9657447546839593
0.2150584658490835 0.8710169124419616
0.44112863192293217 0.22426929838388476
0.2627874278541591 0.6484981438071442
0.48006961861614594 0.18466484141411543
0.07493358893085067 0.43606673177146393
0.77657127373295 0.7594051516030496
0.8270812982830311 0.1728837331874633
0.8068194968839759 0.675675753727828
0.401969091123592 0.218532604642653
0.2834837603623328 0.9577567647880356
0.6459466756803243 0.3746535546565428
0.9223462678364518 0.4683543302224653
0.4792133643443004 0.4073270077353832
0.7301400697135281 0.668477128958261
0.8900766180276143 0.3467132605644365
0.34398789600234525 0.5896394549883126
0.8749722396389017 0.14916354306450375
0.07914514538842954 0.3424556450395204
0.6962733105684671 0.588036700158816
0.8356236975634888 0.9583976074416449
0.36688137634016904 0.6621776505073456
0.6444722542158208 0.03481759050208155
0.6625996108005576 0.4840249529725593
0.7198436035952525 0.18513979392254165
0.8855659059217598 0.9110746747419785
0.40177242346567477 0.7218073658164081
0.5849998324844252 0.1641778609556086
0.5050690840892063 0.9142222565524101
0.24407148020352665 0.5724145979105617
0.197089489080301 0.538805473830521
0.02522628341836386 0.08668926192177562
0.9089694311133738 0.6476068189377979
0.7427113085527013 0.6804196883506957
0.7471432520032908 0.24081310761906094
0.5219360550661751 0.7892062236010355
0.10628884725211107 0.34172369934328706
0.7731433245973007 0.8529557133854084
0.8356577654141308 0.44249860512920236
0.6929543636764988 0.386501927234163
0.927179606335734 0.6382731513511335
0.03552861508609695 0.3205314652494107
0.6296847411414797 0.7565449460369096
0.7387152809876225 0.3558539102584046
0.7886011690996999 0.806263394362571
0.9662699515115658 0.35874356615917047
0.5478983683676795 0.10979613329927784
0.5170077843834322 0.47425761249747
0.8410094315953218 0.9288480765918663
0.2646654469091825 0.16165205139411176
0.31517395454901465 0.4182092972593394
0.3515611798118812 0.9883365096440271
0.9312712848775309 0.5587915560433157
0.9732788244609356 0.45447988276789975
0.40061994510327104 0.5903948629456146
0.2415379742872188 0.2644025902538434
0.008140705395485393 0.81234840441134
0.6681845175351426 0.9016746088478809
0.9035030213354407 0.29276541754851015
0.2722978768734807 0.3054978712285523
0.16007396792825457 0.9323012472270054
0.6917670657774642 0.2764051641632588
0.0803548512229435 0.7140564510984315
0.6423637142968701 0.4520725584251668
0.7871812792487172 0.012958224567854115
0.5064052909139725 0.43946057894789026
0.01990871293803509 0.7166162393220081
0.07622946919431861 0.0072835711545968795
0.343310863242418 0.40044982007747687
0.31322211356332863 0.07798390916512155
0.1075151782269872 0.44524219975556867
0.6664200656483219 0.12345381044843395
0.09075870745651904 0.514990047932991
0.34259541632373014 0.017246914273891134
0.06938525567356546 0.3278248370046699
0.9141721076172027 0.09653550078537942
0.6462309389874925 0.07750892570189816
0.7696281225911554 0.8218136323006748
0.2868091536571804 0.416148446628438
0.3922063435863492 0.8165326861054416
0.35342712325653847 0.49540213573959435
0.16892100933641885 0.005752438310152819
0.8194680586776879 0.09238868182080018
0.2860842210423937 0.20681737471208184
0.17485140457596016 0.9687465953395507
0.27959465235155334 0.6640640928902193
0.6164551377499092 0.5412711223494462
0.0787930551048297 0.8303899996543815
0.15138150150798158 0.22134803082561638
0.01298938683172679 0.3128846770212961
0.8828119942113508 0.02271066920676046
0.6146153121114064 0.713884700179058
0.6457469242791065 0.8965473934860579
0.1138484287273871 0.945754851019432
0.8720620112278241 0.40720389181475936
0.5438409425782262 0.1590552808861505
0.4393615826107391 0.9894016069839873
0.5898075763272255 0.014831431968597597
0.13240171652906008 0.17621516434499096
0.3835428900975042 0.4975629304662972
0.9730385060637825 0.15838997055439386
0.7423239396256887 0.8782846763497802
0.06507199107500705 0.36675726591406077
0.5241269058284863 0.5789982885946912
0.005724764046513675 0.2346990479484381
0.24580459499142004 0.9756650965066869
0.5667620397719064 0.7779388190470604
0.1587547481222289 0.7130504339372601
0.40745739407589676 0.1980004603190697
0.16448542760800455 0.4418383954089222
0.02986344001125829 0.8330402829464012
0.5401035675391948 0.13591220136261573
0.32831589957741647 0.2863556223438384
0.010753852932289032 0.2539511880797405
0.3321411396246172 0.4515072068779178
0.8125169618717514 0.010797282763866267
0.9482320527049259 0.5816699378706001
0.24737139567047084 0.4485474683854378
0.01920395494548588 0.4032363130732042
0.09499436270565198 0.6598219899871571
0.5473969870322206 0.8626479054991802
0.9987302544363001 0.002573779078630656
0.29322121053043504 0.21457808233343445
0.3002033658985037 0.6536973848419625
0.07101601143057779 0.46902702432424426
0.8284165458633033 0.24927683055298422
0.9870764834554009 0.7094253905818124
0.15131280873469666 0.9717953923193832
0.7217411225294281 0.17201308219714395
0.5738805747375195 0.9857407951995496
0.7103058315001758 0.17593725988452902
0.5646652054517693 0.34675403683082884
0.8979443287049136 0.25567191298309844
0.16691009224179587 0.8483413757463547
0.39255255789206744 0.13879821471447107
0.5693454388881589 0.6042199028790096
0.23773006671924346 0.343740421457962
0.22799681878615763 0.6218392025713624
0.221938852495827 0.4547460729194235
0.7691352280253263 0.2435585616272924
0.7911442062587772 0.6107751614350214
0.7574815491924249 0.5370694527243867
0.555514109912578 0.45016646725713616
0.17808840265060133 0.5515690084210709
0.9562014180164664 0.2474316559772416
0.4618214273156094 0.17649435928726565
0.1874549985735714 0.6885134100841148
0.9228473684545317 0.44551444527133666
0.7923939296335503 0.6750266346996441
0.007668144667032584 0.6295075631135991
0.9219333703396864 0.1240348707095813
0.4282147563922183 0.08655883046705881
0.28385461943205414 0.08590680695432718
0.0009345690421391772 0.40360287533949
0.45078200892266573 0.19228314433821803
0.6469560848665874 0.3760329919948475
0.7193081939144683 0.6836745149830978
0.921429913391675 0.16017997587782462
0.8478780393174885 0.8321413887415754
0.47448258091073203 0.10403457015060602
0.3110540795240089 0.172893512561773
0.38144558150298735 0.7409704386438329
0.7463269737863296 0.7599040527685972
0.08065253066043954 0.5922678288206316
0.3479020117793308 0.88845847389796
0.7349650106138925 0.8603541212578427
0.517971447197995 0.9644232410656597
0.2668917641938584 0.4279642893118649
0.7624180466377037 0.1299436886681875
0.9841575441715642 0.39856324843926494
0.4405878526629785 0.6568168689923013
0.3277329794930899 0.5214910228124245
0.7856098158999723 0.5589879174959833
0.04352573307174823 0.913706323836909
0.23750091124425343 0.8611568886448453
0.9889664164717098 0.6623792628869749
0.533456084450477 0.5076993797511125
0.7124186289931309 0.841919673978142
0.4646803742618475 0.9948289959456531
0.41073301847301513 0.8182094018088539
0.6139625954942975 0.9373945090200482
0.4745133360698224 0.3770343828099054
0.6774524678459681 0.6386302775526038
0.44027024152929206 0.9518189558072443
0.3730034868317511 0.41107839275163016
0.2653991711378094 0.9748594241747008
0.7259299354797437 0.7644845758543457
0.01732706835175124 0.11614290677114258
0.18736719398222967 0.46834803712684714
0.7311038060025712 0.41166926485470534
0.8173251910460242 0.4640473077019269
0.8716162991873884 0.3866232863909962
0.6537010616060233 0.7520858073944445
0.7328021552043076 0.07690245836433962
0.5857762377635805 0.29592372917668963
0.8398253653900576 0.04390202294828982
0.7345235103765362 0.011859019405462634
0.5867750067546826 0.7232129274813119
0.6973247556630453 0.6235111999065093
0.28199868219957525 0.9737065996541432
0.6018672737872477 0.9789427523021563
0.9862369330009146 0.8049218238646809
0.8031766755918612 0.37078007234095667
0.2605161604580255 0.368214653256993
0.9210552505420135 0.07716700378544572
0.14048198831849423 0.8397896204229196
0.693991189091572 0.5698103733571049
0.12810888701129675 0.21063770997043663
0.1927786031126324 0.18985130423911745
0.38993995035265394 0.4169680097790265
0.8599615081773364 0.4941642697438937
0.8320589427230543 0.17280744792878755
0.22730555781793882 0.3582053812309651
0.38228151546475786 0.18334858285503697
0.4537531915410873 0.6615626460288238
0.01351891607500133 0.16202219866549172
0.2751044333859287 0.5102238642865686
0.5692645406596557 0.11292426668952871
0.7498847821211008 0.7938634891033962
0.5896593296988331 0.3562152819831559
0.10021892182413339 0.5421913879159761
0.473694700928291 0.03849478334154033
0.44467022454168625 0.8718250148935143
0.3397308999405144 0.9830191069630192
0.8165497673016624 0.52399385157837
0.7868761434328417 0.2587886551183449
0.4027281382857262 0.33772185070136174
0.9558335797834696 0.14469748370282964
0.7381105494663784 0.8430777673421137
0.8811275123012123 0.9309040856960991
0.3093518311358321 0.946626293463591
0.0779892042042365 0.5109418754240458
0.9114265929631833 0.0556852494249247
0.351223575203752 0.7326836083831199
0.5004243577144254 0.7300058066177899
0.7162818072527464 0.22230318620469158
0.19109232002642762 0.7023364593963184
0.10667788315159354 0.7076637581482883
0.09362244358899141 0.17040331424142696
0.10981275304297733 0.2380344885110579
0.756416343518991 0.5893857426819018
0.05434366470916374 0.07666702988057206
0.7771917985244454 0.47111912876164874
0.47595636612216174 0.14880401201469318
0.1614316269025411 0.5672752061525841
0.8657955369311456 0.4897540394035058
0.21912679558522652 0.8262240915875303
0.5043091323878741 0.9262871126425964
0.169508238748874 0.8622733032042467
0.6218850573741619 0.8111408035730392
0.016485200729211558 0.6183608295070158
0.47607565578822486 0.9587644671732647
0.7043128932664535 0.23869963704883657
0.3715391394307124 0.9948594976662559
0.3896353446090226 0.9166130112080955
0.4038707361569873 0.0487578728035043
0.7602812847120672 0.6985161689465675
0.763178396457517 0.5887827979007199
0.9859583964005889 0.044564094341364324
0.0024816303039687515 0.1027049844751986
0.3748435558610477 0.7239728200319546
0.3196033074631388 0.8892462914667132
0.46643376727915387 0.9178664399092489
0.4547125926787896 0.3643360210567528
0.7541819588112857 0.9886894218066744
0.7469073208870807 0.3775335560157931
0.3055079953517523 0.8823414890425212
0.1712151123120662 0.6488732866772247
0.2741187382425807 0.5829267007052288
0.8567567723283607 0.11863145022249344
0.4068702965098634 0.5011607514901542
0.779378075666054 0.2804462565465853
0.9811816928195223 0.10170663012362602
0.5678487604044642 0.7903312547153023
0.3245483614160569 0.6969744966413944
0.37413411247690953 0.2627569956012441
0.06426644094417733 0.2685580952442126
0.08075892908002902 0.9118389523723911
0.6707541841157536 0.9088316733356614
0.7519807733447479 0.22697427701471606
0.28380984179982804 0.8941843413129527
0.6461769246384073 0.8850840448528763
0.6604805092730339 0.8959133863176469
0.39155820347561976 0.7000909339510388
0.14196541008543395 0.13378798719196983
0.7750732987528144 0.9966593778961865
0.3519682702531415 0.6185037433539662
0.024380123674740073 0.02191904005675127
0.39642407993953666 0.991945667810433
0.26241993681548115 0.6797859854161106
0.4653312041066515 0.2726820228559934
0.35758721548919103 0.9912012405638415
0.18976741430225696 0.850279574327077
0.5005235748764894 0.8202041813036225
0.1785681166300317 0.4318683847747091
0.8869421910671977 0.059369609299288806
0.6147433931968693 0.401245500613407
0.46396612305432217 0.31220038820855334
0.6262128052415237 0.7003690994469172
0.28779166938566747 0.45115602514980213
0.6100814997269517 0.13145544577356194
0.08151263793164887 0.6900663271861858
0.2975749905435312 0.6509894955645796
0.8958629701926115 0.22160665079487263
0.31321880027590465 0.2401602574795234
0.49603440557352463 0.1823268786428185
0.3213811931867723 0.987260854968812
0.48170427921404113 0.6214343275136796
0.05481545280053046 0.0009985448439062683
0.17576945660714083 0.5727734178454196
0.3035123657920398 0.9735212757253471
0.4178449110322202 0.6273643374533091
0.6079178626246042 0.8555278425155481
0.084373252908031 0.9312275546899833
0.6777803412756329 0.02304748840082138
0.75044923571379 0.5149812744562301
0.6209358725870011 0.6422472565204471
0.8253224726051487 0.6086240504454339
0.985999493222244 0.6034275452970532
0.2211164203036755 0.5388140704639968
0.8497347664205925 0.15373201157751493
0.6598049927730187 0.45368737816670834
0.3245655317882581 0.9603797383158237
0.23816786489540465 0.6340554805565373
0.9679370948508768 0.8589482052311344
0.17562595149556226 0.8778853871971535
0.384046459308339 0.6229077322886472
0.33269877046770757 0.9180984728943995
0.5504173163582855 0.9101019605389211
0.8869135641852344 0.19975278165917687
0.8046046064472672 0.7854420829242699
0.23716289190074513 0.3351616185694972
0.5264114290863069 0.826931357464626
0.6666605552837439 0.7191662752975143
0.8466310924617637 0.7889312665982626
0.35454734326167436 0.1285561040974026
0.4504675562170801 0.8264169653573554
0.4445602838716689 0.8359911704993952
0.5603409779646271 0.8439430949320423
0.4455861274132933 0.7254093853459602
0.9258566641852479 0.344258132966192
0.10859791844609656 0.35078089885148933
0.21430988386486494 0.2722037090977274
0.15910329269888046 0.8178727196038071
0.25873841645605267 0.9001847352899404
0.5290201735471232 0.9716904453289423
0.032982900608341525 0.12342310555824199
0.9672448431795304 0.49266071539067324
0.5790443181507972 0.8479332232628731
0.46870691723057756 0.9824007947454663
0.051999621786007255 0.5274716480902271
0.3109922851714251 0.7288530942676488
0.966621636575266 0.5371463532557585
0.07220082645087111 0.6957362013614607
0.04134476160554801 0.16211956437182784
0.3376609345339212 0.5543698525444718
0.635289776507932 0.8391813010365825
0.3152966805468931 0.6163210969261994
0.615634241524488 0.9258332714517727
0.7321617996130416 0.5955194317510848
0.6990932885697565 0.30923472275678665
0.6820431091765626 0.7130526906309504
0.7912735225272112 0.5772328976829602
0.5216681163810049 0.49146593585389486
0.11715105701417294 0.2666059698928822
0.7781166574649805 0.9287523634051411
0.8820980771843234 0.43204609311973896
0.5166580659520816 0.6138430418167404
0.4751144403126377 0.000688309677302934
0.949531634204841 0.18300120731650793
0.17763544270086995 0.7139038256196784
0.19938033105474928 0.3750822625539978
0.20591801870542725 0.04951244839112645
0.1583734710848097 0.17570149203708763
0.26782378842144894 0.7430143442973958
0.158766011772133 0.8783549134081228
0.10779492865868545 0.8533698142007231
0.6119467122281044 0.5888572609296436
0.9240058894067444 0.04067151749158482
0.43772769918250565 0.46311032862424595
0.9479346846952044 0.2702008746875686
0.42220615157733365 0.40962164787146826
0.9283210284011219 0.15652342942958608
0.4143380750109926 0.119171174852446
0.5239277673396512 0.6116756086489672
0.47101894165850533 0.5671314345905543
0.4767140777424568 0.3448968952520495
0.2477315501421593 0.02941096902008744
0.8003235093579135 0.519980952101891
0.9466492880640272 0.889392043870082
0.363910305181391 0.9450548860318473
0.9282470441339066 0.007864931610117587
0.16420114261052787 0.6537083139056261
0.6624922225646894 0.3767128248125391
0.2154236401974865 0.011607046401887589
0.6696908321622679 0.09834864171570556
0.42305268063740376 0.5354705404697715
0.6195195033161711 0.24134528518479437
0.9590467100613318 0.23074565251559798
0.22990248347318043 0.13603321275194902
0.14614009665547179 0.7620841409751409
0.3911545449263294 0.8970372177385018
0.3682892165563556 0.6112768998308742
0.24672643381679404 0.6594742081088176
0.09976734192246184 0.2643813924787619
0.8219684783304713 0.5709743090341992
0.1565315015289639 0.35950400592049525
0.39145064800450147 0.7766412151459219
0.07316358885855201 0.1119353933193461
0.885497090773955 0.7065458537741403
0.7288215820121573 0.020051568768195027
0.6254758097718418 0.9344140880214611
0.5897276219827838 0.6257093139078718
0.7196930884304329 0.8695227710660396
0.7092685045760605 0.55315426884577
0.06610716077484247 0.915010089075611
0.8723566406071332 0.6382733897225457
0.08223046186069904 0.5227312563830133
0.4357124774681824 0.022534084325370518
0.030587850672336936 0.6849243981851101
0.6795906659122197 0.05530292097413092
0.8953981983354935 0.7173358267174526
0.592580720162545 0.30357917378685273
0.19364553578507526 0.6631371628464302
0.36397473224368815 0.02376531580687713
0.18080655749792407 0.03961813794966851
0.9195285710755106 0.7708538523299737
0.44954762352136224 0.8533606243585259
0.04888651533462118 0.2010130225518887
0.0800405422681072 0.5824136115941199
0.2876919475213182 0.0051894805074148564
0.1480160256514711 0.32791781327420977
