10 6 100 1
1739 2305 2067 1992 1783 1289 922 960 523 497
1643 1966 2252 1846 1572 1427 935 668 596 419
1442 1728 1781 1669 1598 1252 1002 736 536 474
1414 1683 1398 1626 1240 910 1007 571 570 813
1041 1117 1236 1311 921 920 804 683 497 631
1220 1245 1063 857 1137 673 598 874 806 465
810 1147 1242 975 708 942 548 636 717 417
891 1275 1053 934 665 655 563 805 513 454
999 1044 914 742 781 922 721 545 520 547
969 890 799 812 627 906 721 475 527 639
4 6
3 5
0 4
6 9
0 9
0 1
0.842332565801359 0.4124587491160517 0.4668194555689139 0.9666918788921486 0.2842012735830661
0.5536278397943427 0.39168777312549896 0.9531299977687986 0.7396079457882039 0.22439320476444824
0.596072582873449 0.988525950221739 0.34258460259376977 0.4443237856189266 0.1519596470498814
0.8250046052143378 0.5373575792632317 0.5447827008369954 0.8632174784893252 0.30774603280782387
0.9429073392107894 0.9917376564934126 0.35087070836170947 0.8499934062559176 0.41619109489914197
0.29813753171158974 0.7059926777554439
0.42112037641316236 0.9938414238689071
0.31252365481741173 0.40099303111669293
0.31497536735065745 0.2301226767328406
0.43284169598281785 0.6968808577171237
0.7984149095422675 0.2607308371882935
0.8718435501264854 0.13279068457751175
0.03372289649355631 0.18965438185072325
0.9604487805579098 0.013808441773495383
0.8901827429916511 0.3692719775940325
0.6086308263127889 0.17512674364780656
0.6839325760921344 0.821043043370087
0.8991573998674818 0.6536387973835498
0.09650933659676175 0.7334005176266132
0.8994495784081173 0.5887448975530214
0.6467989141159125 0.47947699384080833
0.6143698708735816 0.11707983052926374
0.2664544261428805 0.04081696236541599
0.42285844686452956 0.027043030039792137
0.3204392297744203 0.4374268503828014
0.5660223911463171 0.4166072173563542
0.22084398475623956 0.4061062903225441
0.6769133503701614 0.18637937697913398
0.9984439804610385 0.6704018142408892
0.5652473110362686 0.37289034364518026
0.7482429409931965 0.9125066030043298
0.9524169811807859 0.879921999350715
0.39877118155508073 0.8506958690783364
0.09283448858946985 0.9922826308987871
0.9881224764442766 0.9731220307709554
0.949281128464071 0.7491660570334575
0.042596436037049656 0.9946034918650786
0.7158846324145671 0.4595218168234909
0.11390390108541948 0.08089439347164129
0.02028523877526678 0.028565274009428654
0.6193516627640503 0.09524667822065802
0.9915829166239885 0.7289989183505903
0.4773096744560108 0.8154960967801352
0.5000410015635368 0.8960771581139948
0.9186072671680199 0.21097753933258057
0.16969919413271595 0.8749773258719797
0.8602258630267445 0.09653996443112933
0.4931495710719018 0.11784149092907903
0.764412244808566 0.9270309325854855
0.5345877931663965 0.4373741900095103
0.8127839619330435 0.6549562325506315
0.6671841859249403 0.3012789142972534
0.9748204763838002 0.8816847037723767
0.8774676548417917 0.34548006355080396
0.8575734483537394 0.6874457392543942
0.08470941922138109 0.12480326544070053
0.5149068859534971 0.43589542559135497
0.16799178807242732 0.45314520793356516
0.35700238294062747 0.7928297677349783
0.6555507261147895 0.6534335653823349
0.6976872978097917 0.7206068772474434
0.418717861786027 0.5648368423325971
0.031140412070715495 0.4700900282420233
0.19710405803328257 0.40197038285240416
0.638479924410484 0.02835162114055856
0.890904468676001 0.1952953523423957
0.3306002581791576 0.15667554403301187
0.7684901854417758 0.027391386799648254
0.4929341748288456 0.18090932979352137
0.7571093800909219 0.9591928801961722
0.467593597972882 0.5817229056075797
0.9436444312721386 0.43756319450837866
0.5570437721761263 0.4416668344956616
0.15067492320115128 0.4377453905063393
0.7091183787991746 0.09302814658443448
0.24939986818779292 0.8297170462349761
0.8788475333000918 0.05167517221679874
0.04966976948663793 0.9585612110917199
0.6372501986612862 0.8782121925882269
0.2997036305525591 0.9672160486478034
0.18174986598865916 0.5945411575761044
0.42958246677972145 0.6969408511026529
0.23282398776792457 0.2251796337650327
0.8602863382483537 0.7137494919201277
0.8842555915648018 0.7951021755440382
0.9424381010840779 0.5926514962469489
0.9810248012919423 0.14655283123683094
0.18203364929761157 0.5828973165584876
0.1571793199762761 0.21773566743420236
0.1358914004404952 0.4618508391475189
0.02744434956407571 0.6014131610807674
0.5190737049869243 0.7686270979728325
0.2625293140279221 0.14985342763063225
0.47829889160979855 0.7560004189694423
0.21425466433089113 0.8348393311367197
0.423598820636403 0.1583055373757576
0.6911136815216297 0.8171529749489395
0.02152229128434935 0.11844820024955194
0.6509739378856203 0.5407487736034033
0.5251352320105047 0.5012982454345383
0.6189006515366173 0.39778437521607035
0.1640873048483833 0.33360892111599694
0.3471592964708765 0.012206867754107398
0.7797035911684134 0.8223249367528196
0.3075262812395685 0.4045805784814682
0.8901083669725771 0.8440319642281746
0.6240163028955521 0.5888388156950572
0.0352213950024578 0.8639373411004982
0.05331757910206969 0.6645548450723304
0.7309632992869288 0.0677081483845563
0.5298559697064216 0.5477696776476146
0.3573378637101132 0.5731072039344707
0.4907369200092464 0.6157101626948116
0.08500264427520099 0.30472046140900777
0.5950373795021462 0.17338676044753853
0.9038448570072164 0.7972143308817536
0.7249537004248578 0.3406726541659275
0.5902565725021158 0.9932898289016019
0.7497745908976279 0.9963778138726582
0.647881600291734 0.15563272871603662
0.583029614328276 0.5709511410340173
0.9159539336958338 0.057353708214866295
0.4360575914035181 0.8567027436387504
0.13864059802460038 0.8059074020890555
0.5525582836801233 0.7580628480544818
0.9702469318418632 0.6511924522261661
0.9843075462169277 0.4126025115994292
0.9648638065569757 0.2274755139688247
0.7037265672428532 0.7176186433754841
0.6377109341960192 0.37650591096536634
0.7349911141390746 0.22319293441298282
0.276165957656064 0.9427323303091115
0.9381942215692041 0.9759928453267495
0.30002940748798856 0.2080247734708729
0.30410164330467926 0.1836848386523351
0.24479612033165665 0.540810939460975
0.8967843038681826 0.22245418057760746
0.11709144725853449 0.28483340405028557
0.4323441907069978 0.2619742836782579
0.21511178865839664 0.17458441885685483
0.4831384195052961 0.35979063557304425
0.7654725698949847 0.3121121573001555
0.6190397341280829 0.14011729925440286
0.9504352213962857 0.42359536841530354
0.00816865282320145 0.43341802620416603
0.06406657623352885 0.9468896085537684
0.26495780069149677 0.13996970098851258
0.8692920102260657 0.36357533084269167
0.845213178832126 0.9791224595444956
0.39669303514590615 0.07486109396610474
0.6863858821851603 0.9155915451296879
0.16247848930448305 0.061448214493626585
0.5787789353331849 0.5161285478372348
0.8907006106830655 0.12951122585629338
0.5179765407595642 0.4070353127269304
0.4857648835436117 0.09895360446588186
0.6879013955247442 0.015433764366028058
0.6032236331486918 0.07479389962572691
0.08744893792765107 0.647145862409267
0.6926490819856557 0.7458153915976069
0.9251167096879305 0.26512565561717394
0.7076406073463943 0.03683212556687865
0.2257279769351883 0.9873971005381288
0.4256401589459551 0.31830866729400364
0.4867189210084619 0.4713106547254593
0.194337489140038 0.9405960757841749
0.9399489923144426 0.7579983946472848
0.7487608148175096 0.9713493797684802
0.429501971943302 0.43883974601648057
0.4079935285663565 0.8883694952671783
0.3618144743028726 0.4443214080561255
0.4529532581815663 0.954120821157739
0.5571772542886568 0.7755367063646843
0.09909894780148742 0.20427426765980194
0.3091184084741636 0.498352993283651
0.9593286567841095 0.5896702391222746
0.47887667971685843 0.7571476536625006
0.4696140188255673 0.22887560773323523
0.7889087656593843 0.8395424418878472
0.18770591373169654 0.8170088248732994
0.5476842835821096 0.33215003072374083
0.2192161382229787 0.3991985592898988
0.5531903633716453 0.027775407143475705
0.19727547838160397 0.593929243527566
0.11880659892969336 0.5467812063634752
0.0820291420577004 0.6092134272522154
0.8421693391363012 0.7218148685524572
0.07810339321813231 0.8042237734728575
0.5072167475516114 0.09591899117782154
0.7546822768403536 0.027664200805861183
0.31117589687719405 0.17813866174121729
0.7535124309143275 0.9658930136168984
0.698349644984622 0.33564590994000065
0.1735065766008521 0.9288746605512148
0.11049481792259264 0.07121466287313072
0.4925154504032443 0.9316069493917258
0.5879425964664207 0.7507401013995256
0.28875916798998014 0.9868478449065246
0.9427276148756767 0.9135401032495176
0.5832221134057951 0.7939706191704607
0.11110967072427602 0.03961142678974894
0.21029067399407086 0.3867157261527596
0.492167112896017 0.1357434969315756
0.32826806915567697 0.9324694540476217
0.7249449411486064 0.3470097432807895
0.1625078351618039 0.004059408739825798
0.5334347276354299 0.5943937493607279
0.308858780797562 0.8324962318047797
0.5666952452748815 0.43280629373125445
0.7817373869914483 0.6076725278485318
0.08832614709088848 0.115901017127092
0.5629175465751919 0.5443789968029904
0.43344887254929176 0.6492897634917165
0.46144377895503186 0.3566308933580222
0.17086197214670085 0.7247186221826853
0.9750161030236346 0.6520399419450329
0.3061999699953626 0.2067058888940363
0.7256138620332244 0.881182138725769
0.6676061530615911 0.7785227090582678
0.5070489637870912 0.408057887417435
0.10128952858572315 0.23327858258895606
0.26917894350495386 0.3628528832193674
0.7570484033652458 0.7746896121789097
0.24466136730775512 0.3711234649717865
0.12147267403851902 0.6838914618595486
0.9112031344779326 0.04697397710412643
0.5883135939579067 0.4031899872669562
0.6917661855403088 0.595905518616749
0.00895992302493931 0.6262806587045335
0.13657584348161222 0.3807962311738038
0.26078980772336346 0.6685081401408068
0.369316634476093 0.5346163733190563
0.3248526224582178 0.013876121833395816
0.35733714412303197 0.7347290191094584
0.3437317990743136 0.9308642876159015
0.015459306670270179 0.8521748352092877
0.8177837089978206 0.5334315539805636
0.40405537825854565 0.9745306617150113
0.46045112104703834 0.4229078243808153
0.15925382997734983 0.38314500510497185
0.7410524382233852 0.8619760013594318
0.054839907064973215 0.1300788183164554
0.331214512536286 0.01981850399724805
0.36611114934238564 0.11389402388532766
0.5037233578993836 0.6964201919612714
0.6479185154343299 0.6682081698603037
0.6012431433139303 0.142085043470761
0.7128043313462737 0.7898292239025941
0.4835460464779129 0.34916285259353486
0.13843786860992102 0.5282409743686058
0.9777735774882967 0.7665840323380362
0.2777318945378213 0.7049388374572931
0.040161512696184065 0.9797884566957411
0.7876697038072233 0.7781490375764448
0.48080994893472484 0.5339213437456256
0.6031289260409742 0.08196318475682296
0.7249763206639361 0.3445779023240112
0.9403773640999853 0.8404048080081035
0.6392777571144483 0.7527094495043696
0.8547464105332474 0.664505335063569
0.07630841485133466 0.6853201087426648
0.894721596978888 0.3887700146148434
0.6642706369989628 0.410185256155674
0.6612628634567597 0.39795175146499395
0.0966111621905279 0.7401145930756281
0.22737663617103698 0.7077490514862446
0.9152187940903547 0.10872514905760422
0.15979755599751755 0.05586705500629163
0.7806906252241332 0.0326636674991132
0.9833390142697316 0.4874465242024193
0.5194179634742595 0.027246517929200076
0.8655491038466581 0.909176883397036
0.7483056701301778 0.5767141596893566
0.06597717252473556 0.6904135391472082
0.7554148617635541 0.7926063783081856
0.3892819376086476 0.8879744596904837
0.915867565569412 0.3994945186817922
0.4469076232559428 0.7142980107831436
0.395225667015894 0.3835004316730366
0.783836176175307 0.652524621821301
0.7076383156160155 0.41165429496206074
0.12189039415096037 0.055330290237070034
0.8654624826545871 0.12573141692703516
0.04394216030713105 0.744806240284565
0.798452895859808 0.7613857394770027
0.41614056483707107 0.7352885238980813
0.22849212672504993 0.34563246849136386
0.2828160750722293 0.29771455582104545
0.2650545621342475 0.5294419594380959
0.28428862994147597 0.3916267575327237
0.2913294217004494 0.5359908995398399
0.9032107913232523 0.19026170003990361
0.9032642800730273 0.9784284968636967
0.20228337490280568 0.9631648588866013
0.3369985545924896 0.6140661607376843
0.1876528832865083 0.36861645132149534
0.2857938470639281 0.7264568980574619
0.9063215303644037 0.5391248624721452
0.6263619788789123 0.9598018515631379
0.8526040770788501 0.01355266604342309
0.20923312901745073 0.5738055024104638
0.43111135601050643 0.491204316385236
0.09839410430331386 0.6973777209872165
0.694123632008337 0.5585284887430919
0.3281709789369893 0.766226737091565
0.5071143147421113 0.9792529255807716
0.5957594498999441 0.8966277829397238
0.6048412567440746 0.6522456603256226
0.9164469810191731 0.7757971440884184
0.48067658190792106 0.11664255806752144
0.8748324147980739 0.616768654031318
0.08427539901574388 0.9090515409141824
0.7121986796781272 0.9125748709942407
0.8213464703056392 0.2054941671840047
0.11560323668261674 0.3023064705075129
0.7442140869099954 0.17588440352776002
0.2693518811678892 0.2942109274107825
0.7182525827011963 0.6508117662567257
0.6683679692690456 0.18242222399021313
0.6411040360426197 0.4948264213531457
0.28321581376935456 0.014101624433999982
0.37313230615105275 0.4557266543043008
0.4240999949452613 0.7160234427918706
0.17103146794163449 0.5727101824467524
0.7851129786516087 0.46799676945703994
0.05376305127100811 0.039871571860237154
0.08268426051603517 0.33348745449222417
0.5952567161299449 0.6213775900759511
0.8761729175417194 0.6130447594815998
0.8587670211277514 0.10508075785797244
0.9401279382517498 0.32713054360035065
0.4663220396288472 0.08522659665374777
0.6472305539159673 0.5106769073400674
0.051448412190428394 0.551638538380254
0.0030458724199771137 0.49774650310005897
0.237076593500819 0.10146743723477103
0.7652598344511496 0.39077089915713037
0.510618238300619 0.4451499833816528
0.2090769612752199 0.30290932412427507
0.5357887506570789 0.12307972435554082
0.7655106183759139 0.09540590838239282
0.31100576310662054 0.43467677120560744
0.42087278217123925 0.1030656888759569
0.5073272685312857 0.03950875268586196
0.09845728669577913 0.4186847785761818
0.18321155505797249 0.16595071396287575
0.43320649596113503 0.6963933325413054
0.19186557012287442 0.2527276499603346
0.2821051615563057 0.5035757924876418
0.13111722086151767 0.2530807848042218
0.09896751204785992 0.1865759940699725
0.9819230966970678 0.9588311124733275
0.41209876812526947 0.24347208755400485
0.10476626793626886 0.681537245074717
0.5297960616182171 0.3347602043247693
0.738954191916001 0.24621387311734222
0.38971641398978507 0.8472442060097407
0.9874930298528555 0.5549866139199748
0.020236914059820643 0.4644778249607364
0.03301467583203688 0.23470536461559366
0.17903759679487563 0.1463959437634157
0.8342464782316363 0.3783800064274754
0.28097627735672437 0.6855063810654622
0.7597639538550169 0.13974242673217252
0.3056447057004119 0.41437127101190696
0.005203300828289459 0.24164305452871093
0.30222114246999965 0.9939977438114729
0.6075577654991946 0.23895911961655214
0.7486234835914172 0.03500711876811824
0.6142775649336978 0.4354623486937512
0.4428678790499083 0.03511201445264178
0.04742234554841329 0.19155647315213864
0.21502705005787992 0.5803278185089085
0.5654211569949366 0.88571681075969
0.8491100557161104 0.3225674686846298
0.7071312087163115 0.03406380855268698
0.6355990469257207 0.06603057622899744
0.41033823222925725 0.47376210029169674
0.9231169709630354 0.35391608106984407
0.3841806093109552 0.8284035339487694
0.5754141066952803 0.2932656961208102
0.7823758112705363 0.006177634172455315
0.1914970432830616 0.23332294137700482
0.55820229911912 0.2511471815446784
0.6665326864052972 0.07224239468294358
0.01322415507727448 0.8308567280048631
0.8218864566880981 0.6117987673572489
0.785569596395923 0.8333187624774114
0.5652013402307792 0.9930208152194513
0.3474504508690208 0.7099524455603232
0.34651997355085085 0.39172399584735795
0.081999550409394 0.7871594342948038
0.5370567441366505 0.15241799622429775
0.6935147308767886 0.27758094246104936
0.7577791531417741 0.010393291962375262
0.24948697637653106 0.6896091655969987
0.43361025030558875 0.597313876712332
0.9345623594944577 0.9720990351776804
0.4687807610035126 0.34890568807216904
0.11127094495401368 0.5391837513067592
0.9786049795223293 0.6767745512144931
0.09946160262383774 0.9526014520433588
0.7372017404903111 0.6633703195763043
0.16173557769057822 0.076512367228597
0.06935385763669166 0.07470592796352737
0.030195991877626893 0.9841063568854262
0.08268165832945074 0.7746755372863079
0.16648886965977017 0.30453824046320266
0.6862120040737498 0.6720163983487442
0.3134815212731168 0.47858674360749864
0.7151868523166727 0.5285125458823983
0.8897255425905908 0.979760980644673
0.507247269844499 0.08542204616284765
0.7619289146379813 0.499904758002498
0.5261135508145816 0.4958168808042809
0.9038543794643705 0.9229076715978035
0.3336977670360457 0.12603479811877594
0.3450475849925263 0.8268211322447518
0.4868675886122529 0.6394350255280528
0.9681019274874958 0.10475242245400906
0.35240307217927813 0.9744330779659127
0.6702586895087324 0.4501098767570022
0.5047061922593925 0.5892450407317451
0.5354329184025548 0.35763474849639887
0.031901158660258 0.6672608993613591
0.20535544576406561 0.10461071489971419
0.26704348418603563 0.052720981750965734
0.4950471751658747 0.5006007257269256
0.08860462482383014 0.7202660531667826
0.5730343079219224 0.9601457152795094
0.21289678805712176 0.6607804642393535
0.6007476147677322 0.009107252966044754
0.48963469665639625 0.2228648932523234
0.005880175303616175 0.0524401134610053
0.6700917168084883 0.19815385102393468
0.48233091090602165 0.09874261943442297
0.05163491044699975 0.09649217867319848
0.15146901404758228 0.06894230928283052
0.46677523006703514 0.0098139511559312
0.913708245562743 0.1443084309173659
0.09117858106001164 0.4878321685624638
0.9524131779979799 0.01097238591611327
0.33953944757628673 0.1767133404189043
0.03136094824155489 0.4173672563864246
0.46944881933800753 0.49511327071744127
0.40547091300115423 0.05767434527984361
0.9905483011970146 0.44840496217980297
0.4735356457496833 0.4511001084589952
0.7495634233296338 0.546555632748795
0.21101994962380322 0.3783562655501942
0.5476798016707292 0.9786245200951484
0.12198315787265601 0.47682447654955684
0.8765518380823614 0.15476479687717903
0.8139062057320594 0.15224913911690097
0.004793448257381039 0.19695209203301145
0.9044961878415902 0.2555244035671138
0.32892844868961113 0.7273907073260002
0.7951696208427894 0.6726938899309867
0.6617988220896611 0.9924597509376918
0.9793657683529113 0.6819705986017859
0.2618275106643153 0.980927743715315
0.5764383245589526 0.4354736638767662
0.33120900935204967 0.7016443791063605
0.6836447219727271 0.4866013819463406
0.4677623674322393 0.06066053356139389
0.3375509249193229 0.309778485654298
0.2395776123045803 0.5859269970861827
0.5395261688566444 0.6765178843681952
0.5533081501624666 0.41580517491710856
0.18722182920697428 0.28381106097029507
0.8518799229228511 0.4160431444718553
0.7361567816658425 0.039421357010529734
0.11661603567597667 0.1534284090450282
0.9634693423256615 0.7481085561418725
0.7149184934151336 0.24003674690918197
0.8581811890344764 0.8988802723621556
0.08158347090443963 0.3894163015841323
0.14880750539805487 0.697363608686512
0.2910546412868993 0.14288946159510418
0.8515710730971406 0.8742196154574944
0.7884362280825623 0.9817923492052325
0.9617326633923673 0.9450731031359345
0.7659704626165578 0.45336822638980867
0.4527243739321509 0.3211529706166556
0.36577084159153084 0.13565244312126623
0.43347223744958585 0.20451894690203343
0.03503968517367184 0.15993325137515235
0.9031234853044863 0.47313171404941534
0.8355796433352376 0.6114250545535549
0.11120684640967049 0.3817226341137303
0.2367682007750045 0.6095707796634084
0.9563748891450232 0.49994373423763183
0.800412555504215 0.2947278999712486
0.9841793745075942 0.34869672841897836
0.0906183779465064 0.0854538217817622
0.8410414239718516 0.085514655764104
0.714221575750873 0.14364598666663642
0.7088599321520228 0.786433634552214
0.6885509109740977 0.06227768758671082
0.4664070307896493 0.05277234511958229
0.5809087634995214 0.6877806512576259
0.6731933881893191 0.6258656595951382
0.5555685585845451 0.6654188782934736
0.15253512710119366 0.6420971130176818
0.7859498338479463 0.722014470551009
