10 6 100 2
1137 753 808 1385 1227 1325 1932 1037 671 659
495 978 755 1041 662 2046 1910 2279 1139 1307
1088 958 1212 1302 1085 1413 2048 682 1271 1525
1246 1199 810 1048 934 1400 1446 1539 1283 514
1323 739 799 474 807 793 513 926 1071 836
490 1142 1092 969 1097 1388 1058 455 764 664
1262 1263 782 646 584 670 565 627 1269 1332
871 810 1141 1251 459 919 608 830 978 1501
1278 691 1387 954 1204 461 1045 600 708 868
581 1069 1032 459 571 1209 742 486 866 472
6 8
8 7
5 6
4 7
1 5
2 7
0.7679177579604302 0.5982997083117958 0.43440724376941703 0.3288403725504446 0.4746747467039516
0.6424641375019182 0.5756613400782808 0.7446270575402361 0.42652840827336175 0.22488022364371218
0.6143432436498628 0.5322670090354401 0.5646984763754148 0.7696696747121103 0.4939612376677178
0.9281292040227866 0.32631617400052954 0.9772568137238447 0.5935156885531899 0.1787506361112297
0.38937563805354974 0.6559843803681313 0.7291309631376801 0.4296265396224404 0.42970045324831074
0.29012318691130723 0.1141664263098332
0.5789521353953055 0.38385577807982685
0.14703626004457937 0.7473277605608197
0.453361391954882 0.9802620370611916
0.2252966230539799 0.6685193842224582
0.41091034831893447 0.16330698338258065
0.39435029060743254 0.9551734113594006
0.614404801654693 0.6668969577004977
0.7035009734370947 0.42737525310642255
0.20219727685862265 0.41193555967334694
0.8678256321014797 0.07596026842146508
0.2523414933871597 0.26384275703493065
0.690248783969438 0.31704936573690756
0.8519953366846325 0.3851832136016493
0.5777914215970072 0.1726671678829237
0.6976465394980884 0.7563027882210118
0.3264177620820279 0.904658031882198
0.7147053497280083 0.20097733784586636
0.05473633633968644 0.39702511141892716
0.009783729360693716 0.7910493311875828
0.9271933610239973 0.5027232329877782
0.577117458079365 0.5863904772541468
0.31554813249206437 0.6943888986138713
0.33418145430320845 0.22670460918900504
0.09324978237407233 0.8034817459797428
0.9464377963731205 0.6580591000259188
0.3585833739302824 0.7867242264620224
0.12421790152472534 0.2786776120765837
0.4972263136322448 0.527456519948795
0.18046375505750945 0.13868899101425125
0.07687221200211658 0.22767623899051914
0.9709672102442719 0.37455047715297174
0.7289319526375235 0.9982514121479049
0.48177799365436647 0.34608548549534635
0.09984256488881371 0.7609169078023048
0.33101299533454753 0.6942347072616173
0.044947664655334174 0.5950715322990974
0.43780037903336755 0.29986609040181933
0.14569255585383822 0.5358401913709541
0.45181108420240657 0.7075330850244397
0.46916622433127086 0.674891605129734
0.7543903293765519 0.4836247325881955
0.8481898005079822 0.36291781180817995
0.641864511354614 0.713458288385441
0.09504909522272098 0.6997978184981715
0.11363570686988833 0.6490728070481127
0.7694810331424728 0.9557151085644027
0.6850713499234355 0.47785661136897284
0.07957871540173111 0.156977024653423
0.15732410952194975 0.2217173475889802
0.2761160776228122 0.35779503159290926
0.4348769490657405 0.2076999161515094
0.7879405513404185 0.00893019058441813
0.5818152042983882 0.5397589717713984
0.22253988117393897 0.47633439612697503
0.7775379553719692 0.9583270612139108
0.5448177749414798 0.7669278326765387
0.277350825789632 0.6896195412898356
0.8127353120645824 0.7769653216168098
0.7122479740752001 0.08372264665341378
0.23288472819607975 0.4109041516105554
0.03957981415633238 0.618310074304528
0.7156636589911025 0.6469105354895193
0.3041641729947231 0.5557146219083833
0.8340537523511393 0.6042954040778119
0.3026666351659333 0.2545928153440469
0.3013531838322694 0.08761483737471587
0.4074841884837306 0.8713479867641631
0.4397153338425792 0.8028211603706521
0.13943823532933308 0.6750202354065353
0.6317144186710324 0.8324494317435165
0.09006908903204391 0.8072838361074992
0.5048132801900629 0.4958784521324222
0.21656367449874936 0.04203206904317747
0.46761529555841563 0.7533683574242238
0.3739480189359088 0.8588552298599952
0.36558503904568784 0.05021275100062694
0.6321565371862532 0.01350994523548299
0.06780603619325731 0.6114031834799074
0.03791553490431876 0.19035286861470313
0.44200580083789176 0.9393779005890415
0.993612934821499 0.6661698623762466
0.3627069815631998 0.7113658406680805
0.4322787375988335 0.33861095612621916
0.12385191839629295 0.26946664379187335
0.58190540725012 0.3041765516829027
0.08143633470987255 0.9577986662971354
0.34477499263206224 0.9071477252622977
0.5815180071874366 0.015483824471598684
0.475367617097854 0.5893110744732333
0.6054973415597662 0.5015454516537743
0.31137605863150664 0.1673348053993724
0.8187611727872484 0.8608005348071897
0.16368274707193997 0.24143145483226314
0.0907926519508715 0.6024971955517451
0.24127862869675099 0.4462512737590354
0.6146136726281726 0.9361324577841637
0.9395979250630173 0.6441254807610743
0.3559493500932631 0.48906832247802523
0.16742213645820403 0.6898011728918712
0.46322170102941485 0.9361317557205524
0.6898028138516654 0.30143071518791253
0.8658714031539783 0.6376221083818885
0.8264541985928311 0.280938510199056
0.6032980214777008 0.4363037763651969
0.5960739894332923 0.09977355115438868
0.008741571963948758 0.569493983224514
0.6905247711131677 0.6154070281823649
0.5738113852866742 0.6329971616068113
0.4000894876555545 0.4676440048523587
0.7950192658056139 0.30669227159313883
0.9952332112971547 0.1951417382353069
0.3101510364863975 0.6089366369579112
0.6572519196470747 0.46938014367999203
0.765814603277378 0.15028361755836284
0.6899193175216287 0.19589294464730456
0.431435861683793 0.8673899655963797
0.20615683848591515 0.2297098624111924
0.37254672322385685 0.4309959723445276
0.8894600647191788 0.11520143766139146
0.1045397909805601 0.8905893818526689
0.19573384150147555 0.06835243953654935
0.7719683320770832 0.22610786771018598
0.3184710889993678 0.32868242620885835
0.5458130802848955 0.43933856032027907
0.35123618419186076 0.2154462471317522
0.5150002596137842 0.3684974138817334
0.7743274151393338 0.4526342457059911
0.2569355990738065 0.5362508379647708
0.07368764583435072 0.18408400597620833
0.5162351551755515 0.6608554037261636
0.1205184212372119 0.9277814943159013
0.844331711700318 0.5078252615898164
0.5433594731553582 0.17247045546565776
0.8902105211213112 0.8675809531388843
0.991089832374848 0.19265590669514165
0.41045415355666925 0.10650680990735695
0.44530854588627067 0.2972205010386051
0.37706471657818574 0.8423336086972426
0.6577198128085395 0.21438086749228047
0.69299027047664 0.6612115104410878
0.895375856147534 0.03556360763960331
0.34168806261921003 0.6003405689409422
0.7708873277584236 0.767569471161381
0.01338508043811859 0.3953321233940641
0.3886258587559639 0.17895978153618097
0.6394286248725372 0.6548167382225112
0.4740784312066846 0.13569728975839568
0.1376158966609109 0.5078833342084266
0.7195328100037626 0.8010219031901811
0.3539287702659093 0.7105308684273739
0.39593254467368366 0.5275987010119105
0.18292740738622482 0.3894187451253577
0.3617800165692595 0.4312849513588666
0.6358048660027289 0.031231346130771387
0.09964365132170894 0.3331610554618376
0.4999591399568999 0.4124990837705309
0.1532700078156044 0.5660397586406116
0.425484554070783 0.07048567557862295
0.7956805042040525 0.4762259158926614
0.747150850483304 0.24617694371135412
0.033693508836146524 0.4624271662263071
0.6784289621345416 0.1438678460563314
0.3369890864880585 0.5616753512003949
0.1271963943666139 0.7115391757683698
0.6553814218771403 0.805150419487864
0.2246051566163687 0.49828562085765604
0.22323526294790685 0.29490382046279096
0.748801576715767 0.9997737688910504
0.3151296423316383 0.027586192571737556
0.9643612295755337 0.6102332914129467
0.038121326970148584 0.34634826489503623
0.43832173516074313 0.603594494435427
0.9628739902775436 0.027998961735546724
0.42140434302322727 0.09887138686443842
0.21065734075748654 0.1288671877630816
0.06610902343962977 0.6024483472723261
0.3776042901780641 0.41730999795229806
0.36432772936851077 0.35474299069297355
0.04064001696140629 0.6996589295034834
0.6390270072460407 0.5032503515728266
0.11311657990783797 0.4886262410293969
0.9835101700588225 0.30438450197830025
0.1456229728862739 0.6324495523962474
0.4244705867369578 0.9000621940914479
0.24687364019706526 0.11537141324440214
0.060893350871528806 0.6980705817850734
0.35119051672460566 0.47821787849709585
0.8876165244378518 0.8032469903709833
0.5977672854122633 0.8139327645412304
0.3277257913449265 0.8393510529977015
0.2964212213436306 0.22106928149117966
0.43882516035811214 0.8987168234390317
0.8102349887327398 0.8145410517043867
0.33247043141122035 0.4972487148955773
0.2807158551390003 0.4139282018549897
0.01866461616005899 0.20037186150874509
0.3442757119956983 0.15795651216835283
0.7486976950897792 0.20798688259235343
0.8537526266806605 0.35122111451551086
0.9751785312668142 0.5589738716190376
0.44556194751344314 0.7017237492552346
0.5304214772436415 0.43228818220681053
0.8759224698705246 0.09737631826346793
0.8226453362841435 0.6275047185910696
0.6537222431966874 0.460731372129336
0.4487892845672974 0.42183140005390296
0.9100695906715484 0.08273822062327696
0.48535972705029296 0.5684727257322599
0.3953426050290807 0.3911183234385154
0.18921876912971958 0.5469618253920765
0.28395053432604067 0.13662584540848433
0.0870213132549047 0.05787124248465014
0.20393698714962616 0.9392308074044016
0.471534455224103 0.8804048942062312
0.7433317781897659 0.1523437571687336
0.1539789682100039 0.36998706555529726
0.8330169430118886 0.3267435185818881
0.1885718669140719 0.8413708980000341
0.3233595039936854 0.24078448618411952
0.12869503559959838 0.3207114062890297
0.15107687191612307 0.18060597347536111
0.4418435756987562 0.2565200137507706
0.21822686352072784 0.15521401808339297
0.298205467701643 0.6541200873699571
0.6070459485921638 0.45265628151574844
0.8606099315814038 0.3871078721038592
0.6263920679126467 0.3488571036510957
0.5884730241921974 0.8065587843352806
0.6748748634856918 0.7277799136698286
0.7116660993729411 0.4852199092144218
0.12225025691755231 0.17613733829977818
0.06522081484892062 0.4751597874069957
0.7903153726855159 0.1635590860047773
0.3949142791576108 0.10038312040672959
0.5026701200384451 0.47716239830397145
0.24890301254228242 0.9006379659025376
0.1078755239737248 0.24016260906388798
0.17138674643294194 0.19279023381491878
0.933199402025676 0.27171416261175674
0.48001449169164956 0.27446013806351677
0.4217934487190307 0.11332667167144517
0.9380541779131342 0.34271121067200694
0.8755950976302993 0.19330191559925414
0.30628702470802205 0.8834888684419049
0.7549991583898605 0.6702508005869157
0.02198680088132199 0.9818997945252004
0.27983303811333027 0.273844275929791
0.29129989837059744 0.276618935160986
0.05464502386011216 0.048968048895611904
0.9889773236880279 0.03592486861547317
0.4852453589916723 0.7546699669185915
0.6004906457098345 0.232503833658102
0.7379955661303521 0.795917996556013
0.3221817586625839 0.7855772000345063
0.37562246243081354 0.5560310183369872
0.11067927265859057 0.7818523291719981
0.9357456389263465 0.2865260410585806
0.8253426908022556 0.9474362713028062
0.43171972704002304 0.5694186581165597
0.2435162841616707 0.134411107670938
0.029653580343025787 0.01709078504506789
0.5184261216998374 0.7387107523335839
0.6989185870010544 0.866245158244878
0.8927005655317648 0.8336204556311899
0.7966934898390725 0.15618174147498065
0.5443195783328239 0.8127143258063783
0.044899057167569145 0.3140588495583123
0.7954375793890474 0.47341201953898393
0.5336375775984707 0.6467933791233229
0.002199596997765507 0.5159643984344966
0.7542256343284002 0.8694168526340302
0.9310335943693342 0.7082656663064764
0.15403593368839452 0.6136645248861785
0.6769844008903732 0.7047189000766594
0.7837624150617046 0.8594162926929998
0.4310239452844429 0.34948261268654024
0.8116342626149577 0.07027875418147311
0.7118618009663145 0.28975429310818424
0.6722441363770872 0.02737288793922743
0.23356844636095864 0.33719522507401445
0.6293824567148456 0.2433766550144547
0.5104511099083344 0.013753621823200612
0.6969139404976672 0.7994701880620583
0.232657945548441 0.8795920203158836
0.9670608863450629 0.9197492560431808
0.11359612674819441 0.8392823038822586
0.15505827502407143 0.5679218405743278
0.9241450450420738 0.8138360002562535
0.5304319321084507 0.19438516202714484
0.5354605432616486 0.7986038662854247
0.5021134933044085 0.5328164250622585
0.30612825180445213 0.6974360958461776
0.02659224685156225 0.47002463046409804
0.0538925264546084 0.7836972145375969
0.933057477951686 0.7687702165976582
0.074139438169609 0.9953635792494597
0.7686189247568094 0.4310898875620437
0.023468163516522145 0.48091352071700877
0.7770636073030757 0.13038367182533483
0.9785054688691428 0.428769530540678
0.7730551205459555 0.4456509123814236
0.910882339737997 0.3033638053910668
0.39363964038212895 0.3963006968912506
0.01155915898680604 0.7886785115326
0.16518447674217152 0.5473678217789371
0.013521696917995207 0.7468582317498698
0.1782117015905944 0.6040439558559278
0.31396732216501677 0.5088147099791065
0.9507955705632813 0.5738943547556872
0.1196415887204314 0.629350937030791
0.6591173489408058 0.6550110680464487
0.19292913903698317 0.7456101915788227
0.8926212647185059 0.22019824604498806
0.7438547199050969 0.8026405626398365
0.6330240311411994 0.8418297185965449
0.6218120515050953 0.25288580998871946
0.46701156802716515 0.03309516363711351
0.3922769619212283 0.41672953264371193
0.2685789183701002 0.6885225872516365
0.6387034164389889 0.6926605874048009
0.9840647794718762 0.9794510295885199
0.5729420456826988 0.8951834231472151
0.2121042320609099 0.7098355325213741
0.044781808060544215 0.17272213031703387
0.0696950414098001 0.1313864212675624
0.4140200344528697 0.5297584864508109
0.8080615911895834 0.9365312577783027
0.6185786259852761 0.9446395139143264
0.9343227139722405 0.39328672221519545
0.8275601398791093 0.5219953006148441
0.6029453145673571 0.938613971981654
0.3229773573879444 0.2524550762012163
0.26037975367675337 0.4122309724626476
0.718612452723985 0.7845865714801514
0.7712718270503853 0.7102373077516988
0.06487202824186622 0.6471573273222
0.3181081926244884 0.3915158832291419
0.8584348057833213 0.7258075801767372
0.47867159345878774 0.8672010531590035
0.21189077374688492 0.17990190462758782
0.1989318427171849 0.8930825193364886
0.9765086002063417 0.20460146908695664
0.28190987231725706 0.4571345310474981
0.7483672973384883 0.25192551195243595
0.464900838092823 0.25685677377080673
0.3467168659621709 0.8965334844226505
0.9815113205701953 0.4932805612844111
0.027971287379885856 0.9269421145019063
0.10863838903751999 0.612284483043112
0.7330522957066659 0.5286271799034112
0.25581160994980534 0.6160724013256369
0.7324008053327615 0.9262890580430927
0.669971211199317 0.06307025069833339
0.6376036989882763 0.1022908317961424
0.5984420942168547 0.37316285141390826
0.9711471009695292 0.36756758153843605
0.5825432597229834 0.1875378603057396
0.7246546830691589 0.6152473953040034
0.5492110379580113 0.5590902771304027
0.49546035063329597 0.7540935712536991
0.10235252200593248 0.02532183798256371
0.18887513000719136 0.5692311415111366
0.11422424395522213 0.07713904310492725
0.08745195758575885 0.11585872838305256
0.352617286873977 0.45629253614974896
0.6348099725739753 0.3869835710112972
0.16926629348722178 0.44636045826883186
0.5571896394663505 0.5288943121523653
0.029157904925922296 0.21985808928496753
0.8586299535415474 0.04902177261418017
0.6901201591535742 0.8203713083570578
0.778546573037743 0.7887398036260012
0.6707404889137589 0.4476227647318023
0.6098889699263488 0.9967037909679128
0.5944858919240248 0.5503411933068807
0.008316398369394129 0.016729386019966652
0.9622184052105365 0.5016333529850576
0.37940207018014904 0.04605908846564555
0.49400098230001444 0.6673381638766818
0.4215290832977736 0.8385154041107923
0.4162510734547 0.3623327351796224
0.5796810103034133 0.299047213953356
0.874439629786055 0.3287411460890679
0.48501219349440117 0.20463739518191382
0.3279476023952157 0.7855081639786847
0.3358647999949038 0.4909683019058497
0.14499816657910158 0.5619629563792943
0.30377359598248566 0.15475465164983504
0.9972369676129993 0.09674734245451555
0.5436063872289247 0.1816796486973722
0.759207298184545 0.547542119708508
0.5482237361055076 0.5590657664844669
0.017544875508020308 0.3470373349136209
0.5419667071253844 0.7535457686160649
0.003822033550973325 0.1417286262761226
0.2684012637580706 0.6412671383230315
0.7898613869643671 0.31700586384390017
0.7023864791008914 0.3845307109110392
0.8908399928437987 0.8765123640138357
0.14439717223326198 0.15027095643491073
0.6788307970518619 0.2509089327440899
0.17568242289798164 0.3056702552955539
0.04464459253203068 0.3581772051722112
0.11064476330189632 0.8976840718877062
0.34600261465382043 0.6548890918007004
0.510191123807366 0.03888038601415045
0.03331145402274971 0.03982488935942641
0.7112456791534885 0.47558093886134567
0.41875550487982505 0.6266386940127591
0.5084504144023803 0.08157237274664353
0.9260346138443081 0.9803851223109259
0.6860135096942304 0.46539767906703866
0.0598694968626039 0.6511469625214046
0.8634201033748599 0.6730549259370806
0.6822600866918958 0.7187973656014051
0.28317008764841 0.49891251589954555
0.4805180551368975 0.5575797774357485
0.4410160505375207 0.7208465744257562
0.08589888236801535 0.38166402099458985
0.9650422985981448 0.8026050372812836
0.7751294207836146 0.6936717696278574
0.7901495579147033 0.7550511507123223
0.9816689863504555 0.9740099575461898
0.9458580644422787 0.7820535316639725
0.4586873207711517 0.20062227225578977
0.3140947412204964 0.7286572699060843
0.6330707979005101 0.7699479787817078
0.6202282408410627 0.49449261955092405
0.26670923021950976 0.9394636699127923
0.8871959872610209 0.04293673284391808
0.32695680146545425 0.7628171862149149
0.5159826541212942 0.8635446172302703
0.4414116371243062 0.4924815234077582
0.38173357621474624 0.056449948357543356
0.9727774650774712 0.015283340349398378
0.9325483368241558 0.7983210232736546
0.3430747878270126 0.20083529816862433
0.29872779257766124 0.14188834595003819
0.9711762191928934 0.4324458169813996
0.1263496047641497 0.26336011320363917
0.3320861870380354 0.5490209939829909
0.2542436905564789 0.7108969409123267
0.3062670172152646 0.5882605287282154
0.2602825287146777 0.7290941580714962
0.30087277091915543 0.8284384065743251
0.021217974114919436 0.8147014053130939
0.0827582191588947 0.44718018238765866
0.25086419456677644 0.9669334402813277
0.7643757819595229 0.27911760163829924
0.9957758640064327 0.018407663391469153
0.6962005000634091 0.5321121841088889
0.6306011793262225 0.08519074787612024
0.5732767030338113 0.12236615390646444
0.02621306447397087 0.5717246126375375
0.4268573945507237 0.22568104963672142
0.6441451517977062 0.38055751940407023
0.39085620547173927 0.4335419005669312
0.7497530748094077 0.8712824989238848
0.8318168364426983 0.4740190430169833
0.7140518520129369 0.2522747863675956
0.5979974257438223 0.14490193650277616
0.8272607624417188 0.5858753634475438
0.572499811501461 0.4901910201000823
0.8386422351062415 0.9214487126596569
0.7619070784462352 0.7551402691259395
0.6118680779301096 0.37625230508723084
0.42567576924134287 0.3834517781391724
0.5526222215646124 0.44417720191588494
0.298057398348613 0.642206392570744
0.5121703863774032 0.4998266323407623
0.20529845020566873 0.3089681171858032
0.33895480184540494 0.6333620889618716
0.1979825056641742 0.2556802049284419
0.17383193603994074 0.9203515696924067
0.9321025573100659 0.272915924886177
0.3952312198382779 0.39990896683494714
0.19562379066536262 0.392652381343767
0.3116727955623395 0.2583838017109401
0.6946748982487365 0.3069154701080994
0.396418072620885 0.9825855669648444
0.07964378714202014 0.5210749230484677
0.9859076698317741 0.04031967220728938
0.463455244047841 0.2923418409183436
0.4503071405087917 0.2655886255477149
0.09216936841537193 0.7889735707596042
0.007880662646060577 0.993563718753242
0.5255080910228835 0.8709039134741436
0.7257875693926426 0.49837711676232255
0.07612428051203013 0.7478496505971386
0.646263327166968 0.6336920131304586
0.14853834422620804 0.9459988765964669
0.908723291136087 0.12464629651243708
0.4574298142794939 0.5271035041063155
0.12319981158367121 0.7602933374709275
0.605568919512776 0.8412686330184036
0.38167198946823055 0.05568991048740357
0.06559046457164897 0.43359393651463485
0.7517800066972897 0.2830555801367598
0.7715383859321581 0.6260146162190152
