10 7 100 1
782 727 1157 930 1251 1192 896 1036 924 856
869 812 736 1234 1154 1122 1048 1258 1201 1200
1243 1082 1124 899 814 730 1228 1002 744 1174
1120 1131 981 732 856 1211 1018 847 1248 1122
896 783 961 829 998 1017 959 802 956 995
980 1129 848 1080 946 719 1233 1034 772 970
1082 777 1042 865 787 1038 945 1187 1198 1094
1068 1237 929 994 887 874 1136 890 1208 839
992 1240 1238 1004 919 818 1047 1133 791 823
1204 1110 1079 926 1251 1097 820 812 1128 893
6 3
1 3
0 8
3 0
5 8
2 4
7 4
0.9603241616192475 0.3635804515539897 0.38328581288688496 0.8114730642576373 0.40420447017291994
0.8529391935060358 0.381918309050854 0.7788778850588856 0.4547311061229521 0.2689423226262445
0.5037599730666443 0.4871102150105757 0.7023141918919555 0.6091412035024905 0.3085458899878793
0.6948110563931811 0.9463797868670443 0.5306838650904488 0.44629094393393376 0.3956847468760626
0.6007584326734785 0.9593868642558858 0.5818832940547096 0.5376241755192276 0.3315914607718188
0.9795191098491496 0.7444786452704981 0.5986663555516587 0.998891711549668 0.24453703918788625
0.1908273585555258 0.26262016396594157
0.5717579370892698 0.8985607980004178
0.8178759585342286 0.028168926879587053
0.8165456232913042 0.7654785414642757
0.45391422846039675 0.38435511942228806
0.9874713611148769 0.7403415463730063
0.1602764814208575 0.8177548278098026
0.9869542274654157 0.31914870151142316
0.7424690269265584 0.4694703555709434
0.8387932703160952 0.4847671803800375
0.2771888142292944 0.17480456808806366
0.37589085793173793 0.6817287944601655
0.24396063277036628 0.46093222035220793
0.1318057293091084 0.4893898474517877
0.16597090986672214 0.04360734577841052
0.039159940431235496 0.39885867154747645
0.8328865989605654 0.06501948601811836
0.487839716587515 0.4441849567065794
0.5342076108301526 0.627320484859395
0.8736145450765709 0.5227238630660829
0.43277757525909877 0.9682340758955241
0.4813243728518657 0.15904859750095257
0.6227136331973371 0.04409535297099598
0.6709160996577841 0.9150569600571286
0.7368291887503038 0.9812267713838767
0.7566344533758411 0.0072505503459121545
0.03436734430105237 0.4120806185001358
0.9646811453106736 0.11396888606618427
0.08007624623236986 0.03594818316448323
0.9438369114222116 0.7828199728485756
0.312580676345388 0.4878494748938669
0.7439442735693809 0.3456109786602184
0.49219171373396287 0.1792690714103935
0.6528572737979226 0.7745995575767926
0.444224446576182 0.751510374396601
0.3464173018388568 0.04637765235093272
0.03414460073818115 0.7998086243327129
0.15571560435649712 0.13893791614212025
0.2883007021703998 0.14518095515863294
0.5945724100749641 0.9217243411344085
0.25658735776494135 0.04994712681443181
0.6773988291692683 0.9828243790857607
0.14105692724583463 0.03198455609061246
0.43164810221050964 0.037554795043503786
0.5290289434591104 0.05271522647041338
0.7040314421426725 0.38801117118647355
0.06065289620433978 0.03412712563761744
0.3292328557499973 0.20806498321178868
0.817653968275857 0.7773462812860397
0.08605121991409725 0.455649728096051
0.6456237236028843 0.12663133923500602
0.12291202411842606 0.4328700656662028
0.372537035509511 0.47088575457570125
0.08701764574011106 0.7087974173053775
0.8636929436386231 0.9614025980386132
0.46144639670835996 0.5660691538507361
0.9450935643076992 0.5334927660595741
0.8570623755242917 0.4595649831837503
0.614049270030788 0.8875566318767594
0.5703849273782147 0.12256414170582564
0.6535411000694817 0.4247196489073677
0.7557845303527013 0.0816705117606471
0.734839384685881 0.9229053671965082
0.6262836873094304 0.9025097409245095
0.8667605112602756 0.46108932275342784
0.06875739660753788 0.9991435079614981
0.43235109556136964 0.9874974387026154
0.6203920965407412 0.48995951066798815
0.2704592691349841 0.729402250434005
0.6227727012670625 0.44721181710790336
0.8857395282397742 0.4097928053276205
0.8828113481417257 0.19905780952079066
0.9307997699363162 0.9002387340248976
0.8121582911915772 0.6825808164865965
0.8148302949929427 0.9142835930976774
0.9629929054144191 0.565397415788218
0.8700119217469733 0.4128875626511743
0.9857009257025875 0.6767046406336057
0.44341915748100336 0.47516989622273753
0.6858038681567606 0.6878121240358117
0.7242744826248912 0.11346149514382198
0.3492298290630438 0.045644013902758074
0.36395961043485525 0.10915762877840796
0.4449422604184603 0.6061496929114527
0.8384630096767289 0.29010963430443315
0.1465810183269134 0.473951862398277
0.2584164557697095 0.30405506060384924
0.8891501732493967 0.131260566465635
0.27880375139435976 0.38133291747493714
0.8985093654963279 0.7612558728472294
0.19309765333697593 0.19469663451124286
0.8510567261372275 0.3031519897446493
0.9872928338966103 0.8313599272280989
0.4348643422131915 0.22177359102934768
0.7413136191326137 0.1876260915121426
0.8550830998202175 0.1449272409067759
0.6446149130127434 0.009435067401058594
0.024381117710354783 0.3429077312473281
0.6740952426293252 0.8224046268896019
0.7327477267098501 0.1649654439681767
0.03486887257788718 0.37656741441985764
0.374808836488876 0.45440346822201927
0.8013627393305616 0.6202740112490808
0.5757956171939782 0.8216095127898093
0.8578233428667992 0.3199634878003812
0.9575248166900638 0.993868226461025
0.6674166441021134 0.18531046536084905
0.5167720599673813 0.32922705115936113
0.8484695448438477 0.5274666950998215
0.39581414865544673 0.3542832571255079
0.9777745390129062 0.7022056849707299
0.7344072678660298 0.8355841346930044
0.3826223055222089 0.4513196779422217
0.4358288008999822 0.5992094171106366
0.6528293603253976 0.4618590995853118
0.8685227482208011 0.2367846695721214
0.21274406364328047 0.07527519996654597
0.4268244794508369 0.15941903437157734
0.6537863994398223 0.7416796031000663
0.798578690860301 0.6169986810270436
0.721024748499878 0.7707478994527093
0.2724588879053951 0.5253229012839142
0.07374256768103415 0.0373116670867597
0.6439351086626706 0.30996129367310576
0.012168325825040238 0.707166388570774
0.15032529426974528 0.4340729336405176
0.3764035050639001 0.3006183482752596
0.262955786354119 0.29897368555066817
0.632473364797594 0.5717843460424878
0.1851606209707739 0.11577988098574599
0.3623044911180795 0.3582811651860289
0.06117232783642068 0.5164835372327092
0.6159649160087064 0.7028192104770159
0.6115909148844847 0.16634769025175977
0.30852304018634613 0.8299187381706492
0.3640037576643167 0.12444757665773087
0.5656954623208592 0.19559338165496043
0.30810643940390214 0.9634837366160705
0.7140845155886952 0.046015509731479165
0.3099729542475105 0.3387610888642336
0.4610263956666998 0.06965481532151441
0.9090632808077204 0.134099678051806
0.32578164173050617 0.4461172394792139
0.9078021977399147 0.9238667710873456
0.35304446984914906 0.7033113804960973
0.9367093350241134 0.5776884688387405
0.934937537290242 0.7447010751703507
0.28876963838538394 0.09324268360427301
0.1774079161123132 0.4478914164989152
0.2690914269959521 0.16754443575211364
0.3788653316136279 0.24464867612551155
0.7298705314930056 0.9713177433693185
0.5863108883426766 0.3996595754888901
0.6253107382057079 0.6853477978650584
0.18435299277138895 0.9380121289934633
0.8848522912173422 0.8846550702084437
0.13021702030587168 0.38950333411155547
0.9714506442031936 0.4918851537021913
0.02513794093260513 0.4478245797216114
0.6833392086953942 0.05310762923877488
0.9093299678480544 0.44450464512529697
0.015767946236611152 0.5637181524842159
0.1885307128162823 0.5699676950297767
0.5854013577657566 0.9387204954286561
0.25409177765824964 0.006758273693113326
0.41372010087754996 0.903455681175515
0.8026694807560533 0.6318810228320677
0.06718292526549408 0.05938304939563155
0.6280723667705923 0.4054856926681718
0.5439600580211752 0.3437276853718121
0.9495616119459527 0.05756192922568304
0.03594413157416776 0.6257345216651546
0.8250290923477179 0.9449837221447861
0.11936166586566821 0.48462870051262175
0.6398226306754147 0.15557439490114988
0.12067524847860156 0.7165446429777742
0.2269441175336313 0.8168788921755379
0.2859876154980767 0.4110118541301011
0.0008155021905393856 0.1771146706796931
0.9010131249575337 0.31628105283832153
0.37096836397723565 0.20837968346672153
0.03474134272216367 0.7579394153137495
0.02025079365012128 0.04117766796913802
0.897741204227287 0.06032601323749587
0.6570355723323675 0.01767612645842953
0.3255531468711659 0.25046200353002934
0.8741234887564939 0.3261464561809351
0.9270105255575705 0.14811559033171484
0.6590246073298252 0.7789778466135397
0.765207768648946 0.3481525404344268
0.4282346784135853 0.02320098247557656
0.1540030744441454 0.8952749275489988
0.6466343007368425 0.6608548592486592
0.4412030412253558 0.0507157377743046
0.53317914566818 0.6252802287758195
0.8100003979282904 0.9700553777623324
0.6315802249092006 0.2776628711447784
0.02303492071543012 0.8422536690109212
0.6595294960199116 0.31656973166974756
0.3178358573368214 0.29900891494593496
0.29952653386795114 0.7564887378221328
0.8635433044492158 0.6364137372067411
0.1319799580441281 0.8137516288805882
0.3124341811739255 0.8512377056011475
0.4149686224892746 0.7606350804065938
0.9042396229666438 0.9535239165375757
0.086494225631907 0.4055073907183928
0.5707179985605653 0.4693712461182229
0.2721948936951355 0.19242529440745026
0.44468571674592816 0.3755885392878848
0.993590839015206 0.03879001272791527
0.3642954281231232 0.2427176378505782
0.802576037842514 0.9188008155930074
0.8207620622705871 0.34100983711883726
0.29466421511985796 0.8403470316970443
0.09429933946658009 0.005151560394407451
0.32456136744685526 0.6861586129129322
0.8846775765439148 0.9559037203674774
0.9046922269985411 0.6216639410711993
0.062108245611739665 0.872005027495929
0.3105616719654851 0.18576682238354625
0.5986838674292281 0.768795385844468
0.1004998905429737 0.6500764110159996
0.6245399856344069 0.5997741838405084
0.8603681612964058 0.7411911560890103
0.9711553123536096 0.9314004498261013
0.21564135517582228 0.644715431248599
0.20915953149144229 0.610619814062316
0.7590858179265365 0.5896896510324543
0.9227375072785602 0.9266542843960184
0.6339138920544496 0.036841286207760726
0.9029187671085253 0.852760751451443
0.791770150388484 0.7396388144070756
0.16984917074573858 0.4349371112289664
0.7932835722125138 0.09952074610267103
0.6405403275586194 0.29126074257227885
0.28764000855067096 0.44272946372078326
0.6206690802158519 0.18213547107864292
0.5205530857679832 0.6395246514531365
0.7222465304958385 0.2433049511058889
0.24993314739977635 0.3595478400360199
0.3121144022134237 0.12096689154119167
0.7711210886779802 0.20444345000137276
0.5568456591072166 0.6949226775081883
0.9267913645800154 0.7686877521985278
0.18655210184971915 0.25687029053092014
0.5967251890160981 0.7158631066085639
0.26449279253693203 0.05740048375816764
0.48563618200931513 0.6373966953265737
0.28043441654305834 0.6649053249271448
0.7924114346192779 0.4931259719821164
0.8535477713935362 0.6302857704316682
0.5322225185303735 0.9876524905020039
0.4594735249262971 0.3028352916277104
0.19142528554733018 0.8763352101339119
0.21226608923620516 0.7628235435899788
0.7031085015106515 0.7835144724876095
0.2715470571775418 0.8452492773520082
0.07198985367931399 0.5253368103318474
0.07501502750577926 0.7242138007649703
0.09491989483202201 0.7794223326623491
0.2958654992886949 0.9972813063861021
0.27206075034384525 0.7218072379487348
0.9188631729592125 0.03961052607343474
0.9403783768956442 0.9216990240269114
0.012046999765616961 0.5066669325990312
0.48464422791888095 0.3484240995166379
0.7354794066189836 0.9201312224837204
0.1191376153428545 0.5985249577030858
0.1547265595140821 0.8646480017482865
0.04580860886672866 0.8936204732623976
0.8238165787877652 0.494611990585585
0.9572222332273022 0.85239928104791
0.5985861966920001 0.8561193066583517
0.7784602202199797 0.9849127107876703
0.73587741830067 0.9100167439411808
0.3935596609650778 0.48231160121089833
0.5593343439217426 0.08099139459278804
0.23464247743634248 0.06776566453918731
0.43997253166716477 0.6261896143233954
0.7614266105727197 0.17763958813687508
0.30907912867752985 0.22281206055790004
0.4949990652949734 0.16888932930918688
0.8639400308486567 0.2219723254913375
0.7626929423518718 0.34461156835336904
0.27684645237803673 0.21141729495920947
0.5971815204898123 0.5987446639375307
0.44892898933030523 0.6327565216781079
0.7087195976543161 0.3292779576021161
0.8227519562035324 0.018395559000249584
0.24530435162170705 0.9896355529997876
0.2566049373550814 0.6594116293877827
0.7634723741553293 0.040306073741785076
0.36705798468554085 0.8804075586919118
0.031369432179706225 0.7784394801093175
0.8900627730604189 0.13089648118117903
0.06702235634214038 0.09049777456758346
0.04706708284168837 0.760441875938761
0.7787352612993874 0.8841886945704525
0.45331772835548323 0.6943723727400906
0.1879348604659512 0.9940005799104001
0.0107029280701596 0.4967426129998229
0.311164669147173 0.010025925233123179
0.2267626397989333 0.340660465522876
0.29507878661538567 0.9894704057067316
0.5501973577491985 0.9896009379950395
0.6632889867155058 0.9519956987986582
0.26129514253944053 0.9175760624340303
0.3595004974304403 0.07286201710781914
0.8615167114459312 0.8851527405003927
0.30106940508403746 0.7743414468945511
0.1095968247942598 0.8085653248880726
0.7912718943122976 0.23556975922676981
0.18612307759467162 0.9372946151646184
0.6957007337571108 0.37283675062428534
0.1770094439623675 0.8967143994056392
0.824307029688399 0.1792862973026057
0.3404039108622128 0.5620388374810679
0.174398275574698 0.7314113625749052
0.8450151027252719 0.1963591140853722
0.15939245564463178 0.8668301750616025
0.2501447493388962 0.4874050130045484
0.24021236271562119 0.6322209795704519
0.9384351814368141 0.750269531637415
0.10220379151326564 0.896424992212149
0.8529278844866528 0.39167012325550954
0.801380323021377 0.36946223552118607
0.10213973590127212 0.19793690153819843
0.08928866174334504 0.5324530160467031
0.7472171977897266 0.6224129636974383
0.8615365187128203 0.5832587489268501
0.29493139576760297 0.9585130875933454
0.8137479653405153 0.45198848252483725
0.8142541800890237 0.446986386083698
0.9535095252805506 0.5894632478608051
0.9744756246421962 0.4911473055098481
0.44129124963688415 0.03267599505256302
0.3822721956921369 0.649429365111025
0.3204057148779109 0.501999515568315
0.41474594699071266 0.1526057178988387
0.5142746953948809 0.45740572638334265
0.45716615622161627 0.1406229813316915
0.18830531651619098 0.4453443942522035
0.6557615513599147 0.9599092058657386
0.07567455833636982 0.14019284829646272
0.007120324356981289 0.9171667420080136
0.9491283198382534 0.6143727073279719
0.6108973728017042 0.38940344500193724
0.4516065356795569 0.7275581866417098
0.16905601903171763 0.16956132990751183
0.4154089732285313 0.2237811798516316
0.18058417700695228 0.6633989457514078
0.9776380607785615 0.7727042497840568
0.8604928009474837 0.050969287505250316
0.7896895048047912 0.25656522520479164
0.2224068318169763 0.9993384212190055
0.5763041707515046 0.40348352839689317
0.2365377935995554 0.014511190590781098
0.7823124554293821 0.823599081648503
0.5590829241393571 0.13594519033234098
0.05152802856333816 0.4705518423412165
0.8211082043872546 0.5294092981791159
0.841687095101294 0.45118561098773835
0.09253954430513578 0.5078216089585856
0.4700717001415087 0.8940392288643777
0.396204829234335 0.5397581656401096
0.5614916724920123 0.23423479574151695
0.27772783512262467 0.3537374431546536
0.11667423248512865 0.3409721272202604
0.8155929742525907 0.03595474711779034
0.7377055599508358 0.21575309183559588
0.20705341926837395 0.76937127275943
0.13190574035860947 0.6629658399108171
0.06834335711117001 0.7492505797591009
0.4587608596194015 0.4458548615059954
0.9968551927425886 0.05956721359010575
0.14697721396205976 0.4583204698457828
0.4445494086586914 0.815843463610868
0.5364630627931593 0.38410986892870946
0.9277372405555548 0.25221526476558576
0.7288749216960448 0.6459578539246309
0.4934443492086462 0.8790717948950446
0.0749043267631253 0.16353827771868823
0.22031941844555636 0.25679126848211875
0.5064283425273925 0.8922773122116652
0.136428791553715 0.9909286601170235
0.9134950847417658 0.7520841505317766
0.5034139762162637 0.8242984739981336
0.5763710597112106 0.5041356443529352
0.13881016516678146 0.2930557350566205
0.6451129394952295 0.20521819888204829
0.8986410969247449 0.450185711712501
0.01002466726047535 0.020157608009963468
0.9092791029496357 0.4574925687630671
0.3823778438694665 0.5623541268221515
0.01778891247397074 0.38534759045132283
0.6021089367156232 0.6934384191106684
0.053442482838209626 0.7735103447740317
0.2558232095452668 0.173334771213576
0.1061442122546028 0.031217569559391922
0.32157893163429807 0.43956572113131576
0.44381906352772016 0.34012975273004176
0.7280459464811562 0.2556630514182274
0.8856470187108942 0.720839350578202
0.39370923049395 0.14175027070085044
0.9371756741461068 0.5869143559045398
0.4862563806255429 0.3574638131936094
0.5897679910657743 0.5320453011311732
0.18137381952314646 0.1396784650417786
0.01327677277582029 0.7947272635762224
0.14007771308066896 0.4482611364121989
0.6142383619156369 0.814547966791954
0.4147958146102124 0.3582874219182486
0.8850976261972998 0.4420630717829641
0.9468712361979326 0.9056586627021423
0.6611224901605119 0.3823699348687237
0.40026302174360784 0.8754769967942468
0.09744581501597849 0.7345971555135034
0.8858678917759113 0.022820500506161245
0.3381609453499057 0.4906302972722061
0.5486833342995772 0.939621355404717
0.24624943970199142 0.705521215052964
0.5170626908849272 0.9823121737674794
0.9828841886501243 0.5707531997377477
0.5775147955878563 0.493394383880597
0.261118581001482 0.6217935000735484
0.9894152467759356 0.2224331333285383
0.5443968138816888 0.12080655707447119
0.19184688003368477 0.0939425027215286
0.3853797892678694 0.9668866279591686
0.044673930968118114 0.15238542606350913
0.31717397308787176 0.8523075411011964
0.14047601530812726 0.6704666695796959
0.502411098166075 0.07835013217116904
0.8866301283752365 0.28318667510119955
0.2653800760316469 0.01634581452587991
0.596787085566479 0.08615779918003041
0.2231971906133685 0.13734190318206396
0.9061761049176136 0.544807044412388
0.1696813508017736 0.3757970419499521
0.7895877082368894 0.5269196162187455
0.4271228535763667 0.5780330984803987
0.00014421914482709575 0.5858463140656969
0.30818907906769666 0.2299717940302317
0.4966263809816849 0.27499936127926206
0.3265944136463548 0.6015808821322135
0.2965725452168777 0.6095699641196235
0.19760240531153617 0.8263894185400706
0.6223425339049153 0.832783748770592
0.14251759350984883 0.34301547418959144
0.8697427400909317 0.35073547983176945
0.660860876669515 0.061969518227106724
0.878387963002466 0.647831003155251
0.2542357487134297 0.18102373728784427
0.08867471818826855 0.9227910984163636
0.11749167914670466 0.08742794735868253
0.5644707969169389 0.757317750313067
0.6466255184387995 0.5230288490161812
0.6958489596462496 0.1326599426544255
0.8560306084517957 0.4696986923079922
0.20683589448948148 0.9996417184537649
0.5651635888927602 0.9762521942471885
0.340685388635251 0.5178679587235331
0.03364747617833497 0.10035254553259709
0.4501720924620263 0.21723617089011404
0.9480409327779138 0.9530830362136495
0.8329213397008979 0.33899714948125825
0.9764575298277558 0.8143590725812571
0.822286365601165 0.9732424771461552
0.6480695972510995 0.7399485726441308
0.32182791751020345 0.7767946246894044
0.4916895355543902 0.2834996898074962
0.14800887188601575 0.21564661997624013
0.2857812945652749 0.6358483428845356
0.3067391620370714 0.2682660059280204
0.2743486095547396 0.1594770518749835
0.7965429329254481 0.20764893903525272
0.4473671304261313 0.061769079680446204
0.7169334124491802 0.6833250993829496
0.4856944957257172 0.9211917971253356
0.7946080381313179 0.6007475236478608
0.0987413953596532 0.29692429857111047
0.6514656837808033 0.9024640954316374
0.1639132311129614 0.4086126796303229
0.05619475045913336 0.7165219338148145
0.008187916658970895 0.0771847504829195
0.7907812516184072 0.6286047722553754
0.6582101053147627 0.43298425044713285
0.19940567430341272 0.6759762032268775
0.504218528717532 0.323351778383947
0.515561392443229 0.34642422690844743
0.6696997382427388 0.7526144284908798
0.3805288172835384 0.061370000027983984
0.1847775660679487 0.9561178756800621
0.7545907714129474 0.8806892157536315
0.618921562931374 0.9962201482760533
0.9406175090447497 0.7541564415148982
0.39375032684723954 0.6256070240892562
0.6182632440487976 0.13271841104331594
0.7264010185181242 0.6167975620357289
0.5035661054108767 0.9025478031016743
0.8549793746815593 0.13143794811382326
0.0973987179615059 0.6981129401869322
0.8268128507189079 0.18772403220122347
0.6289975007263051 0.5467252301910945
0.25003634432771804 0.9914832226796613
0.46512162391552514 0.7247083026516663
0.7990682082010729 0.9337607887116088
0.3514375145973312 0.5999454120320546
0.19381075878994025 0.0467253296908865
0.3394977307113931 0.9828825295236288
0.8578625487202329 0.21106786551524803
0.13159776661609301 0.7907131556014666
0.2982719051382072 0.2051584522161416
0.9472455178344099 0.0778937081546105
0.33639712660213594 0.22674088761732047
0.3534235758002984 0.6584315840556594
0.09722967484153378 0.20552082222116708
0.9130349787184302 0.49660283816546835
0.748498954643593 0.28829787034037957
0.34529143296168696 0.022972321602480417
0.5943694547448475 0.8128988036809757
0.5953286245823628 0.5899715631398457
0.791590991685607 0.8673025199880016
0.6337913503255637 0.5739408014080176
0.5912444134176822 0.8952256742408307
0.19941889272315416 0.06989994951804768
0.3047876707006898 0.9060654895181781
0.23217004040662315 0.7750112588692231
0.05212132007410131 0.2356840924699053
0.21068786747788826 0.7793637189080209
0.3300690784264759 0.12232779869499022
0.2705194820080903 0.48245468146503856
0.12165470812767509 0.20937643615792467
0.21430799425186708 0.17518194029098444
0.25454594379617745 0.2232713354071303
0.19384282545700926 0.5066390979806952
0.4200589379560056 0.7547107836289486
0.7819314028961477 0.5565352512907991
0.7094972270397213 0.2578822281896298
0.21564365185220025 0.9615035644341601
0.3633778916505874 0.44372354538404757
0.8869709908752006 0.10079088735616804
0.8058574101875984 0.24827086658732278
0.7048015324320924 0.8747645153724029
0.10176758488429938 0.6055079123195026
0.03147236996175029 0.22781999602052339
0.5776632082580715 0.9087508204335037
0.9298855846572511 0.9821735077233467
0.5460161347280468 0.41986743609194144
0.5207767968802073 0.28793425625262636
0.940205687128197 0.5156390322631814
0.4601200727030994 0.0923619603945065
0.07997244835837014 0.38673364734630344
0.3005539659619918 0.747249432236172
0.14868259578888265 0.48302249802051134
0.13275844060500952 0.7526282497283516
0.7964902654506834 0.9212386568097701
0.7248549201330772 0.6596176981602104
0.4525997616659001 0.6276427465554488
0.623007627799133 0.5805330386864793
0.7107629491391412 0.6428377194731769
0.7605147431619077 0.8922815663210271
0.9740586240500035 0.2758349032817262
0.8463525733121722 0.9979725564812267
0.9772625845146647 0.2631855729814472
0.0887185059746689 0.2934247731165507
0.5698805628143824 0.8154972569814731
0.7315808177898853 0.5847933572192925
0.3737539393374769 0.2884939305636376
0.1418823007443737 0.7033626366110299
0.1669348164562876 0.41224138298092283
0.23056619066402195 0.3680816910044722
0.4255667729352084 0.989765892074139
0.3199614161623978 0.15513572939421527
0.6760403438507574 0.2879678133360932
0.675726310857762 0.3712483832034552
0.5154889247206136 0.2303404811045251
0.1850699007525769 0.9440941149216084
0.8041390797047723 0.8303253120174576
0.24862840263368646 0.8677926737497024
0.9150380498525268 0.7421969987794694
0.027188233347698265 0.82451285735918
0.41096121932154284 0.2542837313765225
0.06358251832367978 0.23373151988895713
0.5823462522001197 0.18769987106413155
0.25981849793379164 0.3920973078898977
0.6611976956570227 0.6455224732323983
0.6543967835280105 0.696738181560542
0.7230281138320609 0.013477570859886434
0.6361614206287269 0.7536672555435824
0.4680723540487841 0.552056275322869
0.795286322855425 0.7245007852660377
0.27264057750655524 0.9884206861878209
0.9655588395850332 0.6615562614435426
0.5426823284007085 0.19373886075933333
0.2580559302301664 0.8302088014891817
0.022266910010968477 0.46285777530555494
0.2487960344221618 0.2895577446115254
0.9779423856544567 0.7492704370599312
