10 6 100 4
1293 1150 538 1098 1470 1053 862 670 929 466
522 866 1932 657 649 621 1663 1040 655 1448
1732 834 498 2013 1204 1896 1912 599 1544 1124
488 2002 1097 675 425 576 453 1223 1565 507
620 1186 630 614 1241 624 1853 583 585 1268
1004 427 695 1700 435 1008 1909 1836 1150 1081
902 796 1793 472 1531 448 1194 786 1524 587
406 472 897 1769 528 1428 1422 931 585 423
520 1796 1263 811 476 506 1384 1787 716 1443
1198 1127 979 813 478 587 481 1310 628 405
4 4
9 7
4 3
7 0
2 5
4 5
0.9599200640776018 0.5278749977867352 0.8039504727424085 0.44054441817373846 0.24207551691349255
0.4419373983203164 0.9004645520841934 0.6204454922952665 0.5531660999733116 0.17523971351551826
0.4008612585463475 0.44259792681076215 0.38283011940169753 0.7166924996063115 0.48901229343928077
0.8039363229906098 0.3231545111630997 0.7802746754637815 0.4898514548130592 0.40685201293827156
0.6392458237128182 0.6539685124906471 0.7730515541230407 0.563579876783969 0.4094258607141027
0.8455337317523639 0.837341406432208
0.2682438718978406 0.2611262010595783
0.8721161973189777 0.9344411215036528
0.2658767589133737 0.7359102641443209
0.11072011834803996 0.4817737429083273
0.5269789280731909 0.9758862729870736
0.16760816317431315 0.6313219718340219
0.9398129424498405 0.6948081970906044
0.7145564386609085 0.9202892442838126
0.041379077235143 0.9198650309167158
0.7619805549902086 0.6475776832650375
0.18771820220943813 0.6541217397690837
0.9164270380691446 0.23357960903336394
0.0007198309446692086 0.3247388485839475
0.10343722349921936 0.8984002896427679
0.27131812141086264 0.7881700694711022
0.3479043919327658 0.15199795998734933
0.6685236394703542 0.13295989385699336
0.011455246973643751 0.7470282315203443
0.07158514570485397 0.22838834011203524
0.6091288714812646 0.2181274795243615
0.6294730887189737 0.22732724797534387
0.9016283115655179 0.3497657412435162
0.0668545083815626 0.9433697920037669
0.8137841625901743 0.6442301162317479
0.4049593846196604 0.80762748831986
0.2443831702939243 0.20309468830269406
0.1586849617718029 0.5361799676578212
0.8915758780535463 0.2025630851216258
0.580587946040104 0.7156192893600453
0.8353254542623691 0.47895609263699157
0.3097710263579381 0.9355521787734886
0.33088369614678537 0.6991134526285163
0.9839988361969638 0.9466519467987817
0.42697783097763464 0.3494066222379981
0.6522212452026048 0.42513874072428104
0.72668177649723 0.45110649937497893
0.2768804488461858 0.9267588445862622
0.5954985890204967 0.9774276670455906
0.2479709916176549 0.8959854983697755
0.7779292278533374 0.40490540319200763
0.5517966583747462 0.8281040098419168
0.23815936195523668 0.9369285700741117
0.3320314141736531 0.6847854354254492
0.3878483458485298 0.44527063747469064
0.010448674813303471 0.9018165113092325
0.9687998159903775 0.03593038577283014
0.1011910747176501 0.8162601313335205
0.3584214751333801 0.475666205697308
0.7699861598539377 0.6530466681738334
0.12888183394961494 0.09416439021883449
0.0004276094257584795 0.017123142579336337
0.28187046599806886 0.4398736480198753
0.9479043542921035 0.10300453712889257
0.8685136351893472 0.5726468028979577
0.9709513594911952 0.347730268986699
0.6745413528147355 0.9437144481782915
0.38451926923289803 0.9786969243773425
0.9243874308062536 0.9232894010856545
0.4184830462023086 0.18645107979935194
0.13297143225754304 0.9354361663185808
0.501009055512079 0.17210400943236115
0.02919199148231888 0.8222152404222098
0.6403266463542603 0.4035503873039328
0.19258904736208216 0.9774261611510284
0.6088657355348428 0.18922691184200824
0.06184638815749155 0.610609125295611
0.2960192844638747 0.34634259256530164
0.9887219997767303 0.12455640203319573
0.6988212883035279 0.3618124119139452
0.17089818844372018 0.4644566528910141
0.5533619254855302 0.4720284676789792
0.985358277941945 0.8438133588463148
0.8027244010619667 0.5484834367213516
0.48015758311454104 0.9586087515280495
0.5637161670654922 0.18469483297736145
0.24197296355573372 0.7945371139843687
0.44003988528018545 0.9490967228694369
0.6304183102033389 0.5427071191730395
0.16425016558449368 0.7864566953464662
0.602459806666483 0.8840443960353188
0.7554998168980083 0.7619197197916281
0.6501369238515222 0.6737646295485022
0.3595570105105683 0.8817036888678706
0.7633108521632168 0.21201578221108308
0.8731990621919716 0.6896819569072941
0.062074191878775054 0.4475740783316673
0.06928235419834072 0.43304706035558316
0.5403184311692018 0.7868324264646063
0.15589021074422948 0.8573141059194382
0.29703259016072314 0.1327567404452663
0.5374664417378305 0.4528730824154432
0.42391337481977454 0.15585681794312656
0.25402885929938823 0.2005897194954156
0.5371711644754389 0.881761100249862
0.02646019722472248 0.10320146588760659
0.09779877713310081 0.06915922578349143
0.7644659471998381 0.7881492205379317
0.4259013820060702 0.8856566351962285
0.29007010349569895 0.031045292522195123
0.23801282370352195 0.9050950694961428
0.7487529884493842 0.7800392747663134
0.6672446043728615 0.12138204923907647
0.8622710823547797 0.8541727808599198
0.653845970641328 0.8472315827425279
0.013751912645791453 0.86311595081685
0.8742824982039423 0.2641440182378767
0.7167261116615267 0.96192030858205
0.4247907557940629 0.04112610425288166
0.05139248577935307 0.9176368364917757
0.7163579884748139 0.08884123412207123
0.3667632179083591 0.10070189636031746
0.7676779546540646 0.034096769272474736
0.7067368980283162 0.22080851032457138
0.6829526017745813 0.6720996105871173
0.09896479439980066 0.7530161471257701
0.8876803450279978 0.6134124127409091
0.9225943266859442 0.5118706138232807
0.6141007191570336 0.5351984255282456
0.6456019158479154 0.8597455804419525
0.6063413937715305 0.2835889772109903
0.9112883005207029 0.48248399533679254
0.11137462313530477 0.41952107611182377
0.3375516227993536 0.4045826015084242
0.1470578954041557 0.7028184684598353
0.3293562041342557 0.4896289560091247
0.6900418668502755 0.08179579000781145
0.29655105207913524 0.8762774610418356
0.25048689177916716 0.24660090507539345
0.36994690511988204 0.27024008398808896
0.8755795201082688 0.8694792892987091
0.5686388092077344 0.49242669366098024
0.17423383887010258 0.6904832423763205
0.3136060383143351 0.051927373202992344
0.002427611537158869 0.8876364743535425
0.4003959413150273 0.4348823571133651
0.9369374278827285 0.5127930784237988
0.9360025635483804 0.6690587935821575
0.642714893714804 0.8976612548699792
0.756682324908462 0.3261687032606182
0.6447165075962822 0.419211369241548
0.9836155279506857 0.9447685759792304
0.8748048830429547 0.6086008136791472
0.8531704156739162 0.5930672120970504
0.9457571362698263 0.9723619144482365
0.6849525929982794 0.6417410228483418
0.8879105038188877 0.015186360857921466
0.9279848135664543 0.2742134558775584
0.46715801567041004 0.24898753843881027
0.1327071743338064 0.3333503298532645
0.10062196196979478 0.532034585269584
0.4157717895687765 0.6855100901310252
0.8360893917475429 0.4715766197601301
0.8782269002035317 0.6246943815475783
0.06024918679002789 0.9868120597231775
0.31292970037454837 0.8949090772295154
0.2985209222816221 0.09575440534906221
0.6135981541269826 0.2220250088335014
0.07233588518427081 0.5125288946845379
0.788969631973893 0.6446354664838014
0.9182318458313095 0.5097062735146163
0.985214170781898 0.926913405698877
0.4822636125341162 0.008857593505239958
0.764466529667645 0.604509806828829
0.8489708000799008 0.42557946758439114
0.9814706289214898 0.09574862894248204
0.2317246822580865 0.25453737415500477
0.052473762655406375 0.16272065034821104
0.1693447109868882 0.9264906302244305
0.005423435909333918 0.4488030462188859
0.9968714852361198 0.12660395292095505
0.9664796229275243 0.31690354785589214
0.2698776813356796 0.5004863854504062
0.714080185153021 0.055635191650464266
0.1990088863795636 0.8426357594652087
0.2796868792733589 0.5330858732095596
0.01250205396163473 0.7043123799940942
0.9249163819660273 0.9396356384452194
0.11055867579925094 0.8190957177150293
0.025141555099690738 0.7354408853976926
0.5532690060695835 0.7406427903223012
0.06439269739832532 0.7583996219905029
0.5245377854448636 0.9089385332576116
0.5849279032198025 0.49067125019216506
0.4540687401637482 0.5156464755347274
0.6751338769143045 0.5176165374510222
0.5709595830988237 0.9453407897090944
0.7397010867860208 0.80800048319594
0.5696279219616642 0.43745208639257904
0.8258050678076785 0.32071691345362363
0.9793709874668084 0.3218052484395817
0.5105546891586872 0.6664434452749783
0.7894515922008374 0.9954708479673722
0.5875893159568324 0.44598801648726316
0.49521758365934176 0.16709544058274228
0.7984222577398661 0.6183688357134294
0.1272890508635358 0.7575494553685223
0.7602953344236565 0.012404143178328608
0.4753172415618463 0.7559914927978335
0.46731098174944163 0.3975514171229575
0.5919832983330742 0.5548917234620108
0.34459763950083566 0.20018277099189508
0.3609304682057919 0.9379197021012706
0.4791816799628521 0.40257315634350244
0.21139321155186797 0.8267670848591426
0.5499554826884387 0.02411076545267088
0.40710051074430065 0.8734664183781891
0.25162227938473025 0.7757566825543931
0.14870341785123853 0.15605295709072786
0.9969408563105271 0.5088297677937976
0.29528436088236165 0.6084174525672223
0.6830257000642288 0.6901420007553716
0.23390767786493205 0.09249114768457001
0.7948297196844352 0.0798596820198838
0.03202688904382067 0.21781200847634707
0.2957489281759289 0.26905638969316215
0.9844261526071321 0.020602382898099902
0.7651318118361599 0.420313369327735
0.7068823139694393 0.6212810897411079
0.09869870675939274 0.235190673447778
0.443575822914009 0.02675388656044353
0.4501040816650359 0.7683871136669904
0.035971848088323766 0.7053227865517271
0.9992626927360986 0.8079788752111219
0.03786996468706638 0.0757339397205683
0.4937061497473727 0.41310427049021436
0.572189623146774 0.877888859535563
0.17287381469224594 0.6788753132907641
0.07624258703304099 0.9999847957000092
0.1425193986840343 0.4060859573265221
0.38717593740215084 0.8616719611014065
0.6193202278900862 0.42503056349179347
0.8832463643430606 0.770021528152881
0.4930373883160819 0.23884082784287952
0.776145504894437 0.1519284412551134
0.7554163213271525 0.805017164051747
0.8171543877968235 0.7350083215890342
0.4667216666604872 0.4263914964598716
0.7482953831965076 0.18285026897817214
0.6819262380769582 0.4992895738029375
0.9475934021440784 0.36749903775471626
0.20836992334770077 0.17776111858850752
0.8747676651696177 0.3962067460084311
0.32474914594079407 0.19641364353129664
0.1587095693785625 0.2927259540459961
0.722771741978651 0.4792430452097556
0.3998827471452562 0.7822559530761632
0.443246393367305 0.94910314278896
0.18280247862658672 0.1449520687599566
0.2989037067841134 0.5684819089151347
0.3241030345041678 0.607245444143405
0.35765340468390083 0.24438982668091258
0.9468932639298495 0.7554748093325756
0.9910200140164978 0.3715295463199
0.699287789690844 0.6470421981473009
0.6049206521282731 0.6376902014346295
0.05323867397770665 0.6169140037851768
0.4141986944873737 0.7764596065027976
0.6642635921362772 0.04685395498861933
0.8807581452560709 0.16055865038709283
0.3542165497983498 0.25616085297083013
0.6998296072662809 0.22903406151665728
0.8935070038585464 0.3625687704872611
0.4674944693571266 0.2457312008912027
0.8775638185496943 0.0275964479507822
0.2967206117983714 0.624019099146413
0.7113779426856488 0.15035584095103638
0.31494172062679393 0.6607357746826599
0.36868668164845886 0.44693564643748607
0.7420876409575461 0.463966885965434
0.9061551530035652 0.5303772370153801
0.5826260843494091 0.464652353044573
0.054684237105006694 0.5062442848674238
0.5994035126677142 0.5040255273633008
0.6956062851836378 0.5196789098566363
0.5025925072855124 0.10368547800871042
0.021036590152354595 0.28651410521591836
0.8899638755494739 0.21673409635291319
0.550639410071948 0.24966370403550675
0.9370838051173234 0.0632543548546376
0.30049843480366634 0.15733869245393572
0.8318339656115805 0.8181993097485782
0.37952936299444406 0.7741925565771657
0.16205741130140705 0.3940439240005953
0.28295504395467397 0.8528085672654351
0.3752809405522963 0.8021082052128334
0.8128153737454893 0.3397175565054724
0.28359767536799496 0.9940306864899546
0.30741124353438654 0.12006861195413965
0.910797489364868 0.31458283969863454
0.8944091993466836 0.7315302877886998
0.5516618902450725 0.32390341607983064
0.30835280513683383 0.404913947988097
0.9687442721233541 0.8608297684627606
0.03518041100378211 0.7443804054710379
0.4079808344579252 0.36164517504830784
0.16963510733307396 0.10398294765476224
0.7879583880023049 0.12254633516536306
0.46196117081151367 0.3556201640594465
0.44183030910456744 0.0871330211456749
0.2751173994492271 0.2929297965867361
0.4071146374243184 0.8354745972997673
0.2709642293903227 0.4409393578153713
0.4043250596859951 0.7062345771014764
0.6579512503973683 0.4699666161453684
0.14759684627831682 0.23287146391337155
0.5636550418636814 0.6135995189474
0.46637885895121856 0.05484246972057738
0.9840422127640509 0.40556069518505633
0.08887611936666273 0.5566184396163925
0.4192149986796039 0.9326445401017538
0.665028664112856 0.7005916264784009
0.9588530967574809 0.1459382051960283
0.8152972402134815 0.21563112735036127
0.5688566344887562 0.4706509627258757
0.8167955841814529 0.30387772059841867
0.6436785699058749 0.23210096664756907
0.3828267194240631 0.8361500762720653
0.724847978820168 0.054567962707780415
0.0735713030986711 0.7921329358508353
0.31288942178413914 0.6206603802684185
0.07468248439126746 0.2926037580803289
0.737484066127724 0.06206497538043809
0.6928988749032066 0.9619459084323676
0.26944280697522593 0.5665769169269144
0.8898032898286883 0.5004899063057886
0.3841035995650779 0.46726263719173167
0.4108211691028374 0.36670462381275204
0.55215835866235 0.494609678835056
0.2511469132277073 0.6729039752493675
0.2089972700095899 0.5292665467921356
0.09463483274768314 0.31921140889325383
0.38269259933144917 0.7945927635809293
0.7891335412395819 0.8944453156094112
0.7797126259163638 0.27576939412453605
0.6583388787478273 0.5167503914157385
0.4850150057197167 0.784967167533885
0.27525059028029975 0.5557127447756427
0.8873126303639567 0.3143239896951098
0.8727941815645235 0.2966790081107702
0.49125503780478486 0.10927169769047795
0.09121236410606248 0.96989770062809
0.06523789782635481 0.9382760376167505
0.6661624406184967 0.9428713444312635
0.697330617748602 0.31146283281474063
0.3851665883792048 0.07779270731624055
0.7423262901096097 0.9059821045740455
0.1743001847469674 0.1299577759344721
0.9882894811056755 0.72907776726967
0.08094288809243744 0.8584109914537843
0.9970972646063077 0.6729736162201374
0.15460894271845738 0.6595618455103396
0.021430701750816183 0.5073902471023355
0.1502313150808796 0.2819044106031434
0.1658938676097641 0.7066796265478501
0.2730216632689755 0.15503658642090268
0.2529091437737647 0.9012483254901584
0.7170726429569079 0.4115193714144929
0.8665833670739886 0.8908190555821323
0.9674720023451042 0.9410043513114783
0.9780300000579245 0.9486183065359752
0.3401597760181996 0.3448423116399799
0.1211544138148628 0.5136207417631244
0.9877340796204197 0.6998656466477553
0.07194580488423674 0.4211335958555722
0.9089655060896069 0.88575580320823
0.1997485907050911 0.27238417928869385
0.8819699202818343 0.8670569924205331
0.13863839030728742 0.8759066952948749
0.3162952683881386 0.6078259714437024
0.7444079538466877 0.9948592841034989
0.8918421540907213 0.30098173665377614
0.3366146210492791 0.9125282112469393
0.08835484898250967 0.5046911082653658
0.003945157164999102 0.06866419482671926
0.5228639706673952 0.08903808862002105
0.43539356512014304 0.4951856002901689
0.8203007039429493 0.23277575645166682
0.5205776623316998 0.44801760544272295
0.4630646580818871 0.9207131883554311
0.10833039169384961 0.7619782886924842
0.619786778221505 0.2787760811043307
0.23136878406132633 0.7405948064122334
0.059531361939636485 0.4308709601813021
0.4759562547285767 0.609493717530162
0.2309723580083829 0.8839362331081289
0.19569414785871153 0.45511436188803045
0.910237612586738 0.07588091348030557
0.42158615951079237 0.4194795044102424
0.8207643162615428 0.9739814738426886
0.5530073866934881 0.5539540220309755
0.7520851118051652 0.8429445534690736
0.79631160948645 0.37611562941385257
0.5716029686837549 0.19538848130046094
0.21472111414428796 0.3226018286869221
0.7781373031425554 0.7463360375412849
0.45192360633021056 0.1385671643128108
0.3234380545436444 0.48793249378670045
0.5293757929754004 0.40882111827768775
0.35350171195183466 0.06875560800085179
0.6040205870151247 0.868683661524505
0.29916879345778113 0.39094186389526486
0.3671844423469264 0.6540735753630604
0.37241163285869505 0.1863998453498532
0.30789053503267483 0.48165354343436784
0.8382062560551831 0.21909030552592723
0.7731835050381999 0.6426719168607078
0.1873269458118174 0.8351116491074999
0.34134170097275085 0.24756464174960557
0.8399015440349284 0.7396713091363643
0.5141704055407588 0.9882510989035007
0.3754252661000068 0.3628050823912301
0.9503244625222387 0.18389801313179488
0.5248891442724615 0.7268079739730637
0.8871624274197947 0.993315915827329
0.7177338427513815 0.5937042130835142
0.08217117036450294 0.6411117388777969
0.2679393760370219 0.486569713833398
0.6572741675453708 0.6985973338532909
0.6017015987602086 0.6796840944957789
0.061025262358541 0.9255291550257254
0.8130272524452353 0.45368288407410096
0.9799817315739134 0.9741927575665918
0.5343730052936104 0.16367413229545558
0.6803175890506585 0.7386642347993404
0.7959522805620642 0.4295556851470279
0.346652932554131 0.2057609540760359
0.6240824537686691 0.35869527975232907
0.8442135232175136 0.966431359910358
0.4392252369896956 0.9501860045926058
0.14122741422463636 0.8878585710848854
0.5812563957031471 0.859635636407283
0.18476883117141307 0.531236631350545
0.17092595691765267 0.727128627416066
0.9701220321275517 0.4210810009524568
0.4143248256528542 0.23394595755875636
0.8619935774812835 0.63519787813622
0.953588907562098 0.5710810701709652
0.4106823299481719 0.04376617209215672
0.4760616395799886 0.13549011301856972
0.8309271494615906 0.6003422269361918
0.29158969068831575 0.05603718551865078
0.8163961926546217 0.13078617797158465
0.5993218173723676 0.46626709666690025
0.4723690054680607 0.1556449061811931
0.30615637311588606 0.015912543734830864
0.0930304211828974 0.7360991872795881
0.3915520212849195 0.9884189701490063
0.04849888023851334 0.0718038926576905
0.38454966535988433 0.5038546346879615
0.5809208673026385 0.22933291466243344
0.982088062240825 0.6585667776480213
0.8437147570956389 0.7619635110927361
0.60087071656979 0.5815735441875709
0.9531516952095478 0.7517641887459745
0.08293565136312253 0.13603652181541803
0.8362117173646668 0.6889097725261983
0.694332721015605 0.43751572193305943
0.011288110202685386 0.3248554249621487
0.566713345034564 0.7755662203563829
0.44535200649317574 0.03491624604050725
0.35875469330354015 0.32336151238238253
0.4413256315922205 0.5054224480850371
0.5790347252509205 0.25237161822186915
0.6170792872761073 0.3693880648413894
0.4888317221981626 0.9911579940024524
0.2824534460403665 0.5141912204608394
0.3573442866954335 0.8190063428648922
0.37337618161473407 0.3881378524053185
0.30756350693043344 0.1495093116205921
0.8684156300622474 0.46215658724564745
0.5872253340636491 0.13945773960126018
0.8318534823316794 0.37576351507043637
0.45232004565163186 0.344784163738459
0.7035840809652167 0.7461651573581951
0.05597375541366456 0.3701260204235015
0.7613311143329156 0.767004996377197
0.40736573551286304 0.24577580482982642
0.7063173197332318 0.24071795143432473
0.13334323785509827 0.43590276136266937
0.8136980904245885 0.8748429162630986
0.424371784459348 0.9635093283297358
0.5077092294564454 0.8579037459354393
0.119516171254058 0.26677710115311415
0.4660604285321768 0.851533281842763
0.6904950635623457 0.21466113232410855
0.1226525016707607 0.009897893137019054
0.4366785694180435 0.9893288018945712
0.3781836235019511 0.7442704098355049
0.9529146133532262 0.057763419942115535
0.2336286942112593 0.807529339101468
0.8614510183120128 0.373954208965924
0.13025232951605403 0.6442996308468547
0.6204423834522885 0.45572324642422224
0.09871611098197075 0.3127334567385145
0.47348467037654496 0.3647488816795168
0.7062379150597606 0.27326638928164515
0.7927975332948503 0.6301120725063389
0.9592732972356868 0.9460765421295685
0.635352623338775 0.14113966299186798
