10 3 100 3
602 615 576 556 694 644 599 497 500 452
736 729 733 826 744 774 717 666 482 485
830 909 847 868 928 810 811 620 486 469
1008 1053 947 977 937 962 784 669 561 527
1156 1202 1193 1100 989 995 811 694 692 563
1312 1306 1284 1285 1173 1060 979 877 699 652
1469 1536 1502 1445 1338 1143 1000 855 754 688
1589 1599 1633 1570 1411 1240 1168 959 857 725
1736 1714 1679 1658 1456 1283 1195 1020 886 675
1681 1781 1756 1661 1532 1392 1206 995 867 694
1 0
2 1
6 9
0.7001306390173299 0.8719974019599201 0.4876657728657291 0.3092348540164952 0.3972336829325357
0.5965952069810394 0.39996980803254184 0.7635842414727625 0.8639141038303557 0.2532322320110628
0.6603125113695285 0.23600350687018268
0.7692979011204688 0.2897808590230244
0.22877181772763122 0.3134054858841768
0.3465499406446344 0.042738786046073285
0.041960498855177164 0.5379648355785103
0.09934689619106729 0.7889880636934323
0.8971494294686182 0.016709657459756944
0.10543276745220598 0.308576684281624
0.688350861655378 0.3985998932311441
0.22355642484861016 0.12186477250867744
0.6354797121065616 0.3816691755081021
0.6229099616158544 0.8777271459560483
0.11238151430269072 0.029476454957390708
0.4645009444213595 0.9112336959944272
0.6935021060947981 0.23874844311628807
0.6616047097594695 0.13126477414265914
0.09451917181158676 0.1206043619367767
0.7694285028292747 0.49114183002546974
0.8145227975377776 0.37934447548602157
0.7117508204025325 0.14971340352738705
0.06943252961207302 0.247768982844645
0.15103140752743904 0.5338432543305835
0.18909845982072038 0.45433962097603553
0.1394290161512728 0.96866375872834
0.6681445214389332 0.9082184752517708
0.4444695713021003 0.7647241514395275
0.048604803612544156 0.07536651606467526
0.5616715085958843 0.8384822619977408
0.16542873184067775 0.27189889834437264
0.2367267662898931 0.3246936416193875
0.8003539138157143 0.8339966167054982
0.8296982355004858 0.8429995099671541
0.5718779122902868 0.6128201836750324
0.09823154924405553 0.6308625708639157
0.7424386314922942 0.045825925947539536
0.06653464132923737 0.6903620648863564
0.7132756149710375 0.6265545232994025
0.6399348437237855 0.21628835050062634
0.2827430388045027 0.5397980653460861
0.185410788872312 0.2220408071462292
0.2030432517273093 0.9250861235618877
0.09411325157592931 0.22256990565495927
0.02302453140316363 0.20482930106887975
0.14289677799348777 0.31129171480627993
0.4151230317064556 0.09637829536331033
0.24366038853193728 0.061805718216707994
0.2804452237301036 0.4017179313875896
0.46915590305937327 0.7693455291461484
0.5077322555924031 0.5003484907420499
0.3676190095204208 0.823263960030171
0.21257462983470554 0.5285208369677794
0.5075330779546063 0.6833876624751967
0.5090595967282883 0.8652715037729801
0.2050218113426152 0.22502265673520805
0.8501230720893653 0.7239540500274206
0.6924257139501806 0.3220399117152837
0.8130324601682808 0.9919722100168786
0.3856293319044568 0.330757496289972
0.5068007612040166 0.78008887004687
0.027474286702874107 0.8490312682155248
0.3634625850391495 0.33552524930996985
0.23730015308060226 0.2981694613973631
0.768371073680491 0.6633734844294035
0.3183517251068526 0.7874660829771327
0.4805273182034291 0.42995319221508543
0.7338540428627052 0.21979568348814915
0.5996425831957959 0.3506012525222011
0.21202543591135292 0.12597229850255998
0.8450568841030388 0.3254551823721836
0.5849759012791615 0.5220386404230832
0.5841647799355292 0.7745107228200385
0.5796265468575992 0.7836441460070018
0.7162095297228048 0.14058359998760772
0.5117800420803662 0.9598222082354948
0.9585942934992935 0.6830615347080726
0.48396026761041444 0.3263567476607172
0.9553058271610546 0.4503245732538401
0.15699368533248714 0.44213923099359875
0.12702384625348273 0.33857132729634265
0.5378858574683396 0.49966628091094734
0.6884618072741231 0.9403705619115188
0.5419715850041729 0.8979258199713296
0.4596324635940887 0.37144228673932034
0.028120607671061837 0.06959348786683028
0.8866363251436837 0.8290896507632424
0.938129774070646 0.21998125535167512
0.6109811300533423 0.32942034903904394
0.187851413729744 0.8959321424333477
0.35014009437038807 0.21698142903448137
0.7296679418470318 0.30061608836849363
0.358494946730906 0.7658929901687284
0.38275476634699035 0.5294624914857107
0.6759268560862823 0.7265691329711299
0.3850858504021133 0.19709174941575136
0.8904598872469847 0.8188011749245994
0.12714876391686492 0.08392422442332004
0.8480719949251403 0.6380400471539365
0.5518427656631031 0.0069684338549762526
0.38918697355751974 0.4318497688477474
0.9048924244648708 0.2654929479355277
0.1904576010239698 0.7192590957619598
0.24879132678157112 0.1805289899290894
0.7424158421849023 0.5393955318750654
0.5341370035109272 0.7634905488878914
0.7746664435228547 0.6177482508253365
0.04784739488764256 0.29830579877178276
0.8844827763374146 0.7154655430597026
0.4442706369142353 0.029742973057965028
0.3684326034702503 0.9482017524567645
0.6321211932345578 0.7980506809100458
0.5556041656302126 0.5092739823151
0.7614210636936412 0.8482357635852864
0.3089910921877841 0.5704119263173824
0.39021893918650163 0.9629949677502327
0.1534776591150775 0.28225472337726787
0.5398869944722993 0.14620058258394097
0.1450931662722621 0.05649281854815413
0.3102929620094106 0.9312000930920556
0.8443169969997859 0.39047819204628875
0.22009997644349077 0.2143920058547979
0.006510789669849082 0.5588883884805875
0.7482475244902307 0.23552240762048204
0.6881107468279828 0.7765641007011053
0.8468260544774682 0.09237817894842149
0.06031809716448766 0.09183524383493213
0.29502088671900073 0.12039178090954139
0.7115061617528631 0.8209730240704427
0.4533727118464346 0.8454615418985056
0.8042189341696127 0.6036555885434369
0.6722396732216416 0.500196578153544
0.301638079572512 0.917798392709245
0.12173060090401178 0.22904068535154232
0.18155670665872004 0.21840663787795034
0.549761941473496 0.5545713931346794
0.4994943626475554 0.6061713710052457
0.10063362517790031 0.7002421472284908
0.35296858349636073 0.8001367195133049
0.7595287781113522 0.11462306570062508
0.6806105734193599 0.1307767999032874
0.8212717057018311 0.5917254222544908
0.3496443061381922 0.8801184803690334
0.6055746133865401 0.07624327662198671
0.08888856955872293 0.4188251420491633
0.08014272459545468 0.3897484382950889
0.07596243195179664 0.8012355992094193
0.12241153010377359 0.14408706101687518
0.4930636487261775 0.049776273161159956
0.05620480608047673 0.11632203760854232
0.1263062039286802 0.021532368668506052
0.862275448383597 0.47569925185400264
0.9468990480458508 0.21723485068134107
0.06430082504631951 0.23942797190090404
0.6096985991607486 0.273680991979004
0.37364781070196074 0.932783501252894
0.9556816168249294 0.6589851935708535
0.8039767573964542 0.33877203532458733
0.285642334089377 0.3679260856313773
0.8520943802266914 0.08822247415978257
0.2975374048893187 0.07896456109189942
0.9702290885187443 0.4122586802251471
0.23742234257419303 0.5159042628111179
0.894536687400391 0.1585011442314077
0.3944648669503559 0.5455515390947259
0.9811556826764869 0.9864508616257541
0.2354693703661257 0.48906796359401317
0.24698741677298752 0.7346709032607388
0.8493261134798811 0.06026025734550555
0.7309955713204304 0.11940468777082547
0.6468829359106749 0.5363743510049386
0.14209864756091628 0.46568865076735677
0.1628668215693394 0.15653016346180504
0.6524574026094083 0.3071914523613526
0.5919223884638998 0.3548753351016214
0.5373997503585208 0.674406060312206
0.6077651735204779 0.6270836263576236
0.2880888328521738 0.20564615668804853
0.682242592148881 0.9225350320783936
0.12290452800767104 0.4228955673313439
0.4733093451390218 0.06425582721746648
0.7901778479494788 0.8116259870788194
0.302191113788812 0.09331381268651429
0.8557475707891948 0.18025025582235843
0.7636578674563288 0.25984642681024495
0.5753155780533743 0.059001475458571706
0.2962323955721624 0.7341012417304673
0.8976575241057632 0.07212822234947214
0.7216339312428939 0.6199494476674916
0.6564428359276586 0.014254577518982625
0.7991757313690049 0.954161665131833
0.33032560140455147 0.37378649178842216
0.6193730699016382 0.41547350266376637
0.6562520928013338 0.17384558967769514
0.3201059160118842 0.1638332056040004
0.33114889191402663 0.9207599338948267
0.5949627954021182 0.4823203797350657
0.4518544905930173 0.5579240104346368
0.8365851378060196 0.2412974774509149
0.012747586406580025 0.1610840289637141
0.007357460975226493 0.02215598009207831
0.6858412365850388 0.21029263980713453
