10 4 100 3
1090 811 732 1102 810 703 618 1067 867 1021
850 902 959 702 930 873 716 880 774 662
925 1107 1044 1124 1092 1102 831 1112 826 714
1049 1040 806 872 1071 723 808 1092 733 1036
847 1221 1195 969 1096 784 824 1015 722 611
1270 1137 931 1257 974 1069 978 945 1045 1110
1016 1347 911 1143 940 920 714 1136 1066 759
1414 1277 1076 918 860 1073 1125 1102 714 1157
1622 1242 1472 1326 1194 1223 1117 1013 972 1029
1934 1280 1360 1284 903 818 989 828 839 711
3 1
4 0
6 1
9 1
0.3030455263408195 0.5072866760003164 0.7196895633879713 0.9165644708678806 0.33595015822983076
0.7238772640416329 0.8253813140943818 0.797389051003929 0.47428709047720474 0.3303926822435054
0.837643067371763 0.3330397495744918 0.4750186217371444 0.9986931962243153 0.32313775220512597
0.06958371919036588 0.14614050810971135
0.10738079590828242 0.034439316268169984
0.4577169277435156 0.9596143641933348
0.45618509936227336 0.06688229742729801
0.7947230460685368 0.21533992313647143
0.4925692107011139 0.73397805517022
0.8761138857470896 0.9538828548028753
0.2741354682738799 0.7530889075431548
0.3708757773343536 0.5681760507294997
0.2116087727388687 0.6825555511260644
0.8210155136081672 0.661409984315819
0.33601130901793086 0.30506217376654043
0.6661943769350125 0.15544850485094264
0.9850901983885034 0.8971819045505429
0.7810424410942411 0.788864369707529
0.31711578617522584 0.09040021846955293
0.31188159616679534 0.5952444011485203
0.6965184262847941 0.6183068194953769
0.43978103456804507 0.9947057190990907
0.4707837097426022 0.949263519465064
0.03082707737638346 0.2013227035795142
0.6297387180305865 0.5566796685084956
0.5820576013826491 0.9084907526970045
0.5379828670126707 0.4074017538204018
0.1400721212247391 0.8711965570525133
0.8718529154912211 0.42722962772477024
0.3818579632879342 0.16031196997559882
0.3800498937687562 0.19577223911929198
0.26075038275427653 0.9931175219287101
0.22701448568664984 0.3074813897408588
0.2707781370676934 0.6304949469637762
0.7230061382216697 0.7063479701737352
0.2590797755339189 0.37502577193868447
0.1588727829731642 0.9969512707091783
0.5432467629781317 0.9798156624094672
0.1266983934439807 0.5957495041380378
0.7622506496259762 0.26102606171026266
0.09093202460098881 0.5061265180779517
0.3371865041148685 0.5305776538498272
0.1891171441182351 0.3952018895352829
0.7038747214874932 0.850224563570289
0.46137917320654886 0.8378662983482925
0.7452780335544988 0.7963167007533194
0.7707485001789063 0.07738498320192311
0.7137673631998143 0.9492862747774058
0.689623417100881 0.6373593039799734
0.1072108139515573 0.7782641427231654
0.9831647498123253 0.5706725832006927
0.9748709509619946 0.12864615055589845
0.33325027489368386 0.41849047033757314
0.6311743871553654 0.422815965589203
0.47885136784693416 0.7128337730967418
0.7136888619656112 0.308543872358509
0.5275230095959857 0.19549396908966066
0.515751544998837 0.4507974106153749
0.19942355014433644 0.845955575895863
0.8929051186314447 0.7406628416066741
0.7521539807665256 0.7745189543238995
0.27194880106015606 0.35737444565596754
0.31621855248673914 0.3531656684953375
0.9169438734192599 0.7535015611037836
0.11537300988559851 0.5144429519235332
0.5407416084452834 0.6428644878468255
0.6991376845690935 0.15029445257417473
0.36960119924789714 0.12197147311474255
0.4454716237045404 0.893816112190515
0.8220544509853029 0.6624014497942747
0.5776258661896605 0.1833924838967318
0.5972155319073 0.025959972111785357
0.4798863146079124 0.867753631876593
0.3879143837637842 0.7826767064665117
0.4419640199546231 0.5360969906237396
0.2365945397076914 0.36715815868084256
0.45198884219871527 0.5139415501772207
0.0005703054970342958 0.5174656733435241
0.15981671994697022 0.3068132862649384
0.304084989718989 0.6305458955982595
0.23218472793419376 0.5476406044203714
0.6488894998474048 0.7436952095991198
0.7826596855567944 0.35861699057946694
0.9576097992593111 0.29380236809760474
0.18096049390926172 0.40316654375938055
0.25894186049501133 0.2748296141229285
0.0902686526834211 0.06907130304483888
0.15549220450278667 0.48060768522196384
0.446934945797286 0.840314677737221
0.38108603024852505 0.785173404018392
0.647437075636554 0.4574002187749393
0.060780438190151775 0.9994709547827134
0.11927709018655697 0.12494575739562186
0.9061395205792013 0.369696613108226
0.8041511324489639 0.8523876442463199
0.48575865368267723 0.07562504880383636
0.09221248857344078 0.9491953048368829
0.030189107314572583 0.5045820792151081
0.26601528977084676 0.7969552249478884
0.18390206013971255 0.6195401266681604
0.1670383854398565 0.8031574727776682
0.2914331589101158 0.7168204749071101
0.5423948290211109 0.9088046773537721
0.8203393992634216 0.07155674167912984
0.5777903348655844 0.3095738371117269
0.7943785585459779 0.6905279881081055
0.9725595672311915 0.5554964301027268
0.8886268278039331 0.7722603031817712
0.20411298917519494 0.7952598551527605
0.40809708763104235 0.47379565901551435
0.6271211291225907 0.17578087793417185
0.19727149977930303 0.6375865016884938
0.42221874080931987 0.5327529725528395
0.25418152904290126 0.9708729990425002
0.12954576171842258 0.7919591138555693
0.6204318167476173 0.8666734939266325
0.5982993585864418 0.07847309448356654
0.4825394038546411 0.5269163366256715
0.6861211203655677 0.4145260871469427
0.278086246391267 0.32439928682590313
0.39599252490684744 0.9125112440379481
0.5728007940770528 0.6161729716965503
0.27941046267822367 0.7971984345928775
0.33198985544203485 0.22580071807178315
0.6431664158313275 0.884502792150724
0.7272827832571809 0.17317269560416348
0.3957847487298234 0.6026579347989087
0.6238293014543985 0.6407237542621642
0.9522055493848987 0.34882974347668827
0.7857119693063108 0.05075499486697743
0.07192020192123727 0.8091450428261922
0.7349050737503793 0.1383056240635243
0.19702511488272112 0.803731641298844
0.8263560285001037 0.8714326589453103
0.8325273018769017 0.7607443855967007
0.8036519618237794 0.00451281837538442
0.7216181273621762 0.34966500040020687
0.8652538026621142 0.473147462081702
0.23436972384349142 0.4757346540892884
0.22057025469400093 0.11043415500561582
0.9170334395900781 0.04234349715875174
0.14778380593812135 0.8945674638077141
0.6674229980949344 0.4726170486644381
0.9441524051765986 0.032801276935698676
0.8519867595100881 0.7527164039474825
0.202350849675748 0.3400018858573599
0.038036596569164915 0.30219064200018053
0.2994245905710835 0.3837795844749572
0.9351763073725399 0.5826911750882133
0.21344428852862518 0.3632404301415191
0.6038443042322468 0.8015968603668149
0.6439134447112707 0.7702217817258437
0.28762016900087395 0.9026249604002747
0.9682560637111186 0.017347541733782057
0.025066185789239803 0.1684882961903138
0.719519285873494 0.030181327426215487
0.802776429263067 0.7741217939451561
0.6808749825214369 0.4261123732824519
0.9157960145274053 0.6196870899293967
0.015141211585667502 0.6526587875461958
0.6673876362610793 0.25095798459957375
0.13384036880128125 0.7476305471822426
0.6985337019021547 0.16105048500981045
0.9397561435383068 0.9732754544482594
0.3350319065398275 0.44931782945129517
0.4520494029489528 0.8015463965273992
0.16079632037807245 0.4920263796751505
0.9456422817477446 0.48033366582037296
0.7306367389159034 0.5146088703415181
0.412452496433787 0.3279627849276203
0.08340362933427481 0.9408249543935532
0.38375483304860825 0.5354984587976197
0.9229506503308131 0.041468900621420834
0.8152896270192962 0.5120549464954027
0.23522291263933126 0.5512708463550886
0.03890862098489434 0.9810509614804943
0.19921137204224193 0.04062011375885022
0.5103879324288665 0.46003841765957354
0.10700954671903107 0.09232926298676136
0.33427494255572787 0.09878340266458974
0.2778068192348455 0.9129511237372234
0.46397454777179004 0.3716600007625195
0.22529719130075732 0.5079349351823399
0.7307355953249088 0.6204854239419448
0.8541549308830387 0.5022529347486884
0.03482073159316701 0.34004227242265594
0.31985375380898184 0.41509156693632976
0.32918887718189516 0.8666483205558779
0.8256785219085838 0.5877955459661384
0.452574551881636 0.4887083210832186
0.686395837886389 0.17430872284018895
0.4025182137182217 0.5784460344472797
0.46435604942611985 0.5476944646408115
0.37286435756609104 0.475300083126591
0.8296065878836067 0.5641677231385291
0.1712369178034745 0.6231369986189126
0.5964184850925673 0.666213888470452
0.6710323316216833 0.8820354725236197
0.8773333098270666 0.36551347290780933
0.9926042226896117 0.3079253499585881
0.25074615464596417 0.08847664430042856
0.3597910463169318 0.8644530447777183
0.6026294734120876 0.3826330679656684
0.2642363493958402 0.9719732900446179
0.8419845048863435 0.49047361370331033
0.7382412631552655 0.8546760149483963
0.06912060087116623 0.8175024486126223
0.262115837579715 0.09116186233538826
0.49313319194200256 0.5496493598631575
0.9738060431463236 0.7119483498110268
0.35089149936994435 0.04419415847212127
0.5870081653826551 0.35196463126463295
0.17971521161337978 0.3826977984331661
0.8893409911948853 0.540279648029049
0.2767510330652132 0.41383448668515155
0.8335413890132424 0.13868349228334198
0.2767867814451146 0.7706298676663843
0.9614520726960014 0.29688284300153955
0.4591699124266011 0.9071386530387631
0.5283443333744602 0.6130001462096419
0.2262167435141611 0.4105192341267512
0.7454572968843385 0.03793050973243339
0.6358233542190637 0.5472269857270096
0.9058463810202777 0.37741067702793063
0.49867710680347455 0.6439997172844247
0.801191468800931 0.7324958661571639
0.24909761083207593 0.006006927887092894
0.9570656591587703 0.50118863528073
0.03539529790086915 0.5493629755395846
0.5890844562939135 0.12035550503397685
0.7172620941184142 0.7560533142476134
0.008031995061752673 0.18814318500631155
0.24733043276830569 0.16611916199411048
0.0018771774841290778 0.5739484469832983
0.14715779219318037 0.5562921178213098
0.6993798853277053 0.3547786107255855
0.27086383612707565 0.6204407836556567
0.2334268607935246 0.09370606088970002
0.8403858508443007 0.6869221801786152
0.2563532000382913 0.15814097744680078
0.02438833206561619 0.6988284354771843
0.7701318899930705 0.26899258312700236
0.2637604245535321 0.6054441654609954
0.08878360440741351 0.7671144081332422
0.14360129090771134 0.9731875085462041
0.5343078640424064 0.8638502612448693
0.6348006957878976 0.46255459638272156
0.12375673821862843 0.00256315206012947
0.38003883474567846 0.26404051653180094
0.4791127656189538 0.9740669063881242
0.4942488579092046 0.09753930891186235
0.47654295597425134 0.6137467886240933
0.91655937805182 0.9795637619980058
0.8286382924470068 0.21547186974114552
0.8929349144527452 0.8634893360250848
0.3305306526055203 0.1020838480374493
0.2115184918159998 0.25311069054832624
0.33287341706534734 0.3798099153208374
0.9271335053408107 0.2833415450661587
0.49493509407040337 0.6717368822689336
0.863249843373411 0.7309307165036592
0.5371074762821371 0.1784295126583788
0.5977667020002224 0.472093740593861
0.19891014458466194 0.6651011451630306
0.8021324706542343 0.02248005328096947
0.4495844000728053 0.5963758426399117
0.6559039297042628 0.5467319058631603
0.734016858818942 0.8179346229561693
0.6504916001134926 0.3515779409858464
0.8275576620403495 0.7220776098423718
0.7503837381277805 0.6722970124251557
0.33402923101897275 0.7775757301662707
0.28627822840345307 0.41821752601820794
0.7777418125623907 0.6051360754636157
0.4847480429536257 0.9771817923593642
0.36512495074266704 0.3259910614110604
0.7861771481255497 0.2195538356713067
0.9370316864438288 0.7707267800947055
0.216966216538526 0.90260397782815
0.07282745804237978 0.6653686126536746
0.31260437764591975 0.35692583820503043
0.6786748577444595 0.40370261235840443
0.31931095395897136 0.07742191561162493
0.09874217894477355 0.15274051614813255
0.3334453268484445 0.8673057004158711
0.620049079480784 0.3551806685326946
0.03832597537936078 0.21458800499686514
0.06683191823234025 0.5257265282735615
0.8832656452019301 0.23861637376032263
0.6401606962408397 0.23039672967834446
0.11545725593654854 0.055977944376546906
0.5133977016595535 0.8727566067776542
0.3587467057078759 0.8256702222707764
0.9547089615394311 0.09969345949261199
0.8925907608954091 0.8884054208871428
0.06676614275299353 0.6690788761652049
0.7134671302811573 0.4488915904206612
0.41277688807130675 0.261648300223855
0.6676062799156481 0.03760276832946108
0.2214198221130106 0.027597760194224774
0.460137104979488 0.9472905439822901
0.31250966319524265 0.6771009027510191
0.9344358464923965 0.08552839026555437
