10 3 100 3
675 821 658 751 911 808 857 934 861 743
906 685 765 866 725 723 739 895 897 719
914 908 978 941 968 982 862 987 909 841
778 769 918 1048 826 892 921 869 869 882
979 833 1030 869 900 1037 884 1077 1023 978
1056 923 1011 966 971 1046 989 1071 1160 1223
1221 1220 1207 1001 1040 1157 1125 1174 1238 1291
1300 1181 1206 1097 1065 1045 961 1132 1045 1146
1487 1203 1300 1110 1000 1170 947 1133 1185 1065
1649 1350 1356 1139 1100 934 1137 904 1020 932
2 3
6 5
3 7
0.6777035494100122 0.9036282249655123 0.8468871801326388 0.8035685369082006 0.2901848084419908
0.7875414147820397 0.7592463461474923 0.8016749586499783 0.8790396069805668 0.1559392419454695
0.9466825119473077 0.405382688349033
0.8401709142110956 0.5048416455843368
0.22503674087148973 0.3385472617466456
0.319248622171318 0.6866580156007207
0.5175109414208094 0.9800939175085437
0.4364017013706669 0.18239151205060433
0.5282384568724565 0.006127429458232081
0.06827776982780964 0.4187424078418336
0.5692870229860909 0.6500559657395304
0.4594455935539654 0.8818419897771261
0.6484511327796445 0.6127494662516297
0.9667226239458415 0.05493796729642919
0.0750441578202874 0.4260862883783838
0.3961892924399233 0.5197857255928817
0.3037900881841502 0.6190533599351464
0.34153758478552154 0.9279130485719331
0.24200772038001306 0.7072415587707055
0.3519647306781808 0.7006390918660124
0.15794044293811194 0.8782227106107809
0.30736465928980494 0.12544919544245325
0.9859673957221193 0.6057565063162282
0.6479880261952158 0.269225394736067
0.8825727912301922 0.9295694051122627
0.5002680494646281 0.456429862460914
0.7633354625572066 0.9683787751339683
0.9279818448616857 0.3403395262451103
0.7459841781583547 0.5428015951996734
0.03398230315297246 0.9542909640423924
0.6545127254705521 0.2817942626437666
0.3502125451072464 0.7534983290601085
0.7013428171539215 0.7747732830677663
0.7308132398554639 0.6346136715005446
0.7924535389955407 0.07007147707304529
0.8531680393341365 0.18409882810643197
0.175618345046902 0.12744916751423152
0.6058129816805893 0.9396017685116573
0.8438613106807775 0.7693964379285336
0.7428654575328071 0.4007681189437977
0.39005257583536945 0.31674465729465506
0.20956128613598968 0.6204162048924375
0.8630624248843703 0.14363817320732353
0.6746469161874356 0.42016569108124746
0.5694008621872442 0.8608422166160785
0.6235362733396819 0.22029506454985381
0.6728844455035226 0.5419900633538326
0.7912840528056673 0.9616500520387972
0.8858020680981731 0.2700277541786056
0.8513232755045494 0.15809148180033272
0.8342396348355892 0.023998557110333163
0.576907427402336 0.8095544518143869
0.0845757051263345 0.44463852899154865
0.15855296296867039 0.3419077449407051
0.1763496087298797 0.5077828465499208
0.27109940642905195 0.3903696232653029
0.4660112345408651 0.6357085514547447
0.6169025493993439 0.71751943634914
0.4846710826700422 0.7346344345976004
0.2649983582186599 0.40459650975789696
0.31107013500880276 0.3575860118486336
0.33834075528208873 0.25616624048392955
0.9417947251053471 0.6563042361684011
0.5867754579748656 0.7225688170125948
0.12823718855543675 0.31667939015529933
0.5523963262314213 0.7870260601136587
0.7482931033488818 0.1243869664867927
0.26930540095659117 0.7968951898603129
0.7240377568723961 0.19214264542308346
0.6066741996733476 0.23364227184984077
0.21433853125013358 0.3203282260526006
0.9410473427865378 0.4001695536352041
0.29448208432764633 0.20667058993106657
0.4631850243963682 0.7936723632853511
0.21163142022590664 0.8117824496125883
0.6965692525821907 0.650513636826257
0.8923700792503124 0.2640016494796633
0.8183082915822244 0.29680443057068695
0.6169714858013677 0.06374912181799908
0.15741368301808256 0.21090825844585903
0.08470336799048117 0.9503146446028463
0.016622122828230168 0.04150377346066847
0.7988421976830644 0.6992690749341561
0.42570102053629943 0.40228086805236973
0.2266369235472896 0.36363125440079647
0.5833382185442442 0.6594191282058697
0.27083508791198874 0.9071124641192658
0.01935419250894488 0.4584613048306245
0.10491175189014257 0.9091073751286562
0.35803420320543977 0.32896649922819643
0.8609460146974721 0.5104479241010689
0.36105714881365714 0.9418911175456952
0.5441731353122452 0.5830232852783019
0.26413861505450464 0.19230070064509786
0.7644171061377378 0.6576658616016624
0.1126845341005982 0.3487653036370362
0.29007394048898716 0.21727241881475212
0.7328150610301678 0.612122714553843
0.5846120079339268 0.9854461485442039
0.7300227420967309 0.8521957299116674
0.22602541742800475 0.9668168588719908
0.9653121658818182 0.04544736731914911
0.4403023471443217 0.683142731522465
0.5438681463489046 0.4543866420809213
0.8423083070169737 0.35760034527463347
0.6121442988719992 0.8523308342803599
0.6658427270736718 0.9079056202745068
0.05602123335875153 0.6439332688477992
0.9812179289213749 0.32310781314313797
0.5017546073142689 0.502960625991421
0.7680690894369546 0.5548931276987517
0.8712219643978327 0.31128532646811746
0.8187155276509128 0.18371837461190998
0.8213703641175683 0.11318509819392153
0.7521168435322316 0.7658028048984049
0.9706161041464991 0.7289607280506343
0.7828634078924857 0.01473058238031677
0.7213207230777667 0.44683820196840873
0.8509046554958306 0.8491024908446625
0.46154340876307764 0.6305034588530829
0.42510860745336876 0.8580812320117854
0.8366790304254992 0.67217549881219
0.68417576827337 0.9403390049852016
0.7564746712713646 0.33352881643616716
0.652328561673801 0.8624852375578675
0.45079854580276413 0.4036948904704927
0.9103172175313186 0.7695156507126151
0.45716653336976854 0.5709930415279452
0.417565402772317 0.34270374943425685
0.22299050658000663 0.07268589092228939
0.6459455482344603 0.32673077572734477
0.07962218260651288 0.43563137300057697
0.25596707822450626 0.48959502386597076
0.19979295797470664 0.6304464498889157
0.21724553723833484 0.19821800394524036
0.5181220525110126 0.29767416794527124
0.5942598445059748 0.0518175867038575
0.5187385063958145 0.8758580461331003
0.28176954482927585 0.7157610050618333
0.047737945369894064 0.37461296852589565
0.35705565545532636 0.7288351208761312
0.7764196352250972 0.22363694467406448
0.44075823370207545 0.7032627812267462
0.6542178017800475 0.8530527263001817
0.6047683525947425 0.24657754047533276
0.8716753704796447 0.35414914148400034
0.21605200388697154 0.5182966707577927
0.6135909829716018 0.9332927457635338
0.11360636007739444 0.4012895961366545
0.5376682179055869 0.2705493184202272
0.7312711182827643 0.051115765184549744
0.18939322511130796 0.8545634658577452
0.21226063215658897 0.26022943916590835
0.6912008636030234 0.44771018410240626
0.4368983686693362 0.35114191425627594
0.8095854046271371 0.7755941239731448
0.7428924994771764 0.8450593983278478
0.3343633553141787 0.19171613325562076
0.822744320309498 0.7947116865722099
0.470420319823762 0.23483165496756064
0.714023626330895 0.7349024227804317
0.4347733552187094 0.10878859311927225
0.761985303340331 0.775654578281824
0.8296232637163177 0.2644837148777006
0.7628223580920457 0.6814000027463074
0.07153538098271461 0.9775339368630205
0.813378684118216 0.09432545335381715
0.8134479898934224 0.33185208271501176
0.8286266064937693 0.10448092960203681
0.12183651735507572 0.714579920811103
0.15627898436930088 0.6097274271017201
0.4013599374958572 0.49720337450244156
0.7444465858859084 0.9412414004012064
0.5731910090626775 0.5813605518635836
0.5982355972693709 0.3956595062952335
0.6183516040110824 0.7582263073030413
0.8060913758945141 0.9036822829238396
0.680220978161084 0.9013568526219529
0.9898516378684985 0.7264570249232678
0.8684763581942707 0.006569771583791795
0.7511472849012499 0.7019349133747679
0.5809684817943999 0.8516458536312002
0.8404749653345711 0.44510667333474574
0.12360621451139164 0.843187870872746
0.10394540231824978 0.1390272115596698
0.9140449367668753 0.6498078953526749
0.6830317361835168 0.8858701078852564
0.3407802137351863 0.49371179034107526
0.6566836023774982 0.8878964516481163
0.9394687744225205 0.9854705023137031
0.6310509824003268 0.6356524072562493
0.46813126204450306 0.5347866657347164
0.9246310192501122 0.6852364953844958
0.30815148081257515 0.16261874393185471
0.01815232263777844 0.9206758348279043
0.5107021289607285 0.10640585992942952
0.186598414977732 0.43340041501772153
0.27857559930433196 0.7689050575448655
0.9948155081546939 0.014334397923924103
0.14553205532897584 0.803312022659604
0.15571174570682222 0.4464181319075655
0.016857011632698038 0.358009530503933
