10 7 100 1
929 796 723 748 1103 1287 807 882 1097 1034
1026 960 1194 748 1263 975 841 1170 1197 1098
873 972 1293 735 841 896 840 933 1029 1066
794 1238 1188 1127 966 961 1107 1001 758 1286
1014 993 847 1018 1122 949 823 754 1208 891
1296 836 851 1132 1264 1032 859 1212 900 1232
709 978 836 783 1037 895 1292 830 1180 1024
1181 842 947 1085 1195 1262 1190 1182 1113 1051
1222 979 876 1017 927 959 940 1193 881 825
862 904 976 934 1068 877 786 1267 793 1087
9 9
0 0
3 6
0 3
5 7
4 1
2 4
0.36175402244492655 0.5669814354817242 0.3208445248459364 0.3455646221653257 0.39258012027155775
0.7635587122850657 0.7230335061563224 0.3928699958522093 0.9427544321975849 0.374506506793169
0.8801077242448383 0.71692474633917 0.30278312485179015 0.44929764707502506 0.1200940933884886
0.5389588263614946 0.7992248127610353 0.6274447794786682 0.8282947673073218 0.38865064122735404
0.9567704428559831 0.6953761534992693 0.9511158117524241 0.3870979817673129 0.28748083267195246
0.9891406279154973 0.9374001919408148 0.5813798291792567 0.5235785904022828 0.12732459257880047
0.8984907513007487 0.975007347825684
0.010288608191177495 0.17467074476430033
0.8727137069408071 0.22826473179986495
0.24410607041482968 0.023889983354839606
0.8169692418919559 0.023158285668709366
0.9046060519897794 0.37284579213309077
0.326639905369867 0.2494186935801206
0.2135084613875391 0.5166772695871453
0.6021826832998429 0.7836701549895564
0.23174576639101918 0.7077648900756859
0.27962977799620736 0.12180603963919978
0.9681553715461231 0.8165746575737223
0.6114877580192428 0.880024768256443
0.49605249927828043 0.9018934952796183
0.8412063704606465 0.14376027524801782
0.6683862763103572 0.6988223416988464
0.6662160545610536 0.9502513568916562
0.3981288819393167 0.19419235365750565
0.5059396448581182 0.0882898859898047
0.42724244852642324 0.6082401990587187
0.9894072905177389 0.40289288119164746
0.2062163061298381 0.9454241999351827
0.4838679437632245 0.2615832590197764
0.4927918062483796 0.4847344533842133
0.7529303225775215 0.6100236997075015
0.7620652998120714 0.7887583807025629
0.8542565519629066 0.8416769234731099
0.08374155919034565 0.9268349137316583
0.21233587520184027 0.5333178534966874
0.013573980379577133 0.6682436882783813
0.6264339842866165 0.3562153311449474
0.7079199597018104 0.6087965944156142
0.8542886535005567 0.043554154540336176
0.6909867349296128 0.41242337398767503
0.14932329018104684 0.174999376485395
0.3794083743090617 0.24413937711648326
0.444658471504759 0.6080055211403055
0.8556969298053887 0.2763852612073525
0.7258432511663506 0.954741778120697
0.4029584068549439 0.7977851801439528
0.7678938952569445 0.5822714319266384
0.6548183462003794 0.6761398622033372
0.6383166106141589 0.30507744816245586
0.9030337768441115 0.9147563695732761
0.9762776317299338 0.27396628007410273
0.11300463916717218 0.12042205535978501
0.12153423390608631 0.09645093138110683
0.7456496059351101 0.8706173945696143
0.09880700863412639 0.5689172722352698
0.11550538506929375 0.8316860087075606
0.01699511997940828 0.7465835903456972
0.7023805843982749 0.3217508268678355
0.45760203324227944 0.46851121308134447
0.809291839820689 0.8564217512471406
0.13117608366925504 0.4758701494881845
0.306958783478261 0.538335315080932
0.5756721738753781 0.19812527128613944
0.8910785659900651 0.8611458851975302
0.6925795810270408 0.9393678262327074
0.8261335290494087 0.398084357201298
0.7555453863590571 0.07958058935663681
0.9887123047322566 0.045441230566175994
0.8322000559935676 0.085389751969015
0.8875104021682345 0.6235824184612957
0.018208649277706268 0.8868167425766538
0.36217511549598536 0.9698803574114538
0.17979227834743772 0.23880768742591996
0.9139783921184705 0.21672888095879483
0.5251623481571392 0.7286217746593988
0.8330777833703062 0.09965498120367022
0.9073100433848569 0.9022511228223047
0.8136215807947293 0.6139636864408946
0.20048149670012871 0.8769695741854258
0.9761994985393134 0.8391017892759565
0.6411757530957061 0.8848106913944442
0.7420827901193361 0.12262355428111427
0.2983834886997998 0.1488753400563465
0.8902624254000722 0.6163322855536857
0.6523325755165408 0.8088941765019972
0.8756975294982754 0.19576767754398028
0.14388642241533378 0.15769600570983489
0.33953785867012254 0.4140111535886395
0.7810556873636221 0.16673443827652146
0.14642159291529366 0.6937363078149927
0.5973483696629212 0.15676732020537454
0.5768910406575827 0.2620659882857699
0.419790231033518 0.5136039092747937
0.613468788093253 0.2761180105393468
0.9611513670502545 0.02126160645104025
0.5054799528604639 0.4153766853301384
0.0588184069350155 0.9531479456854952
0.05096739297382058 0.8036386156668174
0.9675719032180903 0.028445111506116172
0.17296618965393873 0.08056018043507662
0.40404288005240896 0.34822300800894923
0.2164688009480551 0.7705203887518755
0.675221145685803 0.7214368973245135
0.9814361627181267 0.18581566912323177
0.8489298646803276 0.11718684504236099
0.6680239066531082 0.7534451254665713
0.6015525803293289 0.7768085488595395
0.14137448070695635 0.20331468356413684
0.11590799799334328 0.9032763532700709
0.9115644350793921 0.9899402664719619
0.9693808381517435 0.650388312827815
0.6711443616779806 0.6422044963113549
0.6213116097129352 0.6091762893660948
0.7572475127896463 0.4019374643398024
0.13866379438064214 0.5192052259172844
0.3788027916127752 0.5722821263695781
0.9001763910206693 0.49813916199207764
0.8649097092837346 0.6373997495386385
0.10292149300666154 0.2733319836014181
0.3671398317671781 0.5922349979315507
0.09774344666111956 0.1841704416539458
0.8160681465003574 0.6866595262849042
0.04636031743610314 0.8691862602349256
0.8958854636847065 0.024621672065650024
0.24572292674100993 0.2701489816198557
0.03161064240474287 0.07974237275309659
0.20678366413678906 0.7170533287647869
0.6124362803540486 0.6161710267575498
0.598155486871601 0.46866563282437523
0.4722244817523651 0.8132889682595505
0.2858014670662061 0.441492571961668
0.9615969882718998 0.9609803639313299
0.6765029599202279 0.27789350898130816
0.5886622637068513 0.9000203777609932
0.5900033608157276 0.43988917235435276
0.7676831380338933 0.698797575153655
0.9297557420305831 0.5667441292605502
0.6187739108530805 0.7279820478321253
0.5880180092345952 0.34294679182419885
0.9639014234508954 0.31900646174180625
0.6506995212282041 0.7017624701819394
0.8681982579526804 0.4181138203481387
0.38556523699819056 0.6351125728934868
0.7175968158136394 0.6454574102293245
0.30398604884437197 0.9599657896900438
0.9283000067552354 0.4009306896920726
0.04759943495847452 0.31624458478494555
0.9788484181036727 0.46699254775001586
0.4526443402482865 0.4891728315142627
0.17012639724792322 0.7678292309795076
0.9532015168595973 0.9776969971768497
0.6298738189684441 0.595370293022353
0.8149613900202655 0.5501910619665316
0.06121280767737258 0.5674105040800568
0.9118595152460074 0.015492731105952506
0.10207327991225923 0.6684936863892463
0.4881859012447358 0.9166605112725452
0.04210433751605014 0.04788471074828515
0.8220941589345356 0.4989090511770564
0.8697887602769252 0.15617804227736798
0.2439202738191515 0.4101233953279093
0.22840244065719095 0.6473396524215986
0.4162809486211152 0.6811763763287724
0.4713971808460753 0.7475530400799475
0.7945000956497563 0.3859396868026168
0.7617134262591827 0.07455878810285399
0.09842203357925006 0.18354172209379938
0.2599946630156533 0.28869030873280477
0.8146811167594286 0.7873935046849136
0.790673129224055 0.10758471058958285
0.48934692026945514 0.6062820024050382
0.027965348838124182 0.20767941187121597
0.18121713906837322 0.16649331922142574
0.4275765012795709 0.9291651212103242
0.5005444234153957 0.07629692295182067
0.7335252032772339 0.541930316681356
0.11026989828369982 0.6956224593403573
0.8106999563266684 0.7790712988855888
0.5048881964472174 0.4537522317040108
0.7424575406303027 0.528839904005733
0.49996425460407545 0.4773381387102291
0.1931463885941478 0.625037735640374
0.6800613841991201 0.7013924839285632
0.5139703376675822 0.5155266902187581
0.31209545129310157 0.07997306935291948
0.6753315536090394 0.10159091041745905
0.6184612580651174 0.4353454322785564
0.44757793123193923 0.6611038181960533
0.543452068623353 0.8986523833488576
0.15927423716411537 0.6965803364452436
0.9381987678245518 0.012276358154158729
0.5504018001970015 0.47389192720629203
0.2704370710310293 0.33967708760395743
0.7815647032795376 0.25984237657049003
0.8251546592347143 0.6243270321930916
0.3558186691296852 0.0602777850045908
0.7853041592420755 0.7552020727513236
0.5561129886673553 0.4776600223895411
0.34701898806290643 0.3295044269090497
0.17186613631467074 0.9159744948162509
0.5107860304104546 0.2358461554003839
0.15408115069135864 0.6019711521029751
0.30653263805063546 0.6326601244189396
0.1747869766360184 0.8039304457660301
0.07829929015974235 0.6553958961529285
0.5738549889845477 0.6626221054788699
0.1583520606264448 0.4710357065277677
0.45498627577178286 0.649618886756745
0.580590914466675 0.02082920897852425
0.032807312067192784 0.3852431248639707
0.15557334901544362 0.47798671033526885
0.4433473608947991 0.941876577471509
0.8883191776172394 0.5558221624255124
0.14986813175537828 0.23656801535078253
0.047650207884744944 0.5351406280922699
0.12408226351661145 0.2514810171216977
0.3796463517481856 0.37489245523751036
0.8182802033746839 0.2762464392801056
0.6484454761160883 0.9213097557224066
0.9581714719677168 0.686617163823755
0.9390631780425898 0.2978514449685852
0.7926494749542792 0.09559599848139855
0.14751721948258512 0.2646969216703785
0.686838865363675 0.38087225648415646
0.7352079596728918 0.15055324782167312
0.44372852638341675 0.616128660907387
0.7824499649908756 0.24408725914063312
0.44669520747446345 0.4365433686975295
0.7473682818653506 0.434996926792125
0.2038365539930742 0.9039161711472268
0.9625528011251567 0.13442445195213848
0.34925728518202703 0.5467482307019489
0.14682531934816812 0.9005771267281311
0.5233286313505197 0.2824806371469628
0.2733522646124693 0.5889645819250799
0.8558558734009367 0.4511029403500879
0.4015682556421909 0.6199280437020849
0.5773687698552477 0.4316199768518476
0.5181377245132752 0.4473357867002512
0.426895450811978 0.677301598377595
0.11643998633931951 0.06534044454993082
0.7532602016334471 0.714370030369675
0.7832806242538528 0.26379614132429596
0.3350410088770497 0.7279263493497294
0.2678222589457506 0.3833219115041544
0.5643428241931758 0.060759524340551874
0.9102506253246931 0.5766926810796573
0.5309477576755852 0.09244153850550729
0.1702997743681176 0.7468049083622137
0.9484837430339406 0.4209335832593055
0.3810966651982337 0.6346903319183581
0.9819253975882363 0.09748217922739544
0.7249477640114748 0.7315331792389304
0.22332931119191368 0.4921391121936387
0.48134901217949233 0.7041046440852199
0.7989396962940174 0.9900412710097111
0.5534944010495804 0.09973549743480103
0.21744613122493783 0.1676097532105889
0.4189561788471292 0.6278791573038334
0.3564497402254265 0.6501713018388542
0.07645194843217884 0.17634168755037782
0.6064539220119474 0.35786713349567734
0.29331727919951245 0.47258339721547116
0.6759286343043713 0.044280902220223295
0.29439224967503486 0.9358165800860814
0.9616734637983941 0.24472909777583163
0.6388911262015835 0.5566443036466961
0.22681985177990605 0.44593845274080324
0.8487869547021665 0.4312813617254374
0.4408540894309545 0.32997399144581374
0.8200364509961229 0.010580955320516727
0.2453035532589296 0.7012901239556661
0.4447987955955357 0.7031635289495659
0.9340628093007008 0.4737247132341824
0.3362350376747536 0.9459399469765457
0.5443474977088354 0.8754790053313426
0.5285399128104198 0.30554416205041757
0.6540953328701984 0.24647166598599335
0.30281323402893334 0.9809533301476756
0.2227755507534861 0.21663206777754151
0.9521932653102736 0.2905994767701514
0.8890982956237854 0.14504360464292043
0.07541101109288362 0.15010262968760202
0.060108761930629084 0.8663781107625685
0.07658041320425779 0.7597239461047285
0.11255707974621387 0.12008488540423978
0.6330609471850686 0.48915688272525903
0.6735655459357042 0.9112203103726442
0.2312608494643591 0.08025537186648202
0.2632123834624194 0.5836913856916557
0.057448073080401674 0.2151988389635946
0.29052637997193376 0.3402150336526364
0.6502406255279305 0.9022245415036145
0.04021364185396137 0.6788272000690245
0.5680966190146093 0.10632233311359651
0.2402462932766467 0.593219126856463
0.16130598815884922 0.5845570379610456
0.3639667177479693 0.7921530375489263
0.4916150044954808 0.321473667896093
0.9108544547613853 0.6015930006064993
0.2564214055923113 0.6157097124334701
0.5843590603760327 0.3951488392923981
0.8972237091987623 0.8405855795099013
0.17291323928816804 0.12310769077111772
0.0802246072011572 0.11733003199001457
0.9077375560069301 0.2989696539681368
0.32235897534176594 0.9066296358494028
0.7485929358649386 0.6925970261620797
0.8670028924462199 0.05812326003981427
0.7216526011240376 0.3388946222370557
0.4407585132795666 0.6637123671444396
0.9663966398597041 0.47262506559984563
0.7228311759784269 0.4896721409942917
0.8458785979482462 0.5725206416085804
0.0943971109967574 0.46977228916434344
0.5727576216529984 0.38723380404725694
0.7952482293938232 0.4037052726188368
0.7391587054973385 0.6595524502859498
0.8981194094661609 0.17490940215796313
0.14581814700386375 0.48206551043345813
0.20762539367037625 0.6202370364554877
0.34076004890987255 0.923862254256244
0.10883395659239681 0.5143655282044106
0.673287604882018 0.4352454230952316
0.311515388546725 0.32164902267997375
0.0423481319296124 0.3628109045765253
0.5604991171615294 0.032078205513019764
0.4527101572118488 0.9843811008500516
0.9014792117170711 0.2899970006531254
0.509080902187637 0.33737222731955163
0.8042660462160289 0.7557401619236099
0.7680949786870728 0.005097208618019877
0.7329503027372553 0.9796141700088805
0.6977845309196167 0.04038580324916907
0.616374953400614 0.5812752943331347
0.8831148612673099 0.8946909460513699
0.5446071666353218 0.3429346157531168
0.2883298300393884 0.7718120872880092
0.7679892447861207 0.7609992363183902
0.7289010098359583 0.41821272522015507
0.4061613833614437 0.30099630515440445
0.8626933167597111 0.94151800792699
0.4975625125832055 0.2284051480239091
0.6657760510293405 0.8669498203283357
0.4108565444958525 0.7330305371692594
0.15109360636429736 0.5786823228688136
0.5581900470391008 0.6861936116132978
0.2603044943202404 0.003083392122162243
0.3030887122142598 0.9521789341735822
0.4890476809541604 0.6761711617706887
0.9947374000155189 0.5545032274694279
0.31096138520583216 0.5505628145152934
0.7768913116622 0.22754203555150299
0.8340278870552964 0.4613718699112994
0.5280490961311031 0.9743962274803626
0.8255696539706865 0.3136909398463774
0.7295384223962627 0.9102901614847674
0.9385699659598847 0.5276955625446558
0.4682068718427488 0.4494922245297337
0.5900874993961489 0.788981413635194
0.2103923091377189 0.6806212279236699
0.7960428855469113 0.70365108534798
0.3573881699288497 0.4545979551893857
0.8481949930913519 0.03472352861917116
0.2961745755718799 0.09599353764841578
0.9171603598479188 0.4201775130363168
0.3334505137904662 0.28182098786264254
0.24142430093850153 0.9108534081280475
0.33092943950667686 0.24758798793754466
0.046851963355624804 0.0712590933240762
0.9524101738470476 0.19972347629862464
0.3956535256828573 0.01569023201123243
0.18109477080823555 0.7780383652750118
0.8727341584383845 0.5665362675150019
0.49730986608107575 0.2152216014195376
0.8801934106817733 0.6633316526022766
0.43777869604627084 0.9836216535851774
0.782495370012418 0.37020502772121766
0.5352174715914475 0.33699787958048644
0.810204951837799 0.2802339183341567
0.2852418284886946 0.6808741371384575
0.13609569490912676 0.9520450304521826
0.050151746514542905 0.46803076154553036
0.7812075616787022 0.26554646783744107
0.2303518997701981 0.43870622378153024
0.43869862027071926 0.02455023484644392
0.7236101057980688 0.6558117126924301
0.0705234784930544 0.761477088705989
0.2512743363316985 0.12234111589441232
0.4253303155102537 0.4459385271173648
0.40416109860492466 0.14809861769879817
0.9128100700731274 0.12620000594862657
0.3703707481667935 0.38812947693458333
0.7832917894089075 0.39847419363752246
0.32425452079710104 0.04540038215972997
0.8881125177534908 0.8691931100935268
0.40246004599142005 0.9721547998737834
0.9313774813359876 0.1842587328408285
0.017105324501482055 0.6980083491995537
0.7383272078549137 0.9289931564322833
0.46450140750048585 0.4043667435472127
0.6405287387964456 0.9432412030445081
0.4938985131780156 0.8713150969076338
0.44671820228412984 0.1759058132343836
0.8233113240162855 0.6646312319898777
0.6566574310844728 0.1421541293396693
0.613725425438723 0.1491242579099583
0.4975813820705737 0.8742522611285855
0.25968262259326513 0.5215178881929792
0.5693651083246762 0.4273115300704906
0.8405555253604138 0.8943723679502755
0.6931107324895123 0.9423627853247236
0.9826355680285663 0.9913580497476095
0.7755927411709627 0.5923550409490443
0.30580661263879594 0.7705504816809419
0.5264088510303093 0.784982571346279
0.36535831970944055 0.7033566946844076
0.62996856370762 0.4799523687126903
0.6949923980919788 0.7777332435988333
0.7918747096916439 0.7520823066241562
0.9154869562976307 0.2563632722393123
0.0037484977328903213 0.8827952126319651
0.29730595698084916 0.026810876654290938
0.6498744418620326 0.26296597561506996
0.6220355251565199 0.27845835088012927
0.36462159868956157 0.6909016547381377
0.8507174543051446 0.5914273128649483
0.4704993089443996 0.9997785561140984
0.3150534133263705 0.31253543478500734
0.9881302851500269 0.36218609804072477
0.4481471191283348 0.10230802821332952
0.6862636481992139 0.22688817815149953
0.955607073521477 0.3349423697640257
0.19382604555589755 0.9160794729056623
0.13354688668521741 0.8517547208105127
0.25438349360140355 0.4391972838991436
0.6472463881365127 0.6918387527884391
0.5465895254547053 0.8674463792966374
0.2443165214115961 0.566386736757452
0.9824096322033227 0.30455584472596664
0.259808132053325 0.9757497044984329
0.7424553667262797 0.18029608281281906
0.09904351657603061 0.5786340882558447
0.11582923820760982 0.5310381973381699
0.5899262381117125 0.42683552409953784
0.9238321272877523 0.926659498518225
0.7067077234254864 0.6440509327996529
0.7981926341218046 0.20603980587712778
0.6872695015341255 0.7719595796573337
0.7728727454567141 0.4244141026022792
0.4148278385188704 0.759010792175054
0.8941630657592319 0.07396179737298891
0.3447207872133946 0.6003066781559556
0.6509373046797253 0.25367205915001145
0.6254600473238523 0.5192274563507291
0.03600844794399527 0.07571920141427335
0.3296553096062771 0.7122646385488243
0.024264018150455424 0.9895114945391541
0.16881061779166462 0.22214893290219262
0.6060577383540648 0.2549782200576003
0.8559574171836943 0.8536680740250004
0.8007787970461797 0.9928899388206753
0.013441972892192844 0.04120663475343522
0.0530749322443389 0.13859378160004332
0.3273113344280303 0.5891500513919619
0.08331753993262359 0.9799962814254906
0.3914841329455543 0.3736515616103351
0.71001685103585 0.6715516699360342
0.025479278207765743 0.5499107673195498
0.7859622769457035 0.0054908959859427675
0.18447729202038055 0.014127345928167445
0.19211268942779225 0.5747486961812853
0.1603060314389264 0.3983226394753847
0.6796344048265321 0.8731431525986351
0.7248469385718701 0.09617438876461959
0.7751409859130669 0.7326609907125308
0.9951638133004275 0.5008701336943031
0.3430087786478213 0.9395645235946453
0.014286214301631128 0.7103357743819487
0.5903110528060054 0.927735119851202
0.5017084950356592 0.21264120905566286
0.11242951052599626 0.16774794747590915
0.5324447437943212 0.7560885850675887
0.6015227230564453 0.08477950885674268
0.4015665778850883 0.8590243465404694
0.362684118561063 0.5384384753708373
0.9718285997936136 0.33704436780066005
0.6782077164788582 0.42695036589631297
0.16458374445848678 0.40426165478363574
0.10987407658060744 0.042778971708977265
0.04888120814849861 0.6988453400305976
0.8634708182929338 0.5628033837920903
0.25189315925444156 0.7264182572824698
0.12619293866095682 0.03665553477546557
0.5724722059408178 0.18473936266364732
0.536264592774127 0.21133962738327128
0.3850133354176237 0.43294184934540914
0.7139128422816048 0.09161038616665551
0.11627753354294623 0.6402797750190723
0.2482518498931907 0.5518808203779626
0.3954143725844379 0.6212064090645961
0.08105931942381672 0.8718561814806731
0.576003818245701 0.9651348482588764
0.8035230178774035 0.03341016333219948
0.9214890657233259 0.7007531307982806
0.501886715203995 0.29423654856990633
0.48067269314185745 0.9905562932498524
0.14244900896485047 0.4294077389074187
0.4293296078250035 0.7760402959500543
0.6510707554356132 0.3275454985331403
0.13618278856500643 0.45784205984241866
0.4114110157120807 0.11777034803857767
0.3228166223082216 0.9118491742125581
0.44301156187864565 0.8672369025213689
0.8176610525046835 0.22800603790546092
0.9985830238164768 0.6132788098244824
0.9286232272251134 0.5391655468945187
0.2768357599950033 0.6398417845016509
0.6534610098803657 0.44086648071407075
0.1814004691279707 0.8394631635397416
0.368168946361056 0.8364492088643407
0.3284707298349463 0.16891747003347168
0.3719167651587967 0.9570110698111762
0.33257124316694187 0.8074636634980503
0.5759311029427276 0.0010195462172679637
0.8572859594043352 0.32393958497536124
0.2803235622176734 0.16788728644027207
0.7885438429492098 0.5948825259690098
0.8631476538881446 0.3622514246367008
0.7214985922415662 0.4208625143278437
0.9117406667698817 0.3114470317094842
0.5247128307706894 0.46116927104658756
0.34793818578963176 0.7127555059086668
0.6211426735305723 0.18991532308674386
0.4829411860527937 0.9385839424386757
0.5139012234565234 0.9428882148316171
0.3506800456529531 0.5836355596101694
0.807438763029896 0.9584424756535321
0.7522500828636549 0.5564458244740436
0.13250204431868995 0.6647462356714375
0.6441994117181922 0.0006760406211081538
0.7040261784888338 0.7175177646772455
0.4046971584011325 0.4875920140802199
0.4977659633131899 0.6853010777033253
0.44178721236088014 0.07070387930216726
0.5877868085827858 0.7558754863327455
0.8986489787832947 0.18257122799496983
0.07373496344795116 0.8769898995084169
0.5296747397455783 0.33237358984314946
0.14448015976515127 0.3757050169602907
0.6864730549179934 0.6118330169984443
0.9932657668953879 0.6552715017638138
0.06137273640637564 0.6479331439335192
0.7925877156058503 0.32972428013073296
0.15618601757564354 0.35589132884924535
0.6642499594524798 0.6120655491004989
0.4319621884268001 0.04510506948958093
0.31128514876548863 0.8929048835688362
0.06295203562410512 0.38165711591280704
0.004281737132204366 0.563115393477734
0.48828157589810495 0.5929596782991573
0.2542451338958611 0.4013069195656269
0.04047579298154513 0.31803499626850673
0.9594946512755465 0.060223531786858686
0.36219416188858156 0.712992255604247
0.516078099262222 0.8215312714103629
0.4729088588446444 0.11958533442325314
0.7157196764906453 0.15768471284528562
0.5145386718069163 0.7948589760637235
0.20167337115232997 0.14545834870281293
0.924034110450036 0.6645591862882285
0.3303268801678556 0.7333229677329967
0.18917855521441762 0.8518681152127696
0.5229375403328869 0.817895433152698
0.9315337015502869 0.07271219288529007
0.1567666187319745 0.8628809744613262
0.06968103636981993 0.39372776233964735
0.18451038177531753 0.6468350712511717
0.41162176680718887 0.6220805975308121
0.05250848393475316 0.6673307991707385
0.9283501943412449 0.6790629256113241
0.8352314928145255 0.7485772227406777
0.4963711263654178 0.4073317891499817
0.06513493001926296 0.8865324953063625
0.6793785572579147 0.04130054414868556
0.5729155016181537 0.9164776283742069
0.5457703031113359 0.07758881824434138
0.22652761198371274 0.301326133921318
0.6124637471277172 0.8949918011006162
0.9744855635059779 0.06192683637353147
0.9722617412768371 0.009788004868874545
0.1775283959961591 0.3064986316873186
0.32652312026027586 0.6289137075826865
0.6491767580965879 0.7553997426090175
0.5765720789031299 0.3902271657741019
0.22475614723024617 0.940471623191967
0.5851736778146932 0.6937478865427813
0.18892417785334348 0.31220373531232104
0.4880038990402773 0.751017518996514
0.4611547690397695 0.7228331661725731
0.7743474837383864 0.47108742248630553
0.5307710263318799 0.29890287995031706
0.4384210456780948 0.23809865625801718
0.5423830839446075 0.2221200350818735
0.11866328414172767 0.8880903588087099
0.4171093111306059 0.31989377039463296
