10 5 100 3
763 713 884 531 715 583 718 639 598 758
849 792 824 869 836 515 820 757 845 700
610 864 756 724 736 758 635 816 850 525
805 865 698 1192 1493 1390 1366 1514 522 532
666 666 1369 1169 1255 1465 1180 1206 1382 704
881 927 1334 1159 1216 1522 1457 1331 1321 857
766 708 1213 1277 1146 1463 1209 1250 1398 534
602 828 1485 1260 1123 1495 1283 1454 1407 872
654 793 1283 1378 1434 1259 1357 1317 1298 622
822 600 744 1361 1360 1414 1127 1343 745 889
2 4
3 1
8 5
1 6
2 7
0.5731821002907782 0.9999725868241589 0.612303819240883 0.4255541507927777 0.11336337315434886
0.817197501715752 0.5910838123246362 0.866869767461451 0.426850405423252 0.49293895444090774
0.6841579295054672 0.8455393104580711 0.6425638250539216 0.30075010554230297 0.21909130203223504
0.7290322728973607 0.6362704700499098 0.5360327218485051 0.7921619914313577 0.37287935376894055
0.3576775220947759 0.06192359729988861
0.6819233946735201 0.3314551199384601
0.36220825838059856 0.7398383635051373
0.27577395092932333 0.959797934602844
0.6069959933663498 0.8056058674821391
0.4266283054164386 0.6397513685144793
0.8327390228384046 0.31740339353853564
0.7974824993355443 0.7250321867504823
0.05281095740625985 0.831621973148688
0.10480189099571624 0.15766476059621093
0.13080827952239282 0.6641139988208624
0.09567029579182917 0.05467215280434168
0.47963727911491816 0.7082258133530372
0.5694039857373514 0.614266779084951
0.17341668301060809 0.4900730227392991
0.48262160331944526 0.4713214212133279
0.09969094980277271 0.6182831429779034
0.3454349513342587 0.3590063153729548
0.7230784050252064 0.09616193343915902
0.47734243723369607 0.0855019213132917
0.4415775924323564 0.7753338101051355
0.875822086727958 0.4903626046738472
0.09293392934176192 0.06833157119454292
0.7029230750265334 0.2713388547164932
0.3583009909679997 0.4742271274454366
0.1957879227495798 0.5540774516811622
0.7622732636485114 0.6006339870259441
0.47060497594621364 0.8914404755316094
0.9757153593862422 0.8444938548393646
0.0892686006468173 0.4892595221333895
0.9295520931448471 0.2115819269817485
0.902979082403343 0.3170775040087619
0.6504167654538413 0.23484238423207393
0.8556093306729571 0.15831606801133358
0.29998331619727225 0.8899146926358532
0.4031066972718864 0.8120570881911255
0.6851484766839808 0.3753828267553614
0.11646453473450502 0.5583720029936527
0.48653844738427376 0.1510655003229393
0.15713656453608005 0.6994293217680616
0.15168878051147305 0.9657223493565947
0.6141026351485692 0.9728288599571964
0.8646459999664649 0.7579032589774317
0.3703451991875941 0.6029854425456824
0.6890050008090993 0.34009753193461023
0.7345779782159572 0.1505787817377502
0.8186568203317783 0.710526433639129
0.5113674432086652 0.2762989903820816
0.6341482845985338 0.32422317747579976
0.6603321537978069 0.012192563716883598
0.6921216299178605 0.3846521994900256
0.06370494744148503 0.4879997305688455
0.4900151005452422 0.45697970497266294
0.8927342649078807 0.537681949648676
0.1749350435355137 0.779962038646717
0.9348194723237846 0.1542741849568614
0.7267486789648523 0.7701823361604985
0.6162832274694638 0.20224290270896583
0.6380922440923766 0.49526984427996434
0.7026110157645251 0.3488712291935767
0.6867753863140733 0.4316672688036185
0.23840422320761578 0.37234697956462326
0.6190238608584828 0.06918319247695703
0.072778930076691 0.8562932000519599
0.5195113444239099 0.49721986289466646
0.6927270670295882 0.2882870199255072
0.8281167793445503 0.9563383988739682
0.18339610133679618 0.7759361540654253
0.9579347739407369 0.3941550527085622
0.8646262697786837 0.5768778154357168
0.3989259141716146 0.7485686485664218
0.6282083089760668 0.47245775304683346
0.6533224824707389 0.7122422638662784
0.614178355814968 0.666765757789767
0.34221483473545833 0.8557131539860097
0.8904019806992334 0.01633983597016564
0.318690244810228 0.7758625607077823
0.3089871405771938 0.4641748731675097
0.7151973012529571 0.5107564776303819
0.8592449131562441 0.18789419261900586
0.17089471177057325 0.7955821893765678
0.9483520798538574 0.329380049434129
0.12258775244849596 0.8047294510950509
0.0563591963478296 0.633844377314082
0.49725275939854385 0.15052501088509596
0.8127250321667416 0.036650014974809464
0.6375396764293371 0.0660702477375239
0.8601110019680795 0.7587315838331588
0.4556273221487659 0.7839382057612714
0.6647108467272749 0.12451735385142215
0.17362881501930238 0.8732156831936622
0.7943426139145284 0.04457823828983343
0.9823223076991032 0.38258274597100805
0.8156606846523924 0.05685709472584932
0.6428372933837385 0.7785781890627139
0.37115878856208995 0.1485498349728982
0.849982875399055 0.3205510748301381
0.44825509112052075 0.14478724567000434
0.2591871190546182 0.03731219745617187
0.8333936124576484 0.5740447325137614
0.5551545381854492 0.7926964443541036
0.5665316237235094 0.17699066910076877
0.4518227304168565 0.25712880739000243
0.29796065039276476 0.010160303167139118
0.6554923291707613 0.9410741022593387
0.08901392442856992 0.01839966053095443
0.43146211098021947 0.11089993183470281
0.012605559512393505 0.9949622922628802
0.10916762167301486 0.9894840728381193
0.17105553077865254 0.4266918119616623
0.6690921385999782 0.3354004079426589
0.981425817837527 0.04594012695760741
0.10755578568856428 0.20163317282701776
0.6441291747643718 0.19727350629881135
0.10655676019228433 0.11802143801988008
0.7891280637471481 0.4198072365005059
0.11559784968199516 0.07307094143082038
0.2997725970514362 0.6796051749640353
0.6655419572501575 0.37227238092974013
0.04526090031871477 0.19807346403054082
0.7779534349457637 0.6560760934100041
0.7734026500353166 0.9908612487510777
0.5236701194656277 0.3066784570148864
0.8773126867132892 0.3907422706530781
0.00904568049583454 0.13819450636154573
0.1833594517681718 0.07365870590299872
0.01086079451303501 0.1567327255821318
0.995086841399677 0.16480738973005216
0.33344018883699444 0.48740497765197865
0.3855035997597429 0.008336393216269888
0.7419185583917511 0.6249569607840644
0.336753425618725 0.1973100531926988
0.27680986727521506 0.05623072579381172
0.9863246010999913 0.9986490960037597
0.4419348656691573 0.3127087282351473
0.888360452429062 0.4666585290416476
0.3599492866573819 0.31344212304352626
0.3430611599605875 0.6237835701395538
0.7533136347699687 0.40998998026789435
0.6563693382161311 0.0034587055771937436
0.01690149540261876 0.6534599050504233
0.7382661682084761 0.26442358032730295
0.4750269367904263 0.13708784055271828
0.9347837723454879 0.5398494306563142
0.018560919544493126 0.9508496657383021
0.5810230961116867 0.5729582838162697
0.15225906869168937 0.7975178225150534
0.9828504671665677 0.3393006157697407
0.7482432238019563 0.32659423522539566
0.32547713128448863 0.6238075190698493
0.11558102426180339 0.191510862244046
0.8469459524532021 0.7049596664135129
0.5484778376352311 0.9320563884571405
0.4036406688297849 0.7394042971291317
0.3906471435911789 0.5493858606245503
0.24342454842318673 0.9379486124139749
0.34905918596360297 0.8999148537487625
0.41769512657046803 0.4587967184368691
0.3582132251124366 0.7351087684494519
0.7113570874346797 0.1208874622405367
0.9109971680472866 0.6529715619960488
0.4998830005380248 0.3713348504105425
0.8667385166646568 0.5067825267815076
0.029548674041515843 0.6091899314916882
0.9054056623960289 0.8014652029614806
0.21741561952831967 0.06557340904710163
0.030112714575051935 0.6622630747929976
0.2558724945729245 0.002263342078550279
0.18510129682108656 0.9803561292234273
0.29371747070815557 0.5482493060271094
0.41727793445580286 0.7943975664234042
0.11792942247365268 0.3655116704156667
0.5710192360585262 0.013110604132819503
0.3416693980856864 0.953312813606741
0.5215461480961618 0.12328524714121114
0.5020583240511352 0.12115253650777169
0.9301339988714592 0.4868752509346368
0.733031708527812 0.8220528392503064
0.6233196767731728 0.11468653742367163
0.579982430777874 0.1262640429284645
0.45111527172590304 0.8651614707645048
0.42533935421459534 0.8299177430729188
0.4249619359754715 0.8837246853697016
0.6686984677493726 0.3072315891386268
0.41288430637927354 0.7943360109541278
0.49554502543509527 0.7199280975425097
0.619640538472293 0.906709895104187
0.3035155496591464 0.018088879279331005
0.9050662459745027 0.03306690076573182
0.9943699879114702 0.4592334572627399
0.7083543652936812 0.8817693693069153
0.6695428726945882 0.4943850020956897
0.5315682116224127 0.04117916080480111
0.3157489394101849 0.9731257932825235
0.25520386931134365 0.5202343118408732
0.958954529420307 0.6408601216603518
0.7381410433176037 0.10674285676273065
0.5048818204462313 0.6745621878486536
0.8546316753051666 0.6389500701923676
0.30776153041742793 0.40638137435733457
0.49504828880117513 0.8069802946683275
0.7928552056104123 0.24221954205113394
0.6182860458369883 0.07538610165247239
0.8817106352133148 0.024169597447655677
0.700806470154463 0.5846594770279192
0.5894839933205998 0.024228470753862474
0.7453506766648954 0.03722611166721057
0.0021438130778208553 0.28729531703441813
0.752212971177453 0.5068757062803897
0.30739448047782325 0.5346274645321107
0.4980331083581966 0.15132700469961424
0.2328867797143217 0.45142417827487136
0.3594023223828491 0.6449796844058291
0.06373694002390384 0.5806170521880276
0.20125761918906448 0.14484917402122321
0.5748875694835494 0.6774768124678137
0.4868589375564307 0.28096547537226857
0.6162363169644309 0.844865696013249
0.5429039748126196 0.7682759363021465
0.7731878522310272 0.3863717159455351
0.24771826479643955 0.4758257436546238
0.13148361095332728 0.30520176378334263
0.27471925861614244 0.7154289878907045
0.8338290941292135 0.8125165182582614
0.03552011679822309 0.9848576120756516
0.8722270827569836 0.17190966508676642
0.911575565347807 0.9669088806142399
0.11817663469178208 0.5682448504476845
0.895732247835332 0.5211539755701375
0.7994838059693963 0.6804780707461593
0.1441066017765047 0.015716389256293484
0.908994502217038 0.643588589511954
0.1504800347987485 0.05618126014066416
0.6540093791197863 0.9516303497513459
0.014615182610322686 0.5233472759989335
0.8060180674928581 0.7653839308658699
0.5250312378518134 0.3336381512849682
0.3130852764488161 0.469153810548143
0.9739941301632622 0.5141217336541655
0.2289170380145502 0.1305525882231664
0.023941418430244665 0.22217285855164004
0.4582344861233274 0.7048872290571784
0.44045547035941857 0.4706492432650775
0.9082957417913702 0.24480820011417048
0.10405513200940475 0.45580769891281503
0.3867455954344303 0.6094525650894396
0.10827646889953857 0.8390712704062329
0.12190474169648025 0.1934739254523119
0.14633097110101856 0.8226901511139548
0.3571201326504956 0.7819662360788746
0.38772673924633017 0.676589638430702
0.60647412375079 0.13499837014035432
0.4287898482577308 0.8653083414670328
0.14269510588352086 0.6158267287180283
0.6369598280162672 0.8303809395912505
0.8744665900703297 0.5470672241509371
0.017535997446300078 0.8200769384753857
0.4631540346378389 0.1818342191144191
0.6704691779781773 0.5374450074225992
0.12333858418514754 0.8441217526162084
0.05761438153117182 0.43324811226767923
0.9179023590229325 0.6813104116005799
0.3672834042320725 0.8692146223198784
0.3975917263241393 0.3195984445624507
0.6948222517529352 0.5288472190523812
0.8015154648924316 0.014388930473085315
0.9231865782143074 0.5194487507379444
0.35672346403391453 0.3809469820759257
0.3616562998705106 0.529780696542308
0.15025183141277454 0.06353439445939468
0.3393742227919583 0.8791171023945383
0.9907900440878794 0.08522136101589561
0.8027813884486485 0.7368347182591142
0.5473965958968752 0.4519957246798514
0.19829303494755202 0.6689217412960085
0.3799540098699674 0.3979649371928402
0.4445149411167857 0.45584267023568925
0.345859571511107 0.9641987850878861
0.3547099863877228 0.5088405883149889
0.33637490645452606 0.20609863984510346
0.71669002316113 0.6805198330797395
0.6144717084664537 0.11887877122383128
0.5662577250600151 0.09946585468360891
0.49636012001570773 0.14163361501419747
0.8245810801538198 0.3163899046952241
0.171643538790492 0.8822861262673587
0.4644315065192952 0.15871536239522754
0.5142871612288364 0.15609121884916144
0.2650473718175821 0.01859840155074255
0.6410580503417143 0.460423067882902
0.6135880407885301 0.7515404112377508
0.19189213389728543 0.7109737150934696
0.9829158304298993 0.942223627437117
0.13792420815129547 0.710192666014122
0.0512862260243252 0.11660446380425848
0.7438824936014781 0.7825993787214933
0.9953481994836142 0.33570848684500887
0.9174505336781229 0.9854832744981874
0.595850382072791 0.8632848391759116
0.18175510259513206 0.16101598820490626
0.08220482353875114 0.9844333908199434
0.34162677247821693 0.18342096440304134
0.14270708428767032 0.03668139112767155
0.18187680359905856 0.006555562065146292
0.6541818392842544 0.8219312911527703
0.06625261014762973 0.5303401163887496
0.595723576217035 0.3070189356810886
0.6464633477197361 0.6033243350666726
0.1716972487995938 0.5168571757386191
0.9316603671615236 0.9328321129465742
0.907698513813884 0.11171693023614626
0.8913170249778652 0.6358914685829429
0.015513100771641142 0.3658790231059097
0.7283410823125369 0.1940471393940526
0.8003554205566126 0.6671415583499685
0.44253509694812476 0.2593169875705228
0.8764244093835065 0.4914544782689654
0.5241224654827477 0.8206170763579332
0.6184140311189605 0.2863654264077742
0.8049200021125036 0.5375236456392429
0.19380256260340878 0.47684658406691827
0.8148586087521565 0.5544462903701315
0.5273965272591559 0.6540137894438902
0.15206135546384103 0.07777061862600498
0.06778245092261592 0.37338844181022135
0.6970691761027468 0.48374474770159037
0.2688030788784628 0.07352823481922566
0.15517247895222708 0.2269874466346482
0.9073848184613624 0.5389089280419599
0.9322151045282201 0.947766487707723
0.7806797258794098 0.16769750338219902
0.030870435865630874 0.017906168794138644
0.8227863071683119 0.780593178852149
0.44500765146336807 0.4041739897667367
0.3399762505230075 0.8105837030173351
0.532782355879589 0.5912141536734188
0.34642253029552195 0.1400252279533829
0.6549860068482456 0.7389209178680718
0.3528151365424361 0.32343205718143064
0.6533275165133732 0.07881051089292423
0.1350912921351397 0.28022940894625537
0.45853270124471823 0.5674144871146478
0.40924053891315126 0.38695493698705086
0.9704694775574965 0.7288477966604585
0.9495537801382361 0.776777037435415
0.6763946615783356 0.6212455770150747
0.8314031327702287 0.7492785842807506
0.22565526110000045 0.9224856567134003
0.48372833042854646 0.35665547449179424
0.4599131918040611 0.7268768423918919
0.03849153756536361 0.0750344309473352
0.13701396420630774 0.6997076047250359
0.8903282667942358 0.6005419790091628
0.8608437685291046 0.4167049225054478
0.2458436239306805 0.6926857340150205
0.42167903951797747 0.26245957016946364
0.8195316114095599 0.41614128790442617
0.935693692487874 0.35398079564354856
0.7766289584818933 0.7917507081958666
0.769830446759501 0.27963119114903945
0.5747934394481178 0.9345936157925394
0.7263351307316499 0.43903920894966664
0.5801094306789611 0.2953633456123854
0.680515897793919 0.5431947668765855
0.29870443936792346 0.9659597661056802
0.12033556093975384 0.992289555298056
0.6202795736339781 0.0404355589375478
0.785611748935898 0.7040480428347995
0.9004075397183322 0.6444503260194474
0.264620866327145 0.521198490957429
0.11409510299106462 0.6676236716482216
0.43769497904323695 0.6607161627935063
0.4251129933534117 0.3952388999027916
0.37543163503507304 0.02869188412032586
0.03459321714927244 0.6379901320765109
0.7762583573796404 0.8293725208198148
0.9551408034703979 0.2691594570754474
0.6128253563964694 0.6012629736235824
0.9782111954434456 0.9432918936316519
0.1321181565860743 0.35357807610966696
0.9497329393537743 0.014366786944303156
0.5873112224348285 0.21585235223666577
0.48900982201382837 0.3467404895498889
0.7385763805348946 0.03780642249277344
0.18923192403883093 0.6298527393070854
0.5779026414950743 0.2567561809350538
0.8711090102215384 0.7222046393392754
0.20054535403750262 0.9353416560634793
0.05658866424057196 0.6481472963146153
0.9895254500406232 0.5560047893977709
0.7829065530038739 0.019832132042545192
0.7959377919471755 0.5319868765222824
0.21191927133825317 0.24509500175257215
0.11835598494951216 0.5603495114611685
0.4548879071274228 0.4865070453461702
0.8578330111848989 0.562205690276284
0.5629929113312833 0.04542632762881782
0.539019470018647 0.044249557144053986
0.9411521055738887 0.16727264977908485
0.9209891338398806 0.1533506818125021
