10 4 100 4
894 793 856 1120 790 838 861 1146 968 958
1094 1099 1087 1159 813 1074 906 797 886 828
1085 1083 1136 1093 927 970 1085 871 1147 862
803 1103 1155 881 1013 1092 1051 1156 1059 872
892 843 924 838 1084 887 866 1056 1005 1098
1034 1008 1099 795 1044 1027 1041 861 1021 1155
1161 996 988 1098 926 1081 853 1151 810 909
832 967 835 963 1165 1009 894 1074 1165 969
1059 1123 1096 1048 1013 1104 1009 995 958 1113
1084 912 1023 985 1128 1165 963 1066 1159 1162
1 6
2 8
6 5
0 2
0.522601063221386 0.3990746805539612 0.6457176631187407 0.8242764373567255 0.2897922152583374
0.776995904072835 0.5646995255706746 0.6063944593790679 0.7740390742216152 0.11515454160882498
0.36569885430626703 0.37137440991583404 0.6568139362347105 0.9006182212484999 0.3643557277274744
0.4139829473339718 0.4701252029914631
0.218633712259942 0.6216251125353831
0.08567816102080794 0.7146902635534915
0.6215973087207161 0.37014565334460703
0.4048630243420699 0.5833025245362542
0.46425246147362875 0.721910119587047
0.5860560713531549 0.3394865407416452
0.19196363758076607 0.4326873077429023
0.1683488572948857 0.6436675970864103
0.04692097214536606 0.9049509468124122
0.6634574764355594 0.33366389605833713
0.029656911279718923 0.9887979797126905
0.15151708747021875 0.8330391708334455
0.36322249410902163 0.25131344483922424
0.7738033353421376 0.34768964916622047
0.04597751929647442 0.6502993518079123
0.2538405827093255 0.3652980143295841
0.2606118775509818 0.07492129834857408
0.5630464379979359 0.7218639585603266
0.7927856424112454 0.8373233343286683
0.12709601426508543 0.011058970242089572
0.4123398159561895 0.3519690264129942
0.8728251784619259 0.3295707709388054
0.4119025940760197 0.9478472586469724
0.9856388979003177 0.4424810460398738
0.38508457214811886 0.2870965593379624
0.38740996103016756 0.21317319690262782
0.25297238083344253 0.06774650070980281
0.6879782118417763 0.6723337698769669
0.6877464858812923 0.4507050256756575
0.5643699805377029 0.30925921945481716
0.32084962722557697 0.8088142889488281
0.9084595708985932 0.45628185756141115
0.02626191700067171 0.8424572394291168
0.7248203720295274 0.06022695530689148
0.6395710110919057 0.5773227834000989
0.7621599861543213 0.471595407968489
0.4352603269178328 0.8878663174901715
0.15734424912427447 0.1538311874074494
0.08551139754345138 0.6707138450930878
0.6624370139235571 0.6568415077687322
0.9550585187214506 0.05224411152744035
0.10950792523699815 0.7447176197642318
0.9803527194753328 0.5042914152574107
0.3436795651196045 0.39434218289992695
0.16319001248348708 0.24101848652298474
0.9398584221261908 0.28241493607820223
0.47773439176739774 0.670191554327596
0.4273807902615574 0.7468076329404012
0.5711454661350255 0.40041320360154575
0.16111764305763687 0.28998872730931424
0.4136014217397377 0.44301030415520515
0.6245448315640825 0.6340081529771058
0.8780684106925738 0.030819203678532414
0.6646831010319796 0.7346251691306152
0.052616178088406684 0.3692434181060267
0.553321882559588 0.33550258938261845
0.18298822740167897 0.7281245128236788
0.43129954938873505 0.7966585595630722
0.3729677413511643 0.9250843982169679
0.6721039430557882 0.9195530186213694
0.4569117118276633 0.48319504780727907
0.6163523258371069 0.4547107825744967
0.2915840589498817 0.6511220257248698
0.5949494883268995 0.13429745646571822
0.9415283711166667 0.9865638314029872
0.24675586881732103 0.7770230868913925
0.8289290500578421 0.051738749018192864
0.8283519939967801 0.29432841902812235
0.255638600920828 0.5797327544003663
0.965227363287384 0.19861853012337138
0.8754931498102017 0.01536278078045461
0.9241173132133651 0.284255439240672
0.5182996689085282 0.10119458442631868
0.9036912626838292 0.6082423459341801
0.4419943229302563 0.5602276863604019
0.6488911224941394 0.21949861533485016
0.9970220023935104 0.3482390610360211
0.10953393102648956 0.8060549247144453
0.39783779830353705 0.5070586166400928
0.8254323716839711 0.7793168299258821
0.7116068354952472 0.9182169144075107
0.20325081855866034 0.6541865157198825
0.639625423312254 0.536424875107973
0.8356826705738887 0.26564326851292885
0.07008617793728678 0.20013959557995809
0.620005653568904 0.3450031837844716
0.8553089305202586 0.5881536361151822
0.45968163610341084 0.7570569509424099
0.5088238103735696 0.5484855148209153
0.8714047487494785 0.338807782729851
0.6332959855340985 0.5353304937552084
0.9803660593346051 0.6394195544095296
0.8405032289638441 0.9632955768955465
0.7839330883387379 0.6340197179443756
0.07651642478055498 0.7412270459720762
0.3537942089215389 0.03627763187657829
0.15491978815654406 0.2121513509883559
0.29999835656205986 0.6559092179401766
0.8236269536142409 0.6529828459241536
0.05786282722019642 0.5182221980917359
0.16398184725349108 0.3023378749440344
0.043925971207989134 0.7167869714255679
0.9546183161924586 0.3947642461888652
0.6031834873947683 0.12272506755553003
0.12661995998765896 0.3131963011483627
0.019927635168190738 0.584544637435279
0.24825601330904812 0.3184638855744275
0.7076288690018282 0.1238851430982646
0.9073238255351324 0.46915323456975666
0.9706072134063484 0.1529586626535746
0.6654510547451038 0.6778113256960887
0.7999488825779173 0.22492699099667313
0.5493928991998998 0.8840677252841205
0.7866880787037589 0.17805751373045053
0.9493640466998312 0.9156176914331886
0.4939756600245133 0.09664447124770104
0.5663172442910194 0.24571828741134638
0.5380852402096021 0.6899022433850066
0.100318123942154 0.7813035408628912
0.9355260797907601 0.7292743958568553
0.5271118993629649 0.16683471480731793
0.3232909459115725 0.0630147738895559
0.9554772778175586 0.27287969243402244
0.26750511454834003 0.4658260674148327
0.3123259593083556 0.2971884890052541
0.5035527584564363 0.2533177798247095
0.5057456435312502 0.7030325863363309
0.9782333100924692 0.5430286757827165
0.7784088639417877 0.5822933661937497
0.022258827298253347 0.9492624522737709
0.599417042171708 0.6708648106531054
0.6943359279068761 0.12360962428090905
0.6360970640489618 0.2595166171041914
0.0760134131533996 0.07390767211917493
0.8204660544783424 0.023950593387034314
0.26455126824567166 0.852942468459154
0.8681683620486644 0.9417678812674537
0.09736685439793669 0.21871774270802735
0.04231726197596264 0.5961305543005391
0.08444855275653596 0.7128489118992265
0.6931611090427319 0.4152081131273213
0.003727502557015594 0.7461308205032622
0.5906620504664453 0.10697222319442212
0.4661894972770324 0.4200192895114949
0.969876578163352 0.6565087252401576
0.5240792020760434 0.7576569576174073
0.37529617467959286 0.2018180782507173
0.429264106702159 0.6674853146621658
0.7280678984363678 0.8966340157528128
0.7936103517638224 0.0733408801884956
0.0349312041438441 0.2803128152355612
0.8029851560463419 0.926459086068397
0.05930407758602474 0.6377754877936996
0.17310509704513444 0.6772175085571912
0.6276866912791839 0.8245951989992499
0.1994677152056148 0.2604955846209642
0.5588600962093446 0.7467111872656569
0.13719981113407953 0.9206832605861905
0.5891816888076971 0.1305889243115228
0.9386162475162698 0.7538368739314887
0.5801222620341813 0.2247596420006408
0.63290062597892 0.7181879423969302
0.2697258352878962 0.6271331086698015
0.1292834916039336 0.1632100688483249
0.9786925288647967 0.27830273372939573
0.8164047464542818 0.5491311007627933
0.8981084383431179 0.9128315212486315
0.030044784227939658 0.38333745777372163
0.7790702369270788 0.4858014367613055
0.43022047721887935 0.9514221466543076
0.6340135699206086 0.9411072323895235
0.36293814616948006 0.29159304949331766
0.33023493734377696 0.6280100484903683
0.2975946893575483 0.20904334984433448
0.6935314566576345 0.806179325711182
0.47043394736969013 0.7003269552880904
0.6637197695442185 0.15722942385966499
0.49560906952011896 0.3876875382155829
0.3063356057791178 0.07924175168993863
0.16797286599258676 0.07077972890398931
0.10457008575936855 0.7918104534132893
0.040951519412123716 0.7113606273381239
0.5258540087179719 0.6018422560953456
0.6088816836515931 0.325040937080217
0.3846207552260117 0.8112349943963855
0.46692991565907493 0.16287825599571937
0.25590042551219283 0.16328966891946517
0.1457709301798531 0.3167440031270179
0.7672567468890255 0.29146242701031944
0.14505562132371663 0.35988404766416027
0.08946217058363493 0.6733828850775754
0.35765813242320754 0.41058701239207074
0.003139896762422545 0.4637280394318797
0.8708808042253533 0.5424928798182811
0.5905230559564145 0.5861203410437934
0.9131618127308634 0.6947605663536642
0.5036159612030355 0.3773092268529623
0.7102955570289247 0.6903967700181104
0.3849200343535337 0.09805404662906647
0.19497998112606885 0.3880673360165672
0.8409924381881515 0.978949455318969
0.5375714618723908 0.8938738682008496
0.7906770105080005 0.7852252869887881
0.8004095493405219 0.08093156121099998
0.7235261972792084 0.17182923952259954
0.7740875556315554 0.9924203778549145
0.020700971791698608 0.5448553287584508
0.14094131671440913 0.8091622422135838
0.5936520024107756 0.7562277844394556
0.28504477132630557 0.7377846518817377
0.36750739901332685 0.8611114660954102
0.8152433179216216 0.7691315548669881
0.06063107461487616 0.2325645685714277
0.4674566250548966 0.11766744197845647
0.14270845356357142 0.5764297458451753
0.7877605861947177 0.2111740697966371
0.8651483733875731 0.9592969568859264
0.09461630673438481 0.19411967108316053
0.7179712708351238 0.09623031905475754
0.842591397677732 0.8567594683149649
0.04466979746798705 0.6173145387000045
0.5702127094742879 0.27230429763555475
0.4892929228146885 0.2519627514707985
0.24211175093599713 0.03951632467080701
0.20758919840865442 0.9303131541636098
0.09218664389971831 0.8933835833526322
0.25384954522125924 0.5673148827492636
0.74432090751161 0.6500442853136446
0.5790210007970658 0.42430432439483123
0.5877019679416411 0.9286646483994063
0.8498827621951892 0.7837679200397394
0.3256501925208326 0.25362229334729514
0.9964281686110166 0.21879992302531637
0.28809035898310675 0.7430670011224634
0.6863548568758577 0.6932155758135303
0.09993083005848824 0.9866060247588184
0.8054192733347338 0.6096609858040616
0.5920504955213675 0.18937438184114685
0.11176151596354345 0.6378524384001567
0.376076467692251 0.47707273695021457
0.07215135540565454 0.8860191381550402
0.41784175567674375 0.8368645589043358
0.9258309413649406 0.27628125117893565
0.8158902651941453 0.4347514223377116
0.48686321799440613 0.262262843205999
0.6512552521911683 0.5657523038572179
0.5684144546931185 0.9965616724799822
0.8100815975930187 0.9519474886718844
0.1383421275522978 0.8593290154497206
0.9607000500597818 0.26174557688881195
0.42318221819275714 0.05980981520738604
0.13025527782704027 0.1257120629514512
0.5336096760464604 0.8517273086108537
0.5757729538708294 0.7639068169390344
0.7664515284968858 0.4424617129480355
0.011334162551566385 0.9297579109180159
0.9732127946983871 0.16067453217155458
0.16664146242478206 0.9364869055153935
0.8669817655667089 0.6429193804049171
0.858864066443588 0.11679200988099758
0.9352693090593942 0.6243310119973449
0.17945961970760593 0.537605319075585
0.19004420494977303 0.5873328743186301
0.13626505262567168 0.3729637351057704
0.08127577257286389 0.26795120188919297
0.037401700598474585 0.8739463754303571
0.21239503272451676 0.970082735578599
0.3304825688981132 0.22703321879591631
0.4675381863127315 0.36222285426265177
0.03546187185023997 0.7897565703330907
0.5852031468234815 0.9375606881067111
0.5608890976506218 0.3497698486477101
0.8713263478222935 0.27425230078965557
0.08015858994784941 0.2718156321384193
0.8688187906460034 0.3382032055729365
0.4432011729191139 0.48511476589029656
0.34319368926000515 0.16220924476775656
0.6200044439965204 0.744263851879581
0.8396070226759362 0.9557929755565397
0.2838546284415029 0.6556721738580187
0.673826763060317 0.7338720770802272
0.9620310515030197 0.7946847041980891
0.6617052495775271 0.3827418981626114
0.3471782650276358 0.6665276490923169
0.654706559378543 0.5566651132363316
0.8562917263359491 0.30490665780308235
0.66895948371272 0.9392886340329503
0.1763457512736868 0.0458854591549942
0.39089990653512197 0.4890930705630703
0.4024507262626258 0.5750701759229802
0.5430283322178266 0.04583734381484561
0.6161749221230219 0.21351406596231537
0.8349441720711221 0.21062002273066738
0.5534982348426947 0.9185935640356102
0.7870640658420751 0.24336580483600434
0.567662109194599 0.8283971947232991
0.7008143275578613 0.741000829581383
0.29559374959677664 0.8637063760006678
0.8535649867171562 0.010597241697672066
