10 6 100 2
913 390 851 1896 719 590 1849 897 1765 737
1416 816 856 899 477 781 1296 651 1627 1250
689 622 1502 616 1370 1850 748 1784 608 632
683 1632 540 347 2032 1498 753 876 2056 867
699 1109 619 1664 698 1751 792 1037 775 909
1142 1473 334 466 777 850 768 638 1198 1560
495 795 1166 1367 930 1102 910 1226 974 805
1247 547 1145 532 1541 552 643 1248 1003 407
928 1449 1209 1008 1205 877 1668 722 362 1146
689 328 775 507 760 1430 1858 1990 435 379
6 7
5 4
4 0
5 7
1 8
8 0
0.6513142847550637 0.8904120178678452 0.7601424505718923 0.7335180818844069 0.3756335706506726
0.9152092638612686 0.9394816874909762 0.4869501834313514 0.5547448939094564 0.19484796345740643
0.8535122615373407 0.5476456090040929 0.9351668039308836 0.5131760106787828 0.17741948341912606
0.7682042752627644 0.403944577775627 0.7059934354946265 0.8575589248286637 0.11980298696948771
0.7194050784988331 0.5147753417109502 0.8292507328567387 0.8611296149703389 0.1040590707197934
0.4809644294457762 0.7442102733249945
0.5821549529200258 0.167243992796132
0.198052932134275 0.7907335130657724
0.7734570942052772 0.09869620023102832
0.5757174030743821 0.4701176482980589
0.4280767366579752 0.3808371333549969
0.0605579082169343 0.8028183678550125
0.42343666345282416 0.4007359643106445
0.3432246389726421 0.355417643149887
0.07021457409616993 0.20046847502921628
0.4439961312942271 0.273383240511776
0.8797702752416383 0.9154508667891297
0.4487811120058345 0.6869312244199315
0.20967176515751063 0.8404661926810861
0.6586579982314857 0.2649258602702811
0.7605123357264088 0.6919791080498809
0.7413786551295447 0.8741222574796299
0.28575266532035637 0.7382204360099553
0.6980572501436115 0.040084667005491736
0.9513524751574007 0.7982767512658102
0.9067415551287767 0.8865860298716177
0.5588154152389377 0.25807570131528523
0.8679765416164849 0.6395582309393695
0.6624968915674527 0.8637302972771468
0.32857075368413646 0.1572038748493121
0.5590435879131153 0.4995097626283804
0.26295997067109234 0.8225291169054436
0.24593490905616822 0.8917895017456308
0.5785396311101763 0.1667060112232739
0.5922929718310368 0.7908262624676683
0.334433693122151 0.2353811127007286
0.6421462768601256 0.7607127989259383
0.2529526730875742 0.7792955640733599
0.17404472669566262 0.3241274892630055
0.12816881864619356 0.1317439748839675
0.5211528695542074 0.16141666298616064
0.17742275272484398 0.1317666039861436
0.0039047497157900235 0.4222947898324627
0.7896920544646593 0.8452667592544125
0.8700201944468915 0.9379376544370586
0.39922161958590396 0.028374176285525188
0.010851712806547509 0.2810393695092879
0.6019843676820262 0.22629723361423904
0.7019267241404048 0.15110247499696094
0.469800544545631 0.17623796317592788
0.49092390995306046 0.4603982568934253
0.8291063360148334 0.8352420398721825
0.4506076516759796 0.030096864379453248
0.4904159049353516 0.6598139059874735
0.468473030114805 0.974964188098433
0.795487953508677 0.696371048611603
0.8635456217522217 0.7842771522666261
0.008596103325341664 0.06023674293111547
0.7596859983150503 0.24891446021619634
0.6412355022562988 0.574754463064123
0.18112089273609722 0.06637707707928886
0.11956357451388144 0.7328451284453337
0.27507922549231 0.5928770803824663
0.20732421550066493 0.47073013735954783
0.4055609482683482 0.6781856223695684
0.635026986857723 0.2594869660582948
0.9997363328730886 0.4538024251042274
0.19660759512094161 0.22172177862513975
0.30628540717779695 0.03586961768866925
0.38511569686257774 0.001732356541732205
0.16565217574725177 0.6451092026304446
0.983125376361043 0.8053200790722861
0.9078683089668413 0.5612546188909919
0.8199962155340601 0.48610544587391713
0.9460150656548065 0.26942556238893367
0.42094937601606763 0.7372641024999618
0.06253120929771949 0.7479868052862573
0.7101324329632039 0.5147485473636471
0.2398512529614487 0.20150158700045706
0.8653771548404607 0.5245796933764275
0.6230501306815048 0.8514135353955763
0.601166516514066 0.44454220527339205
0.7309299138272547 0.5565733929170149
0.8047235328873434 0.9543948240268594
0.5993750738434831 0.6459240026050797
0.24152340257987803 0.8618391223869966
0.29307133482408876 0.8883201959032379
0.5417910529776471 0.4877917176189517
0.157131225618518 0.5799725722815141
0.8531156369686725 0.5654964918689738
0.441253376509122 0.22835921333142717
0.24014089960644358 0.06875691326494526
0.2141224307839209 0.4582903456699414
0.07085961189231416 0.2982601481080722
0.9883928643821132 0.8462331953552997
0.4044796134460744 0.5312895435829923
0.6950573357309104 0.23405033641534057
0.22369475741095957 0.5279059109364876
0.6666590976310642 0.9392354055605021
0.6898987718275909 0.45297416486824194
0.1991777233381593 0.31571366873403583
0.4207819897731728 0.5268141835239672
0.768030356471384 0.26761557150961646
0.02230173233819155 0.7323855442752276
0.5965313875153637 0.14445546867214287
0.11788506715630076 0.19588215343124893
0.19159564064638746 0.8495132293423329
0.5305605532941644 0.9446322753439365
0.15813159639885077 0.4554704619288419
0.7304293120414076 0.43416525434298436
0.6587876371010235 0.6799107750514444
0.802195494203755 0.9295701206691664
0.07256821338764885 0.8367438284949453
0.6441656883595479 0.23555930059778518
0.016695192617181 0.6275106385661255
0.5084764106932427 0.9454169312538041
0.525932235912629 0.6302858531517332
0.8003549164984269 0.6022874172572363
0.3871407795779591 0.21516580273610741
0.054349793939641344 0.5798062462000713
0.9936989962723071 0.7493642724837573
0.7361694598242807 0.8877110262865695
0.28854026067781025 0.2003522872722343
0.5101914158777381 0.546990669624416
0.2890901255652736 0.9514340331946507
0.8689409811011113 0.15610582035890053
0.5008122008125835 0.5614768269538426
0.883562148545082 0.49058150107995746
0.4284289544814832 0.7254409358692986
0.359411956139273 0.527501714502457
0.11829814828778407 0.8389324706214405
0.19967325904406485 0.463573702370053
0.6580167200278353 0.5083214177610349
0.3718934317240994 0.7851188824175457
0.6282248030389024 0.849657704888662
0.6959097354259136 0.5845785287220373
0.8629736582635004 0.3855093306419439
0.17603752973367737 0.37955817317210405
0.826510978889647 0.1802726978966085
0.17811224891800048 0.9442971137281779
0.5079848718360906 0.8141901597851544
0.93037250727077 0.9594429295386475
0.744868462528256 0.5117514861515471
0.99996661841782 0.3868231396414241
0.48510927425093975 0.03996542811161641
0.6315869150969469 0.06410977021288256
0.507590696386625 0.32723095437922
0.1143873373753912 0.17794130310808387
0.8418553932740476 0.5166052926679823
0.8548189457952793 0.0600893439636252
0.8895189449006224 0.23425435140327955
0.9808240777989714 0.5325256934095306
0.9367619051466696 0.2970515121272177
0.3612444672403978 0.6540138435290315
0.6935387280084888 0.34658062134434964
0.5876092926596206 0.8599781676448792
0.4521907545414643 0.5102980668643307
0.4408548904669132 0.23664412547943114
0.0777961438568533 0.7890793985557976
0.9493726171729384 0.4949929617129343
0.5826863935364142 0.989357856114973
0.057581548017635154 0.4048004440463526
0.6903874494888564 0.9704648527924498
0.6149578294817262 0.306695454804534
0.5922592917350957 0.906241228721226
0.7967012961064965 0.09429248748689911
0.9101303029766681 0.554143910923298
0.5658538817967884 0.6027656348962218
0.39587329249274483 0.37125267246182436
0.538049831262547 0.3555021033345569
0.8044076460996423 0.2457551466300263
0.6315390443157491 0.6937175321237212
0.09640459134482393 0.8665657489836252
0.2929268717097373 0.3379049372041423
0.3607394105904158 0.658492295291812
0.6053134538243485 0.8598272700103635
0.3127732206176339 0.5736960928971431
0.1572065407842802 0.8128114182284107
0.5195128967985196 0.58528676737217
0.39936829190562606 0.29193924875343624
0.4645276328409811 0.3002732300360298
0.298346201754093 0.10506044428581296
0.6081601361589555 0.6271225268022893
0.10384012661843944 0.847615373513821
0.5977746017996899 0.6701979557411568
0.5628726604784018 0.22252241372078285
0.7761324128723475 0.3117690828656512
0.40419364140347147 0.35083918488934507
0.40889134576070063 0.6378003351755226
0.8852188824005907 0.34752462428701136
0.24626501549386726 0.6821414131594679
0.3342787558917615 0.7800875291641562
0.29879775655638396 0.7184746634889061
0.06655523923137596 0.415165702142708
0.07927157253837724 0.8923841125131873
0.14946574256512513 0.41116588597879855
0.8767472404967578 0.6852383788978693
0.7438545387264337 0.18881976841061854
0.7286300668899481 0.8475947392800338
0.7713284038099073 0.3638608470857152
0.31490834105257437 0.43333906700572844
0.7956811312996419 0.598503315145535
0.5737279304852978 0.6670614058492572
0.671822893660579 0.9365958277780417
0.23439804560998412 0.41965624170961546
0.11213443014417934 0.9808171434783615
0.09337890494325718 0.8754195770571815
0.8778612272668862 0.4145100356527833
0.36195578262025996 0.933199015318213
0.3310958483327049 0.810295884811266
0.2191515862778226 0.5277126528977434
0.3096504042775916 0.9496195902884104
0.4682043843844974 0.3675952817870316
0.46506544201064304 0.9385037734708275
0.33502293057369403 0.21965278591737047
0.3000702159333135 0.441680799974133
0.8008278701753677 0.3444473812832667
0.575615431694553 0.3107002312587419
0.9144636128855448 0.08708391744906896
0.3354730031952162 0.5203628961498632
0.8624864551040403 0.6140280799167801
0.5809601715010995 0.048727782299376354
0.16262291976270005 0.7886275070996911
0.6436796102260753 0.2466095507686532
0.3764168164548607 0.7638399061353676
0.4105857243322153 0.21851822999887283
0.5369473477208804 0.27384209519307
0.9483948732932994 0.19870940144695992
0.627591050720699 0.7877827924545486
0.05279127148361451 0.5645718746805859
0.5086950758858109 0.40261736942649873
0.8167149572365124 0.9708847526621625
0.8695673943632132 0.8994727714036086
0.03033174128741556 0.8350777802768032
0.8024346263617663 0.7745475637925783
0.9966774059211378 0.9631613375450021
0.01564623512809704 0.6176592362426214
0.06772015963388633 0.30731518462301155
0.7777764537852414 0.29943890141525187
0.22828672663615546 0.11566097878238635
0.12671016265507107 0.8312485978395243
0.7447811538027767 0.5269998321490945
0.37726224340992265 0.44999643488408836
0.48450224549144427 0.5842837826903782
0.5919511407486344 0.7281592161481363
0.8372778616712335 0.799922120696924
0.2789124176416875 0.12457527713318095
0.3592024484394567 0.7915989507748742
0.5580825915150005 0.08704056899791013
0.6842337040198938 0.40281656479517713
0.012376782639580641 0.8520309032477613
0.416963997269842 0.4009304972487189
0.9771549918693376 0.5682097960641914
0.08840935756755752 0.7047218683829855
0.04306832123102455 0.4525301426564936
0.2500964529923835 0.4536503687811577
0.24140975347553284 0.924728807198441
0.9623024025472366 0.9010887647001886
0.0036150576102575993 0.49045735604194074
0.843977962610809 0.8447784229570621
0.5348092514444425 0.9697328390049476
0.8496560465584237 0.20510059112662615
0.533768988496037 0.8155488363001937
0.4486762487592315 0.7645123192659027
0.17307312008190512 0.9011573842871097
0.11608851328817393 0.8743233883255166
0.775208566350271 0.5718381644911705
0.7484116593987593 0.1088949244663695
0.23546462588332617 0.3433104384079444
0.37867900592590864 0.6900490228441472
0.40344512395296817 0.6724715889863784
0.04209381337944573 0.065655575084272
0.6055482468416276 0.3264237375768715
0.11616822276289485 0.6431012415937454
0.8441734711627551 0.24093091718270943
0.00758829241275194 0.2480204987657726
0.03390169040301827 0.642171901657173
0.7101312188278832 0.18072173345710052
0.3170497473593039 0.6703560141373954
0.6238104727615661 0.23390259112151424
0.5850950883611092 0.8901290946369007
0.6106597531765603 0.6063990431458199
0.8010391667288743 0.5215773756044715
0.6137931310857403 0.22532015328685961
0.0050154526050978365 0.44724257005392265
0.7812497259010494 0.027351558662634057
0.48815257945353907 0.8478446761543532
0.5369769181549531 0.6417368549887283
0.9914242703083225 0.020042985520787093
0.8796958968807727 0.3113978058938698
0.9584566808030979 0.29409958609421105
0.527104201733622 0.4657311175607304
0.6881981420908174 0.50217233384349
0.6909822951797828 0.7389743420230581
0.6475569061971969 0.28125909246685366
0.30213161130726274 0.23767282788672173
0.11439732280823467 0.13007593545520546
0.5704880583297374 0.39848259662368424
0.429603386650542 0.8663409136880538
0.2451376696675991 0.4218191411021499
0.34959801754731146 0.32129783809661383
0.3460751341809716 0.5670058167051848
0.29159990499654076 0.8908640056219397
0.45207675269142666 0.42086666517714355
0.17781709101881682 0.9504309752315279
0.9349232002749135 0.8700928154266363
0.4165886367050571 0.4477126706500858
0.09004826967122748 0.030319357745252518
0.3328786786740521 0.5919278361141092
0.011455849545686236 0.9187377116034783
0.666388068504107 0.8265520473922887
0.3421337323642879 0.7810857765666679
0.3935776985755344 0.7758702101013659
0.5525388960556701 0.8553519519693713
0.29189478172167505 0.7251975841159555
0.9527895403450128 0.3552078683370181
0.927547606239685 0.34870295443438093
0.9043170310307458 0.26048528629496626
0.10458882473350495 0.6642961175909907
0.7409523507723537 0.4458292843333844
0.4594983851947507 0.3639701261129167
0.7667336172268 0.14071643552530988
0.13167228870118675 0.17563411593710487
0.5973330257531804 0.3908269221009171
0.06906899210517903 0.06250418718717698
0.6614160954130965 0.058504417596303426
0.0523431345691272 0.3697315002931869
0.7475406005994443 0.7786115451031714
0.3746814534238305 0.3289980682506968
0.8542031658559173 0.21342981845776543
0.05485649843115792 0.7477691524029677
0.34495436925769307 0.759471088254204
0.43609374632972386 0.7387819381795468
0.590444102384476 0.8782799727921136
0.803739917930387 0.4122241741550148
0.30298851441931496 0.0029429422172233544
0.21567427274926687 0.17912150292471885
0.7777159308789541 0.4224219329196095
0.6947711607949734 0.2325643970607718
0.7998697131585812 0.8838775398216399
0.29746144019639 0.14092472663271627
0.9336435939726195 0.6788741837751546
0.44511667217208317 0.5434884345276847
0.5618654727480932 0.9238466799000848
0.04348134492661959 0.8390703211793793
0.6345677534748853 0.4517053093253409
0.6635605381701979 0.3195120906588149
0.09058630660137701 0.7253734418998383
0.8063537941472287 0.48223567215534335
0.8342468746341272 0.6244895931154673
0.10655830473150019 0.6360098558462179
0.08548852268370655 0.6900684480517449
0.7170996507651981 0.1861970617303086
0.7170566378407137 0.4450518237861536
0.6776429407884239 0.6637535645518868
0.8530880038258521 0.8283971033932775
0.8088776508262716 0.8420077950108666
0.9167096778128903 0.6539513580025083
0.8670528098158901 0.7401892431376869
0.14513073133702736 0.33336320679877396
0.8911981283731518 0.7052200343593431
0.7082155621975375 0.6345844184579652
0.9765174214380496 0.8313939733009565
0.26584171583487914 0.8212288441639013
0.5680765695903482 0.11314423521184591
0.7220018974885194 0.22738084592441665
0.5375860593964987 0.8582473583428456
0.3827152712367736 0.7287800483085225
0.035192594440171865 0.35602998868642466
0.9031194786630321 0.33097122399534107
0.5400963678724684 0.061520244047699846
0.0003710606983118314 0.7399229337914317
0.4580695582604062 0.2853831266083182
0.42999877656564456 0.7020008907907505
0.5792963135294393 0.28926559387098094
0.6876254161970301 0.7175052192305216
0.2286979529194797 0.6338301252214111
0.9028705448322363 0.3280432434826501
0.6642901152583387 0.5851240822668435
0.7094485608113652 0.7276677548435249
0.9882603903468863 0.4291206995578629
0.790451220923259 0.500932956261049
0.6447910066767291 0.4124634536315752
0.9691093928557646 0.7677735518060251
0.854662760341224 0.4425643218787032
0.15594624906863563 0.17307709727748533
0.9801571625797862 0.4484739736366481
0.25129842360410026 0.5958868004390445
0.08542714159292952 0.13174096716858852
0.9565094136567172 0.12219775495441909
0.01968412162344446 0.19887155350842178
0.6959878596971307 0.6909527940914237
0.505733515729337 0.6292834063672053
0.14056772097706727 0.7647132476896235
0.9226746156679477 0.9785722997019912
0.0017553554876135191 0.5536194313618239
0.7716057507712433 0.08028579137158087
0.2904548018473925 0.4759332949430384
0.6052130454252371 0.5844903318429713
0.4751485729714513 0.20397616432362953
0.057299805216517896 0.6458689486400937
0.3802929542654365 0.9564518937240576
0.6790591959269414 0.45767894606285675
0.6777406179653567 0.11046468575009238
0.9212888977712368 0.4351427340540168
0.7208449045325152 0.28618094227333835
0.6579168966906839 0.7589597550543326
0.5596004899779154 0.9700030002840014
0.6251503416060273 0.0887586642448186
0.48220719932747524 0.3008999820958722
0.13902311546992485 0.6324509857849872
0.26298929487339895 0.3301533223565525
0.3956266988764605 0.5854444212717229
0.4826593310285918 0.17272260101143044
0.827508717254559 0.10530418208224912
0.6266689931335869 0.6714623153555461
0.9951821043899776 0.7543853630131525
0.3746359298940114 0.7252460685621871
0.7517560382249888 0.5494058633340213
0.5985079998337604 0.7739192274256974
0.34383867370099597 0.7361483681525467
0.6850654073697164 0.09692009188560169
0.8275597524983263 0.7014021813396303
0.2642743721336014 0.5465204546572673
0.5271197976524826 0.7261930262825078
0.4271559759183594 0.8597213417634981
0.277443786519217 0.9787431106817213
0.9563202583089618 0.8490659108030842
0.6244476200953262 0.7879939147589574
0.48953651208728566 0.8669332867969386
0.7432397862095879 0.3906331872024258
0.69262056285694 0.5305040327597816
0.2971870920984687 0.015172975190126614
0.341088497764666 0.7160120258796423
0.183517252695093 0.7648565830853196
0.4785369106873163 0.5937110678438073
0.19962981541685876 0.29294824238723294
0.6444097505702957 0.3165522840101447
0.3449016483253724 0.6998242102715009
0.5812695243569723 0.3249988584903105
0.3190687043456879 0.9769688100568421
0.6629680689904338 0.2609542888555707
0.9496246935928414 0.633137216631136
0.5386611538559032 0.8850348484686728
0.475299735430847 0.3503287708285241
0.5686292354935847 0.2704266092830301
0.17900584317831725 0.33613803965726374
0.4309009350552251 0.8065371673119817
0.8964498354244503 0.6867629715339063
0.4609814165997035 0.5035329768790942
0.25800264934182326 0.8230407451814237
0.268020128150513 0.5665881125364944
0.2812056884827687 0.1796969391967027
0.6495210651664254 0.15600298353489883
0.4853756344642328 0.8632826674509055
0.5400711705764019 0.7655984724397396
0.14606531707770087 0.7004971520230399
0.9752768368311682 0.8110186106578559
0.11227787832722202 0.37595936067738056
0.939273410449512 0.8022822978566968
0.12917379875592316 0.9945815215095517
0.12925772738802976 0.8231278488138816
0.017686780141988656 0.44759331698058236
0.09608155422551756 0.39174930372293426
0.9987635705375002 0.40010202493098324
0.6872429933700033 0.8342256216181578
0.40310062394191193 0.6017982769014165
0.13010969029906194 0.8731941410045847
0.6119003780232912 0.10768404388425834
0.46841015465894187 0.048039522058321626
0.6012923467501983 0.26995267587841254
0.44700737756723896 0.6537513741404115
0.6904987018670539 0.81621003725203
0.7093643997800376 0.9502872277072838
0.24689772969075818 0.10782015365879749
0.6885750436890128 0.9283212892531967
0.8679479827989729 0.8621846605916694
0.30410135621807766 0.8968314428325268
0.39353441845937964 0.010771327519463192
0.11166609759444257 0.7511448991670473
0.7747654332415932 0.8799513827451864
0.13328388054081208 0.41825612076837193
0.6496786448761029 0.8820482395847566
0.7116681642406735 0.9617323560802524
0.3529263246459029 0.20149712571311373
0.9668949850428232 0.9125477059829159
0.045727875866971024 0.38143414355287497
0.8432523017938107 0.09765725846807638
0.19113959945607073 0.1271919600894047
0.785019868501025 0.18387383409906288
0.7412009016567289 0.5097693033872324
0.4025175877513929 0.24427270467265627
0.43890394951019274 0.8650163751739595
0.8135118675883397 0.5561773888011572
0.4310633061763398 0.09699142344287481
0.1693154445444851 0.11939929812376682
0.3978794377941015 0.15435112525990102
0.5384043683657307 0.528810775296888
0.9339406671638086 0.014375993499242679
0.3555591666100084 0.5680007672331908
0.19483890758525058 0.044233736936007295
0.9143411227165845 0.34581713800900515
0.5061386633044345 0.21247014882649262
0.9930856718423686 0.23123536116046317
0.7442675971798463 0.03381352015494943
