10 7 100 5
489 405 573 593 578 547 534 560 357 334
415 511 640 702 634 531 587 442 559 500
743 678 765 872 799 703 662 546 525 439
680 782 936 888 919 905 751 808 627 591
890 1161 1200 1246 1117 1056 1101 912 685 762
968 1199 1456 1462 1363 1261 1267 1119 802 703
1184 1386 1504 1634 1452 1474 1313 1195 899 832
1215 1304 1484 1662 1666 1587 1392 1135 1004 856
1045 1384 1535 1576 1585 1483 1509 1267 1203 1053
1108 1303 1463 1417 1556 1512 1283 1273 1294 1133
4 5
1 1
3 4
6 8
5 9
0 9
6 6
0.645704634326558 0.4545715473265646 0.9068193841656071 0.8405554618492093 0.47266865396177893
0.5289290057594246 0.34511420269744253 0.8741999545410843 0.7797144197680203 0.19447522399127976
0.9512071112515619 0.5138858399176107 0.668223657887862 0.3528409440796063 0.19456435815042755
0.4891869769219642 0.5434558390118602 0.9068908035048566 0.5161810291459786 0.1869350516789613
0.8951763926187899 0.6367326224286691 0.9588075847843727 0.6413481093801059 0.3099966620713689
0.6304936451746078 0.6901891635367894 0.821322897743701 0.5393236241714627 0.4940885884684464
0.3471807210856237 0.6695853817813635
0.015923047595852058 0.06973376626351446
0.23998772790377942 0.03512130465029828
0.8941698551285193 0.9226711003502897
0.8860309581886228 0.09477885997920832
0.11651027704691219 0.25604402816426464
0.514096977453014 0.22917344129959316
0.8436951709898786 0.9039947850479058
0.9774034235158024 0.8862295767649613
0.49814326496376005 0.564893795422311
0.354530131708906 0.1990166908173483
0.6312992686688732 0.147018289263803
0.9135763783193789 0.55520740944801
0.5725042280512762 0.8559218872519581
0.5786763555062424 0.7468764270543204
0.35030203385226355 0.904746158052264
0.9291322572697076 0.5958285829251437
0.9753369368693077 0.5627815988950944
0.32462289776100217 0.4590653362631054
0.29769551037391095 0.3678346271244026
0.06364374634575709 0.4877306500880709
0.052142195867729724 0.22175141466272907
0.8600770782239064 0.8768405144407263
0.5209045232083365 0.20736737892350265
0.9782879802662081 0.0783414958342461
0.2551298563953932 0.7242822320789257
0.39342179134470356 0.8260744632886265
0.9702324088929191 0.7031910632254676
0.6621638219973911 0.04025745920796542
0.8482556337156391 0.6169828750520445
0.7875766852616368 0.8874078464507704
0.2705490120399374 0.37225651125102455
0.12573149529408068 0.2716583047577177
0.30902034063587225 0.6224227225931132
0.5590521730171998 0.6280168852823436
0.6541493256304503 0.5148772806270567
0.9764449087706353 0.9749039166419879
0.6627603532892485 0.7726518093049894
0.1098127088097518 0.15401353042128707
0.5400621689993834 0.2290006183368969
0.8449542012895446 0.866304678055992
0.8823002089302794 0.4481205952063536
0.49551203901162655 0.8484235270463656
0.13668434253626138 0.8301952701200674
0.946278434230579 0.4427127920429841
0.5164210132469311 0.957060278013115
0.35881637562621616 0.6611506933230107
0.6059108366103823 0.9306710531305582
0.9112060910121811 0.861899153928706
0.8042046966385685 0.05682585423081932
0.41020723649645263 0.7608094773626881
0.41225021814028584 0.25371697357312084
0.1661008703018989 0.3359961890555505
0.7138658988947899 0.1756867581068049
0.9081074238660387 0.782230779910662
0.7207113760206827 0.2936272120833521
0.948461636387304 0.2656881796555053
0.7675504741245449 0.7856283171292875
0.03736063085658281 0.2801283333499833
0.5589400885647302 0.24697758902737
0.14656171570415633 0.9722707059583178
0.11810227710690668 0.6115046882765711
0.5702946814894225 0.15827832259563324
0.3106724430094381 0.8969678653877091
0.21511916026883582 0.20525491840653842
0.3268342786305849 0.6291798895920975
0.7153403070461126 0.42741736877281955
0.20204417431426003 0.24469031450711687
0.21231093972192094 0.392501870145745
0.2196089586256338 0.158216109140066
0.243261399950224 0.6293137902233366
0.7505525339786661 0.8403955795189224
0.6350396905695981 0.7590559867903923
0.12263183091285712 0.7766380945663585
0.30206659057206564 0.0405889887740849
0.6881786661436 0.6719102561528976
0.10753452194815094 0.3592824205937626
0.23148119451731053 0.2517436601255123
0.40340675871330034 0.9103439880289972
0.05001153851928697 0.18233674388671628
0.728358926001553 0.5170817344399639
0.5888994225866171 0.9093452917172984
0.48604970377778556 0.5257717537793907
0.38518848964493113 0.31869742777803456
0.09258098662883407 0.2669421055545609
0.02513045633891009 0.10616694491976819
0.558227526039236 0.2515346338355411
0.09422955200805938 0.8627101801699437
0.9002396737168064 0.7542013602481166
0.2156092379669965 0.2150253348604303
0.6273605773464652 0.8756601872771044
0.7535384051369325 0.13482224411037014
0.33561028447108043 0.10809225600630534
0.4499611734792821 0.39995767415835726
0.16025228660666424 0.6483592412803496
0.8548501000966924 0.2502077681911079
0.5197012595391377 0.9313678390925408
0.8742939900995961 0.5264662950142469
0.17154023917640404 0.9467933165283675
0.13772173846267965 0.15769588279114366
0.1303808540633209 0.7224427762663737
0.589929124413245 0.5970697528664781
0.09173955108752252 0.3688538271547186
0.30187732266146616 0.5778002675654403
0.07801744102862052 0.39183101003609844
0.8060148843117994 0.710504357545261
0.6376673589526047 0.7362141473031536
0.7727732092123332 0.6378285515855069
0.0009448111003400594 0.08492348293871355
0.4964719692282378 0.03902585116058921
0.624211922358497 0.37972196815030657
0.31423272418561976 0.9193004292536615
0.015102802157865858 0.6385208454183671
0.31425763720900646 0.8733076031728184
0.8693091969088922 0.3146248632555888
0.37581326863254927 0.45133749440084725
0.2405623635799763 0.6913758737178781
0.20581746479294605 0.21729351722965085
0.1751699308699597 0.4285880304250327
0.08854983534890093 0.3547350862463534
0.534793240156834 0.8261035148728122
0.8072301348379805 0.9233896918922211
0.48705654068021853 0.6139954064678763
0.08168000101073214 0.20346944425893887
0.9318935886597972 0.3008965781872268
0.05479872303955302 0.9015075478539223
0.5749758336762487 0.31844977315860445
0.2919098000782958 0.6533933832309617
0.07956343053967241 0.575674232253911
0.041189884937391064 0.8798075459589261
0.06173849959727917 0.8957371614704321
0.9751770599993788 0.8501204439788868
0.7145578242981385 0.5486471310778713
0.6051073813543393 0.9229227794410397
0.828398499012847 0.9921249096541931
0.6598764496644944 0.35917477467430037
0.3256550348364511 0.22053080052200436
0.9205786997360472 0.6094252534647282
0.29933557977499414 0.09770237773684776
0.11590823536056871 0.9146158795182195
0.2423385776763145 0.6206884859185382
0.1552620748102611 0.008902743009898462
0.07019238351918111 0.07158175515654674
0.4774591143027236 0.6056620185169164
0.7744840464104252 0.5852134093549828
0.8778421960746343 0.9383173145906509
0.2803145320830036 0.2514855306365873
0.8839964594043284 0.7783248077986855
0.2555406972008667 0.8274669190251205
0.20787941573417124 0.9088387842795387
0.9867649495689479 0.25362427127357323
0.7372017787000154 0.16373581976384433
0.19359816103814187 0.8777796062883187
0.7359060174572862 0.7173590346964507
0.43885386935247417 0.4011566203699204
0.07843120096251455 0.6718711312451542
0.9056955684196928 0.172270005804104
0.1389546760499607 0.043930981437669825
0.05004255972359495 0.37340574084759703
0.5889662479939493 0.06995078630065543
0.8887097804034809 0.03268492897589659
0.7620966802927291 0.4618916077844688
0.2723869627274298 0.23195569590248577
0.0773259592132356 0.010764489526611687
0.2708532867574691 0.26687308245374264
0.7560961600758134 0.45390781756140774
0.039055163707161444 0.8711995642168984
0.2642380128227724 0.9900453322232108
0.22532940434915272 0.21093550816272977
0.8208353517787366 0.17694584283949588
0.06785983962100417 0.6373600321923547
0.5341109735581819 0.40565626666360544
0.7757575911651262 0.5590223743907075
0.6554642698802897 0.23676966792817278
0.5505815895839217 0.18319046525459282
0.9789318433456236 0.22781062445976175
0.2000582047799322 0.6413660177976876
0.8805577368230793 0.7900572531291312
0.6028316570166987 0.9187997284869465
0.07260246227630573 0.18531815149013786
0.3495640336837138 0.12791547607484643
0.8054502679757953 0.6330674174105502
0.2106267639465902 0.7351208659971336
0.8495784220497793 0.7349109159938512
0.1978027019087567 0.5954822738264429
0.34065125615427405 0.9738682389215103
0.4890732206263193 0.13126841696408942
0.5543563631529691 0.284967522013859
0.20821498978160458 0.2297802535742206
0.38051215729224674 0.8452378512516399
0.6280358778966613 0.2278086056243287
0.8319807342099599 0.7640698600029687
0.8832246989519243 0.05127529495346095
0.17492797971852392 0.1292093511282406
0.17136891812123545 0.6430403149667878
0.23579627429659378 0.43721825149900595
0.5835127510329445 0.46727207611172106
0.07830405387392791 0.6290473882577241
0.4708159394813123 0.5059968267403081
0.07543872743088875 0.9151721259354229
0.45896671505714814 0.6163275199326113
0.3165789140309021 0.27285084716016583
0.9064050522620353 0.8715515174009352
0.11212979510922572 0.45244458770903084
0.1698599511080292 0.8110173972227739
0.08685428646676696 0.3934089640836065
0.5494321993621218 0.46552408124541844
0.3279178180592095 0.39551619582124364
0.6693669289115753 0.03709402106026105
0.853172175773167 0.028814661934833286
0.3898432427699243 0.2602709370296392
0.29926156383884117 0.7527351847924171
0.5462163633736976 0.7348797485576357
0.3051342523094036 0.7154929277711379
0.14526703548871578 0.2046811629282541
0.26255340441155806 0.07095331149364892
0.48880198797532093 0.9758040870171227
0.29407786192526997 0.06803139424527127
0.2686750802875453 0.7800926999469711
0.49713320860430077 0.9271026751118052
0.1152755427367893 0.3736505062413902
0.6219428559828899 0.8924337851982693
0.611702377991532 0.12473009055867035
0.09874535881196178 0.5880268546778558
0.8285438699623706 0.02058232208935884
0.7154230040073981 0.4319727349523572
0.176677257750953 0.2641833950721293
0.7948652395248073 0.9897450039407016
0.3033271689602639 0.9711286660149796
0.47276714584396373 0.1606646049978946
0.14837123300975819 0.8880186701807158
0.32856042917691686 0.36731679523785465
0.17754792055528168 0.1658503507971345
0.3687277026894553 0.5461444747898074
0.33447823299416224 0.26741331863860274
0.5438487257974145 0.374493223950336
0.33822428909734326 0.5847643391483528
0.25203871216403995 0.7502365372456739
0.19723395269836175 0.5770183319833389
0.013264926336301608 0.6858128444573492
0.22351979896809837 0.4028989016071176
0.5544760593599691 0.7415978292791485
0.43874680592326154 0.12287477514159861
0.4399696321462796 0.8795852722778204
0.5640432641312687 0.5846256618297276
0.5623432913687563 0.32326052920133286
0.6896399991556381 0.1497508009513595
0.16812362409439574 0.7677075506650752
0.46883817909605585 0.3649244758428749
0.36004285344781106 0.13217902897142597
0.4088339156729781 0.7014326191215532
0.4329809870112111 0.17210922632912506
0.714015299931632 0.5441237110603614
0.11474294343424729 0.7247474025839766
0.8147378659946052 0.6191829086713225
0.8315428924305013 0.15343726136749236
0.01889376830862033 0.673245209912354
0.10437059983023089 0.2939576779040276
0.9018502886343704 0.618650793124264
0.0991888454217218 0.17218309210064486
0.14606157288680777 0.9677860386255197
0.7497959329628174 0.22434250771181086
0.4384546477419169 0.1908426353607915
0.06547108496256482 0.9770425204883524
0.5408316840823153 0.3595270852407524
0.716814111382645 0.5809506998078304
0.20325558004430788 0.19820127172230184
0.9039852848549841 0.9942956014203539
0.2575278859616206 0.8816223354986228
0.4432147753734159 0.4054216400225297
0.492991581211252 0.6142852962609016
0.5491336390806356 0.6674786805093114
0.6271601474628026 0.23117403218997556
0.01194569556184355 0.3843906246749855
0.8274817117350086 0.7407310117860093
0.30522530136392123 0.7550384276459068
0.3236938720963236 0.3660478173301629
0.2119133560350155 0.17515864132180892
0.9772675759862679 0.8925458147899972
0.19927763967468182 0.6828583842099303
0.17448552871294543 0.7245605773494492
0.8683542716976316 0.4535045786754399
0.025215282996734922 0.5182532583620703
0.676934765733028 0.5351240979683187
0.4680906361690649 0.8206399187801607
0.7159834217670527 0.7222155247985593
0.4426531236226168 0.0740643118139459
0.3390842565817642 0.5768312852925919
0.8428149876806341 0.4076293942044016
0.9172090776804769 0.7146951173868954
0.007577983275282696 0.7437116722697468
0.7623926012439404 0.0704306638142731
0.7423238187757151 0.9747170257640634
0.7989245723640404 0.47996215214951565
0.5427568488033496 0.89607365839992
0.9679080530601356 0.07406841245974527
0.13278158455761724 0.30954708840138356
0.6249201988338857 0.11624895933125234
0.3623813837184988 0.507129145206888
0.6186954273704717 0.12547458326410155
0.7060163318875836 0.5088315811160709
0.5351144914013655 0.5865572551233755
0.4785474330916637 0.00534050678597997
0.972489639697784 0.19176869104382543
0.35677455086117105 0.6883509464409863
0.250627666597415 0.4879807748952989
0.3724849967109083 0.8917679992191627
0.27341992366154155 0.6260790053381746
0.3206309324073007 0.22398532683520056
0.8951331568960434 0.6209991453313377
0.9378228703847336 0.9805119881074535
0.8990928057716254 0.7657460704831622
0.6441854316488553 0.8147690308166713
0.6020255991650323 0.49474257774505026
0.20816931278117567 0.18246452569777505
0.8393538094902284 0.4669352325580156
0.4388981768136466 0.4561873473070024
0.3065850026365007 0.3538747287337569
0.08799263072074748 0.28784074060470455
0.7730035220810809 0.974656639063904
0.5878878466220847 0.16568656808427673
0.76133119794491 0.86492725541338
0.05958175282786593 0.42886257766224234
0.4006743787925193 0.9056865881804692
0.1046335068943165 0.6957263410436791
0.10339386533092099 0.8266934416695364
0.03185543722951145 0.021016721183405807
0.12067399923460576 0.385475002365371
0.22548742972202085 0.13986601486217665
0.7918882416835764 0.2577362864505246
0.19346054946481228 0.9749964250997956
0.8863133395882179 0.12027855663366083
0.34734581150584076 0.31904738730365545
0.7901517033426801 0.716622364529852
0.7473548865918322 0.24515972094398397
0.615288269768753 0.7704680584912709
0.3600601159383945 0.7455108725636086
0.48092779114797435 0.03311980291692973
0.610607622257596 0.633925602507496
0.49838778338072665 0.5611692493158258
0.7482778806898178 0.556215656835624
0.8570777876175317 0.4014472223527761
0.2270920602094506 0.17177408682964845
0.45609076786824576 0.36962738860326083
0.3028694812935766 0.43552264805854635
0.06536312365873331 0.03892215200768301
0.3020513071503228 0.20082666360218604
0.2831441319440411 0.8428097918955078
0.33558686276223537 0.0876661627703621
0.46778316994823865 0.37717639970640704
0.021250227869594074 0.8045756574613949
0.28042224280509154 0.8264303708712692
0.514218794728678 0.48594679428030463
0.09447133307857358 0.838652474354832
0.7011895664671861 0.006872488974616786
0.11661494257619553 0.8455824650569668
0.7992855200491906 0.3639103657228717
0.7674257821983579 0.5186390078326635
0.1976349649427025 0.1009697767109281
0.2917591887274338 0.9220082719124982
0.035980036949754046 0.5802561764031038
0.9863089091107666 0.9774529194323962
0.8708764372757449 0.44665753463338964
0.6606192111812843 0.11058070465382808
0.3766062431107282 0.16381990679971659
0.7389073225444307 0.6735965963984689
0.6714133234044601 0.5346064972965101
0.20194340436295044 0.18906745111917256
0.677977440621057 0.20861119672078443
0.31668263027689947 0.5345394881715695
0.02069062324822779 0.7588567345794646
0.6600151105212138 0.4992469451519552
0.9652890976468511 0.7228880880398205
0.9663336111375642 0.9159441070158512
0.6064251192385945 0.6938366790003845
0.1751942278968015 0.650850968399765
0.6020620409310107 0.8140318810249756
0.6499066728067975 0.2125079299186956
0.5515517596436321 0.799392330686634
0.4080102521282347 0.4967010687528082
0.6834034002386038 0.056429748543407765
0.30106348406098804 0.09968888247761254
0.24954350664321034 0.4165461823255776
0.7297270027951741 0.34602180098891555
0.41569110026384726 0.915661766502673
0.26330628991187943 0.33689812246759576
0.13830572880653036 0.6425459787970904
0.09918073069732802 0.06243901968059262
0.9814356789659022 0.0885901207321016
0.3753874524080283 0.8100096764927698
0.371304988861449 0.12712199213218733
0.5082395158003257 0.4183645080167857
0.9829401483841287 0.74123759349852
0.7206632538238218 0.4598751279722484
0.3399672400201996 0.6179696798704784
0.2980695405321019 0.057843447223720146
0.10438297296019572 0.3429881547004323
0.7325748901560813 0.8602217210743095
0.18758008524660164 0.43160307051930746
0.3819914262051409 0.37275363738594725
0.5524794457423654 0.2880639286563462
0.22873592652801067 0.3220855734424921
0.3703727566918058 0.17510761963902044
0.1946738492864999 0.04104552077152168
0.6324851999281076 0.40707883237933573
0.8523343915488886 0.9802334498458438
0.36603765918929154 0.36494026900014265
0.7039393591216117 0.054226706405072767
0.962805340891238 0.2603865477732292
0.2164454813871437 0.44972549056082056
0.210863415702379 0.5027843692907932
0.1831604052749849 0.8275589334978
0.6696579905927922 0.14762772147134218
0.9476502625314227 0.961839114430713
0.8158249865423217 0.6181513702395829
0.14830870626680226 0.28632655630177073
0.9244024416739112 0.6765615470621165
0.24210669937802232 0.16417018296990693
0.1694748879958814 0.4811891981366698
0.6634660047973091 0.19632586243190087
0.340734838522035 0.9034797812384336
0.3343646649119627 0.24026786520158705
0.11820968957104627 0.8114445984806011
0.3052767630916424 0.3271073956763124
0.4625819354223477 0.48897618395669973
0.01653989201937578 0.2588897229527085
0.09913624765118789 0.588144614092633
0.600212682650932 0.7616811394686203
0.8673977928723684 0.05613172319914628
0.3064217339042681 0.3431173772122005
0.33667773878849583 0.7276406733388332
0.5357190319033927 0.9161867029936139
0.0949442552881401 0.7300419501793329
0.28216648748457107 0.5897930005611327
0.08394188167605443 0.8886443646287387
0.6526238082218949 0.6261559003029651
0.35276593487982244 0.1784627499107363
0.31442514335875904 0.42200653333849436
0.6721032584846294 0.0590951858505413
0.31223742708145363 0.5951758920379646
0.0367071047771661 0.5429232326333238
0.4513249646783959 0.3909911368701253
0.3065426935138831 0.9506232541104378
0.6082958829645475 0.952793833087836
0.15467510113933813 0.4701203770826796
0.879811057825588 0.18439179666234673
0.805751517728734 0.39215783461018816
0.7239215119931701 0.8420289308053073
0.7535818987905929 0.07872988491365773
0.7513506364031215 0.21473717103435508
0.2830601264424879 0.7329239734179949
0.47655919670083646 0.2519402038191165
0.796286099382224 0.6328799535977776
0.9967493609576685 0.10165207976411672
0.8339587832354702 0.603453111231345
0.05063938900275411 0.06345764372695051
0.37082555567339504 0.703353603608857
0.5192725202055977 0.7735691093417447
0.43893983120413993 0.00022031925854570922
0.48078541497420413 0.18077620892854274
0.2037501715257466 0.25077460005391705
0.9391925564008259 0.6297766590488885
0.00204379343047445 0.983061421557933
0.8171512277586832 0.7751869660833091
0.6402239137203363 0.46324346938472183
0.5584454513502186 0.6215303146082558
0.9391782889197118 0.3078223780531997
0.6006230745930816 0.267030448431127
0.11722757506443449 0.935638838144637
0.8361230478748609 0.07178517793928796
0.8931343860421499 0.1368079409561871
0.04577892841475739 0.3323835487760147
0.1628698441802281 0.19475006362237446
0.8729239056811526 0.490410735444359
0.5102564747069371 0.015776497247519172
0.6898469699450254 0.3791312971609846
0.5417626015471468 0.47419549374467085
0.5135677399118539 0.8826213008749828
0.36318546905240523 0.3029690091282138
0.7281290459929743 0.6019181816025225
0.8763501550969428 0.5884801684002152
0.012873739795556505 0.12102555806974458
0.9099585268106836 0.2161072497597334
0.8680187464894924 0.7423401693975498
0.5457980882655264 0.5733409540179428
0.7346749722946024 0.6113731981485078
0.8172876896857879 0.14375825958002775
0.7169070100994284 0.05552604045558662
0.36089364804570523 0.06922677522211207
0.8976295365012896 0.9257493970488688
0.7415042279728266 0.9826243601370337
0.5377132984572424 0.16686933807044557
0.2189068534351224 0.2646113717064871
0.9974790320223448 0.14855700948236805
0.9007483414527917 0.6757792520955956
0.6705571414152545 0.2639207881479231
0.8975937948709667 0.9132724724805505
0.16043775930246618 0.9024944400599948
0.696036860668982 0.669857802770115
0.15590546205648081 0.4552742072265399
0.7882588163760591 0.30167527747166445
0.30927868338581077 0.08723482690597217
0.6666330848634976 0.5459894675086179
0.4084810934871199 0.44338222267551664
0.450177256127948 0.21719118474031585
0.731668964284877 0.735260061597083
0.9864942281403413 0.13085877659983058
0.7334726909752922 0.00702998777904873
0.013395450524272823 0.28411394600822626
0.37286381694149995 0.5872296430593611
0.8679815894671199 0.34855412497620075
0.6428317581369436 0.9260865587622475
0.4943263914487559 0.4186321507017887
0.6582074401922373 0.5905429699749267
0.31985581988166367 0.10365619794475078
0.9375360642691586 0.19928688261747762
0.8321706814195167 0.5379349452377777
0.34363710897616295 0.262769730776079
0.24188005243862154 0.21997694741759366
0.46917758757019046 0.6642852778614836
0.6835136356184799 0.473150784292246
0.9956115981582994 0.8627439079730899
0.46543119854481607 0.8458652802167723
0.2028260710184333 0.2904611158743844
0.30625933530593796 0.42354705309179663
0.11397691142796562 0.0035324154119840134
0.09502262157230845 0.7585371416986799
0.13789080356150585 0.40145513094303387
0.5038485424558237 0.2647489964601615
0.22218402525767522 0.8557837079455102
0.9677111348718572 0.9223443585118027
0.7590034017854725 0.7336700733925463
0.03792636177373576 0.3153112319974283
0.0549839706425399 0.5323639642679667
0.7386383707733788 0.9897137079138896
0.09187419049350609 0.7116750955117839
0.15640094221023326 0.0406011795361072
0.25172082967575915 0.0207350319934001
0.3402788437432036 0.4665951769784811
0.1579921851816588 0.8387102268337077
0.15786003620266742 0.6336754239836886
0.18687170830057198 0.47950263061922715
0.5180581010314518 0.7231285060450807
0.7968495443372277 0.2809073419532653
0.15184828552262086 0.7866989239040196
0.7222669599142388 0.42402254481763446
0.8984620848630471 0.9482580405511474
0.7708004837534121 0.9486291904968025
0.2725922636272733 0.9275213846625072
0.7561952255592153 0.01951079141471257
0.9224450502505104 0.9022059849907242
0.05109241888463556 0.12647203440397514
0.32049513992881007 0.3140198201592075
0.14837623956690615 0.8205677715811917
0.22963533063606123 0.33002139546899256
0.4198153475072197 0.26398210927872734
0.30500984045021196 0.5249892122839612
0.021414035731015524 0.5533764022149099
0.9398448234184569 0.14347486719676095
0.3858414872504874 0.9238109224541915
0.5255228924320341 0.05884498706197405
0.15718524630994368 0.8624514728638304
0.27973953831116205 0.769399101862666
0.4535344745199048 0.8915127500655418
0.5311137401994768 0.062417037675534415
0.7331939049633207 0.7939721227990952
0.0009265936334292846 0.33448521027878697
0.6494413741555554 0.5506950060422848
0.3481767008669332 0.6541315592121997
0.8524715399140985 0.7407838805108791
0.29609924644533425 0.42287236247882354
0.15754721233970592 0.8993986157955216
0.2354827220019997 0.33435778381001646
0.8108878699582676 0.04305622552308774
0.4067710279375907 0.5356277738932276
0.4891826422900123 0.6289046548071089
0.6128981257367194 0.654269487893973
0.3512762019936966 0.052372580055971785
0.5794623363594518 0.9077451723025143
0.38164791453317926 0.837315571501166
0.7516802592203908 0.818523290566451
0.684805516524069 0.38330248280210877
0.8241838466518765 0.514385759271204
0.4860473017235305 0.5979113097162669
0.005128499078870252 0.574240680611027
0.13566601466834594 0.3159737296757623
0.6803689082795474 0.5712830155365487
0.5964278460560235 0.31871331267300307
0.7813388448362997 0.47446483461444844
0.6363203688637882 0.4829867437576165
0.9416906363622208 0.14373006368808783
0.7480415227364063 0.17933106094833895
0.23593859749809165 0.7743213505177213
0.4492534056603099 0.0676496759339722
0.042203771837751924 0.2059073101060589
0.04587653541492509 0.7123711191594415
0.5322364147400582 0.7092671050556436
0.7557875249308241 0.7995316515854167
0.04245163662575702 0.33226431999223394
0.989960233305057 0.6795452400602429
