10 4 100 2
469 956 983 1032 780 624 900 557 715 1269
610 934 825 1054 608 990 770 1470 1418 1505
695 565 653 844 849 783 1315 1404 1495 1145
1006 796 1021 758 903 765 1435 1403 1279 1425
589 813 1084 736 709 1738 1336 1317 1313 1271
566 575 729 1097 1099 1177 1690 1469 1465 1315
543 772 706 699 995 921 2104 1604 1588 1343
646 635 643 715 846 938 1002 1677 1362 1408
613 601 603 1108 1012 1005 812 1076 776 1345
923 580 843 668 864 965 1054 1099 689 1121
4 3
8 1
9 9
3 6
0.4091049703081441 0.49670061260104964 0.9772841760647752 0.7359201045415231 0.4834578537042705
0.950308593211354 0.8734217128079493 0.8102396634529894 0.9356137226526207 0.21601294489489684
0.9920586095900479 0.7728169683197605 0.629146717074271 0.7601632407852892 0.11288340267526982
0.41404351751467705 0.7172054979133677
0.13817664225847537 0.794692458113734
0.48097286975214315 0.873724045746834
0.5057286230884186 0.48508868173828845
0.23242720230283265 0.00872392582677195
0.046575597873427466 0.02298282985499056
0.40913817422208165 0.4502877215578849
0.5258510871803892 0.2233858885631459
0.13737432537210692 0.1371189583710133
0.866037044575531 0.03731496070480511
0.7389413148195958 0.5915871426144104
0.03331129214864137 0.7792165048703144
0.4974969993821572 0.35144725030465196
0.022708183357957212 0.524295924650803
0.5245816894336257 0.5127227294362717
0.8878799763629928 0.5718767728288487
0.40895420521854864 0.014415524541913749
0.6043037833331504 0.9091040814304865
0.23772587013630697 0.10085048108092365
0.11443472721105241 0.22982647422885583
0.13562297389356415 0.13133524273471808
0.9791185105523201 0.048800393986103696
0.42907708246555165 0.058712037046636745
0.9363266007645952 0.5611074950693418
0.04726384405505457 0.10616993368537786
0.8870121044704538 0.23785179660626476
0.937442871907791 0.9310123485637869
0.0971839142153057 0.6345042822823821
0.7019932079881266 0.5123058798707472
0.48240431891982327 0.14866207094111195
0.04846127191151228 0.43112815486777256
0.7344405019756881 0.21885919687854294
0.09757345612479562 0.22056616678281227
0.8722524277760488 0.49149406564096076
0.5540383406018088 0.727941896096296
0.20953167003591355 0.24699807932046003
0.5323321196557582 0.5848093878914984
0.013575537820925021 0.5872075659788984
0.11521871670557426 0.31629920627531605
0.04135504617373331 0.7086483949417788
0.34103498893362993 0.08270026177308964
0.05735490249432118 0.9620920134735567
0.15908356727883066 0.5267114479610049
0.5114054550366625 0.15162037436548448
0.7694507183434622 0.5266369675002858
0.841762095603136 0.8829426312255653
0.4081394533902758 0.6996873832342014
0.16452700065312054 0.48832461759341284
0.35578638417966135 0.41982780598663894
0.8041019940534859 0.7662445443970716
0.7894585048284282 0.3236366158378321
0.28809777028850303 0.9878427997884129
0.07416154655348595 0.5253140779740146
0.9209559817485398 0.589867450615341
0.5297569467426313 0.4992340350138149
0.33268549683715953 0.7756791790046913
0.02070653432469416 0.8091697339525654
0.8385734407979144 0.44059024981938455
0.4656031258399542 0.007319091537383082
0.7315875898496389 0.1526512344440747
0.46417698195064094 0.41735107039096375
0.9082691968751535 0.5778549717018278
0.5171410532092975 0.851651459212817
0.18634688079904316 0.8457579925448859
0.7798775326789973 0.9595266156790978
0.13596897557474152 0.8820982804111381
0.11866464428037071 0.9487792130170984
0.4512663408501403 0.34550038122230875
0.9615348263550114 0.03010305150882786
0.8077074850435242 0.7648803107111315
0.06339354278824838 0.922267129027502
0.7697846517466218 0.6913373843403869
0.11456247342562764 0.23997051122968527
0.9472177724070263 0.3920063783922134
0.6736114288528472 0.41983676901468514
0.056286123878701355 0.9650672028758578
0.16226874070925024 0.7964620742727864
0.32852546587320286 0.867916372560696
0.20398580196149751 0.9865474825628349
0.33373488414414654 0.8356258434317987
0.845530285638372 0.33726232446225635
0.1803837926797991 0.0394166014023567
0.84206750447153 0.8039893524626744
0.1457623430733035 0.5651361426948989
0.9077455439181781 0.8293359708251298
0.4865350645353701 0.3695987416758164
0.5159716240190715 0.3397705723437412
0.1504520098548805 0.6244353188522642
0.3227424124626421 0.8216636922644567
0.9546915903793163 0.0005807162511866082
0.8645060125712085 0.088586843778385
0.25488702855961365 0.13289665397560424
0.6046024490957735 0.9608124841167414
0.792636092067063 0.39971907486460134
0.5250987039293729 0.19269225024688774
0.6461999719911204 0.8057979785683032
0.09386906790117555 0.9552119418960181
0.25059631713384944 0.6655565265995007
0.41023302881585777 0.990834707147529
0.7671085615078053 0.43949360525971826
0.7476731084944019 0.4730943654174058
0.075545900788619 0.5857365787637745
0.9451769103522136 0.8404521037204622
0.5869390605909428 0.9669192894194518
0.0532636399673998 0.9586425501124323
0.8114869331392316 0.9176994470407196
0.7506875508470854 0.6804601752321493
0.17432080581415943 0.43008328256826944
0.9217361482699118 0.7577796726640023
0.7742387661322512 0.7204445275309479
0.9306518137052748 0.33279231274949184
0.807507655643741 0.7748509470251712
0.29846213355726614 0.8922828857992136
0.15704034642141562 0.22430559728660504
0.41591357951627406 0.23809832546099519
0.03649788111109875 0.7006899972602256
0.16475374723604097 0.7100207937184659
0.7709368918900927 0.9908371170391135
0.024055760256142644 0.4273741760170682
0.648689927760763 0.2541141826273543
0.687853612772173 0.4410564354442321
0.1865810224761979 0.4885719190394917
0.04415487532381501 0.11190263957392377
0.28964966261657277 0.038875542097103644
0.03727617667706862 0.0716316203627072
0.08110936214911524 0.3824156692815708
0.22613560656452147 0.4058673547255649
0.04015305340301012 0.4169233597656614
0.2659961357263816 0.5192280518243009
0.011954186325447314 0.5145505348791224
0.9175813716881063 0.8399276365139303
0.8488340360274804 0.8677560758879974
0.11086337236454469 0.7905723736508974
0.6128891133486578 0.15018765634193665
0.1514260573977122 0.011222901071015867
0.9446866847263942 0.17845835005248634
0.6876615558302135 0.10544531035899474
0.9161802590671873 0.21310712527552966
0.9512710092836558 0.8268893967391489
0.007176751526869252 0.9408391168954504
0.6643382405160745 0.6428825939385034
0.6390248172519286 0.6492906416651782
0.917449276824551 0.40079951043906226
0.7180553680215485 0.8178453508890973
0.3851738329261114 0.5348979305608592
0.6209994259457641 0.7734141321389116
0.8936026971094793 0.7005212997520982
0.22559218281167537 0.9077680481154837
0.8727825032575591 0.35153406374968044
0.6753739399088574 0.46434659222205
0.23218186260518037 0.8166606965708527
0.12138693488086649 0.3124442190700698
0.8978085951556194 0.9723827529595839
0.23711481259485434 0.2584608889657334
0.6589478738572305 0.9979825822167814
0.9287791263116711 0.7385500385999162
0.7647544908657435 0.28038484436426403
0.04713215513817426 0.14364357893575974
0.2548519891889498 0.8924960676744029
0.2985970623202907 0.38453757055865134
0.7590013757233309 0.9906846086013572
0.9858021803944423 0.7616853011928058
0.5947327053002001 0.5358761694950076
0.5243189436850082 0.5316975685851062
0.5060908516895906 0.20667377945714582
0.6059675185008642 0.2856760458200496
0.28288622522840234 0.09148654188147032
0.4937263747620473 0.7270554797040034
0.6364846037495444 0.023099291749233863
0.8056927534134914 0.19860739087974433
0.8292518833710592 0.2742315099999686
0.8541880135226758 0.7168329446214081
0.5048409881109808 0.5170143201187196
0.5502895891271384 0.4603726053939252
0.9035559460044313 0.8127050592848342
0.08266572965203611 0.02735419125145344
0.9267692436421462 0.5791047833250973
0.7548181571961652 0.8045996454223558
0.916649306658537 0.10938283676174976
0.46401069721379606 0.18252794560286234
0.07480145107506853 0.17455357106821334
0.4927477316649169 0.5874123600758436
0.4155724960259566 0.09117230014601918
0.08684176615366468 0.014273125760016603
0.4690062403494779 0.3717423893754046
0.6054838071598421 0.2195964827925483
0.20605067732825244 0.6071174848877123
0.73632807484588 0.7080070346267326
0.3338520956747584 0.28418049274164003
0.5786282224847072 0.8280141608909888
0.6127752420138772 0.9407273451510036
0.44768620467946696 0.8063991625421605
0.6288999155987707 0.8584035960657175
0.9333107930221138 0.6347323930410871
0.9544868800330997 0.3858870775633292
0.17679081438876665 0.5102555511021072
0.18663070588976205 0.2500146366943292
0.41824992468840305 0.38511203647039527
0.8059366982215077 0.17831572579526966
0.33565446967361967 0.3193549426840452
0.04490632127305183 0.23276095647279815
0.254149891183854 0.04966642216174799
0.38541251571892077 0.4786250362774276
0.5449398858571464 0.44747055950963266
0.9084903094034422 0.3299869023862072
0.7370096921665519 0.3446888457634387
0.4436999386369431 0.5703838629199434
0.18651166248110562 0.6001885725523897
0.35107850824034004 0.4375040987261454
0.2590699185213876 0.9702305400775095
0.9584890677876712 0.7053297303538562
0.8849776322334273 0.8532794123076044
0.7360560116617274 0.8414319831893837
0.14292669144616044 0.616547116693088
0.19841459147118767 0.15855291355227985
0.09743692852159169 0.5520324188714019
0.7488171422579386 0.5073268650783542
0.7957817919371657 0.4037594139779257
0.3024752175987466 0.5616296330416699
0.15923388114666048 0.1786366498883294
0.9314457595712058 0.5559711179271558
0.913985923509202 0.33640085953212573
0.13687939492529866 0.40059533054887475
0.08514558938334083 0.008836940346991673
0.7962395699813731 0.8272813903826526
0.48858883774295636 0.16286997105997014
0.18501605950686906 0.6580118217809003
0.8347872774217859 0.6959384897628909
0.7402120459993162 0.03523127617070587
0.4639071722050241 0.0658090134541558
0.37225217267090027 0.6789355881857109
0.47327400193239844 0.15168082337483435
0.5537464807439538 0.34668894221381974
0.2397198251329622 0.3177853871190617
0.9525882993815522 0.3917771026296275
0.23499642037392943 0.671576557279514
0.06018547788049933 0.4808111257265346
0.6504449671524892 0.13987525467036077
0.7123295566228769 0.14016652982423894
0.6661372386680267 0.6525335776666279
0.08896236467889307 0.7453115509866921
0.41581881568181434 0.7418843848939787
0.8972253513597306 0.9106238939945661
0.9462136874128915 0.4941895139248773
0.9544585470638953 0.8601834258982419
0.9498363172344304 0.020158335920321013
0.1275450631705739 0.9617010858122603
0.6954922056373265 0.09147468429007422
0.45606864404711733 0.7933508079169465
0.04979631469460166 0.8703530450191699
0.7862083025662041 0.3957963816035519
0.4511139633600376 0.6470301451235261
0.39834638259625055 0.582482897805314
0.24814791434369177 0.1709991180452508
0.3876382090700663 0.5107312670444288
0.14756885629648542 0.8352191184685689
0.6320731873860559 0.8979893560979526
0.8162570263509819 0.12157630061422964
0.7988893044724037 0.022902957833325077
0.02752867767908751 0.8795951783887777
0.6656250471039458 0.9241336194845122
0.9418211445312263 0.6095327794736456
0.23398003029127246 0.25117322855649005
0.6420975179571042 0.9593339205048346
0.061557443278885904 0.030452739843127352
0.4358128505016421 0.1610989975330286
0.07006307867275052 0.4837278463253005
0.20740111246807835 0.7335970053619321
0.8772910981232076 0.8902478439490427
0.7760722074504409 0.840852931969341
0.2246081798315802 0.15377207161608464
0.6662831485789975 0.3346876353406205
0.3553767397477363 0.6727442958212209
0.17786469735003307 0.5834089475852089
0.9484389369419812 0.541196624364527
0.4683499311480066 0.18888425864287584
0.8265574111333076 0.5256626380594593
0.6384269590018163 0.47134339799964997
0.06773166624950311 0.985076545840488
0.5344511603532438 0.8991567396027362
0.6462313475762393 0.9851166175441219
0.8181622616153974 0.9101879479389401
0.6849062727579713 0.7356181373729549
0.7032726866040824 0.5529397464780159
0.8068005711329809 0.8968062394047263
0.13885146737561715 0.6123478207087376
0.843577324913467 0.10929331666541908
0.7686724064794874 0.2905335450894999
0.2825503805944425 0.2832937948662113
0.46107577569946123 0.11537326714505647
0.12394077337450127 0.707282348138238
0.7544166683510918 0.27480728792616627
0.737733139200142 0.5395010102729823
0.8144582101456825 0.21375816674345915
0.44542441602301475 0.29296004188476354
0.8167676927310543 0.5438537493256397
0.38500308025061014 0.8385520245822646
0.5189451301871417 0.9429606475800163
0.3920423008279921 0.4351168833239598
0.8384561205304457 0.27370674839767895
