10 3 100 1
562 460 1444 817 475 973 1446 1478 1365 854
1668 1402 750 711 911 1156 1125 1400 802 1647
860 1538 982 963 1024 689 605 851 768 1639
549 1414 607 1023 1129 796 475 1370 1647 1193
920 757 1339 1401 1055 1526 865 732 794 1256
516 532 702 474 705 774 686 1618 1396 1064
472 762 512 1028 1479 651 630 1258 1125 1679
1515 1269 634 500 803 515 557 1130 687 836
452 1150 635 1306 1504 1250 1500 616 1320 1058
865 958 541 1013 779 1326 1630 1030 1659 686
2 8
5 0
2 1
0.6513281298323745 0.6902396244096507 0.6946689943063908 0.5742854422562047 0.3016927498657225
0.49349873255326354 0.4408647719865072 0.5749904412836904 0.3677748593213017 0.34572711225667774
0.057332327196136346 0.9888463450399152
0.6464528302863237 0.4482021835159633
0.14811991158889026 0.8022932159406682
0.9178966767977395 0.1758263678637757
0.18315809171449482 0.2587688177997194
0.7097298719544918 0.393480107545813
0.9321447459318959 0.5128459670520547
0.358479176924861 0.9180227232420157
0.2513567855964449 0.7878303917012268
0.07690944893148588 0.24396222482102115
0.25997679061270085 0.4379367819070732
0.0040284773782788275 0.4610464880915952
0.4456176806280614 0.8286920822868546
0.6997799318034068 0.919927366671726
0.7155494063696937 0.1131321019223539
0.18881720978325722 0.3938743825944113
0.33518392912483774 0.1796677580731505
0.2349732537510021 0.8093028866844139
0.8312212878941023 0.41101488738582637
0.3860474352123655 0.8724632507104899
0.11656825519527114 0.6829949957225621
0.01459608479782637 0.7616189465742345
0.16227680728571103 0.9323269435907384
0.9936119991531269 0.7219777272314318
0.8402177301608273 0.7549507531878539
0.5462365161092348 0.8881649452009532
0.6421748082309742 0.6140899845044456
0.8682508798967665 0.30682731365950255
0.46138155170780304 0.8685799154126106
0.9587635902545819 0.22371536663988922
0.06576697869419346 0.002055205975966423
0.8465104727072803 0.37550150968909746
0.6222509338721525 0.6148237977760016
0.013700785118640146 0.8495851640359682
0.8180145682385707 0.009331650036540573
0.4332543948781642 0.8606479569683292
0.7323624924978054 0.7596848092728687
0.43572481759036275 0.5863214695678358
0.09238688949066698 0.738558141313272
0.2018945617945167 0.5279368249662428
0.5956689060417626 0.24330077895786184
0.7545568675830281 0.27490113678440387
0.03374692300232507 0.43548739153882066
0.6171129904077961 0.017061230065105848
0.13595686098777726 0.07407946054329928
0.6716814834390001 0.0035328331079238495
0.1069771793832528 0.26084189080260267
0.807280199135324 0.5564792592292644
0.5393663867920808 0.38059838677881697
0.7626379459273234 0.7399174294223145
0.3091205128641168 0.07270682125799932
0.6893237842292068 0.237724945694457
0.2753104116018288 0.2329764699957162
0.8923508464744108 0.43783094811214407
0.6615323711285857 0.9453011255898647
0.5469096552327477 0.6716564450357241
0.8665354185340426 0.13666181047779946
0.107316356710915 0.6083965692269635
0.19526134412897433 0.19715161404902792
0.2285250437946098 0.9481138292966753
0.6407578790464821 0.7890605386553775
0.0979296293159111 0.20639899009732177
0.24554900926590317 0.294020627652845
0.9763839936902505 0.5989770499597642
0.3121685597035557 0.8497161359269281
0.3541575553313616 0.743575763176872
0.808079878197536 0.19536437104114768
0.5366882257612784 0.1817650212742301
0.26806868995969 0.9233844448494686
0.04277802732475311 0.46666344382016733
0.48499217098586556 0.4372316390109936
0.46032831576135713 0.6070543161653059
0.42960282964383656 0.2871440098977809
0.35378046083754056 0.7920029060778682
0.7711035704453555 0.3346601426516198
0.7852843457074412 0.43869887314262823
0.7393583824337235 0.23982451944219485
0.24811955316738765 0.3458394440060688
0.37959100014222935 0.4048397747404697
0.6579947893205857 0.03110194997818838
0.12098490618398339 0.6241351323001532
0.4488048065645329 0.6733635486768532
0.7627843913057748 0.2239209357479217
0.8829236583613667 0.11652815266837235
0.808416721614178 0.4698900062322837
0.9983557385220465 0.6781601964720367
0.5645728409755348 0.9544231676932435
0.2848293599232976 0.7457089089212399
0.9635524823229509 0.18627122859231204
0.9982468738138635 0.769894257293023
0.9810413472039645 0.7911699792804892
0.22298916108392075 0.3456574344667793
0.7594990354580011 0.38206449968582423
0.7105115272090092 0.35212810834613184
0.30919714287002575 0.9988865920347485
0.16736121612284394 0.8374679517054429
0.9594388961672189 0.7705290175588431
0.41848801617923614 0.09787339600857914
0.6181418760999318 0.8166585979515568
0.14976344982738565 0.5825485671233372
0.8393869339563544 0.5257742725630707
0.6354205517232574 0.0004103506238646304
0.13982948645615556 0.6161997127349581
0.6217590472588832 0.8608100000417673
0.3467033098327159 0.695291788818764
0.2236582779916947 0.7741437016366586
0.7646693300749079 0.053353611440617454
0.39643704606538166 0.8966230067101977
0.32078728609763596 0.8919718239900707
0.9240592114058566 0.8956484501974158
0.6240024067811263 0.7978305479956409
0.00015142976825832655 0.21225150264190495
0.7307320142113702 0.4457124624029234
0.05308076654990734 0.01915329694822554
0.8781618606861343 0.28379946378410836
0.15979241043507586 0.8365378133685819
0.5157638687573542 0.5028185714395923
0.8229752318077825 0.2396020768272764
0.14303277098243483 0.7422163843198994
0.3668985235193465 0.3933513501922077
0.660252004359918 0.35337227291946416
0.5722486667116007 0.7105517475526577
0.6828150254902665 0.6816846771819267
0.9011443427900583 0.5019445786317325
0.22118848096773425 0.04774336539719237
0.04643427986227655 0.6347622525230439
0.48504302888270834 0.7908253945677799
0.4312424944998836 0.5240444687990455
0.756147536479346 0.04602820220219761
0.79085455537164 0.7200679654557605
0.010340141012845638 0.13602602614408688
0.4603146558408586 0.14652170079594984
0.8737035703226044 0.42768884370850335
0.3827894544080417 0.8791811542041228
0.1403344749640465 0.012993093559331426
0.9638970631643131 0.6437449073315471
0.5910115668272267 0.10416230195684562
0.7716668886361078 0.8817173472596245
0.9857896033623157 0.907059098722669
0.4929771285308444 0.716746584077578
0.4799850454101895 0.6776495481872238
0.24356925313615418 0.4105777436074336
0.45151997021112966 0.8806539179774975
0.8410991027183901 0.2691076265298129
0.31558708080455067 0.9897730341316846
0.43674858934762906 0.010034292757322705
0.8480799085607089 0.2145376801802792
0.3693589565410349 0.6268305364830382
0.5936701860057514 0.4598829550522041
0.9282978181445456 0.46481252827613706
0.1206173833427695 0.4343063233534119
0.68802297599622 0.48110231878370446
0.5571926189796077 0.30407393968052965
0.16210909870750778 0.36867700045052176
0.9918791670400104 0.24191020601708724
0.6139015358938276 0.22949449442987224
0.9955203348247459 0.03727516983522294
0.9751002433025664 0.758829239318378
0.7164859741818008 0.9008049240179217
0.5536836187980603 0.5450225872587537
0.9453110666874656 0.8751925162815823
0.4418030206646939 0.6117987163145668
0.8008608396315686 0.075699963070883
0.5936827633192325 0.31386910590773476
0.5140382670584243 0.43663366226536793
0.8799613631184215 0.16195080001392026
0.7083760754065656 0.038129865537247065
0.6626090291187665 0.6101315950504222
0.9709541299927931 0.6522168186247819
0.012936394389238881 0.4496266690062585
0.05661075488391387 0.4143477600144312
0.7061647598962373 0.1649461604918221
0.7906061293808448 0.41413007355899967
0.4221744925799631 0.9123367064602745
0.7685771437251119 0.9224332250113614
0.7720189021578541 0.7043606511745857
0.9467693212003567 0.616750675723192
0.6481127850424055 0.13351343744237276
0.960660507421295 0.042722605863570795
0.6301305769619805 0.44815264151040846
0.8558829143079967 0.2104916556238583
0.019036659594576344 0.8821873394110957
0.677879185697726 0.15103478861310826
0.7144555413571738 0.6849171624010408
0.5293001040875625 0.844199281833147
0.9269582113229418 0.30244832744588646
0.8920445492255653 0.30663829009528376
0.7762465767966378 0.9930661961422893
0.7779683458168385 0.4615017631975442
0.6740382410392496 0.02059128417550382
0.9533880497803671 0.8740925250147717
0.44215104343318545 0.8569754120119069
0.036163999631960486 0.8762182098084408
0.9244078401406985 0.812359879619698
0.7802783793954557 0.7196190450810698
0.26962619638077157 0.482813797541531
0.27599892757692346 0.6549864482522172
0.41245405106757627 0.09618625939519343
0.30014477684624175 0.6420744371221465
0.9875036537734032 0.3614978977029908
