10 3 100 4
902 1051 1182 1565 2181 1631 1335 1106 1150 849
1122 1313 1081 1358 1415 1451 1112 986 1208 769
812 851 1201 1188 1256 1273 889 1036 1175 764
666 757 885 1087 1261 1095 819 797 1082 979
1192 951 789 1236 882 788 983 706 1046 856
1170 1506 711 1135 882 907 964 617 883 851
1130 1544 1563 814 831 733 771 1021 944 973
1273 1143 1541 1308 901 618 601 889 519 695
1012 1075 1199 806 754 714 887 843 537 601
1005 1157 618 977 823 766 759 598 533 829
3 7
0 5
6 2
0.39111919888408286 0.8009934687690341 0.9537467415052159 0.32624864171868045 0.30232607213793
0.7160987441152538 0.41085714477385255 0.3684788667133917 0.5169871242273013 0.26770610465157374
0.4614932123333859 0.11750561752026312
0.7908725386208288 0.0609326913688919
0.07509794773102074 0.9551211989219102
0.3265357665602775 0.2750323582959304
0.29647529261681704 0.6020106628604702
0.01819607601375184 0.16035394959285587
0.9188051581464725 0.761352181315117
0.896993282393937 0.7698877548591827
0.5390423264564841 0.8291370708702539
0.48308755987381224 0.3926781721415564
0.432032192841876 0.8707427090616773
0.8732385762053825 0.8585023530585154
0.9200314299248034 0.5427369085743046
0.7156607047767172 0.593183055200668
0.7098476375761547 0.1280676913369574
0.244836217467149 0.5138249376402351
0.6645723082104673 0.47048863118408857
0.08116149697395358 0.4151794569298328
0.18470574244116955 0.6142684445842614
0.5883720362525802 0.2730576934875437
0.8730926524157581 0.0006343683648901699
0.10243878029758346 0.6924580786704251
0.49230882041776636 0.8269654991696178
0.11218775967894001 0.12472837330074316
0.45169770664965947 0.9323604746820204
0.9808428551716193 0.5327679278123478
0.826302831631804 0.04884078693207683
0.4110523711484839 0.11636326996944857
0.06627643947252415 0.506630365627089
0.1673842597641655 0.45641380510293716
0.48777338580221463 0.3761174363502584
0.4878545083392205 0.40206351899496107
0.2665795080494455 0.47122165342743205
0.8186364129259693 0.5984258664252688
0.288293881621871 0.9112300741479433
0.25053117228345556 0.23899863583841885
0.9738037199133067 0.43675689120651673
0.8514941107214298 0.9189734267317844
0.694031577485243 0.08654634215770396
0.8850357933636963 0.363530901708742
0.15128043151120818 0.13658901520502753
0.20898440014964992 0.23026162720064725
0.3120017502302166 0.4800020795875892
0.0722705186543191 0.32420983890173827
0.8308441095489154 0.05979904131293656
0.10701405324569069 0.4225277603405704
0.26245863044207507 0.3743993148965359
0.23122986453352978 0.32689125949775377
0.691877009925524 0.35741098445997177
0.08517089650633891 0.23756435950679844
0.6652181273423965 0.3083435173368796
0.5629833067072219 0.600174954800911
0.9878892841988631 0.29732739777173656
0.857173983792406 0.7385653096865272
0.665555667025356 0.308768185435095
0.6070407809498057 0.1694478511462998
0.9526595172181487 0.8901473570091687
0.7689724330777856 0.8835166377388657
0.736353048905346 0.15852833009955725
0.16142830644882045 0.9879607989721984
0.435794491760765 0.20361754591291703
0.22391814832707602 0.8835721765443194
0.061352828496551215 0.7816440945295395
0.23613195608170923 0.760260532171743
0.3415890963569115 0.29290945358596643
0.8750401609029608 0.7754380197160664
0.9904657651891284 0.07917462559240107
0.43896359203530033 0.3523872359550302
0.45314038729249595 0.25693090076376657
0.7028168080232617 0.7443066476188771
0.37600142527544556 0.5012997472885699
0.4740372713714136 0.93975071708601
0.5796492223960272 0.5977170157422487
0.30474984010721506 0.8772913129990139
0.6796130192652117 0.06491573366396941
0.33302804364920524 0.7612892433649057
0.5356312715443872 0.9133292471107333
0.29081829664848224 0.3054673885861241
0.6583000586511609 0.4769735893309046
0.10103445407954692 0.45054284000304956
0.27145137364021843 0.9055979126776925
0.382789754243265 0.9806509102115271
0.6790416998398812 0.0008815982422023527
0.7717969815274182 0.28470900124505283
0.04518890192546565 0.1411264465580333
0.07231485390393555 0.030497964475976636
0.3163111824125653 0.879160767586298
0.03866957684806538 0.24801472462136442
0.628289623289606 0.7609114335202607
0.7837850921173606 0.48653573618431567
0.6722511060723209 0.6123258065053216
0.012211894010025981 0.5835335092917135
0.36171068960905495 0.5014898176318878
0.06987418825902503 0.33248275409323225
0.1924243472556908 0.9787719104989141
0.3557888103785216 0.5145387518080216
0.8329816773862049 0.36765431083477274
0.4630124793371331 0.6221460310574674
0.5081226296849461 0.09832568638038341
0.6646555459767622 0.4907121971631476
0.9697847061493061 0.5191225567470226
0.9374020389408677 0.5153336874889962
0.6346844763640476 0.9105211228806684
0.9144023722089845 0.9172241975439641
0.8006798702852593 0.34001607023916436
0.8552086188315196 0.1946575669727546
0.5969076017364698 0.04995775235549682
0.7382571281825845 0.4101300630918707
0.08535840236466696 0.9071327129715594
0.3604512029125255 0.9419162494217719
0.14696533644812604 0.4939212236389632
0.10739718914097351 0.046289041294718114
0.41976182321647726 0.8340004186036594
0.6516845330703696 0.6861846823538611
0.06398178603589022 0.02294715858431573
0.6012574052299635 0.13149086295396106
0.07979396863670773 0.8102498851060893
0.2821346641524449 0.9346281308814006
0.9242286527541743 0.8051840334376377
0.8477317801010762 0.28832623214965825
0.9290669337853703 0.41916994228164706
0.44750344103978934 0.34722796469133566
0.6859440153110659 0.6752419535041254
0.12978944185784513 0.08469549090866102
0.07094235054037568 0.6261266330342881
0.7224484826132933 0.19040556562560118
0.8440456554422597 0.28482447782603626
0.6593514856490428 0.47838534328110005
0.09933656193167106 0.9840349376238586
0.8055650615892398 0.28188627736634086
0.7427730428377879 0.40994197578439273
0.8038687635276345 0.997883084383224
0.4330733995521625 0.8013722987863401
0.3438912326652519 0.7004871768653509
0.1499205073804606 0.20879071409788708
0.30243987365143776 0.5946302270928436
0.7933130606324856 0.7918991268122779
0.9146082872797265 0.47820803584435634
0.011578552035188983 0.8799763526058089
0.7952008953584897 0.49343494980729385
0.2477539012057164 0.23186646361102836
0.9941608560336797 0.3961830492578251
0.8119035850929199 0.8249809352671367
0.22213908725882248 0.7765258435390376
0.8318497265126257 0.39667129562392733
0.7037036215988024 0.8720139284465278
0.14373334286229156 0.2330815718138355
0.8308094906383339 0.5957348502135296
0.486042637728459 0.2607589559525292
0.9130111959486751 0.5767537437195676
0.39997500392789775 0.11639881720590384
0.9007357142381422 0.9467492624113918
0.6927334379377126 0.7882225647431511
0.9716176277476645 0.41256802216441635
0.7436127672652872 0.10834102195011064
0.04325582622445179 0.0207838787899719
0.6720198383849538 0.13357942546950108
0.8586915302594766 0.06895178824987558
0.277628230115297 0.714383019828557
0.09812513059521044 0.9548878745817304
0.7977306948944722 0.9848004641357544
0.04061602520049856 0.6205348721892434
0.2894994967528668 0.407428891406584
0.08566282030220895 0.4871084635267555
0.8669595023713434 0.6908174809491188
0.49475497766438825 0.38868116810215003
0.95708367604154 0.5914163277507116
0.3703943667859475 0.4062772029529418
0.07328291372009721 0.34172852481984917
0.14854160584281106 0.5875943349948667
0.870949645964898 0.3825427812583537
0.1676575488731893 0.295723633650093
0.7259867813002501 0.2962173085587847
0.5613784574489062 0.5610175652144058
0.6467406762796482 0.5531810632254945
0.2745454110710397 0.753327794510043
0.7247587762455783 0.6989875919984658
0.48642962747274 0.08721569955025954
0.028936972185847676 0.9594879750600416
0.38424379532135555 0.3970540896759598
0.6119625317129878 0.4218505538794908
0.6459088978995804 0.8911588163864044
0.6645033035623951 0.8951441355658643
0.012324143332866244 0.4092986638067053
0.15591678008440435 0.34920653859981665
0.13390338390180268 0.1271908465459226
0.10270261743500475 0.4675331578070403
0.554970313054467 0.4017735221522378
0.38489723127822306 0.9199128762833824
0.9028711285112168 0.2157490691983861
0.19257527190398438 0.40640691533136164
0.21117349314909184 0.4506307779631795
0.9312400265301723 0.8761475143580728
0.05971621702383856 0.8577608743380325
0.0054141643398741834 0.26061729658034594
0.3389591767858391 0.9317511134829395
0.3575011417077105 0.15618565404878582
0.84426141880415 0.9233323779652558
0.2585812518912005 0.8681913487722863
0.8692480161243605 0.04042446000655775
