10 5 100 2
1181 1114 1120 1071 1113 1050 989 883 760 654
1174 1246 1340 1177 1246 1015 1079 867 708 612
1285 1296 1349 1316 1196 1124 988 804 684 610
1301 1230 1370 1343 1261 1042 906 795 713 695
1270 1327 1199 1259 1091 1135 991 874 821 594
1309 1257 1194 1330 1230 1127 857 945 771 762
1234 1346 1327 1288 1063 1067 875 791 767 642
1267 1299 1338 1121 1152 976 800 712 558 538
1149 1325 1090 1015 1016 783 712 618 702 513
1106 991 972 877 812 696 613 642 600 557
8 4
0 7
7 5
8 3
3 8
0.4414118130361009 0.6231167550091483 0.9906613578822494 0.9708475366179337 0.4729884037090468
0.8473645375926362 0.394880866534866 0.8859646794343159 0.3197028542107906 0.3439642404677746
0.3541473540245038 0.8936404416806538 0.7140223530505578 0.9031858551046386 0.19708652231034585
0.7577717603359198 0.9893494415844104 0.3762734726779791 0.9925328613412794 0.350303602521182
0.5157195561227448 0.5593732970076046
0.8588156116389463 0.4983922302757098
0.21418989099998087 0.9664548411918921
0.05930896290347909 0.03550246498235077
0.4868505794036342 0.22028226924091032
0.7680313960916612 0.8722128620992435
0.8585192647502486 0.508637933398632
0.27824848124129686 0.41033748560610306
0.9980313829901801 0.39761641806712666
0.06692278315068889 0.48952238828053085
0.4198170079739514 0.3393358913261888
0.28042030393466066 0.40972813659305407
0.8585267614078398 0.6374456218261331
0.4027376399427196 0.05924388299444683
0.07495159679049213 0.6666365771751834
0.6938907396283667 0.4245422347043173
0.9334803099839393 0.5576806937469998
0.9372342509146165 0.7567099594006703
0.3933003947853273 0.31184636398759635
0.9814067238046398 0.8060337842405165
0.6284461955398009 0.992691040385991
0.841187845212896 0.8672871785641227
0.32552410490659334 0.02098017892061521
0.6359119613074022 0.5303953155466066
0.560346865907033 0.526405476614926
0.4769900060649104 0.47047884110081784
0.6274114548085192 0.29240235313011964
0.1306454031204618 0.9143620493754923
0.9280003447325793 0.4815986361577269
0.7014587585285075 0.4911429549429014
0.9569602830381383 0.48365558882178417
0.6049684655336574 0.9769535244955925
0.5019510602047963 0.668390408521661
0.655578674195026 0.08409316089625762
0.9360431274427898 0.07305568565419618
0.8482724086697699 0.9028840050169729
0.5507504287776306 0.03106026843973364
0.06302846341505886 0.7335612542358827
0.9012893075042487 0.657934898804782
0.13389073534446494 0.09971312029461243
0.20164613467291348 0.4860468763180952
0.32809088588978796 0.6161694181697601
0.4557752963365873 0.7470184609325212
0.4982587747686815 0.26887643060928523
0.2642849213102769 0.5915622391696795
0.43274248723308517 0.11496366295533278
0.40856018588862275 0.39434160622681524
0.6678896754846684 0.41758697228407016
0.08455458021462792 0.3654733850145775
0.7031142002919033 0.9344935427961374
0.10098737181826922 0.6162260280407172
0.33560634657284694 0.8835409392379685
0.2387793116122685 0.33032971845659986
0.7277689379431267 0.1863680500399254
0.761998098241006 0.5624240474636701
0.4237166114966433 0.8318837675301001
0.1734728763640716 0.2760984424540607
0.9490756558124127 0.34714828444434453
0.6055244115817944 0.3398229218605513
0.004173834302817481 0.6628819896423357
0.08019584320365492 0.8718499342662418
0.3768681194324821 0.006811196727686042
0.8487821141445997 0.707323273226693
0.4699217501971409 0.6784738794730947
0.2435447593910114 0.8333269600183413
0.6914872350506223 0.7159641456792738
0.9261705248105301 0.8289895219766594
0.46443590192168216 0.1572296919750804
0.23023536319880455 0.2736684771033515
0.5660133961975482 0.9718559877087951
0.9597056664437307 0.7349905115668003
0.017624475478648316 0.37451545972318834
0.5249558470258002 0.17472435542439513
0.24186394870748718 0.9745912294990173
0.8238035453632366 0.19784135692387572
0.15463539076286326 0.5450272594677286
0.6070599687989533 0.2725418423622603
0.15980769119955385 0.7838625704209143
0.3467175457196239 0.1022298068330687
0.902100825448356 0.3599804881784956
0.8141846968853754 0.15047432459737498
0.38329350017642816 0.40713261653760835
0.750214086118596 0.2676269939165028
0.062403937050366176 0.5394831518363541
0.538719791888951 0.6593578936520881
0.026164806387303896 0.6343108117444156
0.7273374200086851 0.8380885352701246
0.14110836212953015 0.8663122465378776
0.5467914523690265 0.42094751082497406
0.4561384698914164 0.7460846404877883
0.9335601757538392 0.8852092232529598
0.8756798327521327 0.44518302615843
0.8417401054531266 0.4230902495923825
0.7135836422663615 0.8102142976951878
0.7367547047052836 0.5138190273153198
0.04666151318190592 0.540460682865308
0.3410348669457677 0.4439249366707747
0.8042662767567497 0.5887786484929487
0.2373437696142633 0.17884470966040955
0.6902318585746392 0.628715272243147
0.25344874110502214 0.752285267852767
0.06256210802020323 0.6335004758073062
0.7241595234512133 0.7235884039904332
0.5212825097908478 0.6914896777031154
0.3554365147723426 0.9075227618953405
0.6008273896793439 0.06006343873514375
0.6822873561121843 0.11369146470756752
0.9358383559231014 0.10206145389264543
0.6450219489139701 0.07560954220839666
0.21095871102527153 0.6725172990735786
0.9079131500469555 0.7561493265588755
0.49986523087582313 0.3276234774395119
0.8750411002922436 0.9069379995712432
0.8541662439389996 0.22765002225792652
0.5741645762653382 0.4991086165431855
0.46943906246288436 0.3453630994351802
0.5503161416115148 0.15456167221542816
0.6738615083400721 0.6853025412565728
0.1997569053899173 0.017058763861362403
0.7878933399115378 0.087054933349755
0.2130124728918581 0.5318252519262014
0.5747170772207397 0.11674503390251667
0.9420964594904748 0.6026956885940253
0.17839312783225414 0.7485102770619494
0.7658589909147258 0.06124105230739829
0.02959973673594063 0.1531924281367374
0.6741017988412332 0.22512514870853884
0.7732593789627533 0.7982621989599534
0.9298594666696056 0.7111059602490184
0.649340641014623 0.43773428378547874
0.9546372638186522 0.22227333633412893
0.5982181464479919 0.653626237880556
0.23178601053396153 0.8898651523664458
0.39577576404198656 0.3368163848736121
0.0982697051749033 0.6466022980567738
0.4146452589858409 0.6741848849460228
0.9621360285513623 0.9285198830647206
0.03365269386872005 0.7900430527114037
0.8953599849369096 0.24999118335114234
0.9726261703581718 0.07497551350097087
0.15689573016843772 0.12748624739690917
0.25251817816592226 0.9709935162783301
0.22894462513522296 0.13854448672973807
0.4522794037857254 0.21739016612563655
0.7925681184647009 0.9207696310831772
0.6169082532726438 0.33336422534005083
0.9128236546141715 0.21817970257417474
0.7546992038565219 0.5755837726472699
0.6198329857409992 0.2575160231088556
0.5737850491728129 0.3352901733025173
0.934722508417922 0.5459093787397706
0.44980482681687106 0.5107666015262111
0.5006446886064286 0.043095346617091135
0.8346529694977876 0.7665927426310788
0.2997042497912312 0.9978421300208422
0.5940887283216774 0.8725886119376047
0.9583095809592665 0.2661557215859922
0.42918647119987874 0.5599417967447873
0.8065655646117598 0.37333853183376253
0.46947562629014894 0.30364457813127954
0.7924819538923904 0.613172175082884
0.5776326920714578 0.7741381819540549
0.720330558984809 0.2354752051443021
0.5874304317122514 0.4509835254704171
0.7871784286892805 0.6246978813007347
0.8811528394643817 0.42747507023015974
0.21027634563925135 0.6277465322818128
0.888891292909568 0.17403929021439923
0.9034507062467636 0.952350342429297
0.29533424516273166 0.10434936171574627
0.8325067393507373 0.41577372075559826
0.7914193790015869 0.8679881308806605
0.2613208225789274 0.24277588199881728
0.26843512360119726 0.8905917654649069
0.4980206863838721 0.11533690864416069
0.4627462113640013 0.45230734982264953
0.8513022373106565 0.9843246833124382
0.6584739402191271 0.09807451736365391
0.9450856187758205 0.7574060780624337
0.6362397905411357 0.1314354073872781
0.2942834862740682 0.8224684456144877
0.9064714537749905 0.4110575393786662
0.8630276248011659 0.16969364309389312
0.5176869498308319 0.5651641183978979
0.834668256161831 0.656840640506688
0.8085100242896972 0.9501599876090263
0.4818039807694803 0.09294046739555561
0.627515115692999 0.34679669606111707
0.2346233546148786 0.8336800555577191
0.22556640282359686 0.12321870902074061
0.40715490902172213 0.791917507065937
0.4245395698519079 0.45943759632087566
0.43513922587178233 0.12869976886555046
0.5651984909549288 0.9482908695011418
0.9758315705222838 0.5882913174909656
0.5015091295437539 0.14632592094231134
0.7920575016847706 0.011389566303268595
0.2894172146131073 0.12019962800683626
0.6393909518622787 0.08453047156486049
0.7556720942346691 0.042610444847657414
0.9819106424047623 0.5612742180342667
0.988414599648435 0.21016021143617247
0.3468481085948043 0.03277368505669487
0.09785918590826914 0.011588601161091727
0.3390095113604483 0.70051442555971
0.023289542520051665 0.929247590726535
0.999937628633641 0.11607665148436275
0.09847631756680353 0.5368886876903243
0.115343577357228 0.6100954626202153
0.546861553835847 0.8968376293712912
0.8759765240304327 0.48377894352900186
0.9608206483971933 0.7697245312892531
0.6957793186954435 0.5754433367725142
0.8314817047034624 0.6385064655454142
0.6214847988027727 0.6083154239462574
0.4447643224386124 0.01382468276347737
0.38898853695759805 0.07005557976318344
0.5736164262068812 0.4414080991729168
0.5687531789540388 0.418907996292579
0.23535831086675807 0.3630972228494094
0.2804384524965853 0.32914751423080335
0.3007237610999036 0.5545456338366515
0.13608742278617636 0.5903506176765327
0.32543866844016733 0.30356802609572564
0.9026081076913433 0.45764717721648984
0.9144488414357284 0.9188395750969425
0.5433592088424755 0.4443011510877224
0.008632242290723458 0.005144848186250606
0.6115271698652243 0.4037550933064502
0.8752304019925157 0.6074718635509306
0.30076243045453266 0.6589967575030176
0.9281238181018656 0.4514637443915479
0.18597658548116258 0.08839817746051937
0.8727237799808709 0.7551193483321395
0.4643534298800116 0.6394761511735285
0.011291864571106203 0.6870556327044355
0.2149862417356554 0.6334475470120462
0.5706280408644544 0.5317194297093129
0.3178670773520882 0.8548630807811375
0.10637057045791631 0.23652099913670122
0.6672058347093279 0.297674298401015
0.06890169885432607 0.835893919159755
0.4262218230739414 0.20218936336339688
0.08941941680272625 0.07376372209619464
0.940120747326791 0.9940966400135849
0.553588893843608 0.625565770029251
0.7551095522409303 0.7325602839363949
0.24042375738960553 0.6340630786028127
0.32288387348601066 0.9887744245126115
0.04357097147280742 0.3364786524502763
0.889781527297457 0.1633258950532963
0.058799765650462854 0.9440217459333831
0.05035455688937085 0.16418668012988302
0.3804560169147617 0.7408064293668128
0.505742846627212 0.43307550015116814
0.5806915379757391 0.6836835933678105
0.39249054085389434 0.8755962341988197
0.8717414082876835 0.2806211184000109
0.970259837765381 0.849483972602616
0.15130332776118371 0.03594564481906648
0.793027250292093 0.1334188968242107
0.8858208044327691 0.5352741533827008
0.15172642239040846 0.7217641362940499
0.2778618712746659 0.5356059470733938
0.16912501261714863 0.2393056342638955
0.8933025659136966 0.055541838155515943
0.5733351396432282 0.49402713626415506
0.22810830979605745 0.9031603333228935
0.5866138237467959 0.07319063563409833
0.37238618964533376 0.206814649513829
0.21351806736756096 0.23187383294210595
0.09285191264339177 0.08333526211258424
0.8294074795374491 0.5234612485829131
0.9310240729635515 0.2515943739807063
0.03692229979202888 0.9304252570511036
0.5767897067215519 0.8369394017135214
0.1276273892990767 0.8538871359552358
0.4556077915693384 0.18948044113327422
0.23491992219818036 0.930760472272772
0.31997938538913795 0.588933757464724
0.445023001572024 0.03311678876613211
0.24897631995352532 0.5910955807575005
0.3059987672956679 0.032543156101333626
0.7859516599054712 0.9655041518414729
0.7737547396967916 0.643538577253153
0.5819930371072539 0.08540000240252965
0.8623072609765183 0.00001830271427083474
0.6456725654390258 0.1929763558272204
0.9433905365511179 0.5300682246140909
0.07594522892184363 0.41089407662926414
0.898900115596744 0.492065925033109
0.4360753255807588 0.5967192249273146
0.9348393651867146 0.07728782699260406
0.943246996673692 0.7903872921869606
0.5317375641399773 0.7744050555461448
0.3386319759232226 0.5672249583793512
0.011521715611086725 0.6646106494854371
0.7902163626819392 0.43403411985304174
0.1180906874937726 0.2608730156575416
0.07588477584525766 0.9288119884775139
0.3635281353493105 0.23810034543640968
0.5381268087823599 0.9640274797329049
0.8416886288427983 0.3175002466010812
0.019170026416529984 0.5785297955938027
0.4678349043709551 0.11237868794695816
0.49480802138891655 0.4690426009342554
0.044339849618086236 0.6301255054305566
0.202192414757417 0.15725893195923568
0.24306040357987935 0.8312275194879812
0.8927985665979576 0.7291532920530401
0.36338958078856964 0.6350024732593085
0.10629735130505624 0.24676339361756128
0.13465962279362542 0.7689698966139771
0.3217086567894125 0.825128136768744
0.8563733153343207 0.9596086875787888
0.3878861409508043 0.6958389465585535
0.9007431777672594 0.9716292738117274
0.5461034590106328 0.4843676209996788
0.9552414091525618 0.9338505430494408
0.33985617666935397 0.42809557818126165
0.08978208611442073 0.6621291587014821
0.2760959259003133 0.9654236086530779
0.4129581767115582 0.6126308056008132
0.4834496650724105 0.2050909272925494
0.42088478583939315 0.8775756352787281
0.5904844800106954 0.041301243516559394
0.692179853692418 0.8119534381308853
0.6433521699392779 0.36466887546882987
0.17389777170722054 0.8337818583299885
0.9585186963514525 0.8590988061259393
0.60483611710671 0.8603862013407062
0.8161549202155489 0.0687081048734286
0.3567508662379537 0.48591949773073106
0.3153893181868559 0.4410729025136617
0.2265989082546962 0.2742827119616431
0.2588762479188973 0.8257370274573588
0.7350181243101224 0.8907021045845958
0.8270705762896422 0.11273262183459365
0.22248108255779497 0.3856543079992485
0.9142610429518545 0.46376745383817775
0.8822229023780941 0.44224535018322597
0.12004317816600207 0.9128718009024661
0.3897325720326852 0.8508949001259349
0.2262660041373432 0.5704379521418035
0.1964790608962943 0.017764355893777894
0.2683762470330404 0.2624000806347806
0.0003046745408814555 0.8901300533308278
0.12924277809781803 0.12263761384420357
0.2563642909502015 0.7816145506173033
0.08560892274179399 0.7043485378299938
0.42772889492348987 0.7452270772662515
0.49505575518658174 0.5827003664068895
0.9192223115109572 0.6250384903736375
0.6890932939863847 0.3656151311276399
0.5598370917410036 0.9555805268553372
0.21314503012081842 0.1617042493995109
0.5327218347175582 0.4875606558630965
0.11122987685100116 0.9611279887106754
0.03741306827100699 0.6945593898332079
0.8201296852691726 0.21290533117315302
0.027193729262610322 0.4692295096799568
0.7083239388076892 0.010497664223455994
0.45098713956315595 0.5032837288655931
0.3267630627309033 0.26854866904102104
0.7731818259143397 0.04922166990542265
0.16519707078641122 0.8367329115100302
0.8898609154910568 0.4925763036005604
0.09478167368592239 0.6103538853929782
0.30887502179509196 0.4882384949485934
0.26337258828540855 0.005362061357578662
0.6304012728718213 0.49978858521038116
0.0006713537972415917 0.8327637265491799
0.07537302801403922 0.5046689993659743
0.07482779822824392 0.6360769091817711
0.29197066461185606 0.8731184705142607
0.6944250014934512 0.37940384548252326
0.007593678705614115 0.7361869770496794
0.2121669025322701 0.9407539719958313
0.5146097914464833 0.8459885448503051
0.9160271173044217 0.7868910753659974
0.7884535451462631 0.2679435828005281
0.4343827996738814 0.30512061643549204
0.7710791545921589 0.037306880952951094
0.8895120473408302 0.044954290482309034
0.1140429856050782 0.4332831846682146
0.17389625055073799 0.6341710154749118
0.06675933840639803 0.6084195401220291
0.6712143102086456 0.5495702020417559
0.19518063391501506 0.18832310593749413
0.47083863431709694 0.390124930437034
0.012552286369202026 0.7754256736051333
0.7100198189370297 0.0944013393266614
0.6362720946937435 0.008851429016854429
0.4321253428596119 0.9167522911111443
0.9311695235212931 0.20077551356575052
0.290098553941345 0.5010508302079204
0.3469148163203546 0.6967510045766139
0.8429549494447603 0.862612525557283
0.3715101174142472 0.7144495884971374
0.5748246512705384 0.5694249868868624
