10 2 100 5
788 844 869 902 962 1025 1073 1148 1169 1127
785 847 895 930 958 1034 1102 1210 1295 1240
816 854 890 924 986 1055 1177 1317 1488 1311
782 828 855 909 988 1039 1123 1243 1284 1218
812 809 869 889 926 985 1051 1108 1137 1124
790 784 869 858 905 939 1249 1262 1300 1294
784 826 837 852 903 1151 1165 1207 1206 1231
788 802 827 800 855 1133 1165 1177 1171 1163
746 771 766 828 847 1090 1104 1100 1095 1126
750 730 794 776 814 1039 1071 1094 1074 1092
5 2
1 0
0.6054331608920438 0.9249133752725882 0.9102499903717411 0.7119430503377455 0.3206971900974358
0.670635079004493 0.14647358867000837
0.7406131507574145 0.353901803078144
0.38872657033930347 0.635381674845884
0.7888322731548163 0.35443935992775466
0.19182846128625686 0.6684630350456011
0.996519140634105 0.2700758542714121
0.31620950874397336 0.7874771645942886
0.34160966378787605 0.2620419979748636
0.6892303295860769 0.07598368212543716
0.6461802571912068 0.663739741341961
0.12131038015110773 0.47971790511640866
0.30834560446717196 0.8635298279780697
0.3833056762051994 0.5805932058545127
0.5497695266717906 0.5902021007861344
0.9228045513144909 0.2683418187708726
0.7967171837728613 0.41981348160388277
0.1680128622101562 0.7550851407862296
0.311299096433181 0.8417107992122004
0.5206930086951902 0.7080841355433871
0.2598070595713058 0.558118674084767
0.11662966387851159 0.7731641922441528
0.0233793725664726 0.7395754457123873
0.8583414683380901 0.5004117487361488
0.5830610172746455 0.904241662171817
0.9556786334213019 0.17990057190144326
0.4901578970582112 0.2374536613191518
0.41520349865750394 0.83651057667704
0.7434331494598434 0.6734810138313172
0.9808485316523443 0.03496375086654879
0.638744138417749 0.5570728100967479
0.7505361786389464 0.4511233330778823
0.9477242974422386 0.5426366841883858
0.8473456962712811 0.439291128266992
0.43474416799595716 0.7869876887297684
0.2638117495256278 0.4855471223863608
0.09607345436204429 0.48555208771380043
0.700277410316436 0.14139679978832165
0.12353567463690851 0.4363465823374204
0.9998309597087773 0.4091120927210177
0.8266563695609017 0.29046742505643075
0.31490592859639777 0.7540890185798426
0.5788740639998338 0.5764410264682487
0.8283684981430537 0.3805873321983715
0.18237089459020583 0.04715128848184169
0.04118732237692346 0.9586718206267231
0.31251221098932236 0.021456174079143908
0.6543308355493829 0.610473851381504
0.5444086236676731 0.45033415127079146
0.7085611460299788 0.9440068097940002
0.20494990828342252 0.8299255925058995
0.7799250515906886 0.8666902664068306
0.786438741746609 0.5248268328065528
0.3448780826624085 0.8924596760787278
0.2484285866299143 0.11113703487561777
0.7547765777036453 0.5407255205920789
0.073156908013978 0.6139727686600842
0.7248707409339381 0.6160607813161638
0.594067493145765 0.7308419355322608
0.7250704071920506 0.510084267080726
0.618981237182695 0.5362343559960112
0.9117240525535886 0.9918545769355169
0.24026604055304102 0.9638101770026617
0.6002283609315049 0.0768896090561666
0.1013586281701011 0.9935703043933499
0.15508468130382047 0.4975341352925049
0.7092467019134394 0.9570808735605212
0.26463248032804176 0.30625141081688767
0.8834002523225821 0.8253185313999107
0.18798390903986673 0.3208502223584315
0.9060982791279941 0.28522655369388117
0.9417483123898815 0.9929617743270038
0.7800275746575838 0.1771277718058133
0.45876969840990545 0.4625064839437929
0.2597229394798224 0.5548565686370819
0.3380469288116641 0.2572743101354955
0.13733679644825902 0.801133072194018
0.23406198943335843 0.20615399896761133
0.46571945164298456 0.11926516859339764
0.7284116722081169 0.9397361598514533
0.6447641448768493 0.3678599698285354
0.2587455532475078 0.5617595929253398
0.6051124421307592 0.017906158562173813
0.6824515362482124 0.5865139080172881
0.5469378207591482 0.2923416998856818
0.8693688249269731 0.3376350655989473
0.3490304676785969 0.0024630973196717587
0.3964459681210828 0.7653921042130554
0.3475229899247809 0.5093315649759256
0.4929127150285373 0.31830854827763444
0.1733279480687948 0.9796532394853297
0.15895240735504745 0.3578758881140742
0.22613754838451827 0.5168355798882167
0.3922392755551516 0.8638866506273082
0.1306458763503473 0.8423573760595828
0.608259804103155 0.7594982335059159
0.9349856189345855 0.9408264472168859
0.4096655385370995 0.5312506178012837
0.4508004054770516 0.257244747276667
0.6592416020713892 0.9384089539692353
0.06197354486353701 0.361631603032081
