10 6 100 3
807 1219 2343 3298 2238 1375 805 866 730 879
1031 1546 3435 4289 3317 1718 796 776 892 871
697 1392 2300 3326 2235 1384 665 623 923 557
706 1058 1239 1359 1406 679 661 606 912 605
927 694 840 908 907 832 728 753 874 692
827 855 816 552 541 699 689 502 689 567
543 753 917 678 556 774 640 837 486 815
497 881 688 672 879 690 489 856 828 867
750 888 639 559 706 860 904 805 705 809
597 606 503 836 786 675 538 557 648 827
3 9
9 8
2 9
5 1
3 4
1 0
0.7425530755686974 0.950883605241577 0.9914654207623692 0.6383178399502352 0.3599825142082732
0.987300650310426 0.9216963497125692 0.7701357005447655 0.7989538215354366 0.31952218140404065
0.3209446337584947 0.6725112286983697 0.6436480497265489 0.9085569269699709 0.474395775646099
0.706790738650535 0.5761103424639595 0.9167150921450591 0.8166078542793667 0.49764107505498834
0.6286647685096609 0.7476444858051179 0.5435216787818671 0.77991937631477 0.47814726175025546
0.9883006662595801 0.5110193846902178
0.4598766660703075 0.7539741687494084
0.44196475988756423 0.7014439280829547
0.22127301048408232 0.41059107182832877
0.3612737341468164 0.6300773464317073
0.2679049654979706 0.16000410499541817
0.6932907682443687 0.0379555147280628
0.027579684449557718 0.9496255343731586
0.2705262600346716 0.018591859241012143
0.031368008709994566 0.35627180279290216
0.02550078854642157 0.4330654179470641
0.4909638955302602 0.006221092029633057
0.03417086111611334 0.27776828669752285
0.06234929607736528 0.25756750642376014
0.2576371425866968 0.00677711817631188
0.9137785812188712 0.8439808698238345
0.8085139490262543 0.704562012031736
0.7664476641767834 0.17467648740769914
0.3129187081309577 0.9651617852416521
0.853994243084883 0.9613990900093843
0.21379998995780358 0.590839708721435
0.8092551931952177 0.9180472902443013
0.9450322087365528 0.7271833614614303
0.3042491840228543 0.4558437742576431
0.4393049416287831 0.8277989341067706
0.2058642710160794 0.8137959306110765
0.3387188056457766 0.061329984586659725
0.29042032045609645 0.7380535015271659
0.573531996742541 0.3688176749567036
0.9402274955922911 0.4426061571246471
0.9509854694685356 0.17475643992595336
0.03456728886669591 0.7204815179356931
0.7029490233849167 0.29550087276547665
0.10220652591490276 0.8559564301755158
0.35877181469348884 0.15426987188546137
0.8312260544211971 0.749181367696014
0.3389618005626369 0.07440547874767756
0.17435372546337846 0.05030528105587573
0.7632674676837161 0.9286743192862277
0.8398958008803972 0.24684177442517696
0.3575752845107951 0.3223078440114455
0.345698621498409 0.8500019822805265
0.9605889989120597 0.7040597817450944
0.9807242169878683 0.6268336034410829
0.9488339583646359 0.15638709057595768
0.8731530995804511 0.7911421031732824
0.5444851859732507 0.4877599355061071
0.8536356687992743 0.7351658968919887
0.6035791107837951 0.8379591294393498
0.17541526750014746 0.1630654879505482
0.5799304482201506 0.9587582021192718
0.6730872043242402 0.5937061987252823
0.3943650517027899 0.8010075784871475
0.9061835095500419 0.7311684054797449
0.4148006244710245 0.6262327060811104
0.7516171972355705 0.7222279257156963
0.28601438595720774 0.03999749073571457
0.49328146483102775 0.8109680941943664
0.6459516875009792 0.7670320503492547
0.6702977109448931 0.9949113932871159
0.2811973109364607 0.09277192413368529
0.16025462855995865 0.668139520374861
0.42601977750574327 0.05336022783255423
0.9313399587965243 0.46059298498942947
0.5416332194785041 0.36677232494200585
0.9202164271034752 0.27676938063320367
0.5555324020737005 0.1853800899310578
0.7053529813140516 0.9609671413433325
0.04880303891527382 0.915475823055131
0.6050803169802099 0.9217036446586964
0.801960818812153 0.4847759057533896
0.8773181217391568 0.8676292611835357
0.5140487123444046 0.5762237970050585
0.5214218390786398 0.8863783055798276
0.048524645145113565 0.798806705296077
0.5224475857030773 0.2257224960055355
0.8014528254142936 0.2512847378242402
0.957252875807785 0.19604923154355447
0.42682903578639353 0.9826174517035347
0.22917975730426465 0.8197344497757992
0.12398118875279618 0.29777762053568346
0.200023796678086 0.05271792067284009
0.322181379859088 0.3283734373971894
0.7620793135711779 0.6834389856179641
0.3381438606627776 0.298250470733457
0.1141421126115183 0.6671163478497573
0.7895361167444794 0.9608156331511377
0.5638657139173939 0.8511537821591215
0.5143790415394456 0.742091921297725
0.16422263399020487 0.5402398514360198
0.6849654684328881 0.5555286112233415
0.7225691056047332 0.009310281863236902
0.9590524508207912 0.06566456837285806
0.4858627068030543 0.17732228085444146
0.7900386669617756 0.8664333104333175
0.25765676226646117 0.293964301140792
0.60184739552674 0.46278242163936545
0.11168173455258734 0.21046695172317698
0.3046511481710963 0.4400237004368308
0.33077851817226533 0.9451823096610612
0.08440007969530328 0.36868784881352923
0.9905227300394366 0.43305294142322426
0.6264366869219813 0.4514961372920514
0.4691809089049541 0.3100547447938058
0.8604598500811327 0.29679000747478335
0.08821041079986491 0.5373757527676544
0.4629365366093041 0.9621341431631663
0.24214179246560175 0.7926885908944983
0.2340208268850359 0.8837252014677526
0.1779843837107653 0.36114674727729446
0.4452768954623565 0.3204516768488703
0.9746079328635289 0.7815041637759199
0.2754667615200421 0.6647965803527485
0.5757699931274969 0.08974362547100845
0.6123732209146293 0.39978869587580634
0.4009039875962035 0.5289318736921267
0.39084154308733376 0.902710096295432
0.9822143041363642 0.24705195187234774
0.820987478409787 0.7782541242604892
0.3251157007329577 0.10346160574267138
0.8587995616890993 0.7400091269320686
0.20489228599114262 0.19656305537012164
0.3488965306438552 0.8012743616302145
0.43871715216041207 0.2314792814005182
0.8761340516847431 0.6974523764066556
0.3478738123391809 0.3755132409811839
0.9406201164462626 0.5621888986985857
0.9982928914918494 0.2687248190582392
0.04987922453250149 0.9932093642292672
0.45794971351333547 0.7566585969269037
0.26442597822003355 0.025942308205912035
0.9730932750835595 0.46680717683349715
0.32450915851934603 0.21354423585889926
0.8534482833608754 0.6767328277466431
0.1508131805124786 0.19047104517548408
0.4557264311495528 0.16965203874177637
0.9003034106656318 0.9969311337180364
0.29627056651287575 0.6544451327398817
0.6703138717128807 0.1583115126875403
0.9786763086080414 0.6484496567980433
0.42346222005815637 0.4167904593411986
0.9123093189461189 0.5651731885663502
0.6345943630022028 0.27302142494786286
0.48307603478885563 0.3817624318246844
0.33841662159987673 0.8007015850989914
0.599662595089351 0.7402335400788866
0.9000824491393522 0.7166878618248673
0.019956633797856504 0.36997534686321765
0.6804831570590233 0.9205613671683315
0.7692312625314333 0.2614079540979968
0.47691559018574825 0.16051461053272975
0.8917339316944721 0.3968279359412201
0.7963525206779407 0.09907545806032592
0.26308439022849295 0.97918492602729
0.34008606718130596 0.3153190387160487
0.32870624126988135 0.3778884150239945
0.06214598790993686 0.41259896166773946
0.3230214258506878 0.9490128012361405
0.3116218510035236 0.47549692727028803
0.792441228637929 0.8801942896941974
0.5377490510779741 0.06176510174005645
0.9591303230341726 0.1402894583774983
0.783768108972744 0.5740793431342825
0.1525009875520078 0.4747019949942828
0.9885464751599087 0.33325973533850317
0.23611012095749584 0.708242977518651
0.4964275857505971 0.15476759779646598
0.14640822511946383 0.7200046964484952
0.7000302261724398 0.5638160691940024
0.3903587875358461 0.4794906899609894
0.7103131591988274 0.9669469224180731
0.8070378479670621 0.8489398950702971
0.009756207330757993 0.8112535180678151
0.8891613111765173 0.9222654709400164
0.7178739720766814 0.44295790533875157
0.39113913604064265 0.24769269385970683
0.9970929678429152 0.054182834245579015
0.750481859663299 0.2293655051843222
0.6426740554310437 0.5783317479859991
0.07401061355565997 0.7251571912701511
0.8111644557207089 0.8714492483662475
0.9581999529411975 0.0861239946578547
0.7004477767573658 0.3263881028187432
0.6403609125550795 0.20177629551447573
0.7356240926370754 0.40746186444793286
0.27814931721546765 0.9308731099305065
0.9321484689565951 0.8649661589794826
0.8877775459590169 0.4482742278944012
0.1496862412444191 0.40622571836525
0.6377734891156814 0.33076482695155396
0.8703417139870975 0.1860375656394313
0.14005745302756312 0.46518327549469185
0.32130574329063233 0.2236573177086918
0.7319468418881128 0.6225692154951055
0.7394523436124554 0.9030356835204671
0.5684526646948722 0.7991942211041616
0.1836813067151979 0.7745550529262117
0.6976847730561528 0.5211977518626065
0.4112211860261594 0.9120098001481791
0.21885449629294174 0.9240306628838475
0.7206417809968171 0.04342003852656284
0.24190981075111218 0.42050472677381845
0.0013453262403155808 0.6231443048877956
0.8013242072077065 0.039631149670418475
0.27956012341552094 0.2040315403969668
0.20699086544521972 0.4341138460863667
0.05132909852346246 0.4637887024403824
0.7634642514109191 0.746339970684927
0.6266294132570764 0.6141581887055774
0.3485236768463982 0.3037055571381553
0.4179329821320372 0.36638178346191275
0.04102333740180164 0.10184837444694139
0.6503714901680513 0.21501411922824243
0.9245084251841718 0.9715353308794821
0.3148043925205477 0.838122543257088
0.6682086715142599 0.6425125423934459
0.8451112573349568 0.568845257392939
0.27783395592080495 0.9340270838860532
0.6845197578570155 0.46373389272281496
0.05278808076546415 0.13068804729122752
0.03650650130606081 0.20572048541247678
0.18341195187769355 0.5181069519116592
0.2517664233241883 0.9808789681805936
0.5727232408738032 0.9982425371066608
0.6392349517490008 0.526116890577208
0.0010842204530323585 0.9259582601173697
0.6035952321637481 0.8574000650013793
0.06429386486377275 0.08263629927122107
0.7866595355038699 0.6073056782683837
0.9338993620192992 0.5464671907747123
0.4806409699532155 0.03010715582764001
0.1266291427530235 0.33091202155046706
0.6560185784955732 0.4962765413450163
0.9448000016906313 0.3143648631468672
0.45906072234694717 0.10993046342331292
0.9355432320441439 0.8409926851718934
0.9359280594737642 0.10004147309076417
0.9668054348524455 0.6509573277995189
0.9399807088937515 0.08727187991712038
0.7989375819510125 0.6178031173776164
0.9947013819018811 0.1545962697928438
0.1889323540324599 0.41643704047539365
0.25027855090131057 0.22530734904768424
0.07649457687534178 0.1420012982769494
0.508509766499835 0.7977098079168754
0.15441229099725096 0.12859120663856882
0.01144115801303447 0.3495098478209244
0.8897879607906807 0.19010346275505974
0.689489402883428 0.8223990904665959
0.1633208789944378 0.848857430109321
0.9937806620789056 0.4512984345839248
0.02305979830065219 0.03763695844342285
0.2836405069059742 0.4908881747274112
0.43549955418344144 0.6900914870749066
0.9019674380047105 0.5631684411808899
0.13610099022531452 0.6536324744957056
0.29701769142697576 0.5107912299710458
0.9995466966645734 0.6473823252655062
0.03596840380707822 0.13583359757020053
0.3436948407092544 0.837074195448331
0.5376014604356449 0.8601540548086972
0.09206511261274297 0.18187455043206158
0.3465815171344111 0.5198321957743925
0.19883165219345078 0.31127524329069045
0.19310632585658483 0.15908687117132736
0.5332915083558831 0.00657324038843532
0.19560164446001127 0.38412704359994243
0.6374284866469855 0.49356859037845036
0.03301219966425539 0.22072280497185348
0.4448085270004096 0.046642346812174384
0.7519812438502513 0.37861394597305553
0.06371346600091399 0.23320121393330862
0.6743083108240837 0.5308712783593956
0.1777359039843085 0.8239944390116558
0.36920796280847323 0.22334218735866984
0.35417473060639604 0.6035487650523848
0.5642428500319079 0.4116601985319981
0.32922512496952594 0.4583719076977839
0.25059060318566106 0.41504713333846377
0.7896159214774898 0.4405960861431515
0.3454048302847723 0.23597289899596685
0.37607495903035093 0.6544226409948242
0.662297441989264 0.7220693643232807
0.43845543075772797 0.411977513199113
0.6158611566614467 0.973789102645851
0.055008226289467554 0.34189422104008216
0.4240843325199133 0.05452401326431766
0.04652509647296332 0.9473072731934813
0.06251626261975352 0.06590496507104437
0.06352249639572372 0.4298103823200421
0.2953298664566282 0.7006698629164447
0.46540271398251054 0.2660532871985486
0.7895074820543806 0.35121462281584304
0.8450850232900831 0.32599997526955216
0.5265279280493278 0.30813595695297136
0.010727295717481544 0.8484055485159383
0.7679554984601165 0.44392513029118663
0.7416909251877775 0.409062159453077
0.794812990245163 0.4403413695731566
0.6817713625468813 0.7949184765492472
0.21334686941831604 0.2900093425883512
0.1437208929376046 0.21069387428665176
0.40067150522390005 0.9142580742812851
0.3547081700781771 0.6571330475115098
0.29460785747435714 0.6096464818937026
0.6857925193829553 0.3766053614000757
0.7549568677430467 0.02042224577310181
0.4558618457667538 0.9556930344485959
0.5516341500888755 0.33903226450833035
0.4424343203548622 0.9840140806595605
0.22138429563370599 0.9291882629136596
0.25952079622583013 0.755166017113867
0.025292742171475258 0.8624165385234785
0.8037692096946101 0.7370681274295858
0.08754634726070432 0.8073094436012411
0.0355638447063229 0.16023768353916767
0.06564331897740416 0.7629724730877889
0.8818882164431399 0.578009066562593
0.5026850338208255 0.2780900299857276
0.6131348765784714 0.42105055070306974
0.1400474506049183 0.6205482083448162
0.5710624821039116 0.8983109184535976
0.7179977383713936 0.23921721956245712
0.7320014440162543 0.14351404829283632
0.41552377016857034 0.006228759568964515
0.05868281307230294 0.41984761104777024
0.9938003746081177 0.6040888674679605
0.5073233602380245 0.39368137066371744
0.9696247141259704 0.8372357395496648
0.5816075254517947 0.42436136220245535
0.5352123769562862 0.2275264663191392
0.43051088391432235 0.6182011555479288
0.7257845258054214 0.6730514334656184
0.9094090633034608 0.7182492346964842
0.7972207373864173 0.6148403303913312
0.6902476463661427 0.1257611904771696
0.5450249456756957 0.6178388507459072
0.5189170634113147 0.4548030816120814
0.5636188019693866 0.31974150356610953
0.9381210431695726 0.7868691321409038
0.04105867904093419 0.8263033591652134
0.42867846463500237 0.8940369525522076
0.441394016086917 0.7098684146018734
0.313513877902859 0.8432441399585349
0.11237745613475036 0.4017902034236067
0.8591745734317311 0.4833314099462427
0.6264191260978227 0.9548048910210625
0.9909725313076032 0.7651417322058853
0.4588410126721847 0.04854004866509687
0.6213385085213063 0.8876516286657119
0.8981335741808258 0.20475338204230842
0.6207665956886019 0.9378177884284946
0.8629356406330817 0.9541880031747259
0.456148134192621 0.8278036764842904
0.37225391571160826 0.43993367283912765
0.9207812346681483 0.9141444542541628
0.5452327838972735 0.27562409173317315
0.40930046741819415 0.8350353675004063
0.4354653736030436 0.9367364622513183
0.5483406654397114 0.5804994501349992
0.20707770768033607 0.35048944465167997
0.8468955653269417 0.21187497930809074
0.45832479702912154 0.18067549465589905
0.2737028095040146 0.8847344623173068
0.14204798050867562 0.032666982999237204
0.7440810242293954 0.10214942782103287
0.08093979170417587 0.6962397469231132
0.21452638487949227 0.4474738497311277
0.3096872212811246 0.43567125646894045
0.003678413730156427 0.25665807492150194
0.9576716790441278 0.3966772690771869
0.3862078110272751 0.4183285748689254
0.19037470109367916 0.8495967475523951
0.0949316193508285 0.42155280215669744
0.9379969309111551 0.9749475405896806
0.8503584053180719 0.12055275530930931
0.5256722063244517 0.7613427026032096
0.8448303078149071 0.9804610000440466
0.4566174777978458 0.6488451084978211
0.03101955408510615 0.045934935725542525
0.9427254177711564 0.7270014750644018
0.07772432642518168 0.5946929743248541
0.20304066570717394 0.228364075013187
0.19960233738028088 0.09301224882168291
0.20511639805029613 0.72214670291078
0.41463680375091116 0.17877634402545062
0.9304553904781938 0.9715382681111027
0.5232202237669137 0.6431613411720118
0.8311780753032885 0.40904676637444437
0.4866524846278517 0.12273818059426689
0.46732945362900646 0.8321455054975049
0.8702425093125357 0.6307451040518195
0.747324598434717 0.09295980483285482
0.23270214189667726 0.9088767904143524
0.13419153311361365 0.9227967979473686
0.9191924602024613 0.323849509441521
0.984137956637404 0.6715537263574751
0.611119042128411 0.9866191037912493
0.04298424700269732 0.9038677743764552
0.21519564685860737 0.917335888398898
0.19769942252174144 0.6857446943597325
0.023114514630257377 0.8328322538555293
0.9735184011492704 0.546457969564889
0.6191615957067749 0.6942309161077835
0.9679874428985495 0.018191361329825684
0.323440894631269 0.7330814406921411
0.2571439670974869 0.36727031367463847
0.31473661661383856 0.17368839481743326
0.8912777162455516 0.0013006754956168542
0.028879657320411534 0.6138686344645474
0.2144747179274007 0.5867825585651232
0.28539515576584673 0.04270717790115697
0.03117539059668606 0.4681884559701812
0.8017978150975325 0.13964787831140946
0.7476565025726918 0.3332744884975156
0.5391971795992188 0.6381089920806082
0.6614385866452261 0.19276916917699705
0.7228262957118798 0.418043659870978
0.6228425012938283 0.9632219750404816
0.23184532152454218 0.04425503576906076
0.8800004990568668 0.8213483366593639
0.9585769097429417 0.5003870498306102
0.22402107921186487 0.16016740617604763
0.6202459819174553 0.01907930828962323
0.5420173178945291 0.29848622543182746
0.24893108914464968 0.2724295889448678
0.5236625766312932 0.7774449002312138
0.24601140108199915 0.2726725291184118
0.02755566460240888 0.8315968897488573
0.5783278806993586 0.5427224599205043
0.1796854997944961 0.53913735365663
0.5061386041789475 0.9940262495901446
0.5286202255843604 0.25419369728121355
0.8025823223699107 0.5702058330345106
0.24599650522875005 0.2167870849556297
0.7159523335964557 0.34032096943480084
0.018206378717571692 0.04565804311980948
0.04312133311299249 0.7023834560433673
0.8918251675671436 0.43649780582156894
0.3911677903947759 0.19493155602270273
0.7018729616583832 0.43161442672599404
0.7553631038224478 0.6198038911056578
0.6843832773603777 0.3792919784466957
0.6929627879014189 0.15943826839942088
0.8719631650510513 0.39286266222351407
0.5013175933660805 0.7156483005403473
0.0900206495307001 0.6621813088004764
0.05812472479083941 0.7431438175215197
0.36081586350056805 0.05421391454315572
0.4744812667754985 0.4206288682004251
0.25928444938497686 0.2449552066325753
0.5558223466589975 0.7228377417341911
0.6071590120000039 0.8342029074831823
0.5644515341729293 0.7220813627372502
0.173594377499376 0.7327754647797422
0.5564290960794709 0.09853734846787687
0.14596130415887854 0.2400486819416885
0.7318211084696395 0.6171382115493058
0.9754044208948696 0.014836922050159407
0.27188795935900356 0.4404562735045632
0.2827396148889534 0.6214795245982176
0.8508551191624061 0.2547826127820323
0.7129524520488391 0.39017745767660017
0.9070749005377052 0.2947965864990785
0.2714493413610113 0.760559280936675
0.8187776682349333 0.2719403142222223
0.3572846722027707 0.12132718615728844
0.8962509355323656 0.009348684037520538
0.2797386658443155 0.4103221569808764
0.3826429612138287 0.6224918396470012
0.15763353505817967 0.1926694205372126
0.8577975494856258 0.8913735182627904
0.0717989222593658 0.246666274854056
0.24328691199791797 0.8432058332418337
0.060094692784832926 0.49601668638280394
0.09576709783906989 0.32289522682681326
0.18666085694686751 0.006791648538877926
0.18469241211972376 0.0469923204321967
0.5946661743955752 0.017929003629781448
0.5777788082132325 0.6643415565517112
0.025717550357171826 0.9383213524276257
0.9267500120213827 0.4025837669044494
0.49534443723699617 0.331969279714899
0.716616041031618 0.4399935323300186
0.3383304511859584 0.298095697831561
0.8518527140707581 0.919179443874649
0.6883775051657401 0.8132804116357268
0.838883763658197 0.7521631630290309
0.2712686318175206 0.25446929675421237
0.022812600126348892 0.6992341277758702
0.9446224645591756 0.6674983179055634
0.08295961801732799 0.9211833037426784
0.7739771075661304 0.8508079071585166
0.8173095726780537 0.2416956121553726
0.4014114295902931 0.19188865274827105
0.03879601858267523 0.640419197811154
0.5832953715481077 0.3423525794526181
0.8412501381562378 0.29322801121876485
0.1446639190662442 0.2518672322513835
0.353677353047712 0.17436139831525033
