10 8 100 5
1044 940 1033 1021 987 994 1045 1041 979 1001
921 1051 959 954 942 934 1019 1045 1043 992
970 945 1036 1051 994 981 994 1050 932 1020
1048 916 1059 1045 996 1042 1052 996 969 1017
991 1038 1048 993 1035 943 1036 979 985 1058
993 1021 1057 997 956 1025 916 1012 1036 1042
1038 963 1037 1038 943 930 982 956 992 975
940 1054 917 1033 948 951 1029 1014 970 997
1054 1036 1060 1002 973 916 1041 1010 922 1045
959 961 1044 1045 997 947 1012 979 1026 1045
1 6
8 3
9 8
8 7
1 0
8 8
9 1
1 4
0.5523983583805694 0.5023487764616283 0.3638707425253016 0.9184577556228604 0.4386477156878493
0.7432654319562493 0.6452628558023823 0.9519636047000446 0.7779228693145693 0.1329394758786518
0.9779398618619077 0.7413063997985921 0.37188934136968965 0.49775967219120526 0.40210423134292783
0.6271417149813288 0.7700798310124669 0.6305768284517983 0.7160458960835214 0.21682211363401294
0.8148072473467327 0.43113346188306956 0.8439371341944781 0.9797951168222712 0.2410031811395914
0.3962203977579529 0.3711292842858742 0.847366445149514 0.9007458665282697 0.2785831570655005
0.971645445698228 0.6956588056032769 0.3036175923939913 0.8237965179904572 0.24209232072659834
0.9576265888148292 0.15199579426019016
0.9781739768027196 0.18214709377091642
0.11993279130210999 0.46137901834754413
0.8762026160943717 0.8463538632344128
0.6797407442116845 0.16224303810068075
0.08946387857542737 0.6666262446019007
0.3032616274580693 0.10315507317951966
0.4857131692603658 0.8510072215203126
0.24967516559277736 0.6917420388005144
0.07419116451286967 0.4972073162031103
0.34881595866449966 0.008695002909901328
0.15810336652335333 0.24793631160738938
0.47466880354183405 0.93467202114372
0.44819065019355286 0.00006290866144320617
0.6337150197390906 0.40808541800073095
0.11656132285323939 0.06717682568693206
0.03469597357021659 0.30936485042852646
0.4258363085085173 0.1453309986704956
0.09367823382831952 0.7813369439207207
0.6014238385881583 0.2521606057274315
0.05823341817622363 0.11118555738717162
0.2915071432704581 0.418029809968812
0.3990704152290163 0.7850847160114318
0.6451667713378049 0.19610962784340114
0.9866368040478652 0.005069885598928847
0.35065470792648346 0.45473429572780244
0.2886021259079168 0.9657649717594332
0.35047335281277836 0.15059460612854192
0.6640700916949922 0.31466454818613077
0.7424850264081915 0.13762292053197567
0.6516321864977097 0.11209756016998229
0.00003238079308109931 0.3660140858506571
0.00840468949972828 0.957429636420813
0.8570620113846543 0.495185419999721
0.5582783641643956 0.03952168371763953
0.9201282203440531 0.43148926927122355
0.40599886348099656 0.0748994801486893
0.9100738462329969 0.11797703057565756
0.203322654728038 0.6361193936468104
0.9628952514453266 0.47692053593266825
0.9011298826347378 0.6501264103209594
0.16678865317014724 0.6776293184321405
0.11914161057552519 0.2979755969947002
0.27074956623697766 0.019118282152988497
0.6897751429160701 0.07238708668682325
0.2466418024565289 0.1005109694204569
0.8287447934546777 0.48978666313249763
0.22717666954197213 0.08363019069491218
0.1396040921345747 0.9113525294509848
0.2938723945019599 0.6001531701913068
0.37262218447009743 0.07953704661640515
0.8907319419726223 0.5363254177730834
0.7535625097287268 0.7703425376447008
0.34428433496485655 0.891068880749144
0.770709560927241 0.5999232253917917
0.6956993610972664 0.47572443637164574
0.4132730920617391 0.7453635879268956
0.32317466290216057 0.22741161322549863
0.5053584137443088 0.6869998866373064
0.6525720948590759 0.4622872656861461
0.2275014486447513 0.968430152205064
0.69314678793551 0.18063940406600154
0.7034893668222311 0.8210903839291546
0.7070687059006711 0.9016756176650185
0.21403375491947108 0.6507573596660723
0.37306234990492126 0.5342734317109308
0.2093357966642313 0.057354249995858364
0.1081940127757306 0.8748068793326624
0.9065654404897923 0.4422065399710149
0.3429113872365148 0.9731874403947567
0.9644076508238841 0.2693622813399368
0.028056487542778452 0.5863853048253664
0.6851493603607934 0.32360004384881536
0.09111875549593762 0.7955967114821954
0.0896440960554008 0.43778158170355597
0.13130469826078373 0.8238204689519504
0.9254419067528397 0.8486016623576211
0.21075098494860067 0.23463133064532626
0.4434509082623064 0.687490641972397
0.09275828807734898 0.8629615056237321
0.8460363076568982 0.7419992389829506
0.6818134910575222 0.6514828333811284
0.1020920875475142 0.09084898847735312
0.819832569105903 0.33141204767219823
0.9577764846223602 0.4567234582462003
0.3039951311195561 0.3641968045848345
0.2984866279089877 0.9827329069346191
0.04935805832163953 0.255454833783342
0.01821712189766833 0.7527054011531762
0.8584529378944936 0.9250274453150917
0.09607408070205481 0.14301091938958188
0.25919038096754377 0.8053883131111867
0.15313285028812018 0.9101795444316094
0.07862499062902639 0.446486294093406
0.7526802191685553 0.204785382231226
0.32064296304173934 0.2768626985548901
0.9475656074921213 0.746284592459654
0.242052861840806 0.6282433067606235
0.30814715206508936 0.22485476386504932
0.846919108955652 0.37002483681907106
0.18783676437275765 0.9690497444516475
0.43789854073841505 0.7704709781289365
0.8842233434080486 0.40279738160951895
0.6416808743512521 0.12445056647773
0.170517514290091 0.019529212001962337
0.6368286436703601 0.13038823224855056
0.6202268956789052 0.7338361331351835
0.7575695657966945 0.09260711229843221
0.22737847311762072 0.3699109909663032
0.20458999567771263 0.20008062872142585
0.46635025236064687 0.11879595052692471
0.4400743280624353 0.15637938798580286
0.8951759141551066 0.992422950051693
0.37762491819679966 0.10072235201252866
0.2612884393531518 0.9301167405195301
0.540572819402455 0.014395293538456144
0.9694501754176332 0.07101774222695512
0.676621067022845 0.003614034486498774
0.803628494790827 0.7615381141255391
0.9956810062194683 0.6320724050372386
0.5301401973604423 0.37849694246792875
0.33983567167859263 0.6871041049428903
0.10395131813666159 0.5868042837561454
0.802191354039359 0.358772811928733
0.73772357182296 0.9984439535787073
0.6266468067740814 0.14050095480448266
0.24682239562624853 0.92329574385331
0.46111794743445 0.0010105314686021938
0.8600520972458847 0.7564216471818892
0.24157944052389024 0.6166435731590851
0.9184811263108761 0.7311945482283817
0.6310076473943071 0.4865373472231107
0.8081906934379539 0.07447268462907575
0.970974697516072 0.7088457381378208
0.3744104414346241 0.7305346761698985
0.7932066898736048 0.7494427397022192
0.9849750432017128 0.7046514993239186
0.8675077768368846 0.8870964465874853
0.23543283588634578 0.8060891822937051
0.2863630592840738 0.3559215590005844
0.10305987407658379 0.933856117557599
0.686104684962529 0.711159364906125
0.8368632687880171 0.986030105401251
0.031081544770345637 0.7915174291964797
0.1699565687944291 0.42120031176928263
0.24133178715298653 0.26335283885963445
0.1698916644962094 0.12920541962186505
0.6687185250654628 0.08458609830535146
0.19734884827646226 0.10570378886994747
0.8525652316423562 0.6110342054053324
0.9319173321170158 0.7673566369690126
0.4482089872924022 0.3654664682607278
0.12869085528022106 0.16259588068474096
0.9299100983243396 0.1803802183744525
0.8432520432386654 0.7671736361477632
0.6842869429816321 0.16142737826939357
0.9838202151747013 0.6537226978256703
0.5047185312467191 0.2136508899544618
0.8340929916246702 0.9282965568988866
0.5877035804731183 0.564820660104602
0.4533395629056367 0.9601573229276179
0.48471639609649975 0.4449786557921185
0.2913393171061327 0.6608838654018674
0.25274793794557104 0.08981112369289268
0.483772192575914 0.21556695621789146
0.34098866015832874 0.3880184236814366
0.7793090918877508 0.5990863609073798
0.8111863909740482 0.5724293020031006
0.0620910649245594 0.5336407790846247
0.43296419285292953 0.8008417935588013
0.687325241446582 0.7331128822749031
0.2928027040183929 0.37496162825009494
0.4552684461470913 0.4004826242204993
0.9168204880709769 0.6139866247178696
0.6653891586570011 0.15119276033414697
0.6906171937121968 0.6062457122946545
0.15906365125562516 0.645461532333037
0.7632598958190631 0.6198862724096585
0.3610257419359899 0.32202224539917235
0.8915710847745073 0.6387070577799325
0.27131936329819384 0.7575160534984744
0.7249731973994293 0.020808997349234692
0.9371166749709106 0.95810040607397
0.10292070839040202 0.29637577476694954
0.9189674264322112 0.15464062979996585
0.34138613900179227 0.45285718050972323
0.6552047548386186 0.7375551640321043
0.759747934522012 0.7624277489486624
0.2990939756363853 0.8757711759327078
0.9072575515032897 0.3708500094871099
0.8110433374690407 0.25945729960823516
0.40848681956063637 0.12394049729618484
0.4509465205402452 0.9961880820993163
0.9946678892582925 0.6608877723100675
0.04166780800859282 0.09524213903977818
0.610477927434798 0.8897504259359375
0.703733477459463 0.11108290377766372
0.7616606713810039 0.661672240553419
0.6618221916777989 0.8072173875712267
0.8677685755326887 0.262432586730295
0.8653644521685204 0.20683391172077248
0.9454627980023773 0.9041655597007856
0.8223599763253517 0.020272818392136793
0.5532852427978452 0.7833178659700015
0.7014486384591998 0.9031313670039669
0.039834680796099864 0.4172588694945163
0.32795957531557596 0.9316776677087106
0.10906388267358502 0.8297437492765853
0.007008269550734747 0.12606807271328235
0.013898911126978941 0.6099295599885728
0.1930377385149824 0.23117020082792594
0.2415730292840248 0.48821933295581266
0.6038242181159605 0.05131353264493965
0.9377978267837506 0.8392923458705037
0.1942223253721007 0.010115308836505577
0.8100844358732984 0.00721072986246174
0.30072948390371734 0.5993116659930584
0.25672096120740373 0.297400595984588
0.8845809410179812 0.961260693652557
0.14562276337060287 0.37349022791354614
0.4328417438168446 0.5115389514027262
0.08062299991148847 0.86476672950908
0.22694554742356265 0.5803051877495029
0.6574924530334338 0.25754058009707537
0.3018075197508894 0.7277269342584185
0.24458616186593707 0.02452557793409671
0.5337700259700708 0.032046709006723795
0.0602459291061781 0.7106670728629085
0.07210558386366928 0.3028960746140772
0.07574454580506051 0.24752543834841667
0.4073748769909813 0.5069651402468052
0.8933130704332215 0.007648041392516847
0.38448851975840515 0.2427320221775866
0.5584943172290442 0.8117473350948528
0.5872518188776967 0.281025142776576
0.40837746628545646 0.3716889110302808
0.41629157541287753 0.9773517742247102
0.09023820503145075 0.9184114385923259
0.5220643442755504 0.1426725859828435
0.48459904390512 0.8950460517200329
0.9142956449803397 0.332009347905581
0.8986094440341381 0.6210656563507742
0.7061448240443733 0.10411074666632425
0.07946309252015715 0.02945522763772246
0.7513174934897646 0.7658519472584921
0.7411112681677392 0.9229895462315141
0.6230408066188111 0.1305916877568123
0.21484652060477538 0.9293035931250715
0.4050998152682044 0.9038979049490385
0.21277601213603958 0.9621925415838994
0.21762043263801423 0.5837875265043071
0.98155491927717 0.5575795200830769
0.6773831927607719 0.8707326097365702
0.8512099768736165 0.8206676960112662
0.7568727782452429 0.8382124983858787
0.27255534980259344 0.6534192136304606
0.5875115092290493 0.6976715556747424
0.04756128747875188 0.62120317047453
0.9079180570714891 0.35240051087912705
0.02485808021282221 0.3793592594245976
0.15075917831813723 0.9288634946767513
0.45127056707235047 0.89507182783759
0.9462815970242922 0.3133486806503696
0.5874388677140177 0.4436297403186926
0.15368416612785518 0.07459876548472044
0.23053327401824664 0.9494027356106769
0.6534817995436542 0.29728419631426584
0.06652190019672988 0.7832260815913867
0.33983631264979075 0.537988112386405
0.4942371031093249 0.4366775607112596
0.9128132217787701 0.3950631611774611
0.4039237706425711 0.9009188406926638
0.6791094643701232 0.1868453346176573
0.7308314182111206 0.543945079284325
0.3792588279306979 0.35751203976478485
0.8660349311683846 0.4037549280730166
0.6119308353256732 0.6787300204889839
0.5257043785744087 0.8881472722880082
0.5168154350023713 0.22156172442340694
0.04151340896816036 0.5487368551234968
0.7913979961397224 0.014416070278529425
0.20152584386145977 0.7727693249209062
0.6357520537328836 0.6024229665856919
0.893064923900615 0.3285778472654872
0.7389486734250759 0.0791852579376382
0.9487894068850107 0.2281854339568743
0.9938239359866607 0.8274521671891186
0.6754088542128318 0.8513937548761965
0.4645102057453079 0.6874759731593079
0.6192257356566069 0.5860264268909186
0.08038514479859526 0.7788033610156526
0.585078127805293 0.5606459612144408
0.43185368650651323 0.3773845939749023
0.16162518021118966 0.43621477771964967
0.47194964689050045 0.5499085647533979
0.17413707771838616 0.06986163266056145
0.3032549956618198 0.23386506960624942
0.8412385101380981 0.7291166083153158
0.5673909948188076 0.42186248644630053
0.12790552372754616 0.6621918189617704
0.4298768712630605 0.5046794818915061
0.20161943463196308 0.159709510689225
0.5426269497244876 0.3389481658947646
0.7623987519576707 0.6460259002533351
0.35091224508091257 0.2981336810404107
0.26132360683434164 0.05861214800669168
0.5622021172481069 0.24863190557221593
0.2542500638818532 0.40685892220017505
0.47951887771467083 0.15882250131563347
0.262147782034714 0.655508616924191
0.8420411057805526 0.47790085070792987
0.6107544804662492 0.7627338667619901
0.1577594908894553 0.8836983082717529
0.10470278380305209 0.24156942309048546
0.22949500340323703 0.23843484255184255
0.365170946972768 0.48477706067950543
0.6286153799296936 0.5026395618705259
0.42469795293483603 0.11843343421834951
0.028966048173263426 0.714108075389386
0.10844418884540974 0.167244174808318
0.5813282577991525 0.2511220005407957
0.08859630641455607 0.6187453816839519
0.9030460002837604 0.23031087806990636
0.3464999994009026 0.15836127369379582
0.34218960154387923 0.8695351512809102
0.38348885081239903 0.22764075022680874
0.03741512473979958 0.44678923781934854
0.3653261996209909 0.3884945614266284
0.4577652746146206 0.1737357744229
0.40408379515834114 0.5639721837320741
0.5434041099849569 0.3569790840060463
0.006820891467840484 0.25504271749754404
0.04019337599239092 0.6042407440858031
0.8923087157200198 0.9539991605457558
0.8078333098155415 0.865133796177797
0.8456657268359575 0.7211101908495374
0.257994755595486 0.0711789755038097
0.010220786959324935 0.9838953905776551
0.45237229289539105 0.6413575694100166
0.265595383723749 0.49338215695030163
0.5913428695680392 0.7358172042496267
0.28164250912715016 0.19777530751744843
0.41238074340568187 0.6186464403886764
0.4052926503012775 0.5511674466856706
0.31005957129869044 0.9214360875042544
0.937414310269088 0.9710844004905141
0.5370915402024035 0.11125188351039084
0.5231244786407148 0.30944690785448414
0.24477374612105307 0.32918331812406554
0.678928618732777 0.963789073668027
0.0528672036932929 0.6767168207784078
0.19294708173681108 0.48075597930338665
0.1392297920661234 0.1712284943861513
0.140297594989103 0.020058318907115957
0.06292183394744844 0.9834919275703389
0.7499402455323632 0.025812692872158705
0.12364890342004475 0.45519517567589407
0.27231847708395307 0.38611811975942234
0.8023228756439711 0.5940996922647193
0.8675117991269794 0.15444854830293564
0.46999155374418056 0.3947403223395074
0.5433817050593166 0.44876975929404983
0.13430906868421655 0.2693808902784114
0.5342900862566093 0.5414762836178808
0.4146502791360773 0.8613613358555634
0.6856878988744002 0.2069162841221841
0.8645859278686137 0.461273133380145
0.7955767218276502 0.8267518056604377
0.5553602353184739 0.40265240998085305
0.47408857029650586 0.8920825455152075
0.23409637059652866 0.9679832251704072
0.7931880249064005 0.4290081732994955
0.562359661428103 0.17532861069721317
0.7225062118324204 0.021829457079831194
0.6237462332044397 0.17372536304934316
0.044468329482943325 0.4810906381989075
0.5152342613034955 0.6757783180546746
0.18290564517541585 0.32633741007421624
0.9849467607573399 0.0959882392915763
0.8349553719744041 0.6789086125419135
0.9618146544025277 0.6362489262426201
0.9314559591321445 0.5726653727906175
0.5279398018568109 0.5766340432913424
0.6354151677694164 0.6134323270627309
0.6353406778822235 0.3462880248674072
0.211076233628275 0.3564956662147083
0.12839966732787422 0.840694817542851
0.6371137819714328 0.8658097989617446
0.3568046264794107 0.8699924379533832
0.8901305051019002 0.7281673352247278
0.34389620767955154 0.8837729318113883
0.5395517127402012 0.4601335567628131
0.7356344818812008 0.12462265539360562
0.6960445674141087 0.9946064036333115
0.6562137095905356 0.2989415624851044
0.7767736538378907 0.9716306727883968
0.30341624073922935 0.4091624254150068
0.4690621016388423 0.3083298937004697
0.8724164986135452 0.9436215267087378
0.47108885937550005 0.6084016034018414
0.4539600421458727 0.14651042701141836
0.7000235948898186 0.6353891715073334
0.7448039973443177 0.8880269359084931
0.3250110799527661 0.4989635835718582
0.24308945705966778 0.9625476283394574
0.8960514332534202 0.992443651644866
0.15090189563409506 0.34296440673959805
0.8085552725412799 0.16760154100982838
0.7894036084011375 0.7093230820915388
0.5839150180019972 0.21350158364067262
0.9791867656571303 0.40818501408773766
0.18605336639755343 0.3069016331834784
0.1659677307940628 0.016435440477328367
0.04650251665005567 0.2708058667906017
0.4544638680964417 0.8795207956788664
0.17992822426151656 0.39407097470495644
0.2689935335712923 0.5198296865345304
0.31990163106780445 0.20057836265873052
0.5872168782403586 0.7753504287055755
0.5519405598659635 0.9084338050126881
0.07121270668462354 0.8422470260082153
0.3649971038489763 0.8862664252755279
0.43133280711706856 0.05463706234162258
0.591837351481326 0.5543233763322468
0.3765515144228535 0.37196327334111956
0.7971937670336589 0.6030590901151551
0.8639008589018016 0.7211299968909166
0.47311190259144165 0.36499553432335485
0.379993410443066 0.9059676653190394
0.4013553474401601 0.6906217339871523
0.06180487314165273 0.6312923349806736
0.15773428087437624 0.6793860852147822
0.46349462129546337 0.2786224611695334
0.8776558920061215 0.8697530719576081
0.924609497212304 0.542507521865041
0.39056833145732583 0.7273139556033865
0.2940982847443061 0.1247890456977887
0.2351905432177035 0.5530385857178817
0.32758838170793014 0.022996795345463728
0.3255057362874081 0.0819487306992388
0.7872872362888674 0.5487198592539291
0.5107472060405498 0.21661612729001378
0.07965062182021199 0.972705534964341
0.2749854067407771 0.933725642968783
0.8524628377639465 0.3553400462079299
0.48718275947479306 0.7523684848534355
0.625183711334321 0.9682516456680317
0.45238343023772276 0.9281974992311133
0.03756638369672838 0.1140594457155073
0.7779589330554064 0.4890832831066274
0.5996781402497049 0.852360375283695
0.3735601612806825 0.14304365486864823
0.8404389532731154 0.6466898865327293
0.9600735946029604 0.4151347517808601
0.6590934321776094 0.8538112484438578
0.8531499714748365 0.3573934146230524
0.6540839154383715 0.18404401017619065
0.2388111765901546 0.4176792553788462
0.18243011091373917 0.7222343859978868
0.9060082828869573 0.8370905998159166
0.061600318328513426 0.02085703270487005
0.9126601837551058 0.4935926135187556
0.6577442358994827 0.6084621256874951
0.6773861196490871 0.3336154753390981
0.522063843943807 0.07158423575345907
0.7439772925111632 0.9890736738974251
0.4306442867436593 0.0030781761257085982
0.771943495240107 0.43918352118931736
0.0949571503217932 0.387177224420455
0.5255908416545134 0.3330737657510834
0.831643394543683 0.7871754778315898
0.5527827417836939 0.8611721022836576
0.016236541077097044 0.8263135146090068
0.2285718517926354 0.2307234563135192
0.8280672663163489 0.11978391873288174
0.10366814004222324 0.043256941849761255
0.31020571331115465 0.004599730066352947
0.0899829201102087 0.7980200603730407
0.6282562038525918 0.9407188254614733
0.9453057750552281 0.8116053665479417
0.9356829320383013 0.512347281287401
0.040833066537782736 0.6816496465750113
0.026893635641308977 0.9490680140932048
0.6900311367134591 0.23758439194284642
0.9244769527103955 0.2416101954658516
0.8673042130169368 0.32892931115622415
0.01690308780499805 0.5496488578221117
0.5537809097935356 0.3879180886276734
0.21814498215774702 0.020533325478975684
0.9973578382026371 0.6482218750724056
0.8177549376243225 0.2600954107978495
0.8449733270768487 0.446737843254726
0.16800442502781432 0.9534307588311897
0.47412501786424643 0.23087157181542795
0.26868142532135186 0.5965459028038063
0.4014586928372281 0.15725677882636457
0.8220222257877678 0.9635162381519011
0.4108556221992832 0.7039211851102025
0.45014470595882305 0.7959363409825229
0.8392318441080904 0.5787681119345529
0.9567112596512686 0.6283843078273714
0.0891454376568599 0.3438496380581362
0.9630250592909986 0.8967659057001276
0.626996581033163 0.48371664785976387
0.24863736748700438 0.22346895342158568
0.6681830541712395 0.7020858764905915
0.45818632821177374 0.9798134218457202
0.552431656188429 0.1291569033932558
0.6053800989442111 0.9082032238090554
0.1563746506629542 0.3268665323767437
0.19568504458293834 0.22907683963302383
0.8964223758307965 0.05533891170425065
0.6094545648853731 0.8944592165071152
0.5326178207900936 0.8303009935236816
0.369036966399261 0.8524469234299736
0.3212059320024079 0.8014803451360386
0.7584908064761651 0.7042738177364432
0.9486519617442164 0.04760657921144329
0.049571478016513515 0.8446981006944965
0.7553251910907823 0.4914202255748763
0.9731289814602047 0.28120475231609743
0.002146777248002607 0.39159745611771934
0.5162080661147461 0.0829543823836345
0.52159907904426 0.8683589837399139
0.415357214545625 0.03859211037000554
0.24888999881898743 0.2278078289292833
0.7482865367604727 0.5313812572842533
0.8599899770442074 0.7869398847280846
0.06494280892185444 0.9639253796874401
0.6356106349716559 0.5197669032185999
0.9230503876411049 0.005701388323807732
0.9406723904239338 0.2395091147493389
0.5165594692967972 0.18922511487112414
0.24998973888733667 0.5557174265034237
0.011644278929196172 0.6661467387362285
0.48109056002436823 0.953783045234148
0.5061927170497482 0.8654984511830468
0.1452821670623825 0.9090768674386243
0.6766638083424117 0.28477608446278446
0.840318872741415 0.23165875216158072
0.8651085631743052 0.4682607256591784
0.3613176218558112 0.8795493897179174
0.1326396810260182 0.28665208346326554
0.39136166249077364 0.7070059957206247
0.5784280120270835 0.024917760890096563
0.4932459940709917 0.08078131920959475
0.7651450014440977 0.6289110133354749
0.11509601080434151 0.1993181890082718
0.868503702811636 0.9169372883402211
0.14412953871593692 0.1852339207254945
0.133492655508459 0.45964907168251434
0.9261680863874999 0.6102745514049326
0.5440853989812537 0.8383995057106686
0.18759729049657037 0.9166920478759495
0.4203368495704216 0.478760687513744
0.593270005353794 0.3653063811430286
0.787971606515943 0.12446300531062415
0.517855227621385 0.37522055148102496
0.613489230319701 0.9572744570937219
0.7907484844471278 0.8719683015408055
0.32362764822062284 0.9889826013511442
0.44841178139644966 0.8277494591948091
0.2207177548199899 0.9399050439802024
0.32166767876092917 0.5148018589303374
0.8896018623907918 0.16865600687738125
0.9284267682086191 0.5315304595331776
0.8943324121775909 0.9152100551549993
0.7791734428985648 0.6895159451618733
0.4070635326860421 0.5753975718002053
0.7822442218800669 0.16281752215195233
0.277933005500101 0.2608211412645913
0.64993553031151 0.06653981969926903
0.5345571897673465 0.013690531818521423
0.9888687710346127 0.46906495351329713
0.007831118488446087 0.37277098820957333
0.684663936860971 0.8887313220158313
0.8786964409589242 0.29461019230507124
0.4621077656338086 0.8326078021417365
0.3992210751372942 0.9351422055811667
0.6482008981703857 0.4493376363865138
0.6216582591546198 0.13396700449780252
0.6685070213010751 0.9037448993643356
0.8243606406205641 0.5146096274032546
0.42842527086870974 0.7931566327053703
0.004193309992818639 0.6406313206291885
0.06275064461466573 0.640275631347849
0.5309031440110046 0.7099446900344908
0.39626849625119953 0.6746372340162616
0.47737984120699717 0.6087110010112817
0.9717508289095531 0.0001626095359652524
0.4896533987624936 0.7569916881942513
0.7766460672516429 0.3058806973798487
0.9762081041474684 0.952884497050513
0.7780508287673276 0.7534197772919737
0.9437937519896065 0.07500519318297005
0.04467239088563901 0.15065043473181272
0.7233738138102148 0.857271808801892
0.7114879992503176 0.5956365344656551
0.6412244315214264 0.8877409685517577
0.3832597174707566 0.7148941276061254
0.07833109302383146 0.5916053590949379
0.04437078157430574 0.3083219156749859
0.1440888752870999 0.8543614251984706
0.04947580315447242 0.645699148913363
0.30296109986530384 0.5174222733778493
0.16971143787537768 0.5276679482954538
0.8683216016343964 0.27754681896038447
0.8872426327665872 0.13137164018912073
0.18153480411470468 0.7361467220977529
0.33815466079208534 0.862851394947175
0.42551902471473513 0.5239523635703063
0.9302106601574354 0.786549217057257
0.6255858983984843 0.6914363270664148
0.5822060889001286 0.38215245396292463
0.9307259685586409 0.7460401587962207
0.1462115209027186 0.019312053320261313
0.3291239845515801 0.5946912171807148
0.1547921550821536 0.09091446002189363
0.6757291579718387 0.2968928865497149
0.20177298044660685 0.7918077719206109
0.5171550740879121 0.2592554018745763
0.3332721807027579 0.933829326674577
0.7511620354409076 0.6412453123943482
0.39574951230299615 0.01994475682712693
0.5696781940964653 0.6178530412415377
0.23952499652026327 0.1338486961631684
0.7364099793801895 0.3650751428811896
0.35286805535175136 0.10190640258429884
0.9454616760130219 0.34376195543887245
0.4237707796035166 0.08610914104625333
0.090882863222284 0.882173222313051
0.8676085241378395 0.6065678393385361
0.8322940253385152 0.6590084482312017
0.4188472229208513 0.4648555759316666
0.3095336098699526 0.80658970050635
0.5511643128826282 0.4351470779109672
0.31521383995347163 0.14471648382702051
0.8475535243533008 0.862904425379879
0.8936939533797275 0.6787692861986099
0.39171976681663034 0.09325937965531961
0.6133903328339934 0.8259463936979239
0.7420125930320112 0.4727857444411654
0.6828088313354554 0.3084460028304552
0.4260360917651742 0.43121188317438386
0.5221014792951864 0.8336668259267659
0.8386665040440797 0.22355179457529228
0.36904248636833326 0.9570566371394751
0.9850003358398085 0.8039667572262099
0.23899090740089823 0.8285228721078581
0.9806695908113465 0.48867705400406436
0.1541721135142442 0.011485446619718065
0.3682748197740551 0.9711906677277844
0.6960126329920486 0.6577550292837446
0.9980745698817948 0.14527668679560923
0.43621126116529774 0.5397121384733354
0.5976055456724534 0.8718288164349066
0.9333660085237299 0.04003841029682964
0.22256297468117192 0.33076601635610015
0.18609229226290824 0.9015744624050845
0.8041899871714453 0.4867636562192348
0.04849923217111596 0.4210070247915667
0.09430153216853121 0.5068606511174973
0.4598402044538312 0.7665436864126516
0.2979510842369748 0.30602376264528686
0.47646377097909687 0.057698491097853744
0.12325225685537489 0.374782432647746
0.5088141986664334 0.002728201400989283
0.8334776674137203 0.6926433740232054
0.2548096151272077 0.32738713689700205
0.6648893451311768 0.22942291446233343
0.05042413328154871 0.4346447223926777
0.5476733272935026 0.9104371241383107
0.07347181677215708 0.973714432340766
0.07189320972919644 0.15721676713073118
0.822151077147421 0.6002535253973509
0.568218439321097 0.3311280836241224
0.15184399819699945 0.2512181003974052
0.75429132747173 0.8083464282644177
0.7339056200933292 0.42027721033096554
0.6219794878212033 0.5853392696479867
0.7058856318870435 0.5218679279113327
0.5940853919215938 0.03796936626294234
0.4570840148075779 0.3708117192963336
0.2784318784898714 0.5760303415715184
0.7068778874003743 0.47211235231795023
0.25538093561398356 0.7497852032581713
0.4142040236693778 0.42253931840679226
0.16240636880438308 0.7419705109781942
0.6054015651478817 0.14296167012880034
0.4425779135755361 0.4189648346072714
0.8138435813255096 0.2950939085546349
0.04056020325424581 0.6451124995331761
0.44274742936353917 0.09244292065104509
0.6188457676845187 0.548767239007971
0.7040218664587119 0.44299168309788617
0.7363797128912808 0.5974565876344757
0.9565685311269267 0.42616701051819605
0.9924000482683291 0.6711010306170053
0.7637256928668714 0.1668217846435318
0.35288207723492704 0.6789411115405899
