10 8 100 3
527 848 448 689 502 715 579 507 445 348
666 870 708 926 597 549 736 493 350 339
738 975 686 782 775 792 706 415 339 495
1392 1170 908 851 877 847 681 453 777 386
1347 1364 1404 1106 946 852 889 553 767 487
1858 1756 1618 1406 1047 1188 743 911 490 725
1949 1874 1647 1435 1212 1057 1009 598 486 821
2358 1979 1791 1734 1676 1193 1161 657 718 433
2291 1944 1835 1645 1794 1053 844 969 791 476
1812 1720 1606 1427 1550 1194 880 712 723 602
1 8
7 3
8 5
8 3
5 2
7 0
2 2
3 8
0.8148628966242877 0.8108718172129608 0.4771731104071445 0.8992870647921678 0.4077954510033813
0.8213289870414535 0.8628457425717788 0.46946545188033556 0.9918384165569247 0.1687730105893519
0.7151075080537713 0.9329247607724895 0.4705108524700273 0.9258109561352872 0.3394851517290607
0.9601472993085429 0.9373737011912504 0.5137415450145844 0.383701919048957 0.2556915226879729
0.6181999224647637 0.6090941393419579 0.4530467713669564 0.6646567410520736 0.2263882808056316
0.7568719698601819 0.4620392845196155 0.8142924749107541 0.3237156866480088 0.43356506820446505
0.8883990865556051 0.9302710206257703 0.8759474214910166 0.6011577649144212 0.37165114507554975
0.5594121737722806 0.1912840626021748
0.8253233175589905 0.7043389612951048
0.8385070762035072 0.235609926251529
0.34226339630580593 0.3150497869062048
0.6829600453842648 0.6501586100564765
0.7898672786908474 0.7846199531691331
0.8733563216842171 0.5607092123395134
0.6178911027034317 0.6142861607334344
0.9874139153217856 0.6440026353729877
0.017807329733405153 0.48454646258793677
0.803528927715204 0.42707619309831535
0.8630927616684194 0.7797982584622121
0.5976859520909228 0.1937328608717186
0.6366435608818612 0.5112350745684069
0.6407582762518045 0.3636898594088256
0.3329293802253468 0.07528185243753205
0.5277087083574006 0.2261677355039684
0.7582519075459364 0.23563828131632447
0.2958944767583742 0.5453396527440626
0.8796753073197996 0.06770890159680398
0.815644998663746 0.15520290195209308
0.13974172653373307 0.6949176751128361
0.27680107601774595 0.5788227708726632
0.39417831706504103 0.9158310784405133
0.4396439804487502 0.6868349477214399
0.6762774110272014 0.7556669979150896
0.10752002801637661 0.20032397785521172
0.17227279971399345 0.1749326831768636
0.9917111434886516 0.9445639795112026
0.2255440090064027 0.12740891907109786
0.14607042976349316 0.08890398447723946
0.2570880766080228 0.523190641070487
0.976969596082151 0.6074012973400944
0.8515553507302618 0.5850502384927847
0.6294466215445349 0.18585655962656933
0.2144706932467979 0.4626052494286401
0.7468366254498848 0.07550658046893965
0.265493884187213 0.047037025767960206
0.9418814930773391 0.6380386227281163
0.7354796716507974 0.7368145611392041
0.5588375171858577 0.23542958316791918
0.9725524267967771 0.6902424916046763
0.009534674790628861 0.5248240688192429
0.8420086090888386 0.2701469788837223
0.11104369949893034 0.000696869766193764
0.281629061547672 0.10251068026964671
0.1641205558240484 0.22944000200279469
0.9510640044477128 0.3122171717466993
0.9855214449459688 0.1748837538696415
0.5676918766427337 0.10273100176488392
0.5348558773583276 0.42260433954391097
0.22538470734480098 0.1279380850084859
0.7737037466646701 0.7424777039121415
0.4163246876681539 0.9757179312363697
0.5631082906399474 0.08978298199143153
0.880599144458913 0.5235319830754794
0.647910354189215 0.9503528670382821
0.9589603983199959 0.8986794620321734
0.814919041123465 0.3385528820745878
0.9862191305155927 0.5080269208548653
0.6038526720496411 0.04825555420592509
0.4453064221087708 0.416582032182085
0.5699707033941097 0.49578784490514605
0.8350168570544805 0.02669156494496705
0.42626206646831544 0.7196140361891619
0.7409514516313915 0.8048210910279046
0.7059172529017088 0.9498749730744787
0.38762070172938445 0.8210370111382452
0.8006315736825171 0.5612455055098904
0.7441153291436358 0.4256764400909101
0.9584459928337767 0.18873349760790248
0.8828648045515382 0.4637874428755573
0.5862846242343998 0.15289672041210367
0.1649668588125215 0.5876966558249428
0.00286059606780964 0.9528276603701284
0.16329700785140555 0.6438555178772274
0.14484879661318795 0.266629912548231
0.6971855726687486 0.06428276215366924
0.21163876934453119 0.7133579706192359
0.2292367074429662 0.9532740969704923
0.8947323033715555 0.3169419896993657
0.6796570171825373 0.9167212803783849
0.4045438450601284 0.5565910985829103
0.6413707392027324 0.695574593779607
0.9014264257453419 0.37149841006871354
0.9064484590032662 0.09744602701445926
0.5108286343408426 0.04940414964543538
0.8381181286571135 0.7958958980087341
0.0880712731992015 0.42183514457990223
0.40839787931769056 0.8084517159164122
0.22255815228283882 0.8918712334495826
0.10588029839556867 0.007283530019400075
0.7316375470103116 0.040160956426369854
0.6622624009203819 0.06311020768136011
0.2048426096817444 0.5877698645606098
0.5411416600102541 0.6002121147541735
0.9076541263052971 0.09314924192764251
0.38606955799085996 0.849141567570892
0.06834325831050947 0.4267177519556531
0.7867314504193736 0.7681972571171782
0.784496927338338 0.4273036119162461
0.02390736453011999 0.8843632103241896
0.8205795639345259 0.33068678105301585
0.3214315482000152 0.9684887482242326
0.32475173364577037 0.637525084903092
0.7242431479481519 0.6219825604948344
0.6548717319699622 0.9710402258115165
0.9822416253664308 0.5267182113466751
0.6006918189379833 0.34967738254351644
0.03975606434048706 0.6997943541221707
0.8757149153992918 0.7372251396620453
0.8617719883132715 0.8384362469055142
0.7997804899294112 0.912647379869165
0.5962894711891642 0.3702190532549221
0.1221269507218059 0.27164253056299636
0.8267205596875729 0.34589708125182717
0.8013298778429632 0.7298036270511135
0.009248204781632685 0.29993946748971045
0.4039913199235263 0.5965292569220384
0.9269464569655688 0.23659378204551174
0.0033683640575694618 0.3051384835228814
0.452118751315816 0.7408144052756449
0.029605257522186124 0.8132271442726597
0.6172956836809638 0.759976903676425
0.10488570293698918 0.6514005326144068
0.06765795729337709 0.5646867158544557
0.11329727057100158 0.31985166298096357
0.19506212965112502 0.84498356580833
0.008294973385678084 0.5274053220451469
0.34669129637695084 0.3005283784437338
0.5112231670643244 0.5542939878659785
0.9118244520310943 0.013696191439606764
0.7042542576949615 0.4335801719886019
0.8501839663059185 0.5259711074448277
0.5223634067329901 0.7730124202561146
0.1448720037454434 0.18531407415585077
0.9113445268677849 0.604545517913996
0.8790049769884112 0.8830977149639498
0.9808315503449929 0.7051572696874624
0.3629164651024084 0.6870276338869445
0.35090543245424066 0.26106549270901436
0.5668167027145286 0.15393715217677295
0.12472108787848013 0.8802189115380894
0.2486943642664723 0.38146862586363084
0.7147818175504146 0.8236066090341965
0.9591735880950041 0.3397688152008338
0.7290200635583735 0.2467935047378471
0.8092345241868 0.00013280050720387848
0.556910312869874 0.5891192104081826
0.1575504412914961 0.42271228257956706
0.8704939497654938 0.35184210809966276
0.5017904890449032 0.3899477558924327
0.25189982220659535 0.3385492159853185
0.5269331318561588 0.7655366560495462
0.24475133912243874 0.39339974854151816
0.3755576363705948 0.4519879207683055
0.29525398196109354 0.016584961514595653
0.2768808580955162 0.17631607614913047
0.29418075734154625 0.49602037443334757
0.8177353349890706 0.7935202719279533
0.7031682703608158 0.12210109157526428
0.9542484756934912 0.7764582283669736
0.7189829185272258 0.39937125753676583
0.9730658186297647 0.08816415174850079
0.3775865065150361 0.7848842886008325
0.27260565490425304 0.5393279156882231
0.7904788509319496 0.5824272586126913
0.5846230402728998 0.8217334839759596
0.29872849982727545 0.9590555578708588
0.986536107434161 0.6016383659355169
0.3125809705082243 0.8053085794541921
0.885056418833434 0.5608138818028743
0.8772113102778918 0.7558777436224478
0.860822332887343 0.5081266711732841
0.776474794690166 0.19827928125243055
0.49072029428606645 0.2759057391979416
0.3215032388865766 0.8208752411693718
0.45456019186040253 0.6480059705275536
0.7490260347537723 0.8255205187265016
0.4428056460747236 0.4345312810980664
0.503499470582464 0.6146608352682408
0.6741951958046843 0.8150322841664537
0.7121354663194133 0.19364000569080275
0.7259068865899263 0.5165553384203758
0.9780732848641704 0.6369336295060828
0.3137523965683795 0.40735826911334705
0.5032032015536121 0.4280407251093361
0.6827803461323088 0.5162435670346073
0.19487445743000276 0.5071392991501489
0.5799486345397786 0.27799557198578584
0.25339076260161053 0.4726411595233373
0.32505021854692306 0.4097414783493525
0.4657188405671686 0.9816140659488124
0.003390073561561069 0.3444196291118047
0.20710939004568418 0.512162659400405
0.02372913874705551 0.6459027057321665
0.17288611650386998 0.5503364603541241
0.0482582659044537 0.8912402039249057
0.6442738023676846 0.1025937355352855
0.5049759445772735 0.9780217996195428
0.8455420885354694 0.8723632059345927
0.68511424868986 0.45058022967073974
0.1097249418764632 0.5303037611560237
0.42216010525119807 0.6740398509147316
0.6766757130024816 0.4399250609294483
0.5289320141895815 0.48663139221616425
0.5514830327841949 0.21406701615244494
0.5483891021884144 0.7076073356795047
0.27596243311514845 0.7905825297101459
0.2339107882709235 0.3085548170287211
0.37581477361039695 0.6191891925214419
0.8589692616924562 0.11724119119551646
0.23181011447615774 0.3859925651589362
0.11010613022607751 0.5133585312619637
0.11029350427471107 0.38517452515598904
0.39236326187338544 0.8905365783679733
0.11025026807879978 0.7453715705456188
0.26363540399293495 0.3183361961349267
0.6560060476856238 0.7548220268113319
0.587457005696393 0.11503208215386884
0.5690069019960857 0.4968649252592494
0.08652846192661356 0.9824618869962101
0.902902986313558 0.9158255126331067
0.018170002069409552 0.7493298864092095
0.7574671574524972 0.6126905257125734
0.5340544338783981 0.6323029748530524
0.6194438974191261 0.4195137068408801
0.6692959944615413 0.11871671934110717
0.6391055789385454 0.37590547976534383
0.3831367030682975 0.3902931561374914
0.43348616796824957 0.44694273040882826
0.04619539920021043 0.5133496516028486
0.23339115271293553 0.009788839453057196
0.0430363970096026 0.1955259172193704
0.26615474760847047 0.7304550287838523
0.6293878397949177 0.5178378071030219
0.5593186719545453 0.14762302603936073
0.6339541183190929 0.8017964814219971
0.6661096029622207 0.6978150927043203
0.8768780497292183 0.16117781670246178
0.7963766389966036 0.6754923045677497
0.29045707641126484 0.18487206570843062
0.5330736733195351 0.3025382982085263
0.38343218335286355 0.40065842892913195
0.7159214924427637 0.3318446856348116
0.7959983344687576 0.10730523519257318
0.04370421190389662 0.48332407705367175
0.6660583787115362 0.4072025014905156
0.06943168679712963 0.2224793452105034
0.2603046435518064 0.665424257585699
0.3606130222730748 0.06480791865353908
0.27296996746071667 0.809558221375968
0.48690947856190836 0.7930095074951702
0.9897522063906934 0.6005458716288643
0.9207516821209274 0.44107583744428136
0.2172916710735333 0.253496746344706
0.8045966975312298 0.5578936983807699
0.6934005102843241 0.9686710801458465
0.988404156180166 0.6088585909070983
0.2654369865607684 0.2163159796455194
0.42802307388616256 0.5486344114467954
0.2787182385413083 0.821346064019091
0.47257492250990896 0.7879691296156457
0.9643665898924343 0.9529553726595625
0.36404845456095547 0.7647257678730892
0.5433254332051907 0.8763480676574964
0.29250705758746887 0.6671156831315421
0.9814777046195184 0.1627072720039604
0.4439753218440956 0.5146539384235254
0.40415092425933485 0.4395884420885592
0.14733478644553033 0.9579989428440308
0.9514998515742477 0.842514419281793
0.06038662808706441 0.03864718693988367
0.4721312325051812 0.3326568350450023
0.9756471611563422 0.10427496062296537
0.20147068353168707 0.9568160322878556
0.157660541150481 0.4860860237411173
0.06928710842613306 0.45643405949493077
0.06890052151892556 0.20299269439897216
0.08709585236666939 0.4656182288427124
0.678151374198221 0.5886734073961823
0.6056832975263453 0.2219730889564362
0.0861828179563584 0.0982053598383299
0.6766362506991559 0.3510430871768595
0.3175065232524974 0.7954931350205718
0.39874082605305805 0.03372381099370436
0.44193900276088405 0.8383533764895743
0.23713260119474833 0.03693878047684507
0.937259834738936 0.2772600728734498
0.4024719907630665 0.3222937867992144
0.6993131595026936 0.6908940138846988
0.40969304656722616 0.6717666746957098
0.9995624653461241 0.8811562431733708
0.8379548144630025 0.6448367309031893
0.7206484945017981 0.466875411903352
0.34185805611583575 0.8855578480129438
0.8777287033498085 0.24456773585253244
0.5389358380113676 0.7317749531387514
0.9706696312330421 0.9281814218628497
0.8866992074575957 0.3827942904799222
0.7779961530811745 0.847413900304627
0.2800628949316344 0.7262959080835008
0.6759591072906308 0.7044966157057795
0.526417950146935 0.30605609595303584
0.7531183809797342 0.6988078472045753
0.6088503146964823 0.7410432210054358
0.5583951986515132 0.8319537839671995
0.5052694779167926 0.036028118992835534
0.7911968926121604 0.6022129611051295
0.7206082977801953 0.7738826677302015
0.5947513518932137 0.9401965822923148
0.4966244461747118 0.9781484925976178
0.34458357692344155 0.648851819226226
0.37179069577446344 0.4118743324008982
0.3420505792589994 0.10145237388563055
0.9256437184677386 0.7737028032368838
0.609146832594895 0.08583549424029568
0.647870813192277 0.6582427538597231
0.342427940530047 0.537779828534996
0.8717983454144944 0.46502790467060806
0.09448061811798092 0.46603253060354133
0.7458759809394089 0.44184458343392774
0.42208494065437785 0.41410220375827045
0.6241178950979589 0.9981316066561259
0.6238526965201578 0.7888087958327241
0.2938029617914726 0.8966775769167579
0.6935289760492114 0.8132422280610163
0.20056698757999225 0.1248986414508706
0.35724036697909933 0.7296490810163658
0.8786039445686282 0.35760217105381864
0.7661659853073397 0.6058055761763137
0.2044991270925698 0.7198497386033516
0.013200969695784437 0.14703603580559443
0.5472845030280129 0.7722830587361229
0.3444303258426469 0.20307373364019532
0.4494437995423939 0.7525367368710181
0.6148359612409879 0.26761130708754033
0.8639719090657629 0.2057573644608337
0.2569490882047625 0.9111585566068383
0.7459043833496712 0.592133271654762
0.7616189400826889 0.6392839555400094
0.4941129308409915 0.06115442835200935
0.23765546632920964 0.5991354148808166
0.9352285553200443 0.3244817612249995
0.6097411901544305 0.6613826210616911
0.3793752352856916 0.11591722803850257
0.8622855007560475 0.8372063959979981
0.4978229405556198 0.0501632187193759
0.8723535341293773 0.2155171846005013
0.10283976078402413 0.004384157786771592
0.8099191609955183 0.07239513630114636
0.8444202593975294 0.536716214529182
0.8297126585757622 0.4413898803555705
0.9677700269558052 0.3210709114784689
0.6775600789239902 0.8279591895475156
0.32801159181590966 0.4943995413708102
0.4391411079643244 0.6096144068315301
0.03476854980598865 0.2965392365134789
0.559718433645082 0.05776666005138975
0.626542786775319 0.8163443209264718
0.4378382061898356 0.8536246570154236
0.3976389244027765 0.9713916712296344
0.5264746435599146 0.2335567128685203
0.025338769584202447 0.19131319174158934
0.20194477818710488 0.4045945766576149
0.970581654809116 0.7220152854975301
0.6624581994331766 0.8428097564825927
0.4172913234178359 0.6796766437804915
0.28066751307841087 0.236819584144083
0.8761999442384552 0.3452296772654817
0.2541841576563175 0.8292597445125411
0.3328143158254413 0.3823122257097382
0.5326090069239111 0.6806889007793291
0.8318883045093781 0.17909620748166177
0.5101407918520411 0.8775894572731251
0.31248274988314906 0.7205817334896283
0.7235508995087816 0.03853284262753265
0.44700235354025786 0.4085186025595373
0.610122911240395 0.5381557325712365
0.9923432237015486 0.048827582205009046
0.27896617411932456 0.04426518538789814
0.12508977983369474 0.2096992825007069
0.5792598817436945 0.9706998894628374
0.5924961637262431 0.7219339655251844
0.27489964245775744 0.20495799809874748
0.12449058447112549 0.9256200730649389
0.9890185955620736 0.8352530974741108
0.48478330490632016 0.35607104707140125
0.6341806054012793 0.5410595048341698
0.35871070537957506 0.31248590364691053
0.8580308010260369 0.004637031145215964
0.8417434119927294 0.48120416663288745
0.7312155475268456 0.31383609640348475
0.8406479088811887 0.7214260365061504
0.5610527756028441 0.08425947034738668
0.8630495395400091 0.18500904780813765
0.6199507297503437 0.1910178528941826
0.4153488250156534 0.7707124962126668
0.8952728739673086 0.999590696985257
0.3204620586816025 0.7112432016851158
0.7398954704558955 0.6084474042415797
0.8404767458471951 0.14938479803789373
0.17558360822881647 0.7457385308565943
0.23965073387292612 0.24933869575845935
0.9738390422844854 0.12850134670845792
0.9046110502007134 0.8700448454475722
0.2671735230935295 0.9462281715845571
0.12578812612508816 0.6682066168151735
0.32510663242801363 0.9077225898984742
0.10889267869479324 0.1534996420454009
0.6158901123567582 0.6661305745065724
0.332277430299841 0.8333668945538155
0.5904797134824087 0.25177833332493416
0.7819652719524701 0.40879218523580296
0.9726088401737325 0.616757122730593
0.9568302843551983 0.25232294768727614
0.612590225987617 0.38964175655112565
0.23451611751021906 0.053858390199439166
0.4503769052253106 0.6464215725126969
0.9594001995422443 0.326461270630622
0.5033795193649444 0.2275821316592852
0.35361349873897363 0.7216517728840879
0.7641274086257872 0.5896592631445026
0.9823232789512535 0.6029444922020162
0.5826278632936741 0.8743092540128383
0.8875325905065126 0.6224964233854453
0.8245433681550511 0.8450422682371228
0.9771930242079194 0.7935772024946068
0.6702574754478798 0.18352723803846338
0.06041600062291752 0.9741438957366184
0.47607593336067344 0.9000377349207427
0.8325617770045275 0.9280591063990653
0.0518827161051183 0.3575265185750458
0.7558225207241085 0.7218810352183425
0.34323259298066056 0.5172314401318772
0.2338066119676374 0.6426919456078968
0.31431151446113303 0.6824484295560584
0.8778293534883328 0.6521788944258675
0.7907293385431311 0.9078110177852938
0.2919419718798586 0.273706490437601
0.23372051139635985 0.17650628212564734
0.4029526964955483 0.8793884940026431
0.9304627411014565 0.6108679416195189
0.5769040140540245 0.7369894488807771
0.1171345184508692 0.34880536052998234
0.35931912293715285 0.6854063259130057
0.20119329345190828 0.8239708355585373
0.015739694380267233 0.2320248168592811
0.38255542323015135 0.05048699304540927
0.03864142591705666 0.6925118530696805
0.7390035636890508 0.24468508638739705
0.20113402211890974 0.542369372376089
0.7699506630863595 0.9795357826232689
0.7606878757322646 0.7689191775640007
0.15977999688973865 0.1301769214886337
0.14986241426931768 0.45210568765340886
0.27442595443079787 0.04914400542498387
0.3177003750597729 0.9107887507995007
0.817261479734859 0.8061551734078711
0.0700559811159498 0.7588314265426985
0.7281010737176321 0.6134907880015097
0.5595191484786695 0.45075674642200547
0.724303984242755 0.33063104882654626
0.000029294532926105177 0.5682205381569494
0.542677632051604 0.31126520908481936
0.6779551913690498 0.9608453156047669
0.8519411160830075 0.12962036787757203
0.46787840859551033 0.8571087095147485
0.4185628193690112 0.3192892229287747
0.38803437895907655 0.40706148782222407
0.644111414439078 0.42613547641577654
0.5888770907369509 0.6010078546241115
0.7781125052891789 0.5969584722925574
0.41254346285599985 0.2363013237751994
0.014763747818761885 0.5210333289412938
0.1308159162716358 0.7320515714422533
0.7949142268201221 0.05952409185202323
0.3825091388610422 0.83530429319652
0.43165761898285293 0.31475611440858464
0.39219541435643546 0.8531278071133328
0.6888670543716058 0.8091995625932689
0.5788484473323889 0.8589534060236887
0.020674139763226407 0.6378431588395435
0.5836090106658656 0.572790711876662
0.8976616661230188 0.5972795821966086
0.5570977633369647 0.6498068553273089
0.3097266536904788 0.10457539709701669
0.7128728203357053 0.438476488025908
0.6855798124478822 0.7444528299347029
0.26468325938526016 0.7612296435891128
0.1968833976496649 0.7572032659826371
0.17045478035203288 0.6688582813726305
0.4640936936348834 0.5957003478435845
0.8679490460314412 0.9180819444903783
0.5753567820516547 0.21617315685557625
0.3423392475963354 0.22999994546237645
0.5136360923290917 0.30346803328111305
0.021341815834657885 0.45278397895770506
0.1979039661278128 0.9845065326459375
0.12981625091672044 0.17923969725899624
0.3255975115540979 0.9237368451293975
0.1998886147870229 0.48518906471995993
0.4229356337127308 0.5432008262877934
0.009145845156399934 0.4010181910347257
0.6179650598907875 0.760403068573154
0.7211015946347401 0.14004036599747316
0.28669712586602225 0.006645233331425304
0.0894961427711849 0.9784358961953323
0.3833552932317108 0.8938932059120841
0.8509379438796241 0.19381151000516716
0.6196119259420387 0.5941949370408395
0.912877809962493 0.19491997136510486
0.7101152124726131 0.25407120664122673
0.13027700125614516 0.18829669763488277
0.5759027067868505 0.4710879900890741
0.7372427148329774 0.6399265933458629
0.9861624744075934 0.9976711664167932
0.750457325576088 0.8156229614307984
0.8602257778585121 0.4448435353006548
0.9694156943692098 0.12764504828605516
0.5913413947650137 0.010726484498970956
0.9488304351346737 0.7325898801336239
0.9878293785973096 0.806238295071471
0.8348336325267989 0.15944667809405444
0.41854633867815694 0.8986428478184392
0.30800632139710915 0.15587395430336515
0.30212611968061065 0.8927463708627688
0.6177346702707209 0.07406714154991634
0.41274364187345536 0.3136966670772232
0.021464900972752332 0.12775809092517698
0.876063028552226 0.41172853929102793
0.227104365007885 0.28090461187438565
0.3693357956499732 0.29254007544308713
0.6250851555113857 0.3957763667405867
0.20167307803892576 0.9212990291078891
0.30444273889498263 0.4928983373076894
0.7060222491169434 0.012679241476443615
0.3077574614929026 0.9486230128481157
0.8804584429216844 0.9419927517880722
0.08856226380175736 0.8082576317548615
0.2715261099730333 0.504876467432601
0.7756834974337508 0.5360302365079292
0.523703792819419 0.1625622381007672
0.33648241857379735 0.15968133846574162
0.00037217428672331465 0.8614448048575665
0.06555265085255679 0.757508050274539
0.8109434704159557 0.4003446451820505
0.5583020727035175 0.237026285229619
0.39582303497013416 0.5214295690869191
0.39494769947080366 0.26625141511103867
0.43802043278511804 0.8628072669327431
0.8577375047987434 0.5292273425836793
0.028536400387117355 0.23985662502612404
0.17663956750137721 0.40355292963686784
0.31137684077200634 0.8855942306985272
0.37437253334862475 0.6182102967989331
0.5248070233372528 0.710830873190158
0.9857798608168764 0.6318566037439579
0.5695065468235636 0.14100900343065792
0.8537120506878315 0.6400149555806953
0.005936317679034575 0.8034740576396031
0.7697530595847282 0.3326760033295444
0.36426187721691816 0.45563695417713057
0.017988069127817585 0.7770918972320253
0.4022354666341694 0.5963136809141929
0.22952592435671493 0.18518735652642992
0.6295236548073113 0.30820185950330736
0.09150548494946276 0.4552485621498128
0.4853213294683414 0.29502478831595114
0.21116037545482058 0.007987937317656124
0.07163010947516724 0.37940331446621767
0.8408888569057114 0.2473299173839496
0.5839640434242708 0.9009724858631967
0.47818284217727536 0.09536964924385671
0.6704283172001826 0.16169636511030117
0.1927317697322033 0.2757089678142428
0.3970635254134769 0.4981178168563878
0.7424001614417506 0.5249406537729591
0.6987386861727267 0.9957791807389236
0.7958450028149235 0.2965139415978737
0.6128524926801502 0.9469388430585925
0.17656758785927007 0.791946699210176
0.22031911864234122 0.7323339404706004
0.7866889485261053 0.20089610198694285
0.693389252375932 0.9845534199999157
0.8033314662721107 0.77366944465366
0.1088151579150809 0.006984758477746711
0.23875299631684377 0.7637779921905663
0.30774610158545657 0.6650968378750552
0.39501964728919337 0.3928705188353181
0.39990312948052886 0.41000731480010044
0.9220376632232761 0.09126390834165421
0.7170732727088798 0.9344954663560496
0.2787150512965666 0.15634192967692684
0.5234716068192502 0.2755022872761368
0.8015613106389559 0.9797673361501851
0.8647476242478 0.6404261113454643
0.7547084229414287 0.36100396006945745
0.242773897136227 0.522920933310242
0.9309265389890344 0.957546980832704
0.13269609981503216 0.3665552292673009
0.5439637597742855 0.38873631983372015
0.4958511010006603 0.17641740236511816
0.4347043764340104 0.6725089425536788
0.7069367103604267 0.35086166310105527
0.8642862013678922 0.10748611214537851
0.3707325302137614 0.7058130639337676
0.5981080006167667 0.43124066153248775
0.6978659669796436 0.23557566203128366
0.060385040643238685 0.43427587190563566
0.18886712504614667 0.4283018079444487
0.9556099951640353 0.6070810018710557
0.21624068274494457 0.14659054569915853
0.41726527561444193 0.010550527823891542
0.01824227428774927 0.6456398724326498
0.6947416115531144 0.7953438105347961
0.14206520921497057 0.4008542451582433
0.5435689503451344 0.14424500625850722
0.02927840093277112 0.15667585495021097
0.8211502834708773 0.2788026008447624
0.8975989411295371 0.5382990186176242
0.6656882666176127 0.7998478995242861
0.13473990495740074 0.1838356130636003
0.5875969263594756 0.9290701892882549
0.7715457347772228 0.8332093963867915
0.33219707819787536 0.097501903991144
0.891078523694131 0.3564701305228606
0.5148061232547576 0.4062857894108707
0.8638169219890564 0.09763276812254529
0.05759077703182536 0.38856422883470954
0.24938179448373354 0.4951480189776638
0.4465751606973658 0.653616695514486
0.3777260704811063 0.8811761756636971
0.127925367553807 0.17745276828493206
0.42069020123813106 0.08792920655683689
0.2613999645353142 0.5227933862722509
0.9009485420665817 0.6610313387894118
0.8564606522521974 0.9599537247321486
0.5755445505387096 0.716958338374297
0.5235582529384231 0.2827883108127127
0.9507769747754498 0.7648916386110987
0.0804880474251839 0.039033208711859
0.09945658696593118 0.29576517804924296
0.45519678065399294 0.5353066775780368
0.4827334788125419 0.9724760362333646
0.5488168348093472 0.216833968069448
0.9890522295338395 0.3781751106461293
0.9056914129015896 0.18844431744337187
0.449676924564683 0.489390387443817
0.24989304528340894 0.3673456094591563
0.8665921222523727 0.6222432267312685
0.5917936231065062 0.4852015858242922
0.45359670070844493 0.9496722703558991
0.654181058480531 0.588630965662924
0.5688856189273335 0.4030201980430377
0.35533513454913446 0.6625025602129415
0.178795804432897 0.567845551581353
0.6364913729425843 0.6732094184882149
0.41136470136629666 0.5180261991785944
0.045587741269554005 0.7466533248836844
0.1209158295354269 0.757519100938266
0.5911035678404999 0.2952552872251666
0.5650101698308685 0.7319903237879068
0.1849401906278314 0.49150600697329594
0.09344647717930332 0.0661066674322599
0.5828908064262297 0.15432867181490129
0.04098084788839906 0.585743493889687
0.29703199711422923 0.32640029837307694
0.5801804669138819 0.40636802446531206
0.9560472909184272 0.6289908188699942
0.014276271827285303 0.5488891274245296
0.09024922132285229 0.7473413767531949
0.21017664601846264 0.6426564751559185
0.5269450969571194 0.034449390068903574
0.7143239280319513 0.44451054484430164
0.9457120711915512 0.7659511827355523
0.8468511968231462 0.1568698052925217
0.7200882936083877 0.5528460897823406
0.18216067992940088 0.9621446028185274
0.8144154712284777 0.10076491513389163
0.4030980548912009 0.9906584931222102
0.8971807222586696 0.42930519770566766
0.0049605467983657725 0.18640598505329353
0.13174191150098213 0.18289689773346351
0.8009813986806487 0.14992628774120287
0.19267622538222184 0.033742239420889275
0.11930597547133304 0.0723144901243864
0.5928282904532052 0.446826892749713
0.988336973698821 0.569002027248787
0.42741750600207573 0.7181010189416801
0.7048632891845088 0.9958963381212129
0.06815962344881421 0.6332820473337568
0.5377118592635819 0.3469430664850208
0.11651596431250466 0.014218209762891787
0.9799324185582345 0.7825330171828808
0.043928138609880873 0.8713607008387352
0.05661380634794777 0.6252649001926383
0.28452186875866503 0.9431321711871974
0.58682215862775 0.9751224590653866
0.6429266630967183 0.3192639139166924
