10 3 100 1
616 601 1229 1224 1202 1209 1212 1190 1218 580
1022 1055 1658 1654 1600 1196 1175 1194 1207 603
1019 1005 1661 1626 1657 1637 1216 1197 1200 604
997 1004 1010 1643 1632 1631 1621 1195 608 586
1028 1015 1055 1002 1050 1002 1042 581 608 569
1026 1051 1054 1028 1052 1051 1003 588 615 585
1049 1027 1045 1001 1010 1020 1049 570 583 591
1026 1001 1042 1021 992 1049 1045 617 616 600
1045 1031 1035 996 1026 1057 568 590 563 609
1032 1050 1039 1021 1020 577 612 604 586 586
9 6
8 9
0 9
0.9332021252227916 0.6377367884371412 0.3254126155425622 0.4866640692224107 0.12425805649265956
0.9308801108650442 0.6195755228862592 0.34852232639052316 0.45433593449526816 0.4597083113418361
0.7074285944080776 0.6736305761725718
0.34278981204254966 0.38482225815534243
0.801279498338221 0.24239790822517793
0.21314977520885692 0.4348832143396717
0.49209664758724037 0.04744556870982475
0.5498840224662565 0.908553476655406
0.029790234163389773 0.06224800829947874
0.5702673132071567 0.48396202252030585
0.023211813082429034 0.21061208461206604
0.5010107060465532 0.89506647976062
0.5603047744087302 0.4743168161893003
0.8463108945577826 0.8556706980240585
0.12538037950052505 0.48567278507621214
0.08721391920548194 0.9276744306301647
0.660823600211909 0.25194814228827145
0.6613307185981261 0.4476984297738591
0.29167828658647266 0.3535032816926147
0.1527044926136003 0.5589939839488973
0.49643829465354683 0.3335211619632015
0.03299433011676056 0.8964737016069093
0.6631680423095145 0.9361083973249438
0.5433097142970238 0.7981512321766915
0.7121907825444824 0.003954785389326476
0.9972491717368419 0.05802131389016929
0.3740540939158563 0.49456849381463996
0.3103653178210106 0.34428173452225574
0.901889983979224 0.04495462183847798
0.45985078369702403 0.07783249343367005
0.9232858556998096 0.7959947272501369
0.3966485117269112 0.9151839416091201
0.6555207254234998 0.6822831040715585
0.7258871964319331 0.46537250680995723
0.4208056284615045 0.4997062405571593
0.7575572566729878 0.5356548779742387
0.9191380469151917 0.3985318551164527
0.8366184214620931 0.2337126355809822
0.1920952929991082 0.9733283526387113
0.9988610179256023 0.2534209371302212
0.5939921718776875 0.3844536477231204
0.8812714617866173 0.8261887402327237
0.4366552457480797 0.49707768906494043
0.3475829767939411 0.9410690294904818
0.037879406494183865 0.19608575586223953
0.08026790793999972 0.9534962523799133
0.15431143091888 0.09509035501327245
0.5513111369669441 0.44670366483485235
0.5152697896881364 0.48929148417209367
0.5689186050544468 0.6523231478584954
0.14606993331589258 0.17472104694364465
0.23236767900188804 0.9404600763333946
0.14032333289114907 0.4000504883100564
0.05180406426169726 0.10709231990017298
0.8639010607570603 0.5211083059870543
0.8041269437478111 0.2539669106313731
0.8748540699657781 0.4282453036593128
0.7340361723649313 0.8597704167808471
0.2243039503334865 0.511322561486445
0.7845346046800297 0.3579036101152553
0.6764596791370203 0.14759583781430874
0.9792775673456158 0.8078795272889396
0.6870890680130994 0.7703118896242331
0.48593344001840766 0.6016595848484023
0.08995045386417111 0.6962477708966881
0.1971860405197403 0.6528995024498532
0.0449075238896246 0.11514377455839786
0.48197491006628135 0.7900591458415542
0.39099787264500896 0.787255159007823
0.06298151511007566 0.32833399694292775
0.009716422127904467 0.5726777753861536
0.6155751831341008 0.7165867389854905
0.18029335168538596 0.22450336676906701
0.7069096689759082 0.3525691033894649
0.7332988498249808 0.25956265455057026
0.7127919906476388 0.6837548567386209
0.5521414995642471 0.42306241074028406
0.9476313076539074 0.6375163680742095
0.7692120043799713 0.03905560069879943
0.3060439825924104 0.7301434222409606
0.5081154656247759 0.5712886177805538
0.09968116488724466 0.15946593444636004
0.722631150311142 0.7010706147010197
0.6440382530409716 0.8216341557276938
0.736106923915631 0.7892532209606173
0.6206161302264928 0.8655898062764109
0.3003520662192647 0.7659485326367617
0.38586768838242813 0.7004428152785354
0.4723910563905538 0.9045839735493564
0.2598744970214486 0.04872399536377925
0.9982143994611661 0.8732788727756895
0.7736017616899675 0.12172033626199741
0.9537320058584309 0.9846056948213928
0.11488513902522657 0.953960701280842
0.5111494153401477 0.5295823940405304
0.8810813915058826 0.3576474669078764
0.012140097419784723 0.3505260767951963
0.8278485506232651 0.5527492045820377
0.44449900659762065 0.9610633035488063
0.4403132936291374 0.8717531202630167
0.9155542306149889 0.4557498225633845
0.6296048105081897 0.08798518204453698
0.20640875058606833 0.08966870397899407
0.04447040056399221 0.6154467502291552
0.6889432394352855 0.7862148861952025
0.8863978846418661 0.45379449314193687
0.6228142248726609 0.6283430254485443
0.9572405369754988 0.8832716266722276
0.5086549209689537 0.813990274220963
0.20731248498778032 0.9263232641180559
0.472275967389453 0.6508969490831369
0.5105022560210069 0.2261371694602745
0.9297693376836722 0.46398009245171434
0.6256099800074422 0.8905781014228373
0.6456714341208227 0.5862079881945299
0.5239431974523809 0.8990431179048883
0.8581171187199337 0.18496012663776074
0.2228398712237638 0.02260087958267576
0.000042986119128674005 0.4102483135104358
0.8911132589377599 0.06360924818865743
0.6267988594790901 0.5278714109792897
0.5648074014509936 0.2998748452527653
0.5863747612396386 0.16884041616457535
0.5199648662750433 0.9082345520343362
0.7983705700820793 0.7863815231143223
0.25622316834734216 0.8214503786683771
0.7259648086138188 0.5339451877172352
0.9124447914558476 0.9486384555348177
0.07166528894853474 0.4789875528791401
0.4728099442756637 0.9270797544637894
0.05962135230726151 0.5870375873289668
0.6235431124208874 0.11563977648797619
0.6364766361438905 0.12153466438797511
0.8852126411852537 0.9754277992469651
0.9493442801521843 0.5752835244972714
0.3277711122028846 0.17254812752812487
0.07897303969169256 0.8291692924742158
0.1802427948875014 0.7136364321798236
0.39141106538775294 0.23596122119761231
0.15481900261802317 0.07519189997419407
0.13291793593507983 0.014190488470848583
0.9628122489452955 0.9576012731051333
0.815753201265863 0.7468358263123405
0.7740357905494235 0.24065323492932778
0.3777826321400075 0.5954851462683817
0.07076291380663124 0.9694997861656129
0.8875411351736298 0.7812382888698466
0.905805530894972 0.13840075450595202
0.9119204217216608 0.3747424036750733
0.46562179780989443 0.05555280688236186
0.31496939497485577 0.7348143938773151
0.5866095288559134 0.26715192627685624
0.39646763367606974 0.1252329188334429
0.2938372173892916 0.26909439701436244
0.200003134153516 0.03152362760854799
0.7970576582401372 0.6415973301977635
0.1137057445992955 0.18602770601686736
0.6642712212602899 0.4202291437065804
0.37313445009902657 0.40369316601660166
0.0981700074861116 0.514388500766279
0.05366451655717208 0.5058897091708421
0.8425473154270486 0.5995767574297848
0.9021426265652259 0.1723475429357222
0.7970391020971741 0.8118768828215368
0.6821649793560671 0.545789384382187
0.31549552409373005 0.5028815343701143
0.9258423696531195 0.11137264329586483
0.8174818561582333 0.7467693161767206
0.2984599957234899 0.03804175038119384
0.6871728544334967 0.666164263663497
0.5451390616980143 0.4353719166239376
0.4282572637282682 0.7243409016146869
0.6941179276446554 0.10301223769920775
0.7618468787198531 0.45497224143260784
0.9664219701254535 0.5503453068714497
0.3709031820062876 0.6268778303375051
0.05405006945287116 0.6119440552158855
0.2846907284059821 0.8956163239712336
0.6988337200995973 0.6782515826040962
0.2642260643068859 0.8391131189029766
0.746145530006534 0.6843921054792883
0.812920394747753 0.7541114419673289
0.10915769692667499 0.3417508990931388
0.4781992140730842 0.8121106477896338
0.32851753922873117 0.13248485591982706
0.04971905296127144 0.4198900616371015
0.3262909376928331 0.08413809618516432
0.793665913544372 0.45711924105442425
0.39831204788337327 0.9579756702348758
0.5923114207501148 0.025385332197855215
0.6294931825399799 0.5995323485076807
0.08583567266216718 0.5770343384485137
0.7363577065083151 0.42480992219310454
0.1383066903660286 0.39981657071397536
0.26000500884969635 0.0411594549959311
0.6520956016980199 0.8399648118803951
0.8780051417157517 0.6004336520887648
0.5602887447158267 0.24692742241172438
0.8335741213129573 0.013365637985971901
0.40022857550455027 0.9082484533140787
0.8115304422631737 0.8970716368922618
0.23959064147992049 0.5559929226345193
