10 4 100 4
341 1466 1084 516 1910 600 434 822 524 390
567 451 677 773 684 529 635 1434 1156 443
352 792 1025 1864 633 790 837 1232 1549 1908
382 543 1021 1774 1004 1379 356 1278 457 1740
1085 961 893 529 688 376 333 1411 857 1372
454 2020 1740 1487 558 529 1104 539 1580 1851
1495 1248 458 414 1081 811 1752 1882 1369 912
539 554 1305 551 1818 832 1557 859 1450 1248
815 409 517 1347 1237 1144 1339 930 857 1721
417 1303 803 1913 535 952 1556 1138 659 1554
6 1
3 3
7 0
7 7
0.9214068399818738 0.30764842336241477 0.5556462964795688 0.6003502271116676 0.3629877249341995
0.6257631526792578 0.8560476439286098 0.7234023642228578 0.5395665727775435 0.21335199091937299
0.3230947386170798 0.891134575118975 0.349795093258421 0.9282719758021716 0.4140888541071207
0.8074145541027127 0.9605546533167835
0.6280742412407037 0.7661096394921301
0.01803017217363201 0.3694738472407113
0.846167810822454 0.15882274953947495
0.1597246866466142 0.5435728576555057
0.22668010386628423 0.6408479502002769
0.8940953030703884 0.3948316255133588
0.8822360334703077 0.36123294784921
0.5130728405934759 0.39876229191796164
0.2639435906582226 0.7247014918054262
0.486674243288143 0.4435392615173164
0.08557851305280373 0.898397420515886
0.7541656421239593 0.1566890512494199
0.07570604382312918 0.27057043562219096
0.10014557677454117 0.6594060159665254
0.3225058819331492 0.06138947107459258
0.5536743039807663 0.22927626087209663
0.3786634471426229 0.796040729281555
0.16105739652848428 0.308175911378503
0.6354321370081208 0.2112765642331622
0.42243392030532156 0.6670714404524059
0.8886508793341934 0.721953331515784
0.4397683760851947 0.1838013726894714
0.2976334954899478 0.4225809318617304
0.4875243329923782 0.9063344288790569
0.9021673432495696 0.12842600819075
0.7701672167468787 0.8790059040681923
0.4883608932391983 0.6810293003028152
0.10287841179013446 0.17398206927204996
0.402998158626662 0.8221400760855719
0.16747974212859673 0.42192236802339944
0.7014451306944498 0.28770870078906197
0.8524889360398613 0.959485197148831
0.626681870055515 0.7333468618973316
0.9196841270872189 0.5785837586965854
0.5261769009345005 0.7324830526212942
0.16490718434306895 0.07773103156443395
0.2938621701893467 0.017624641745550784
0.5110958155505494 0.3222035209344518
0.035886195855756364 0.10338070441444569
0.6492245025043144 0.843716871428934
0.516377567161503 0.26116758967766707
0.23167761332840775 0.782012205070941
0.1384565504700357 0.8688166606090861
0.9513814687161215 0.9956547071286526
0.18525743245656434 0.06430831736977538
0.21472634408229974 0.970784502669777
0.4657742400441385 0.30475012492276377
0.6150927964386097 0.19041856857959738
0.4051816208184036 0.4377619422580672
0.6183668351657614 0.10623369585089182
0.5938238608861639 0.12487664675382892
0.10657193696445111 0.21216688144592188
0.13911573344013606 0.9997276088206022
0.7605585452196759 0.06447805154147246
0.7091145592885639 0.5987907462064754
0.11660886911084956 0.7153308578872062
0.30341627324193743 0.1921897545961857
0.7069003473173361 0.7631974806103101
0.0995435733556258 0.6042845353417945
0.7242695643400918 0.539602802895873
0.3362714237797162 0.21262680995116567
0.4360079500454599 0.35951830059618195
0.4736181284228269 0.3595068262875132
0.268884465087901 0.10716440232658764
0.930566569413704 0.6152272541556592
0.5743576424927659 0.9332627979244383
0.10346942953598082 0.06911738373730536
0.8072960826439537 0.9977061724874283
0.44160257197369157 0.7299328198282833
0.4401883207785273 0.7896426507660501
0.07265115654608456 0.48323508888412126
0.06120257875243684 0.6268964684022105
0.7746644204039379 0.32587517231198304
0.5667397150407054 0.28179327473087845
0.09096345523885385 0.4516613952945907
0.3003425114985847 0.4853736482086135
0.7395138832200554 0.9749652566353175
0.08926801597950895 0.6630777444199643
0.26317902653300895 0.9478115103876164
0.7764253285965823 0.6979159118867877
0.9092406252092142 0.2849543606136362
0.023464697836877102 0.5139436619054913
0.044192114063422716 0.2464463529943306
0.3757092496387626 0.08301034918798811
0.02048284599403649 0.5323868242196974
0.9178639960063617 0.048644400607591454
0.9911160005725737 0.4523904182280305
0.11681005574991299 0.3555483664226593
0.8339693468830438 0.9375651610103435
0.2189684360345754 0.5230393032541762
0.6438518335987051 0.7474029826639819
0.5176972155729447 0.6686163301175858
0.3532785188176968 0.18091048624225703
0.8090658454190722 0.5616260906963311
0.8213626896530126 0.8966391367361963
0.5701527554065697 0.3403088578394189
0.8170305424448601 0.5705559786242409
0.5081315937934987 0.1480445508031114
0.3239419672942139 0.7941916813171723
0.9222880277224377 0.509765154577823
0.42015369757070076 0.07019610003360377
0.7879312808091972 0.0612174006887829
0.24066215369905009 0.9629905615703436
0.5454218776159223 0.41473111219697123
0.8433303111475585 0.1486609993581558
0.9318803162240965 0.7653579037879346
0.4344496668671083 0.4495743366134317
0.9517407817225656 0.876820819499263
0.9083304228646969 0.08355943475590366
0.7567285219643174 0.4582970366246548
0.17477828121576677 0.9010388932769593
0.5311646512178501 0.5853080717566526
0.6529617246676962 0.33206404777603393
0.2224461513959417 0.9464147623474344
0.35074483248991295 0.21282726536819951
0.9064831118295356 0.07803015032028804
0.9922079418626502 0.27923290487603536
0.7827054738392794 0.1411117612087358
0.3385600977944674 0.07953442240001096
0.6153739389270598 0.6823242296042626
0.81909971162235 0.48601130584178986
0.5707548208488724 0.929660760077825
0.826483337443833 0.33844150185577115
0.3938073963727433 0.55040654207605
0.3929074743846195 0.4593109815744012
0.837278369701058 0.14048494011371915
0.590902707710254 0.46721953681097994
0.7469596300426529 0.25955864403329443
0.3598357489326678 0.9529766962974795
0.658526933249568 0.9538071934131895
0.17509514354735245 0.5227654193111144
0.8428225813342591 0.8795351822065833
0.38006666349179685 0.8850812966074455
0.07781147939265765 0.3721226669900848
0.9483864550611152 0.7494634047443831
0.3192233453292963 0.7737377965035797
0.3811308945403713 0.23973598469982793
0.6662111833688418 0.2356571757179744
0.004076739561403642 0.023708298619569357
0.7879747833399022 0.34579696371202173
0.24432202886944787 0.9655565179075645
0.3661886676933672 0.49065180214300974
0.16962421633517422 0.8090454419429658
0.22943696562335436 0.3606390516518012
0.5696289609755543 0.27980854589409754
0.7580384841326822 0.24452619636146644
0.6818817484805095 0.24635866273141493
0.12667626498569962 0.028639921028478232
0.03917347090312839 0.3184632669585934
0.47478193744096586 0.31447462089839484
0.7849796376988356 0.8642658265094498
0.06579770273558938 0.41275132830773087
0.06193237076274993 0.40107077712809414
0.8216675876268091 0.14601223636868932
0.09374054745207405 0.90835590372249
0.48524779004951557 0.5080987296388115
0.07481755745545149 0.47311295433313094
0.5002449881222011 0.6271151249173501
0.4133565039393703 0.19716630395178036
0.8961992690130449 0.09135405817135278
0.4010214456958108 0.7725572590907832
0.5794818975339864 0.5009940103194399
0.9046588085090512 0.9006853658338045
0.38405781316802656 0.8417128053200256
0.6708579320260579 0.5310584756059227
0.15375176791013767 0.36103314055465896
0.5074287626964951 0.06402079871313937
0.9254365673494569 0.5533121217347576
0.708242252804892 0.606455027034674
0.9794365677979107 0.3400275106333457
0.5516738001232198 0.5947011497831813
0.12241578228614247 0.2983271772058935
0.2831048678611696 0.05137167673489906
0.6916972353109765 0.16406751924675333
0.8839452221805169 0.0019968112897645884
0.8104587367842291 0.4433125590332898
0.27261209751776394 0.6936171934501636
0.08263837798869123 0.23560340095389942
0.7351853031677515 0.5236237980739904
0.37858980533003983 0.26590962094229553
0.2850872143681167 0.18523376596190566
0.3606430159246672 0.07451935041109681
0.8399721139734262 0.19854641664580686
0.5634965545602346 0.050468827200206956
0.21172827124922255 0.7663929747523164
0.41220369581921434 0.026878075429985104
0.0039426042267853845 0.979774088055646
0.504767651765045 0.532479372444139
0.9793584095428622 0.14302815671297076
0.49135168339152546 0.6216561481917255
0.2059176341221678 0.7012248822659426
0.46854723344113247 0.24871624571601814
0.2482117427955819 0.18641578495439193
0.3124867353899734 0.3274445172751257
0.4044832984799436 0.4063853215817681
0.9192320750544005 0.05999046946238451
0.7281876412488517 0.8354967727074669
0.5923965486530558 0.2689354743412944
0.03602895876623857 0.354654288183476
0.3434051889550864 0.8818646186885684
0.5431203071087807 0.7745731383137981
0.6088997912000618 0.33028801781170536
0.196796197085515 0.399316812449392
0.8732803781559615 0.4123267699104669
0.9209826829484948 0.2945631873228174
0.0801654147274542 0.1342427808140756
0.34627925842713525 0.036971121388361006
0.9224319703440578 0.0163382493518498
0.4432164661316691 0.37870486010006466
0.6061598989439083 0.24805301219733344
0.08819379143293049 0.009995118901758193
0.43663621866497904 0.9100167892638766
0.15386478551791027 0.397788061160111
0.7059908620861166 0.4914105901438355
0.4772331121963156 0.9789825004335937
0.41459635243277737 0.9721506909117963
0.3301027467527846 0.1046939611936264
0.8819581720637013 0.5605427997524794
0.01923624628153786 0.6965758927575483
0.34490976624602965 0.22978836769339317
0.324045796710835 0.9574846530153589
0.7661208792698604 0.2848308177738559
0.1909913098333902 0.1689863065319599
0.7100658787502647 0.5003591938693288
0.9649283435021421 0.6886981219476973
0.9239821531988228 0.6612500303220912
0.9840284996182436 0.4752424860588482
0.9149128807225644 0.2815531337341719
0.32370934002681384 0.8287390873323885
0.5543856651499177 0.6834472088759584
0.8648252517139785 0.7800244594422625
0.09141395491998883 0.40025537065245187
0.542139004996552 0.398388460816397
0.8154674112089098 0.8878717846067912
0.20625091180190025 0.22642037478835397
0.8161863927791715 0.8559305384911311
0.00047322754508360987 0.5945769214364978
0.00212080321653918 0.5332382491086536
0.114798722600985 0.8040761337468953
0.2405237564893461 0.2889624201574834
0.0394864205497194 0.5161724412050235
0.4666742136663877 0.8304179248010302
0.057965881854786794 0.8927350539515135
0.29671108018817427 0.7887233346384466
0.3294120245135097 0.6163823178451648
0.21896094671488586 0.7377229355934922
0.09086633317632997 0.7814571335825753
0.5256989757488306 0.5713745907071917
0.15920178070371738 0.8441530177204504
0.24698251623097445 0.12991468847455967
0.8747404758071677 0.6978083261210635
0.8212930726448051 0.09299309497987496
0.7890905190288813 0.9660037980825982
0.17424361781344322 0.03885223017690831
0.7637229740689442 0.26523259549331835
0.2405006156855558 0.18244738286647277
0.7602251234962512 0.5546238181859282
0.9037695332621749 0.8549026387406622
0.8353827718051949 0.028397898447282577
0.8951828227171776 0.023759847305207638
0.4495174895969303 0.1282311706702972
0.7604506015978207 0.39992496591701854
0.04282344911758784 0.30489965676048003
0.720767824862846 0.2602058618123928
0.40963811214624823 0.5197586710840283
0.3240338150359443 0.8616020824172703
0.9604340810340757 0.5473446415710854
0.7603475882920481 0.25694086224029
0.6623468371727737 0.609303104687068
0.34335180526794673 0.41260277372397325
0.053353291683897464 0.1308649797520649
0.7109330208257731 0.9320239842844378
0.5978246336367534 0.8227994378054404
0.814127879273109 0.4822979794051927
0.7402107766466539 0.6696163373189532
0.7180950486033253 0.18559829178682707
0.6312799953780388 0.5291156076058963
0.879695656174702 0.6688460442979187
0.2722582211913056 0.033440653796429354
0.7776183024645269 0.9870231165128218
0.9831399507573295 0.3160697222839852
0.8342083712980477 0.4669687386757446
0.3869842410438886 0.15503930226276386
0.689787582442114 0.9002086130709499
0.5116422442366753 0.7727305375810924
0.4183939096156062 0.7407623111964607
0.32394001816909634 0.07805587446214068
0.758901167383162 0.6864687360053414
0.4465637251664598 0.6592079276733234
0.9832435735134921 0.08757840303521247
0.3287345044598444 0.8511008834386828
0.5314086799578794 0.4131299135226618
0.32949979126183715 0.03629201169241614
0.09490666831583283 0.16851139264265824
0.17422706602614246 0.8294388724929216
0.9042546827301665 0.24199347823887019
0.27265980949118207 0.5724039885543246
0.49666996345683634 0.26418806104746695
0.07661153593847425 0.05396585168106993
