10 8 100 1
709 738 753 806 1062 1090 877 1064 1012 1033
734 661 772 1107 930 961 929 982 1017 884
761 884 765 732 1097 992 1106 1089 1065 1083
694 862 971 893 1105 1217 1145 1173 1191 1025
907 922 835 1033 1014 1214 1163 1116 1209 1049
790 844 1003 1017 1064 1195 1027 1191 899 810
847 870 1033 1099 1286 1349 1211 1100 895 1029
881 910 938 1111 1149 1327 1247 1047 1107 1048
885 997 1080 1082 1205 1160 1096 1001 1010 907
788 857 1061 1062 1151 1036 1091 956 875 943
7 5
7 8
1 2
6 8
9 8
4 6
0 8
6 9
0.7949206982604955 0.6172191340585176 0.3475542678616914 0.5719001638393699 0.12432003493279985
0.7771626657234976 0.995182468215893 0.9531578938973126 0.3341874631229322 0.21294356484545932
0.8644340703914246 0.3707272777640852 0.7834354741908073 0.4944025542431249 0.49695078060440423
0.60535535107812 0.9857395062350907 0.5253647142483404 0.8296734020551781 0.24720201659807364
0.6428397464994905 0.49184852055020595 0.3625905982817219 0.742391495417812 0.29255585349628477
0.3517031012001245 0.7259228515524854 0.753722584142335 0.47972571000505915 0.27554829354218163
0.33285924650638593 0.39028756135019155 0.32639119310017656 0.5606366526445442 0.4830285379516396
0.5263453222786785 0.8998565188729246
0.5273666167378137 0.4227596475838422
0.8256747658058823 0.5946348904668184
0.7723036405602104 0.04929992523815985
0.29026591159305304 0.7210056574687314
0.4834680244438858 0.17656136489641083
0.606176816176244 0.9350320168148143
0.46295256254037187 0.4489731078902206
0.37144425874687936 0.0296549221183795
0.03855439754049739 0.8470471498918075
0.004858517034337151 0.305592834538847
0.9097267407430261 0.95172126890899
0.5598859713793938 0.1527453144735691
0.8171233648445735 0.278705094684198
0.4040345360620745 0.6864817626318422
0.19963459520782623 0.9214512744771424
0.615308985496837 0.2973806130908594
0.6493041816727048 0.32701816017590746
0.24220856404372482 0.39526539828970897
0.3318763480340947 0.9226063847329786
0.5049688279180935 0.888448747573596
0.5999616510563159 0.17057194996290215
0.5376502318916918 0.5957260655794474
0.6431329579875291 0.5664540104392835
0.27176405274784776 0.8465397017169138
0.8148315277131151 0.7855893145775885
0.24715157951230604 0.30281594566834036
0.20137122055811396 0.6879966089637704
0.19696043867712287 0.133980030641506
0.21605691537441607 0.8987386071099828
0.0318575855840173 0.6903006103806819
0.9619069907407158 0.7346331115429066
0.48488896134426596 0.006267774313552188
0.12898773026242627 0.04379413517133979
0.5850173159609446 0.682071026901897
0.3312288894952633 0.09673796282325786
0.14234714195772935 0.6624236645621195
0.037905994303845114 0.34128388586733105
0.9034556725963256 0.04298821628947613
0.9870594453294916 0.07304848849005108
0.28317922811006513 0.370379933811559
0.7498323310745512 0.4993942145707433
0.04062290454662332 0.9674334741066235
0.4358834737563466 0.8828363717673944
0.7463864850453181 0.336207168780299
0.32437564544800845 0.8022988365347419
0.09486602815896505 0.7836068906785645
0.6081663144613998 0.27150971573020843
0.41181289122815357 0.08752039929954569
0.6091025870591014 0.6962525081734217
0.6955298645751782 0.48725453726992685
0.06618375176879021 0.3377933190420759
0.14381568077502904 0.7584975004113128
0.3656864514359288 0.7341912944199047
0.010082431799300906 0.1341984603827664
0.06705525462464368 0.8694424130363838
0.3226367427611161 0.35159431138763053
0.0204665716857515 0.7174391057519021
0.031089615510196733 0.6880687843781326
0.34552631080001883 0.34218623646998925
0.9419100855360163 0.5885538228028531
0.6914712251953186 0.4238552824641131
0.31468447124240506 0.35507537230059905
0.2686970598893563 0.5290579780885858
0.6104136359724819 0.6151482918268136
0.8936708853736512 0.5194991306573389
0.35759774366780195 0.9211883134661134
0.964238181817668 0.8496466948674051
0.37744941592039427 0.9577965434647788
0.9608405867136158 0.24128275374473152
0.6352783389981043 0.9770708961883559
0.34910837619859136 0.17343251642521973
0.008114832807811112 0.6483422426906944
0.5906655168974848 0.5119551047493607
0.20471896815934354 0.16043643249037554
0.1698804764396693 0.44417059777228984
0.10182936389694763 0.3939122232232466
0.4401435693432594 0.41636750744031437
0.28277360414169905 0.8838486492084578
0.950957062129834 0.4750787699554253
0.06818441838965983 0.0005979415440255931
0.35515030519755686 0.48001243785053704
0.15305890056450377 0.8917660722674652
0.2554716477585095 0.4845510715974841
0.73497738888216 0.20191592170658712
0.06468556662898828 0.6583409645592833
0.3007647852946478 0.48143541873178575
0.7569540508100421 0.35657573406875387
0.09203322014303983 0.9151923308753431
0.07627356108518346 0.8862479190443346
0.7536863433044465 0.411981429008613
0.3829598856229268 0.5028076203300766
0.20369812646033725 0.5426905884769206
0.17845406405886077 0.8054225658690526
0.5876807778564472 0.222644640572778
0.6643482411086443 0.5746819148039359
0.6838633351455348 0.8900969927447251
0.6040382532321535 0.12887805898505356
0.6767580551816068 0.41207364809187186
0.379334777564877 0.15973901635688725
0.49427937978144176 0.35710125673945914
0.25923864774750416 0.446420025338389
0.12997193261697104 0.18585922308345793
0.05947229002087284 0.8785370335092164
0.7893521589952739 0.8946069603267435
0.913403676697254 0.2174277440330168
0.40272381588268114 0.6572596706503033
0.5502550281961975 0.561165088101556
0.37882470999241913 0.7110124361533388
0.32741974121519224 0.030388749557692663
0.3734551012681595 0.5229267619406197
0.03507172833467642 0.21739193064049855
0.6242071397483515 0.4627469680760896
0.12649108323220237 0.1809849429779118
0.16337965639662766 0.09676952912529524
0.14772797834642426 0.6531287548642526
0.2011534781299802 0.15122943541130152
0.5718972684067691 0.8416353790606621
0.2141468475260937 0.2528581368092764
0.226467273951646 0.8324564736505542
0.07182181466450421 0.4207784745284737
0.294086732380628 0.6535741414810325
0.017366917887398303 0.08378465727730133
0.8989507333387148 0.7218941296146215
0.9925682294339659 0.9406852874070071
0.15863025398852493 0.38775872690221513
0.9760780108857097 0.03666251526288877
0.2415764866844905 0.2135834095182061
0.10044463394369019 0.5422774545391058
0.2268198279305229 0.03311424304375343
0.9579677464938494 0.8753066378593186
0.5443978538649075 0.8746563630145359
0.5671951736309264 0.7637314213794184
0.0554743385692984 0.6617051309359594
0.2570677342084333 0.13782518951235945
0.09297804936348197 0.7333438716780485
0.8359179216336909 0.3629098639145567
0.14721501616215704 0.8443297429653269
0.49043109703095156 0.9993579193567219
0.9192976645211421 0.3712990312952824
0.4393555539606284 0.3806913213321208
0.01876151365491241 0.10260755576519842
0.4358132948430353 0.8191188072531874
0.7799130254645039 0.5505264070520348
0.5668414589571902 0.4357563840735308
0.2781251427238858 0.8050966560354644
0.5898686436301452 0.9712668323588238
0.3947464147069517 0.06158125664239522
0.5336957377096792 0.1342584061909755
0.850078086386262 0.036620019432646034
0.43311643653940535 0.9292960096871259
0.649206966822413 0.12187794323335943
0.5922409407961817 0.18286610346304455
0.42710600191218107 0.48788370680126514
0.27834606121459315 0.7610115582314048
0.928890461733126 0.526758036282037
0.8478260038159424 0.3708935822910653
0.2444313749639273 0.02843092031925054
0.3318014756760703 0.5639274215751302
0.33720226968453115 0.6420514320310917
0.38933183381477887 0.7550659765795704
0.22974363906388295 0.7023051312113802
0.6607615806299549 0.7499976938997417
0.7375250332139767 0.02027803038753828
0.5833534985615985 0.40364828435352584
0.6297793729702073 0.9815312336191702
0.5074319313304445 0.7193574427515883
0.8885801069368513 0.19540790123590113
0.6987181129013056 0.30955010704061126
0.16301981421157064 0.7421768058967837
0.8102490443272548 0.0338418651063388
0.9479271693682054 0.7334961140743046
0.7704689044150652 0.4797561226597524
0.7488832125726483 0.6599876727151948
0.23843816814338648 0.7687091262137637
0.1502365028347783 0.5668985556215524
0.7708053918702011 0.9415737179081867
0.04868542732153003 0.06865599436014302
0.426521771117627 0.37289587923919876
0.25293652502016717 0.29946518390799914
0.8354203006087833 0.13837641852013394
0.49975909516991224 0.7305249231381636
0.556879527412661 0.8377492541523199
0.8670367155950822 0.33051516210053666
0.2849233086401459 0.9019838358573351
0.5796121683582487 0.7714024942167568
0.7588776240985533 0.4898932722519942
0.5315309029591528 0.5482909129278961
0.5470550376856294 0.9485813163922587
0.6689935202091957 0.13999270762452842
0.6035864749107172 0.8758776484997168
0.6611539909816098 0.5969118104939795
0.7884200782299915 0.8085479226429944
0.7040810423108241 0.7379777816667734
0.30657673370169536 0.6626550898914467
0.9559103061265812 0.7942250223572185
0.7453898401614776 0.263944414763049
0.6994614026660972 0.916957652270834
0.6891067704748997 0.4290491924557538
0.3341975205035834 0.968546945944748
0.8449047244249521 0.7298204023788828
0.126392809800157 0.34500420298614265
0.050318083455032525 0.781239038643184
0.8541116119159178 0.6021996641403655
0.14434349137925606 0.19687017927476602
0.45414961986073354 0.4249084594224113
0.7389597979377327 0.9706320330191505
0.24124941503072872 0.19214429120685428
0.7513132911622713 0.35767695315831394
0.2682806401920037 0.7788564723383193
0.3610207760812165 0.6479836424841112
0.35848388997839065 0.7450312721238339
0.15366641155564031 0.4969874704542987
0.5563255084669925 0.9156800723225524
0.5249613115552281 0.16329736034482956
0.8764967450065952 0.5782029922235874
0.9533546475622703 0.2042227919223074
0.5046124253334703 0.7401524267399751
0.7108712483671265 0.40899493752294824
0.5344327534921918 0.5608986511230483
0.597046169013504 0.445002224117349
0.8051422003625646 0.8552559861699218
0.7107021083008418 0.5203713867132886
0.668176057757764 0.7326887987915964
0.09097720244185181 0.5535495994919297
0.47042955689391297 0.4005551850766116
0.7847549535833485 0.2555917543676527
0.5877733629557591 0.481393171315897
0.8580531061355763 0.7603573372018728
0.40860141262928407 0.6915302833474712
0.3562785673158919 0.06142618472973771
0.6153355856065224 0.15399724010482418
0.2091474041348229 0.4933210684390985
0.9504430479042265 0.17952429628608124
0.9998344830397909 0.13653501559734904
0.5417181646390778 0.0110735350112392
0.713241777153022 0.011900666495960444
0.8369123370250746 0.6032182044527021
0.44071943364287924 0.24030100427587353
0.2835951506375385 0.27533517184552303
0.6984199907171857 0.6452698438763074
0.11003955147406241 0.11819735327232506
0.1130965978122993 0.06420866647468171
0.07312363296196 0.05692284518581858
0.9303735217494435 0.8841709804352713
0.9554583777015131 0.029114543794675152
0.6316447758211079 0.16387352214304785
0.027958495680470596 0.8739708056956621
0.16783507269860354 0.16945217266011858
0.04335365186118234 0.4854191277494724
0.14583821011493758 0.6465346614047018
0.9717960082516277 0.2138857298232808
0.9408316636873542 0.3968900138521556
0.8215882582720322 0.8254593694970083
0.08706419389685238 0.9969416929880544
0.1594615981507137 0.8724353158064557
0.8079418217611276 0.4332876727521533
0.6779616072095156 0.0012855323503346838
0.6846008255510938 0.2107398295080467
0.10075888373916797 0.569027052214395
0.3566665157106539 0.6452772751985916
0.6022599186938018 0.13289483951335823
0.2767039004987657 0.36998209461793086
0.4471766478189181 0.46880277136368065
0.4685139571949959 0.28349134947354493
0.8196790751967928 0.17842022286981463
0.9443396324139175 0.14570964146484155
0.34014914633048754 0.6891268311338761
0.2276980038875136 0.8843788601526705
0.3739717058086358 0.725998502761998
0.8500487667335925 0.3661148383388899
0.0671384447033021 0.8438594385163423
0.5511795868280933 0.8901010608020985
0.8094662853667296 0.5384720702397221
0.7054396496212427 0.12869274140054499
0.847109276701153 0.19230590445415618
0.4244485673174092 0.6195558093637614
0.9623592230251745 0.6255997942168376
0.40151518492682126 0.10778521452889578
0.5571846497654083 0.04721722299586517
0.02611709440028287 0.08717621498650319
0.3511113130531107 0.7544695369690755
0.07391755122662658 0.9422248867154528
0.7587230035008481 0.17619615872784689
0.17470918382490108 0.7594741248301964
0.20174144501445368 0.2438921551323303
0.14195881915869646 0.5566697902536359
0.5256387974385577 0.7179348654386473
0.6302187518202105 0.9028388889798822
0.3378892656075623 0.3287727170892696
0.29578142947872466 0.6873009388133904
0.9714874224437828 0.9128094498068253
0.6344302217897868 0.9173256011236419
0.7034290410414732 0.7955933128154244
0.3106902757218062 0.4880221370582789
0.09162788679333733 0.8761361017141038
0.540404627709665 0.10361873072356587
0.874529708238013 0.6668519459479367
0.426996999969 0.2415184902822125
0.5789297816184156 0.8937734209564829
0.9831454125061552 0.8595894990164534
0.7049325170721226 0.6604994255111234
0.7921467466002472 0.3738572219634515
0.7934784887016713 0.7670911664784776
0.23927776129018818 0.14967814637309362
0.6379743127978976 0.9901507774460945
0.9430954912530674 0.628287612855847
0.9670649614628808 0.747809094710624
0.9534382857348187 0.36383103152946283
0.5345136622603666 0.6767481833702673
0.6125896152360002 0.4978223994346924
0.5049559844234781 0.9312396890135102
0.0017895092171202887 0.9000390059489589
0.06360160629738454 0.9058766343637052
0.3560330377211367 0.12137486864902702
0.20698340303428053 0.09393494086281495
0.2663094026105173 0.5150152976304068
0.18364781965389976 0.8491429231090195
0.2179338333116616 0.48504256263981427
0.2211684637553386 0.21614150839075474
0.38102083031615086 0.03784594635934879
0.303057252718965 0.9183571809554989
0.0024462879324516074 0.6877322080093031
0.9974768648710757 0.6390383005882552
0.49933768131811895 0.6592176419455358
0.30657145829434995 0.14837258168236955
0.394143942121143 0.29163894359662557
0.5572231341977536 0.9949912297765862
0.40902455885319133 0.45763577721383264
0.5039199145808817 0.04125066838292302
0.39589471098118945 0.4332036229283984
0.7025399502671226 0.4246229933593164
0.7502226586158496 0.09511827911941673
0.7232391809994942 0.19874253690673416
0.6323763057195024 0.3243728943373221
0.27909858782146957 0.5029069777283062
0.329761262070404 0.824422747127576
0.407231101496337 0.31106457378396235
0.011684550792322002 0.3724441276234387
0.5795135837979668 0.9667670473678738
0.3278700796095335 0.734198263648649
0.27967520957296377 0.5935845119156034
0.15795757625404838 0.9409677219818708
0.2469362753827793 0.027960010023809323
0.06613076731199596 0.7332360734364813
0.015370267869124765 0.043407336792794515
0.5350127488967924 0.3502700981357816
0.3739139921263983 0.21608142299425537
0.5740848626605499 0.024958079775943665
0.5098023763113466 0.15011522624789952
0.528140832174796 0.5148905922973692
0.80994882084817 0.7548266525073126
0.003724034553605149 0.06732825081967131
0.5703547300159495 0.5464790917961435
0.2903533955188824 0.2174303889814997
0.3742388666114924 0.06501868619064122
0.3515071303236248 0.9148864521371785
0.0996330538164667 0.42029746726939643
0.35159058246659813 0.18776724807688905
0.31409167192636467 0.25398969536162985
0.2463027852811317 0.3527103179862774
0.617069644039151 0.5069728933550297
0.3506778088242952 0.8268667235560792
0.14186991271905303 0.6191001478666898
0.9059952694252189 0.34581441826801607
0.08908076325004943 0.0167912829992376
0.9396434367313291 0.6986111011448599
0.09199319736512557 0.2675469031027451
0.44995942451925197 0.5780230473670986
0.4678035927247315 0.4251773722466834
0.9695570101102322 0.48077337162551936
0.5488059080104954 0.6519826627341156
0.3447073368258009 0.028055039396488457
0.38043849664215856 0.44955304801162765
0.33868299612809216 0.48748805510486415
0.8590706554190777 0.2732179341935028
0.3463092575963349 0.9760925368222131
0.9768739480858899 0.946037976502135
0.4559993904988737 0.5372402505573417
0.5691956354747942 0.2076672615348616
0.25377303981491384 0.1317396198447891
0.9948907735967005 0.7825368947862159
0.7253969836245822 0.27772643539895214
0.21303405610766823 0.21509150627889007
0.44054371558367 0.5774755196136041
0.2691942891742667 0.5627568739145796
0.48055827660860073 0.36310630301292646
0.9770925730093649 0.7045885959303986
0.3928420649747888 0.9659460614282134
0.18766574465646002 0.9455297014705379
0.9387453691793823 0.9682896143538904
0.5591098373041452 0.040541053272131755
0.46257957076475575 0.8043992885092008
0.25885599061808096 0.5501124594653342
0.39993076548540696 0.7065922026690474
0.559540936964853 0.39495832968906375
0.47871436569454895 0.2836104572864613
0.9466401004105587 0.6372345137530524
0.284414717885499 0.10527061019655082
0.5545113269797197 0.3033466161352185
0.5028405690028961 0.23030054415688084
0.7350164438057023 0.9896583532007417
0.5078580914288675 0.765596114988943
0.7954541652515057 0.21269555503900817
0.0920174419639821 0.16652890964609446
0.3771758446357998 0.9285609353383495
0.4372175725692984 0.445769693650669
0.5429279411333761 0.5228646203980718
0.09803412735348305 0.9929808622393976
0.30613883960827004 0.4558997152504096
0.6012310069859317 0.48077530951702774
0.9502229619432536 0.35742545389845315
0.4347146785704006 0.6132399892920668
0.483183791680069 0.45907718652206575
0.121886848411485 0.5437093046490509
0.03083825270551399 0.7458913621685581
0.1520658624601905 0.16200716986785513
0.7625553149306061 0.4991044605449244
0.4918697936038401 0.20555104255965517
0.9118288170724611 0.9817998814220048
0.639600004846469 0.17275623967687137
0.7005958104260117 0.6804372364769022
0.13847422257032993 0.21055168001861335
0.41092850542102743 0.8974477289724303
0.765414057834144 0.3110530817674504
0.3806433236736988 0.7435613007596305
0.2717115028322905 0.21605951877521345
0.3746117187025231 0.6493681124430348
0.42567347353440943 0.8283007045332822
0.9912388585821501 0.5208724131220304
0.9122338662770684 0.3401356249268528
0.7479101736307263 0.20756506581980028
0.3630422255734336 0.6156036042004867
0.7984414538233708 0.7125575344408281
0.18575558708378992 0.597643778554922
0.040801076508624634 0.39432505168542886
0.8647846351374502 0.38525445420958637
0.9639225717187101 0.7267284820759485
0.43702400784729867 0.010318726508135478
0.570226594107762 0.8976242222738593
0.6171015311795791 0.24561457590008695
0.7452003595031267 0.816819109081423
0.5455514486406476 0.029782599006364263
0.6058886114020359 0.5982593414804229
0.31872908368411634 0.7348304041406184
0.523036662675266 0.22341941445951763
0.7211261627312902 0.27261698728830397
0.9322461946204625 0.3644607583672157
0.47844152231136117 0.26707945605931815
0.3068970844485297 0.09816520096725201
0.7265563761680303 0.9390753911824219
0.605687570631269 0.7263482843444797
0.610600680988765 0.7828398401363239
0.6266684149625923 0.20322231116720824
0.2647855879206482 0.5299301271196655
0.3168056182383674 0.8834472892768441
0.655842227336189 0.8874478447709573
0.6957795075625397 0.26609953424165966
0.49479368035440396 0.8441137891457078
0.7206201260345211 0.3512767594628783
0.04719442743031266 0.6816214270981882
0.4574293364713151 0.11802955803872939
0.03970313646157586 0.34656342212186275
0.4896726879536226 0.32452849167450815
0.8650763692412671 0.5959879241421562
0.10537333148640426 0.5383532878247579
0.9941004354929304 0.21293902541419918
0.15200018433777274 0.3130149031408507
0.2954919816884394 0.025627879534439124
0.07478383011210732 0.785960862648444
0.45939562883986573 0.9343104777533513
0.2152968118301155 0.2656307541277505
0.04667743854232809 0.08542194720097118
0.11730455721299582 0.8486486396376847
0.43112895268961493 0.09060188893079468
0.4300792864637202 0.42484636489034866
0.29217434010890275 0.9455253066063696
0.435545668687904 0.761187130913914
0.8077467992843508 0.8693908763902596
0.6881131211456624 0.40884124365412844
0.7317243791768548 0.8089819315227524
0.5254095225882585 0.5799741654027586
0.6719894118875573 0.8470892402580348
0.40307780714515773 0.44926893581286276
0.2271398257343309 0.9035243567715887
0.5848434277969778 0.055339254947774696
0.5637362145689779 0.7319374813800759
0.1466850240824249 0.26541337313286073
0.2730194627050997 0.3474247997326807
0.0268592704669941 0.5846540015054909
0.03633046158030706 0.626522522856295
0.6883900125235889 0.5664985825341491
0.7749506170436335 0.7810162726022236
0.6698330091434941 0.9680089052184198
0.9572298017373833 0.6447684711134227
0.9520996306443363 0.7348564323184379
0.878560053844142 0.3902375160412759
0.1141538389338057 0.8968338073718891
0.5269586396023811 0.26181961040625157
0.5355040616442079 0.7887482218784241
0.06977534950284636 0.29417296766534506
0.9085694188554272 0.15439384114402577
0.8057647422008438 0.20011205919087716
0.32852307657169 0.1172902587849467
0.41671878825442876 0.13316784957744066
0.9453671597636246 0.021882512091501383
0.8394919463581367 0.486528169163271
0.7357586398548268 0.8693772192995248
0.14005501210561921 0.26808028820558816
0.5774322424076883 0.4832820954668895
0.17324358527919892 0.43993256153002447
0.9292373377643497 0.9462980230191747
0.49915878709548545 0.8340792241642587
0.3823100076198649 0.031215487765528183
0.6357813136227897 0.2868918173211532
0.8116067810168655 0.3145126301321066
0.9633667813429851 0.9910267497214016
0.571264589557726 0.7823006983468999
0.8032357662823988 0.579008717729901
0.8211453069883337 0.18228944762853327
0.9005259274676018 0.6016874874400682
0.5644861346552832 0.4366476009252207
0.6232767429289112 0.8849535044454155
0.6886291809135094 0.7946996647859419
0.12319891137729444 0.02907793116116597
0.975006334554823 0.8511167904461678
0.9728007953801943 0.545883034011174
0.12582487449480406 0.4526134685485965
0.8418990357984095 0.8349917937922404
0.4790728019281032 0.48294354293209585
0.21253695109952586 0.29285661018808784
0.7981949485479258 0.15234918247340867
0.55998297431808 0.9977830219369808
0.8968349917358238 0.529279182367518
0.724871013373547 0.9714545952358136
0.09698850794701319 0.5020555612191855
0.3801529799445693 0.16804009478445425
0.34815330462175553 0.6634983387583502
0.06845954280709421 0.5897875201555633
0.9935452757715451 0.8178718358438046
0.2217120508690671 0.18012483920212596
0.607827188285875 0.4887609945728386
0.6414043422646014 0.29214775245100855
0.8785732911738684 0.8905486987135738
0.36845927718143745 0.3037856171667703
0.33755403326346434 0.4053226834943109
0.3748012108228902 0.0820056973849479
0.3532838473300004 0.4743254337082865
0.6271619929404577 0.5401646398957307
0.07251473538447106 0.8858864129071735
0.17759456340531976 0.4525108624748777
0.06728224919239012 0.7074634402535875
0.987480289354681 0.5268906558233293
0.7564796875059847 0.5911430485967328
0.9777347336134583 0.795747670337335
0.6461045549812072 0.4573204033173488
0.5732172243635629 0.3375937751373119
0.28861996298622516 0.16894301122823285
0.7047770714597077 0.9590525761689874
0.5792764087883882 0.30740185073559645
0.9477971440381809 0.31851259714731217
0.44949292894084936 0.16463567018817415
0.36158679516545367 0.1761291103384468
0.08581606635067907 0.004978559940680638
0.5837680045840528 0.570182858619382
0.6752647840451 0.571543745333746
0.8341501595783962 0.3336735426018167
0.8457970659126908 0.5500413975548777
0.6136219665920859 0.046978126288392597
0.2106004170918634 0.26996324541438343
0.05047790725691015 0.9234163182961395
0.3181071593541567 0.02796954878741076
0.5703435306334841 0.19109060539662592
0.4789228903520131 0.1586566875768154
0.6306210518646698 0.9632180304911226
0.2875216427378602 0.7518772073947426
0.5825752257626189 0.29327452416487265
0.8564719132612728 0.25968021964969146
0.9042626510788696 0.2497761819344988
0.4562980216923027 0.7362398729126518
0.5696129770850438 0.37441922767094304
0.7883202905100835 0.852751947544127
0.12335294716680867 0.8141527738238898
0.7929994869272061 0.3223871799879099
0.653813934340389 0.3797818142089946
0.04374222166024544 0.5877036908475677
0.15960122396501242 0.10022743482383256
0.08378033974899579 0.4129302006123634
0.9782372472726881 0.4806988931757272
0.46917566939618016 0.27195734657609716
0.12908142079184448 0.5372860614111701
0.6219692901006559 0.1848758799458199
0.975292855450907 0.5094167976359676
0.9649043952375478 0.34793146347956694
0.2411682975245253 0.7361578036040108
0.4882862735650584 0.9569816598800935
0.7314570872130668 0.3192655208943569
0.4237862935472645 0.9584600488587225
0.7910965414649189 0.04360103970770779
0.36843581894971833 0.3486649276422966
0.7892057377791517 0.5846204282896978
0.9804242954075457 0.47503280812004034
0.5381492420645029 0.10650747035224306
0.20269229086865437 0.6531752548663523
0.9337528395202157 0.6848696398597778
0.8622693742196954 0.1254930787259665
0.964079740979755 0.29227906711211116
0.027404301097571082 0.7282460233581793
0.4659621782625305 0.6232652583796163
0.6355303688409275 0.17410959032293127
0.31877579374588616 0.06029658422185835
0.7318891266542134 0.20133637621676392
0.2104824407991992 0.42838087641719746
0.10874400668704554 0.7661208011907323
0.5874544253668783 0.7587704148483438
0.33554368844963034 0.6476692277094469
0.2525367909201799 0.019337628427001263
0.6063362868463369 0.6813734315775608
0.7948972104066834 0.19530784654352296
0.23696091673135067 0.21813419492118524
0.5178775056219969 0.5911253403791317
0.3664052033341212 0.03506700855960121
0.8200422824948685 0.19142755369344466
0.5561630872103389 0.6205451321343376
0.774227250805809 0.9903710613068768
0.44674858115966587 0.4406049596244954
0.46787255436254727 0.11941959639615218
0.09114948197844641 0.30155806919993844
0.15400989206774773 0.9540424305394481
0.9131465916479014 0.941987490265701
0.8478252786294864 0.9518247350297788
0.6244447641420989 0.8411327526399972
0.9300792087529601 0.05646514834865335
0.9948084677413214 0.4018495643318729
0.5364665742365018 0.845095962759393
0.22152666112242514 0.2845099756644873
0.3244777278930848 0.37125696618391624
0.03732980938301167 0.4058888578864863
0.08028785776779279 0.06268207112343682
0.7421085141088037 0.30811570323805526
0.4477334201012815 0.13174247742075096
0.09634489274520175 0.17608935916643476
0.12390805541019012 0.6467249893640494
0.19057298527198596 0.8403909857468439
0.9655469204061635 0.9371624468461066
0.7898736957658765 0.7180527676573767
0.021063226155356496 0.08505324633782818
0.4002159588200105 0.9119365813775173
0.037400335754399494 0.9555566591082645
0.8494881386994297 0.051251080665910775
0.46759386758774824 0.271382304758921
0.7387258903575757 0.4143579562854973
0.5258778183364221 0.04988704888295725
0.11940517635660886 0.10429264436714147
0.6155725744578555 0.5803536273883096
0.2896838910509889 0.7229256806869295
0.913135991553979 0.8357391287383527
0.6256992767453797 0.8561512649033807
0.8835366683434505 0.06835252746302078
0.10218796854955503 0.9156627051500716
0.28050004535731476 0.28843306585179396
0.3827775344370208 0.6332964073838574
0.5128949374439793 0.4902647548169694
0.6335741547347005 0.368047985460932
0.2568815345791149 0.6390267186305545
0.24771011985521052 0.15359878022240347
0.8968498527117925 0.8185501286263883
0.052543548187816036 0.4241586258924357
0.709827514218214 0.47379234683563776
0.3132970313534116 0.4075823610423104
0.026860439396801716 0.6250534027801873
0.9031271118599833 0.5032163646046968
0.5327810192870659 0.630430705425358
0.5922262061588839 0.39404602284779777
0.25858671444360803 0.3539252855524724
0.36113041267716506 0.14853641192938571
0.6668870260934949 0.47420035049882214
0.3668022231227275 0.35508564371561735
0.019398108394943492 0.4908419548369709
0.48856378616011864 0.7121322926279974
0.45592689086271476 0.7435474396147879
0.6139471351577857 0.3632853477887412
0.5405237603290081 0.7427016560581936
0.30570981378186546 0.3963187220491464
0.1998262629336489 0.16913208233402188
0.7257504439306275 0.7603296292299504
0.2934120531619848 0.47211187392463017
0.31675415352867997 0.538400989104888
0.5777833551627547 0.5828233145437098
0.7004485400788643 0.7661989145085348
0.6910024936739125 0.7632363633903525
0.060265273514746864 0.3566195703482191
0.4014044928506937 0.8611658920153031
0.7299545558377833 0.16350859265003903
0.43117774193608405 0.511765564414352
0.6545227080947229 0.26411136978335303
0.5544625156093579 0.6309627972325695
0.5598291785923035 0.6040473550875876
0.5692787447944259 0.754108908133982
0.7367157797469095 0.18407545747686238
