10 3 100 5
1121 1234 1663 2231 1738 1252 1186 1064 843 761
1097 1267 1411 1673 1499 1199 1199 1154 822 726
930 1088 1159 1461 1541 1387 1299 933 992 739
978 999 1078 1270 1416 1466 1315 1114 949 713
975 1078 1127 1332 1350 1135 1151 1248 730 885
749 1039 846 1131 1119 1135 1243 1187 666 720
715 891 761 808 978 1217 997 811 920 660
793 799 879 762 702 689 792 871 786 641
723 723 673 737 686 697 715 824 723 702
771 860 739 787 786 744 828 594 652 751
8 8
1 6
0 1
0.8562598092550493 0.469441781776405 0.998883792460266 0.800420884138539 0.3382367864708776
0.39203852817830676 0.5793232810617013 0.7432112782610247 0.4640458090485871 0.2333384681674711
0.7049122870034834 0.26444485528309025
0.570013230097882 0.01371177343026031
0.8566696022521674 0.33826682124093854
0.4197116435890069 0.5458858745369344
0.9704075013138955 0.9084931591964613
0.5743908324090354 0.7760511196764615
0.30524523129798786 0.42635415232666074
0.4022302909087787 0.82720143830522
0.2609164504902315 0.37426680677842583
0.22475413622928975 0.4360232639054258
0.887213021346146 0.01660655614731321
0.33651957978064484 0.9286085330292493
0.12811685938673611 0.2745062418755677
0.4120966389545846 0.6933536905537463
0.44672602177728993 0.8776063847253186
0.8202722716855342 0.9626971299681397
0.23379843946949586 0.9614430725434386
0.9237739537839058 0.9995331537374708
0.28599566188713044 0.8843962949796615
0.08408464413634631 0.09663478581806317
0.5273160060091866 0.8118914444244714
0.5497346552793358 0.5187677943634104
0.9992943350063113 0.7824460594201239
0.47173770501352585 0.4604773482904041
0.42372178616074674 0.5513999736950985
0.6158230992223233 0.1844624212809718
0.9443857446576363 0.1209602365969864
0.4678406910313435 0.970731280943012
0.759747705435869 0.2453303313014472
0.7697636079284969 0.2499440846643064
0.8219455821151191 0.6083717013035885
0.34435923018188164 0.09986227587933905
0.9164412250269891 0.8208301318558833
0.3481678456606496 0.9479872322725216
0.23070026804876176 0.2078591066830462
0.04483587314711457 0.6371064862440694
0.09077642102752415 0.35249285654866336
0.35740721623386884 0.7794790788643293
0.2879636388626581 0.05019875578045774
0.2568859778799488 0.9878382110430166
0.5730389316257916 0.7022449550986964
0.5367152845392631 0.41095581214886256
0.8377434309279836 0.5745959682087469
0.8243798951767631 0.5776450054734015
0.5223493858863564 0.441874196940673
0.644225736780534 0.2477903694084982
0.283723186324186 0.8450486940544282
0.5715422911499835 0.5384159030019311
0.9291788395134615 0.23447177975197175
0.9539811293758234 0.3302789559686745
0.34550889676939023 0.06594818602223929
0.09832355922668512 0.8376527407653289
0.3001093118848448 0.2686093889596013
0.2622789503085723 0.5355583463026117
0.6876150337401576 0.31915366892874797
0.8837372112435546 0.7020707803674302
0.4019743128889628 0.3238028182516721
0.3205379802900379 0.11887694212167754
0.8291494186433739 0.6643807560079833
0.2771223565777414 0.41411653439453766
0.7165948247464768 0.503468346848202
0.3413899233498754 0.5574427308518732
0.9830378886098086 0.04000991484772265
0.1234306111100858 0.06602390483410892
0.5311719917470041 0.5159368495933316
0.9565850192386982 0.9286924062480801
0.416320961538557 0.5384277398456525
0.825490380231255 0.7855508140763034
0.4244567804453978 0.8624317493566165
0.5708936696793245 0.7741981226873005
0.008845697962346133 0.37032893157722935
0.8356512198979482 0.262584766395211
0.2166739271712892 0.3356445658691336
0.6566769575927964 0.7731630159882543
0.5720007539684759 0.2483034163681408
0.8505417489111164 0.7629447936257234
0.6829815466318001 0.17301569956612783
0.5292931216650332 0.5550719596422657
0.5510299898001578 0.15993482442698492
0.4818022334583034 0.8885629759388673
0.6513794237816624 0.02050247056909371
0.548410034277379 0.4152636249546722
0.06294127728414844 0.4297339155470248
0.21453340422404188 0.35280718848097514
0.00802537460499031 0.06999888521771247
0.09157905276434586 0.23300876128298764
0.7119211491427959 0.27481873634439036
0.8469343485663292 0.8861707836022272
0.3746836607363604 0.3020310687460257
0.9082728359336543 0.10147786263461733
0.8679749786155504 0.04161822022966777
0.35155434412286724 0.45162022521135237
0.9181348781377838 0.22706276668083492
0.5536078317718638 0.8141231154363942
0.7043468277867537 0.9225959406488575
0.9888906966124285 0.3270595648567365
0.12457608167229317 0.049823712709772705
0.5301119628514992 0.45150821163898125
0.040777949437169836 0.6287575377819308
0.5625248391598314 0.5297695495272698
0.08277819378769857 0.9166511879894232
0.8899252073406991 0.6827307544397867
0.5621312086641896 0.06255729233670482
0.4200273866109492 0.21744970674489283
0.9249813309297636 0.7196312947072441
0.5056936467047703 0.7478756144238103
0.277700368763947 0.4257547059460076
0.5711148076206389 0.6294276458455104
0.8996426860237832 0.38222767209186004
0.1891674758635986 0.704797981080707
0.38561504668814006 0.823138815793929
0.4668206270584401 0.08292309813164356
0.9722888841150283 0.29608323688542404
0.8281091772128288 0.29165936549539095
0.6241136808166083 0.014820993929790971
0.7421795828328892 0.2654800906393775
0.7977590303507396 0.7469623255560036
0.5696829847604621 0.28321566604271475
0.8450360478125185 0.04441712820151822
0.6412717092756584 0.3994417207103116
0.5971049212850004 0.20978149166826787
0.48286151687922496 0.05153738321478851
0.44201363020117945 0.8417238755725691
0.10140293947772161 0.7193574424065166
0.45158286301084716 0.8298662492429301
0.2718784418510012 0.36203358603480273
0.6816141276844556 0.16379367151206004
0.6737653257122038 0.18658659315557258
0.34732638745318 0.9901365472450006
0.5811126401678588 0.5328852689973667
0.37528703351995496 0.22630001645314324
0.8194604433334967 0.9449086996882945
0.3911548038306243 0.9443960536378255
0.8598385849388368 0.09631723485293486
0.6293179885153455 0.08126139379427255
0.23556876625824907 0.18641384328106936
0.2903714366243004 0.5270897491061586
0.49705869650500745 0.7678224003782841
0.6764804450110693 0.7108496855233661
0.026479987398019267 0.6838943880396582
0.6222170767088988 0.5215544887722163
0.5528870268823682 0.019877314461645312
0.14179978252644387 0.39895819808429844
0.04566123796805854 0.633470666068005
0.9820257195245532 0.7304144881355386
0.5817268483096056 0.24857329752200297
0.39340646563733594 0.7566763979831868
0.9389147389504664 0.3802506771035665
0.3995297232799988 0.576052145615751
0.07894224064326849 0.07092806023913956
0.5276414932561888 0.8464884519120843
0.4631848265081526 0.02092214229249434
0.22052592292822593 0.7798891091787756
0.7378171959595985 0.4931684734564714
0.3192260407759089 0.5151714773027092
0.7204054943442182 0.4543363844937396
0.9686866251596589 0.675186948016619
0.12534467858058074 0.10103467046176262
0.43448158067723597 0.3528858204950054
0.37962970306251465 0.5178042422538787
0.10050287634765542 0.12090049173243367
0.3081166102356647 0.42049357923810793
0.4074846232214733 0.8756925273156884
0.8263765518848709 0.20484099185411386
0.9584507745352489 0.9133178825532229
0.30162243541673694 0.9331028276890934
0.13117935401005054 0.2320255157433122
0.6290826973530703 0.4418936506817299
0.6270140473964307 0.03315728550558994
0.1852424891982678 0.4746952757303404
0.37910376908653043 0.18789775081787985
0.2118501882646613 0.7203262812731475
0.7681863063124501 0.6916514598154382
0.4367001873753036 0.6060274149775409
0.14260875350184965 0.5356560894989888
0.28811781074855003 0.30322175936254947
0.6036883875334325 0.3012993738511538
0.26952022790542207 0.35419360982763903
0.23175249849504587 0.7482497698523767
0.24880215563549402 0.8689183844772344
0.25486143562700336 0.637305993082175
0.002690408790124499 0.13100176601900637
0.5926949130783981 0.8718348489697132
0.9619411227409767 0.4571976671721356
0.5389284190568056 0.26661069094307877
0.7911759489950481 0.9675450351089556
0.537199851916462 0.9512628071813867
0.08323177288741301 0.2380579200364088
0.5920420817413172 0.8738806022907077
0.235101449405009 0.8449758142162214
0.22404023269044426 0.4811899766791301
0.1850711285388269 0.7424981464148805
0.3748363392671885 0.5752327060714191
0.8456028795427557 0.04678939279806116
0.12307633343629742 0.8764335215884826
0.5626933953884712 0.9108161291636288
0.4980570507039841 0.9384943718079926
0.38018302459766273 0.9647354690778898
0.33956076678941005 0.2228088042687142
0.5768391090648961 0.10513688449565883
