10 3 100 1
848 814 873 830 897 893 880 923 910 907
815 878 907 836 923 899 941 933 880 926
857 909 856 890 910 955 925 956 916 933
851 884 922 882 891 972 967 948 925 997
910 912 868 934 925 936 995 1030 995 1031
923 938 934 938 927 1001 1038 1069 1009 1077
880 946 916 985 970 1066 1101 1147 1089 1140
888 906 962 996 1002 1101 1133 1211 1247 1172
865 959 921 1001 1020 1117 1227 1391 1517 1356
937 913 997 989 1079 1129 1228 1457 2075 1515
6 3
9 4
4 1
0.6096859879935073 0.37665277457186686 0.9200660951672823 0.6412305101314224 0.33178001564787385
0.6273896270791404 0.9147314108303952 0.8475722680479987 0.7655044066968397 0.4168484816622634
0.6434174779954911 0.7221836046915253
0.1865939981852509 0.6322287873877752
0.5047444363906486 0.05687325775103802
0.4156827025262786 0.9044753795269886
0.9644926563880742 0.9322336482934159
0.5431077247166474 0.1375513518620235
0.46495337238132906 0.9179031964386948
0.11548454662994012 0.039674256689594456
0.02657531970818927 0.4976385996477961
0.6453579638976008 0.4324878879837004
0.5849715322903373 0.35939141632018834
0.9897500621345714 0.5085927770148815
0.9982097716112988 0.2864318238997463
0.5058303530988875 0.015579207744170764
0.5315338296453087 0.43639984308266877
0.03689667367972471 0.05282667518707118
0.8076601345737113 0.9884301058500458
0.8647250681842298 0.4248684125828317
0.7343727619359659 0.6994547535662483
0.7095339669678695 0.4468902754277688
0.05906603031577062 0.978721115300166
0.21003664549858136 0.430190358224779
0.4722246786893971 0.7530073250536562
0.10248137805746382 0.013239859050255598
0.7197605276709482 0.337773771815719
0.7663584087541897 0.09846992579809832
0.2215414771312323 0.09681867935499566
0.6300657882222538 0.8458772670378134
0.30597739721137196 0.09926298802783218
0.4231169685965943 0.18384565683936116
0.16532354353345258 0.6682346878433776
0.6821899286022213 0.22171504887412574
0.24902056806214645 0.48979329843405206
0.829627303217898 0.4881496644874228
0.7716563144517481 0.838970331321679
0.5898973595720658 0.24414354466504662
0.17492173001568867 0.24864270801287436
0.6933497043118764 0.19021548616708395
0.2905680390739038 0.5636523526029795
0.12836273438686385 0.8749882044785404
0.5777733189347245 0.6948167407027368
0.008261896968070781 0.17863433982580879
0.903424113687108 0.6608322258070367
0.33487558894984315 0.8543408392704814
0.41586910649779285 0.0673520299266599
0.9090802379367298 0.4090541245771775
0.8233804489928347 0.514757730822824
0.5936217860219997 0.521285408740104
0.9497007757027911 0.26019081862517757
0.6894217338852588 0.42356498152337885
0.8046610018108142 0.7463329507436991
0.06025409112750402 0.6859302307778461
0.6995441174023229 0.6910614396849699
0.1290967136147836 0.5718468376364116
0.0646807917404546 0.11669957904995143
0.7287509315833052 0.06354877990566865
0.5557640485634161 0.4602190047974488
0.9469649555314801 0.25009144082350154
0.10109040526568558 0.4931348293819684
0.4285899669911135 0.09564640231814092
0.36822907403336735 0.0889954676298399
0.7715632335989002 0.3052070101322415
0.38935881019379837 0.22203952370028435
0.9169933022069716 0.548503494890094
0.9766766104739224 0.1555276518649733
0.9283941446613009 0.6094057042489607
0.09578539958028909 0.36327255699118544
0.6177461627270686 0.06098983701638905
0.42942745343266564 0.6307755963634629
0.8390504691773122 0.5443665191150016
0.5876249119927359 0.16660510786538651
0.5883333723839888 0.5847003514714075
0.2164871338208787 0.38393656583013147
0.020647677500493344 0.0652500473176616
0.36663935493596544 0.7596217885558145
0.6857017283666318 0.560083313855285
0.06675091868133154 0.8531055188291208
0.09180256324772262 0.3456232830652799
0.6067754134732326 0.08492752597999909
0.09918861512301547 0.18053786081889567
0.8501184696415303 0.1281550468983801
0.33156865567989535 0.3309179163075766
0.30103091741392185 0.7683081844259323
0.22886122215554394 0.5363877755512696
0.7648347475510935 0.08482898227977964
0.05386027485915501 0.4368783819272901
0.5485455048668471 0.2717733693575528
0.5355248631786789 0.42903512332571037
0.9291479860790042 0.29036644181978466
0.38418619387147834 0.6189837014957464
0.5393442976214333 0.20080622707734053
0.3184810007276231 0.5401866681487006
0.7572242335418218 0.19118024938389744
0.30436883267167003 0.28331516889436714
0.48667268771207883 0.8036390528304125
0.05517021883237638 0.3651971326212877
0.03689939811247389 0.5130107935101369
0.8942090263834415 0.38208660802244454
0.7032529609915408 0.662091957615093
0.6564938707067702 0.9315158909555363
0.26837242647097304 0.5307969437836879
0.5981050135138908 0.5370852347747987
0.7944408143159445 0.10977456019133802
0.13344535513450517 0.6567101173350496
0.9370044270702624 0.7339642293245288
0.6506510196853241 0.07138064611936246
0.8452907081832275 0.012055631895515395
0.8685185860262163 0.6881146973218877
0.6778788220945702 0.26150480982598223
0.503352435582795 0.5408319363365091
0.879611068404774 0.5666307389304979
0.9122659462414544 0.8412626955843439
0.27847568453681815 0.9119121596045912
0.9578964523851841 0.6502995230574182
0.39296697325131524 0.880955221707483
0.32718699006315055 0.1408745801806679
0.42816587496120717 0.8399392132995132
0.11958625314693916 0.34163805999664065
0.4571808577235872 0.003497566218554349
0.5324554385860252 0.49534342871467274
0.7221823671067105 0.536212628041703
0.6257752899819247 0.9649351361184595
0.032153923867548784 0.08422602514205124
0.381791808829254 0.6020224226753508
0.1669212347419382 0.5940823269945343
0.6590212084330167 0.06173506619227043
0.8339245177056787 0.39350615902799024
0.4364932883578325 0.09556371763522975
0.07545375189541392 0.16362929200403942
0.7435616572449602 0.5420038531694702
0.8695118004743876 0.21564543849431206
0.9941004149249331 0.2509032518327243
0.9724670783964362 0.973839334346934
0.6349125714671804 0.47586166710305533
0.20134481847581442 0.7727153100066728
0.16729217777581162 0.8612402187155381
0.3744080033125998 0.3417667034294154
0.4907342884316399 0.862280328020532
0.32739602550333835 0.7203014913471628
0.4944310347896661 0.47087252637287413
0.22403699733893112 0.14507216628112718
0.3175846341605506 0.3649104527060789
0.5480181477175545 0.8418582248716209
0.8752197617969377 0.9407493118890211
0.6485770935987978 0.41971017733407523
0.23656843335993183 0.1577087950998337
0.574358515849138 0.6700017032936758
0.4166202665093457 0.630144860558878
0.1688066599355702 0.30267627765256244
0.7393727958066685 0.8990522461809562
0.6327696674935255 0.6994160352123442
0.7459736667045624 0.6997129614707538
0.8502402402441855 0.15505108643080145
0.011526113214566092 0.8616317251870946
0.6518816382388448 0.2879581524942483
0.5267394960762861 0.4144889857061156
0.3025336372040597 0.9810353727614334
0.8054834005530584 0.4402346598528939
0.27304781628273633 0.5537426270685131
0.5301378023186343 0.5295616852942113
0.08255068927229647 0.35221551761637326
0.8766061378442906 0.32850073889796105
0.41487799888653276 0.454936048018449
0.678316649437039 0.9946799866920415
0.710663758382414 0.4462133264661241
0.787311321084762 0.30586654290043036
0.4001566399239016 0.10966021151060157
0.4143520423988625 0.11134698866979109
0.40832994034255377 0.03989971313429752
0.5228450148362487 0.15801293484846268
0.8091998917297798 0.4878935523932688
0.3629018038801026 0.056469659468726396
0.5320278075856701 0.47211583197161877
0.9940624124055355 0.8578250831352869
0.41621670788803344 0.7188620081664543
0.8727315347768871 0.1586735168688651
0.7754489204987824 0.48606889235691786
0.664037161891001 0.9829518961222135
0.5371029566045238 0.25715150403082654
0.3040699323135554 0.9767125258607112
0.28672497601887437 0.06877208844790794
0.8154041586236349 0.4642870369855585
0.25689573308611613 0.5956311469962434
0.8199674155832 0.9268107180815361
0.4001870911931582 0.7088409577654975
0.9324194085009847 0.3090947413021037
0.48019039812826136 0.9386200227516841
0.8039408136702457 0.20948813068527739
0.3146455197262499 0.4334486188180582
0.07056393746402123 0.4237707410468643
0.37507321170473706 0.8202283366155882
0.8164762825123362 0.16710640310508595
0.8699748775800322 0.29592041640305644
0.5381893879478175 0.9038399760457148
0.8789997523377411 0.869921232454514
0.6236079174195943 0.5479277545841348
0.4545328350219333 0.11933434794445619
0.7643289473700741 0.4854112893472011
0.16238907711122663 0.9256228180676018
0.8570857279451376 0.19993910398858938
