10 2 100 3
1193 1285 998 1312 996 935 1008 982 721 984
1141 1126 1018 1175 967 959 724 893 1008 844
1205 1290 1044 977 1108 1112 663 708 964 966
1174 954 1059 962 1228 1207 828 861 798 791
1569 1049 1247 1148 1061 1037 829 895 865 989
1598 1558 1264 1056 932 915 946 940 703 856
1644 1868 1625 1274 1029 909 727 823 775 781
1422 1537 853 956 844 888 966 809 869 1035
1360 926 917 908 818 768 847 791 834 845
827 700 709 812 997 856 674 668 661 823
2 1
9 4
0.8333205919404161 0.8574958121420868 0.5742938581026507 0.4852511162595158 0.31260109235535827
0.9641180810787593 0.41452747209710195
0.05966275010251332 0.6549933706111732
0.6996410188714712 0.5485339504294799
0.8348135057874642 0.2548111466620886
0.4052157422778193 0.2139162419348264
0.7016996498994825 0.6345867555402138
0.6255233045660806 0.4138713028673495
0.948670398430123 0.5529036098045428
0.032506413412942914 0.22210886596835788
0.01598572801169218 0.6516877132526553
0.6884253563470786 0.9965225655282537
0.4318411770669026 0.0636772799540326
0.1660148351261339 0.2522312200285435
0.07644243541546936 0.5883404105051644
0.9679204264374923 0.7626047514508874
0.27783859909658926 0.472325102332285
0.8125824757636559 0.5529912945626718
0.4890151807743217 0.41618766651063344
0.09160047226744372 0.03575975731606151
0.2625343638342428 0.25034773272399247
0.6898927237011856 0.1421054327263518
0.947943163563099 0.1051055824764171
0.17867741413323257 0.3558569972123413
0.9274501953249272 0.5020775088760725
0.8532946030478041 0.02808348415577222
0.1928826241693118 0.6229454803447232
0.8527624931602227 0.15359761896451696
0.5863654975920445 0.6572358922430015
0.5668495117975274 0.23933508877735377
0.715624362021692 0.7177362614685465
0.9070860669423537 0.5923948057364423
0.7986924144758756 0.64472826306473
0.7456292654650316 0.052524129685464604
0.5644847932873331 0.902606551785532
0.8161953779253988 0.33227941666731664
0.06078970314532173 0.41051390351724315
0.41616164101854225 0.21224141710667577
0.2815185282169703 0.41892430260973934
0.38989176284535265 0.629424851377473
0.5482618647806126 0.8950608810123779
0.2119533300904055 0.266066245030111
0.37439873920139277 0.3092874802736758
0.6858534686224116 0.2515080532215441
0.6270181476930579 0.9167602054126751
0.4115441010442482 0.9671846583556301
0.7851513832984496 0.9653672533420747
0.9000818184375539 0.7562071202291631
0.1329870219192386 0.5774675776335343
0.9143876637755695 0.24090214262653808
0.6436567132968598 0.7341756018730656
0.9978376061534873 0.9075239063662439
0.07369428302169667 0.7056693467218229
0.32491095445494733 0.1952241018358174
0.44338416657125124 0.9250305934489524
0.4786854612965554 0.017580695103907917
0.001785653092909234 0.794303221290158
0.8619534975234475 0.7400202425028719
0.5217407860741028 0.9693167439151031
0.07520539799676884 0.9134043365567734
0.8431537490805363 0.0036093689431855314
0.4475666284065498 0.9265463848043116
0.21938061772359152 0.2169270798378049
0.8604839463073832 0.17397583561089336
0.6509249277879592 0.9418599557548579
0.9215185564975164 0.04350221372223961
0.9784736632915878 0.4676577391009529
0.06947446527385237 0.7154077073567082
0.059323715340015015 0.966625633301921
0.04414374296865331 0.1442035497570482
0.4978998431015278 0.9136939624395348
0.1835765586037592 0.6191804868209938
0.05891245279689117 0.6949383664826916
0.7833835960417892 0.27300529307790944
0.7882671897144553 0.628000396810581
0.5266737908583405 0.5178220818502757
0.30705328844386925 0.03973167640149944
0.33966133938728404 0.918075354935336
0.813427075696671 0.10171849852133241
0.15486070510339434 0.15708662754819258
0.7930465248383927 0.4731145172176652
0.42701401096746117 0.43135379568163557
0.9468804936398187 0.8932428216292285
0.464442914230637 0.011259136845716444
0.4391788193023265 0.6435852718688704
0.4458532797283816 0.09110793315469135
0.5528824386540552 0.8250357745937802
0.5814830596410538 0.6263345763017227
0.023380587995206037 0.2149405482897071
0.05715943610148799 0.09935801541206701
0.12195829027261818 0.38171816070323716
0.3475496052160738 0.17654084904364953
0.9300544217785247 0.7645218304159205
0.29299697608131003 0.6343664468431969
0.7804365823564701 0.10491527590966943
0.14233917975414867 0.4002921101186039
0.5087221924985894 0.0719140268349745
0.22765278750176066 0.556186806026675
0.923465696759495 0.08541426816804143
0.273943253589227 0.9478904432540483
0.08806994109602351 0.8336815222796992
