10 8 100 4
857 795 802 825 844 796 794 821 889 851
926 906 886 835 826 809 886 913 882 844
973 885 886 914 833 933 947 907 967 884
1017 962 1004 978 975 976 922 967 1050 972
1229 1110 1014 1046 1013 968 1023 1068 1129 984
1132 1087 980 993 1019 1019 1077 1139 1211 1074
1055 1027 1009 994 1071 1077 1150 1184 1302 1122
1043 1044 970 1054 1077 1109 1233 1322 1506 1231
895 947 894 995 1006 986 1112 1158 1269 1158
862 888 921 934 920 967 987 1024 1178 1065
2 7
0 2
6 2
8 0
3 4
9 7
1 5
7 3
0.9815494193347782 0.7411529717529065 0.3128876759960512 0.4722483414452177 0.2815674778411722
0.9975558046928632 0.5672185842716563 0.4306986125820562 0.3070156229137134 0.11255176344597811
0.934853616020946 0.40920024796802557 0.36281210100026934 0.3864914471807435 0.48541818827008043
0.6986794910155287 0.6398264904654778 0.36194730521798923 0.6402145667057451 0.2238601452293815
0.9851977912011121 0.7399763198641015 0.816964274892982 0.3733137693823317 0.3441431623033405
0.4609324417668902 0.3129399828038428 0.7953645371814829 0.3340770481845994 0.27387750375928543
0.8060370921946765 0.5599320263303531 0.5295447387495678 0.9187424953318304 0.14905557061728444
0.3614095282075276 0.6234541853829147
0.22568702304453336 0.7459817162391249
0.281393185481162 0.04526643286028942
0.3418205915529484 0.9787383317316924
0.17791326262907092 0.3789668885850248
0.14639417466186222 0.7285480873504682
0.714981344756656 0.14738265104527537
0.4951779251654984 0.8745443450386157
0.01482846809057814 0.438639758328613
0.41747793382718257 0.3688269883459092
0.29010668096016845 0.415449002678113
0.5025069324324805 0.7289229362822669
0.36094353694589465 0.2091426766825517
0.07771119794915071 0.2689932060217475
0.7051440645926372 0.9209226587750203
0.7497059232734631 0.37699380262414106
0.6774036868131164 0.2645034045744119
0.2060686336157742 0.25043639663714945
0.9160400552293011 0.01934325403611936
0.7369345829889471 0.1984061236328718
0.8176882872625493 0.11624811194584006
0.5096348500110643 0.500911894179034
0.49415531436108284 0.7053772955331485
0.27223167612280164 0.7595199669122314
0.11941398662342739 0.5773071617373022
0.39783284807715424 0.28281910103624597
0.27691125031614594 0.24550928637327574
0.005300026344651654 0.08392584285578675
0.5443274009939614 0.43385397721737595
0.13132589238812198 0.5888996905673687
0.921617044505751 0.7366318949289488
0.4170026978534789 0.7743987871486127
0.40041169655618924 0.5588329350145598
0.2028570948447781 0.6625609672233153
0.7169184170713292 0.4905189433494179
0.32803589085757534 0.3423458335685161
0.2134965973865195 0.8992449243081198
0.9863009236895433 0.14352924530502986
0.717346307534259 0.4976318735602716
0.6150986172870745 0.6684403362718194
0.6872375253938396 0.8946902388039613
0.2177223625125937 0.421356877669288
0.5987434553327686 0.10499927011146193
0.7251037084670184 0.39160578590487605
0.7743101918744038 0.8031642830766568
0.33391011312406427 0.4000388677195359
0.8204277965289541 0.7922628985155911
0.8275339168042652 0.3109684711649534
0.596963559198814 0.7569341018778397
0.4873095406112211 0.27763353263413726
0.5217413173899517 0.6068220577856618
0.5224181257421998 0.00969588638994634
0.13616426676607385 0.6206539297945102
0.8694494197648126 0.7852484536686828
0.07206782345499563 0.5643539147285557
0.9896938010135314 0.2788932488409612
0.2283299916782482 0.026843633435891467
0.9064594911440165 0.35904283164407413
0.7843287707483868 0.6130647511379204
0.5141082286773839 0.7368060783333017
0.7114899229208096 0.25995170570353054
0.6549250084819664 0.6006580368596939
0.3008871259967256 0.6862730510190043
0.6088455542279276 0.75709927297013
0.5349428087908892 0.9520942516040429
0.5247168284408859 0.11914765197644583
0.5109231232756533 0.15068643987205044
0.1789911649064062 0.7566927316744161
0.9714498413492318 0.43896213248610705
0.10497689225069817 0.40625447132465364
0.07406717566620147 0.4493366017307958
0.8597206434651694 0.048399521758446085
0.9219674294616054 0.8514646403442006
0.030354399776970187 0.02814287444957908
0.9093725951933871 0.1326845938271466
0.2458778588214039 0.7608300688682559
0.2970246412203983 0.08568167341826971
0.19483808224080423 0.14275794227839422
0.07284810568492173 0.668149756090384
0.6905116279779748 0.8070076377905298
0.9397499473048725 0.06162510815061384
0.5763027941857151 0.507939509156909
0.15701508933661068 0.20765045589796127
0.30381713839238333 0.9587196558476698
0.2342610264751004 0.08297147011403849
0.022494865968124778 0.31697641860316894
0.4479004529888806 0.3788176021378684
0.7228002967349794 0.6146236890560786
0.7680875523271167 0.4563259584306527
0.8677223122973736 0.8605266435884638
0.410536339217225 0.9300321365838222
0.594763272170012 0.8014823084282836
0.4267995010676864 0.8506038662097699
0.1608125511581806 0.07677867630879098
0.30461980772941866 0.6567328713251346
0.1527698462881606 0.13233205457518848
0.9560817172100899 0.07762190009562042
0.1819837105241211 0.26866000744726826
0.051194760144702256 0.2548861631317605
0.5578290085469115 0.5585717420021981
0.9071882559356907 0.0653583442213499
0.04507536055004979 0.40295636487080966
0.3847707442690471 0.7140672748560806
0.9033925672876622 0.3875611491208786
0.9795143848164658 0.03232367108494305
0.6686733472846942 0.15352861108821791
0.8717520185069778 0.9542028712666886
0.28513731519692365 0.9194335930653861
0.22392441591505374 0.9330888048294044
0.10255442407101945 0.5373341343555651
0.6643951386556703 0.5723082787012346
0.23692279914809689 0.2210040540415077
0.2722653058764035 0.14093872123831241
0.631355986622147 0.8321898554963847
0.2524686698985876 0.4143285616859218
0.6887282259478025 0.2708583001946776
0.34380933133364433 0.013766804262766774
0.35565130988625393 0.882343215112575
0.32404775530639474 0.7611419444975396
0.6217030178774856 0.8088689965140363
0.8865442685524167 0.9679298877192919
0.6973668613046398 0.21040601943988824
0.7138773848662443 0.7366387059263262
0.17292327660931384 0.38674165392515625
0.7922088314278566 0.5289831633044693
0.5960272041411785 0.5042217531827007
0.16181527043744426 0.5696048085373129
0.33334992933296803 0.8710488410085722
0.6952343786836863 0.6388326419692123
0.43509595312003047 0.12485638696572954
0.9221976967612293 0.04818125132321227
0.5504690141361785 0.6590795597849728
0.3332370360905186 0.09122681545829758
0.35459384951935813 0.5430199666504976
0.7946798539136937 0.7617800948643803
0.045908227032869675 0.9146435650925222
0.7319842182857017 0.12523064030794195
0.5417387407079253 0.44890216913181913
0.6119365359912736 0.4807028209207296
0.31927252170154685 0.02649515243759959
0.7060574800890462 0.3512178949267404
0.8611883847362409 0.150972598530547
0.2475341350742406 0.21433679574714004
0.2026899867002434 0.5417489807138196
0.14898947548757224 0.11831703587935882
0.730372321028441 0.8852534480885699
0.2150379026208984 0.07780604144039804
0.32156795602097654 0.7519929464941886
0.1435230362308002 0.3182800971231199
0.7870392942351967 0.38755597403192055
0.7450644722222624 0.07970772291317285
0.4163483908049188 0.5616446225390574
0.5967085297358141 0.7486346904559054
0.7625116157145859 0.17824450379194712
0.5778312560245227 0.08305786483563105
0.23008841236307043 0.19516546463912432
0.227704611215942 0.2682583819357376
0.2692115039392451 0.5653958881100023
0.940844790565136 0.6362512073417785
0.2981008213486467 0.1265981203929123
0.6352382423219836 0.232679324953724
0.8256772800772387 0.33095678161482667
0.14918709365117255 0.21623551835051114
0.37694929132450894 0.7590557885978442
0.08525940106410768 0.4779277816295153
0.4364722124508833 0.3261245090782616
0.7955640408227667 0.7573262446032873
0.8977743917845658 0.43587035686633935
0.551776770337723 0.7833178363470881
0.20587056945090598 0.3553141040133996
0.7593818194156319 0.012421113385996163
0.7319382847238478 0.2929473052543887
0.23535636417440986 0.3779489965907157
0.8265701917709889 0.8506422620648186
0.6779763819418803 0.5661450250832174
0.26382093103458937 0.8820353086900934
0.9392010892803127 0.303161062520092
0.507021413002527 0.1858442477574822
0.96773001628032 0.4445254451355085
0.38519288656884565 0.010618019887147057
0.6640414830298642 0.8814563014799772
0.7116843217352742 0.09649122260147824
0.02046892081558216 0.6490131800061032
0.406712604044267 0.9077431208178521
0.007693738500130998 0.8289143409894673
0.870283081410377 0.17432668299674647
0.6320387889311061 0.7875150410081107
0.5314479209720282 0.7410895455859996
0.4078045959836887 0.8040306687984649
0.9128625751732438 0.11172810928809751
0.10541872476990943 0.8369345137703943
0.8262014423281832 0.04878589530293498
0.07996482425488449 0.2503251281164167
0.3463625272273714 0.6936292858896793
0.9064452271916372 0.23773260078249359
0.4153807876573026 0.756208998944538
0.6188362585400329 0.0694971432869751
0.6551770394512122 0.6874327970448528
0.5882205817708757 0.6284201385823787
0.7844557497110181 0.6720950373796006
0.35616059695094204 0.3644813715494233
0.7587576036635097 0.013850723822352418
0.02994552119802263 0.18257804356341567
0.18487186648645082 0.16230100791880986
0.5622863511372058 0.09405628868833249
0.5203855959979007 0.0906315754181719
0.42537261243976143 0.22013350260940379
0.10013830468559015 0.4662936495454524
0.39774385336001394 0.40635151525715885
0.6455978314035709 0.8100946381167877
0.7238862411916804 0.0447765737958139
0.1724015122963536 0.44622463922342503
0.3267671240965577 0.7572474949676227
0.02729956095366526 0.4667899790859471
0.4287849943148416 0.9134374302461135
0.12343327780459101 0.8307388719707745
0.3926019918975183 0.245049173514166
0.32452271628451457 0.6851924612293139
0.5404926037482336 0.9193861770053522
0.6654215111148214 0.9842793510253687
0.55530530039484 0.7964252275909807
0.42643221946200116 0.014373684042266133
0.6955570255685166 0.4170490845926931
0.8089591093705599 0.321230002943484
0.9605866659297562 0.7993415709543559
0.333524164619591 0.8118708272629562
0.34782290655098613 0.4866555400146131
0.07632040087162784 0.11803334472104776
0.1882556488002083 0.014753416406638298
0.09790195908998012 0.15226493291000742
0.011157628686182974 0.7960747605581933
0.27429951459241875 0.6220866856625837
0.4076923306313329 0.6153111240484717
0.48435226786266306 0.18380596763311208
0.38754048458890744 0.14955060680790533
0.1651590175643094 0.9795489547906187
0.06624987876137256 0.3408658072134929
0.5651024440069197 0.11662551543962651
0.32455268496306 0.168536439311592
0.19461822724748745 0.3503933022943906
0.401054890388014 0.9254512592255144
0.7339925953568016 0.6179532364893034
0.5362783864238023 0.7630243160317212
0.6379631237775332 0.6657286575977455
0.41299450940064486 0.01033044141691497
0.08848847739543109 0.3467356152270622
0.5249475998498561 0.6315312105312514
0.6405980853160029 0.20041952982644995
0.5724738594315553 0.8375667996833724
0.993301036388919 0.9039076700877373
0.08785045797407598 0.8852196347576342
0.9542807558134943 0.9201248878432426
0.9437284632107987 0.23145981872069088
0.24021029166474617 0.6443281195963002
0.23974284009267843 0.15000636908754061
0.92280428863671 0.7079099057820426
0.6450203754152315 0.6319830192791929
0.7900689619518382 0.4630616548514126
0.18740381558275265 0.19405356483444258
0.4182145556441459 0.42169190848180405
0.34680994020026645 0.7691423682109209
0.5577827618495104 0.5796227427986345
0.6315162939654715 0.453456350258741
0.8163593150758655 0.009991034221971784
0.3053888008783743 0.5435612871277604
0.557026997654513 0.513925952653209
0.4887679192449639 0.5420135547846234
0.40130368946530637 0.6246024839119633
0.5569579228502619 0.08187608867523855
0.8251849639835638 0.798537527331626
0.8735079025695205 0.5004663785216872
0.42202347282611363 0.2608881763592299
0.042736280023323525 0.5742092772611307
0.6221584847719726 0.7481481344517644
0.8284455074852357 0.6192397651616866
0.23678446520092145 0.6223508187758191
0.4294986038034405 0.4024085777246811
0.6382963269193971 0.5504563111327581
0.5413188460269995 0.5622154218222963
0.598359528115963 0.3724078883373978
0.18633080490279053 0.7368604648923234
0.5142697061635713 0.46192804279960753
0.33127295203690377 0.1220245237475055
0.07380027771721842 0.7298677149954269
0.4409505801721312 0.7188090695902505
0.2925202314542774 0.62695957057688
0.31836250969138313 0.665225320781152
0.1486413449817976 0.4566825816780813
0.8976249739372877 0.46691793579005214
0.7473746867213102 0.9729494870155759
0.40436602031464486 0.23004895923743907
0.8094870108507608 0.7855396308738058
0.025429601266433677 0.9409640837712201
0.7320269086790407 0.1915366465247792
0.8633626927088796 0.016107890330590457
0.7384118646543825 0.9904467785869022
0.10239794991673468 0.12422882841499994
0.36709812395858843 0.1312925478014808
0.26012382318554383 0.27612242311362256
0.11097262827339471 0.19050922368974943
0.37416292750381874 0.5650393385904267
0.16372476154141302 0.9158532503777836
0.5607694796557456 0.1500960334090906
0.7679457736772113 0.16831019667862912
0.8891780333289943 0.9326207257635799
0.8172430110569606 0.48750672716352383
0.7190168552601801 0.3247483099137656
0.9053792710465145 0.455392989283647
0.5072575623764619 0.08112027950002876
0.024578189174303988 0.8017169667237578
0.9041158692389653 0.849976299707593
0.561139938616676 0.4140253312876323
0.1825194302732136 0.4036877380922672
0.7045606143334964 0.6138006589854572
0.4450392099332976 0.9206437579312259
0.4878032918617541 0.21898140155212586
0.6833770685152039 0.9036750111606697
0.21085975446724747 0.20870585567794842
0.019259367588679632 0.5231127983195478
0.7519371715640106 0.2691684236840579
0.16112959980185915 0.01902432791111197
0.27034122426852814 0.19762879335044836
0.5293912653243957 0.6759066497751658
0.6796010587791352 0.1906271056186064
0.7865827317404894 0.47082729955231617
0.5908645696852199 0.6918978572212675
0.08139374159335544 0.5246732672271326
0.9728098502784939 0.2853076681585436
0.7017452076450266 0.7354131346942059
0.10688689904063753 0.7498190042277781
0.39701644620544263 0.0994128509524903
0.8441752240612554 0.5179382945404407
0.058694561118591615 0.17689513980347749
0.15231897968068964 0.2984650971528562
0.14864641463936978 0.5048145422100281
0.7204914087667067 0.8338566086701369
0.14923571484007714 0.9442045300546613
0.4336674011044903 0.7859167662903404
0.5611096480041895 0.02174815425892551
0.455575549791136 0.377773429566288
0.786278352083007 0.0028567813979851753
0.48860603248989487 0.40514297234962604
0.7245384794725926 0.4539438105443263
0.9418005487985379 0.3826844296144962
0.8181242751571942 0.20857228633448477
0.6149392489140935 0.7455567754324997
0.49961690802619096 0.47588933848921977
0.7329131683613377 0.7685003855707144
0.8853920546473109 0.5511481959901945
0.4671301306995974 0.192026298949036
0.9379011944771918 0.02946627399121593
0.8201130384642998 0.3531193826488499
0.5868126649682921 0.9339008596206582
0.5853046775086237 0.39818562914923117
0.8534448163897326 0.9964653501376406
0.024721292868529865 0.14855641072970438
0.7492883388380431 0.6174134038059207
0.36892274807633485 0.010910240194803356
0.10182625717779392 0.2743115759132728
0.8996380062209912 0.7396044818747229
0.11521125462486004 0.6824690039994872
0.09034484745754856 0.8625585075906541
0.35251010208571976 0.7849004524276291
0.5880213143512649 0.4618861390642708
0.7678932447728775 0.3738079478628715
0.11400446226789063 0.5202760226836969
0.16005723959978457 0.21396632235718283
0.9413845446956444 0.2998708465224671
0.49136982977780663 0.16580849257058672
0.6763065983870546 0.20967082927094483
0.5684705780462063 0.8356710055409746
0.11256058583562178 0.9391788593306774
0.46682983427714353 0.6247968409508571
0.44006763186457776 0.27035048580403465
0.26227119946177857 0.39042079248194295
0.5531871495007821 0.3155944882593902
0.9798043190477563 0.30443367256780474
0.8732945709038542 0.24390776860086083
0.1758814175921255 0.3377251708002753
0.6650816931924719 0.8437031426115611
0.4732816865404712 0.6157364135642254
0.7532784946811382 0.9293450405836265
0.9753285206602944 0.928047805366204
0.18573889875653826 0.5099109545966942
0.6635769191555085 0.9911773246892295
0.2705585547151472 0.3803317072390511
0.2670985815386673 0.12444862110720267
0.5922215402702651 0.7432087211886937
0.5084920191860605 0.28863905320741634
0.9976180039958227 0.6427670742463569
0.045328432221911186 0.15119363704153632
0.07035697285753839 0.08937232377670301
0.22261604246922428 0.4342014750252401
0.9029185706085343 0.3667384916069907
0.4617485366490415 0.9341586358443963
0.5455826043832466 0.06794902162055139
0.551283099291977 0.09563764762053761
0.8308058908253935 0.43333470825200515
0.8787513088600127 0.030323383258395342
0.33423258536921274 0.8781972577162747
0.29466281657086024 0.017821414322297002
0.6516093354059018 0.7124517423170709
0.8483675506759731 0.9293593630697261
0.9845026574014804 0.8005600903544916
0.42389303178112603 0.591190825605677
0.9118718666657304 0.05661003395602893
0.9695418174340427 0.004004961423818676
0.4904141352204292 0.490770819990046
0.8163183154271694 0.4693211401978654
0.11740993492426455 0.8194409081990233
0.5014519101842587 0.7644855232139103
0.14042486500743934 0.7062092336528836
0.00046981141592561393 0.1988258717971354
0.1801677562402506 0.642879262215934
0.3289140344136863 0.3840128697295466
0.4343541353763607 0.8786208275165805
0.4833253256943284 0.6442840100689935
0.8832469205339328 0.7285309977712204
0.36656690452185603 0.6411829011352186
0.3804522619173474 0.010711436451311673
0.22405545739812505 0.07159265391955216
0.6911941796714689 0.30393633873542125
0.9400917115515697 0.42482530710878375
0.990199496282476 0.01715419983719557
0.575838606022244 0.39285600262875287
0.3805483336790907 0.5748620476614272
0.07394088072593519 0.6042223659143289
0.7542499062268606 0.2773804938102111
0.5765157263629535 0.7108359008791065
0.9211107559009037 0.05434925199122298
0.7590429293256598 0.7525025709524866
0.7396664293590145 0.24311757947495227
0.09787813853635297 0.34043027596282505
0.9664271506858095 0.16561390222113603
0.018304634572213985 0.8295781283161965
0.7524500012795672 0.47978314897118746
0.24741032956416809 0.8755579615024685
0.019009425706676852 0.4747941497104664
0.5947860672357426 0.09323982381745632
0.23883606570750304 0.6193862132945793
0.21309451187011974 0.05575137079123316
0.10971926963631096 0.627466182922694
0.0032793011590455112 0.6319667633895731
0.20175085524383984 0.7028033517404899
0.1771484153382723 0.647499767960307
0.583178642327244 0.2235499827659897
0.5732642014540199 0.057807639526693544
0.20567634633052156 0.8452681057685829
0.5942025455984146 0.3111095165200519
0.8710826700750038 0.22098766678539317
0.7613608717284792 0.43289526218733676
0.8989922978495337 0.3334091225696634
0.9183484907615049 0.011860326013225952
0.44081250940315475 0.016307395365711574
0.8664884969458515 0.004275359372831744
0.4588466781990066 0.6453747140503943
0.3217010656813133 0.047812187638820225
0.7387016431983804 0.16015604039345077
0.0012693772011926896 0.45091295652152175
0.49026605148630686 0.8423204969416473
0.11443279178408328 0.019574285473803243
0.8899688993746473 0.2769490261194685
0.7440781410775135 0.9763138887003568
0.17218274113687015 0.653242243719687
0.626432433349478 0.777622858718171
0.04921183753367764 0.11529144561119109
0.27662909840484495 0.8963619684395339
0.6188677752692553 0.048666990678635225
0.5640269824481716 0.6881520543080313
0.9644071233784046 0.3850054773327507
0.5733521294097483 0.6026388221898356
0.9239942141203874 0.3794356899502529
0.4331008330738628 0.8950990328442034
0.8569247429355595 0.4590726094903863
0.22348130378797526 0.8908616099114146
0.8775952610529538 0.9178080387216867
0.15587134148161907 0.35170179882764074
0.8940374320701221 0.429271926482206
0.02916880300836877 0.8537327197901923
0.31540521281141976 0.5657521301455091
0.6938978100877355 0.29071853073091947
0.8777146320752276 0.05203558112251705
0.991707075631064 0.5151999301059305
0.904500335005308 0.5652252877337114
0.2205957130177547 0.6653709165676907
0.3091956931848969 0.8825515213430397
0.09513019904639641 0.7612237341844217
0.46764348234527153 0.7105414810955832
0.43570995315522176 0.8678898132031927
0.3805839836490861 0.6915251329260883
0.13340126544579767 0.14058512899093234
0.03268288434769473 0.9925897739855272
0.35476170862206935 0.07975939516793029
0.4106641532124127 0.03652447495565436
0.5900194376246526 0.31978391286205077
0.4102110801514258 0.8508163418959629
0.5305423740889774 0.5323549984893392
0.6341782835155185 0.02195686403793129
0.5267888827149529 0.41547211393639216
0.8722731798445378 0.3233783705468758
0.9651559029392551 0.7689366596820781
0.4771460522237103 0.28722561888643416
0.016572319039805494 0.614614678811902
0.153005625857916 0.9914259991805603
0.6311183909677867 0.46910601345742253
0.5948199941513985 0.29628957971279335
0.4143458332042007 0.13522485085054448
0.7349723547197378 0.9184018174527697
0.48310425510872346 0.11625062083794524
0.40937652471800345 0.7377221386066668
0.19672231879612578 0.4875948035925839
0.6573189474261052 0.6827679098058121
0.01354927751891144 0.2087047899502288
0.16683654432080242 0.36072269990271155
0.7627107364592862 0.7572583089404354
0.7147060626051385 0.7103224620915389
0.30233916850115183 0.6419893626929052
0.48186014636365004 0.877942093408687
0.7604928038911567 0.8369808262813858
0.03853693792409785 0.781773504790988
0.820389080340084 0.33994777965375
0.19891533862867372 0.5360651099017217
0.34321030715862055 0.026372305169894528
0.38236212106759115 0.6604647111455391
0.14264107530790437 0.26326254782467506
0.06814762645800765 0.4757546763684668
0.39584874547371096 0.9947697902849832
0.7721970685467869 0.7019106272392899
0.7228834963820263 0.7593545448653178
0.16075343679330056 0.05876845845763756
0.11374968301031574 0.11755303428609953
0.5017564117284412 0.11815830481916922
0.4880796945150203 0.6314828292079588
0.4009069931006968 0.44349603148479155
0.06730220284526367 0.8184881590879387
0.846094363121539 0.020785300046880062
0.6756829235090975 0.21850752768297999
0.12291767458361136 0.8423285428688998
0.23100325205524896 0.953876437605107
0.8090099674208828 0.12927760716902736
0.3578719168456175 0.9354269947457983
0.8532647018950377 0.4060302768045809
0.2288033999419652 0.42638942510509037
0.7761391671295623 0.9618738869068595
0.00460315616054352 0.4950453960944161
0.6455865940513776 0.6636989217454441
0.2827633652138666 0.5614016265843398
0.4713028527235459 0.0766118155231581
0.8360542085183724 0.47307852531606054
0.18193562466794377 0.07940044987746431
0.8156685672834647 0.15888540927629013
0.3988131580079084 0.693982223055355
0.06306400337249318 0.32414874036472874
0.7142320466134271 0.633323280775917
0.2877656972023972 0.6338021295155221
0.24519667631218112 0.6150028411941149
0.20509707893910867 0.7392741557978506
0.08801354285607399 0.370466954219264
0.2626234737693951 0.8218759028446783
0.15472644309231254 0.9500871850538035
0.8397764776860568 0.759683897830435
0.6559487963460753 0.40492644485344975
0.9496581549235699 0.9137026215104997
0.6718778838738231 0.8660212903502071
0.4834942985926711 0.23845254453790066
0.9565513178995757 0.06592055320347479
0.32678112983868157 0.8970088642522072
0.03821003684895796 0.7025182304336215
0.18592635985921158 0.9078623079783716
0.42930878493890434 0.9296786580319416
0.7450478964519074 0.23457898088996498
0.1661205914563464 0.30749978244681797
0.6380816712852582 0.16256415001340674
0.990920311036602 0.45547291881001617
0.09977125521257668 0.5969682035289823
0.18090416581025281 0.7866371490344939
0.30874661467032194 0.044886672197087085
0.12542201157694777 0.7852989668080772
0.274031455207421 0.6185404737108562
0.42988055502056555 0.9308408918388016
0.463924221099113 0.251476890947526
0.4509876997262068 0.09093557252864404
0.14908956282006236 0.9198677044080257
0.1144818255190243 0.3562149386428166
0.30734286248536136 0.05964318402206925
0.19071235779169804 0.8217788641374137
0.6289636799832699 0.64210932383132
0.14624641673411531 0.5382510838301708
0.2951389792989576 0.9127668673766332
0.740983743287305 0.9015810696110829
0.07657662574569568 0.4380675965330669
0.906674875999318 0.5653003951202449
0.5415207583241481 0.253998123973858
0.21746986415068204 0.2524941792364961
0.7258776275011294 0.3562409961988584
0.08253925388775252 0.9113517115042093
0.4567518402786215 0.8097095818855093
0.027387308964127444 0.36182693083973017
0.24102252133476965 0.31440750769068315
0.6761902298259872 0.712606409538109
0.9333624662043218 0.2991739624552461
0.08704108949160072 0.7790095370727061
0.004352672393853396 0.0035232592060652212
0.46893989286142945 0.8252135146347004
0.806468774839028 0.9206605618970916
0.28768120681068354 0.450451929214978
0.5896173662921518 0.8851363826909668
0.6251277582861288 0.5241555702078364
0.011515135485560046 0.34494557767481715
0.3353056486361772 0.33066803022532865
0.7064879128208057 0.7152864028724488
0.5723810211127269 0.38403765698762116
0.9984253755114825 0.18572987784261308
0.6850992025507678 0.5704444817311216
0.05849852150923951 0.9159633323826701
0.22557520542205722 0.2208242882780136
0.45809634464782256 0.7509883901470265
0.48205866016215704 0.11716866051484298
0.7447961600372266 0.4374699294836637
0.7431243045801357 0.8613046069780139
0.3312479008307132 0.3056578410617745
0.8257829752705053 0.7064328035670775
0.9480062798994413 0.9645154471418451
0.22789658303491134 0.5101022596755302
0.8009307202054952 0.4921052841855986
0.880405839452211 0.36686272887135973
0.07767224317952603 0.0973644217966192
0.6817049872129917 0.33243975104481005
0.09970698856840654 0.32202841095798096
0.7938692721802385 0.2718230158097428
0.2772101660426982 0.20192629107416726
0.3490554928343139 0.8522730064877533
0.3169316119436558 0.0920779877334954
0.43237815292204096 0.5404042336224402
0.9315142701337249 0.001205230848868144
0.35641019337988333 0.1906795319405732
0.05608820049347951 0.6447593802458227
0.270796712657313 0.4141841040991907
0.6423893649797174 0.0853889554209899
0.23756068755330761 0.7024330379534371
0.3217334735877546 0.09976645694744168
0.4794222084280084 0.35730775773821377
0.9347679161325331 0.9231435828416481
0.502404102881471 0.12209224452420031
0.42626919048405654 0.4231112423816754
0.43887128220737415 0.6300199242889954
0.7798703838290848 0.5143747335341369
0.1005983569769131 0.7249687366531845
0.848981894447773 0.8406980498244887
0.16760929034173344 0.2634068199487418
0.8443101326260476 0.2831778530104565
0.6610037148794234 0.01054062025271607
0.28943683198890446 0.5007984170795701
0.8316891082319267 0.12657824178054655
0.3565758298624979 0.41604480527656884
0.5575675732839118 0.7204966588732249
0.3805528435147696 0.5417300291358049
0.8365594238709995 0.35545790349575723
0.10445333854870054 0.3694704367610484
0.1563671143112717 0.14141147825430078
0.5413063938852447 0.597310498094388
0.9244100465981193 0.38985782345231734
0.3573648912553056 0.7148090018865074
0.7539485015376834 0.44256082361010196
0.8112088957297459 0.5224765912755307
0.4285390460193337 0.5656191659332672
0.9933395215048941 0.8096014836949672
0.049387035859691286 0.7581312859529623
0.41271106559228277 0.8488467182414277
0.18038208805110467 0.6054890128423369
0.7168627233279476 0.9841661415865892
0.6562055920442875 0.6236917370434765
0.40359289213876304 0.7635846359244269
0.8688486634464958 0.1820408178509989
0.6610818920947077 0.050950683303052635
0.17733903264812811 0.2938830757532267
0.2044238426287246 0.9927513043793252
0.5722799826186609 0.3505605880039253
0.6508690863086302 0.8088662570431651
0.9016772392104402 0.8684476729924275
0.14561448479402328 0.9426353779999301
0.8755336289983593 0.9334279252065598
0.7987792544268517 0.3077624072229681
0.20508121478691743 0.5556005409445932
0.7369415771834891 0.6260082418442132
0.0686933253790345 0.3523580619512552
0.12716419035690762 0.1644234948123382
0.9851621466025182 0.7054745323510556
0.20740201490001642 0.7895657629572215
0.9050933176149927 0.06159040258606052
0.14096928993456603 0.9318160907448689
0.24845944397646247 0.8015492102070867
0.31097994310123167 0.7626280277732878
0.007847005271944596 0.5653230792482395
0.6223473465689111 0.8449931592720616
0.6150140629982506 0.9567770922133323
0.11847106514410966 0.950964715256678
0.9553031038563284 0.11461576340686186
0.6323098729713499 0.5812435344041855
0.7551915904426723 0.2917860263640464
