10 8 100 2
1273 704 956 990 1158 1176 906 779 1300 767
629 878 1127 1084 982 1164 1277 836 903 837
674 1259 909 965 838 988 836 1021 646 634
1276 995 1298 1222 937 643 958 1080 821 824
670 671 902 811 958 633 745 1217 1684 907
978 964 1339 652 768 1129 724 1689 1473 1766
1199 1090 1274 743 1331 1106 1006 1023 1507 999
741 1361 1271 1368 788 993 976 1244 1032 1319
910 780 887 741 653 867 943 935 1055 773
983 1070 898 685 1340 1022 1297 1262 654 644
0 5
5 1
6 7
2 6
2 5
8 0
3 1
2 7
0.4315314406287384 0.45911479256429677 0.48673485104715264 0.6828711320634929 0.4158984829578175
0.3443999593118441 0.7273917817794553 0.6745400900348282 0.4270262217914032 0.247848121023252
0.7761253311560935 0.8208166334151246 0.9227479321592735 0.4816780905798571 0.2919393036611318
0.41997914796533414 0.9742996757048201 0.3049643837690016 0.8422809303697212 0.40393210079876185
0.7339173374880456 0.8468478396727881 0.7824375328384368 0.9229748847056489 0.1349491365424519
0.9498614336162499 0.32237411750295303 0.8615580449158378 0.7415852585876951 0.4536492426796921
0.5292944448768079 0.9124650604958857 0.9773263487263577 0.8934169771938587 0.15517485864687988
0.26200895880844177 0.8112406709540967
0.012709447782324634 0.2411593319234573
0.381026365021899 0.7387572624975167
0.20331096795725667 0.9938465571377646
0.26883996985968683 0.3003873512294841
0.7194032834114119 0.5398794231464457
0.7952646005139496 0.9217509001957809
0.09282339607102075 0.8399598527287779
0.7857187561483463 0.2980165226164859
0.6479515101645799 0.20672167720986323
0.7716435977192191 0.7769610812788157
0.7712342896215414 0.9766535101983254
0.0025404123100900566 0.5787435636607645
0.26016228182496315 0.6974091714786095
0.2516826614223808 0.24375299808494066
0.1868395830887346 0.18174816105220115
0.44956981851406175 0.41211067417008374
0.8948773368238816 0.9830829582368885
0.7315029514525073 0.30051435662689907
0.839786113242524 0.227087665693255
0.6443679050889803 0.41338317926247825
0.5806890397518376 0.5577913451810292
0.004144370632464867 0.6979610107843504
0.926642630023403 0.953825267668978
0.5320201877743849 0.8236285664649607
0.6205510045201574 0.08850333435412017
0.9919122469938846 0.7553405307854302
0.9321576595641774 0.9696746546012276
0.2234767389581227 0.8962749463499171
0.9846958149046232 0.9989239074660605
0.9843426518326754 0.9861694855035361
0.6636537148556891 0.003270418148487053
0.7150500303732992 0.9680267747627684
0.3943196971299945 0.23740846198667342
0.2475511470029661 0.5007371530620846
0.7636012819889799 0.7276972667128576
0.2647098622374775 0.2903051682510789
0.19702620577791863 0.3209084810260643
0.6071917571195355 0.46995892138816764
0.25085504600959263 0.6691392929526165
0.15683155518799086 0.8394022971121278
0.0934891171183303 0.37439985881125404
0.5676905902205567 0.6833916340955648
0.6394166597165079 0.3223570152287729
0.09942050153549253 0.40832902057991904
0.5717981299519157 0.7286317642802667
0.9168650037793744 0.24623569869966033
0.23076108015200125 0.5114650110691052
0.2204809690658187 0.179936757286008
0.5110919453767779 0.6109607666000176
0.9904058983254682 0.9112014243153865
0.5071017563096301 0.614979799959608
0.16471697424449516 0.5721093948398412
0.9749274297047632 0.1251865018368472
0.23740809783443062 0.7418588310072491
0.018146597888098803 0.5119666894131689
0.9856446038317535 0.22111194107423282
0.7489959150908849 0.046414162938729575
0.6816066121440825 0.8435829218106143
0.359034679920736 0.23916540101067474
0.7561758200331468 0.7031466243402018
0.36461322158206166 0.151772044286119
0.4140286165647278 0.9398847165691162
0.8944108751068496 0.582216477357274
0.2885659300518184 0.2050559442320523
0.6176405451308817 0.5754564510043563
0.9010126743850422 0.7653334000419179
0.2738284335363519 0.2823815963126346
0.0575571459815738 0.0766827912724346
0.21852579150766616 0.20177145568831323
0.7974035838933513 0.6600129642934005
0.7181349259733092 0.06986684406573884
0.047128961460934704 0.16849211759726312
0.1704904513094334 0.42951721297734347
0.9997026097310546 0.6487906546990032
0.9753689592307107 0.8361514334800981
0.8567424400166155 0.6409211835156183
0.20684337233414007 0.03809418072631909
0.696667862261418 0.7269510451592087
0.06849339109520014 0.38293326695460883
0.7400888000838761 0.5799159696904213
0.001116357267219481 0.8445518007577533
0.496588994504398 0.6898306369707428
0.4065341686568509 0.810523814969516
0.34103914808306657 0.42323788514310956
0.8479051231880081 0.5110684578469713
0.7504096765960886 0.21654330256555832
0.022961772779681366 0.8061733979647645
0.770817971673186 0.1985804627346337
0.3283681821517872 0.2556401080753523
0.9010800313822689 0.09503059716966344
0.8337082858534286 0.27959812726836497
0.4523905244659687 0.7123082847376936
0.1723385606718748 0.920832105211784
0.8772981242701672 0.9866184481594811
0.5133374132639141 0.22028882459660526
0.9085468302686295 0.17274444295977442
0.7521691038673601 0.762047841013916
0.18901090883489435 0.10966457601640944
0.5679683974092145 0.3427100012138786
0.11545172865059894 0.7276234427470687
0.7165002915271563 0.6894388900541291
0.33125154491117303 0.6983764493789457
0.6030429736766896 0.9926570940272208
0.27244780574799576 0.6377139728864092
0.3232595181633642 0.7528489342292641
0.4409268659384833 0.15197421819131507
0.3957457860875282 0.794967505006543
0.6807048705716174 0.9233054287284352
0.27632541479308026 0.8868129627164154
0.4928715461059696 0.6165834137292805
0.31231606853248906 0.5115524779307539
0.5812443521666328 0.4489601579406546
0.6566401507419899 0.8457437736950371
0.7127512631669553 0.737443258312424
0.1771509091272896 0.5514844212965075
0.8530696392160628 0.27745150537679164
0.39762479180145016 0.14971940756876823
0.8461607734710284 0.1843819366808206
0.7571532871935538 0.7938570709075252
0.14733889927213695 0.7437270388751245
0.7256857926590039 0.6750127227654066
0.6942998524174566 0.8638051517590755
0.4194866592285973 0.4588183875806091
0.9009639933499998 0.3223562372642603
0.20516788663648322 0.5685972154480103
0.44761732288059264 0.025009853955919592
0.13745187115662905 0.3444072111972949
0.4411859456960703 0.35326948902865984
0.9147325156232062 0.26109778795080896
0.9722765362757315 0.1638405114887833
0.00850746814262604 0.8391133725618449
0.907947761158201 0.7241226829014136
0.8553986910900151 0.0023357371057772802
0.40629135128634153 0.31627489155272914
0.29514672077143556 0.823329252543129
0.3901602681427001 0.9027331075579663
0.8261310011233698 0.6553849444393092
0.8070856736413214 0.1407440443226884
0.46892622742957624 0.8006921143695129
0.7242575533193085 0.04028527558859363
0.273579651509539 0.9161756154769707
0.40568002248514645 0.6288180100187684
0.0032081522210041236 0.9635243252853121
0.30656880182798263 0.5866408973151429
0.12574546993331248 0.2889853907523512
0.4335607082123345 0.07380282802236926
0.6754901708727301 0.21930520892362182
0.0747164413372905 0.18231870445958243
0.698605044772546 0.3851958669590021
0.5181387901529402 0.6104717007930454
0.5259428751976172 0.22191743637292238
0.8096314623915579 0.874498639122139
0.9836628053635281 0.18662010797670026
0.3745343121811442 0.37501006705059337
0.699104685185675 0.9693103417542555
0.17945307929528687 0.8171466942102623
0.6825555010248125 0.35118737037930825
0.8814237466635539 0.2648514566261919
0.2420268907099976 0.7425032832262797
0.549946936175354 0.5874063226398394
0.6201459727013625 0.6909754947707587
0.7581681410938816 0.44389412468691125
0.7602541412500043 0.5724556489345232
0.23088882109011766 0.3015279658527359
0.4629003284518214 0.20466524591856516
0.6659851848035705 0.2141824433329349
0.10070172888667561 0.23260853175781593
0.174388274121148 0.9448379681583958
0.19508727547373206 0.09239197620260642
0.7405051565893144 0.05518767959467841
0.35688957232024654 0.9568460698566612
0.4483009134882907 0.5899304947832034
0.17755809528856714 0.08281994893221478
0.63774106152043 0.13440909926710165
0.6386491062561566 0.19585917543756604
0.09036419720283617 0.14303078177460438
0.441635365440604 0.8745849623553912
0.23655878666885966 0.502494770248952
0.8088417181832372 0.1828337092077894
0.4488665923861024 0.009844623331309865
0.9996668985348385 0.7681516628902798
0.9615363914774915 0.06877520125080161
0.12366674701106972 0.2696538583179138
0.8414329421271782 0.21350937985337293
0.03247401686088103 0.020626262878068236
0.21531153586538232 0.00604546316205723
0.2631501338403972 0.35317756694238556
0.4667148552732028 0.5536041377594065
0.5757810962492729 0.7817398822928039
0.43223834086992907 0.5644334081333471
0.024622240332089484 0.2522946609859116
0.9314886195225387 0.32840359741344005
0.5875635447556007 0.3430096734868142
0.03595671289683522 0.9897198043005369
0.5558892665976043 0.6444626299690028
0.8576599061729631 0.4936828387940815
0.9496682289895442 0.16139191378932316
0.9816822510816641 0.3964360342247677
0.3793929852777058 0.6458242566779497
0.5739331744795815 0.5886433525717822
0.19783964319325076 0.7048888712969881
0.3574747203299822 0.6158981147058129
0.9720452419995262 0.45116898003536754
0.2821775860057416 0.018095137720670174
0.11135531589663183 0.5595856331925557
0.6805868673507325 0.6545653965176665
0.9774711399709954 0.6819221058062632
0.36035517530526406 0.7970461218324443
0.43256212955520046 0.12713646027754355
0.4762832807516777 0.1693860514771086
0.05366880159021359 0.08862260929338261
0.9390477598636959 0.7736885142189123
0.39728063519828494 0.11257601609149437
0.017167933886805153 0.2658812586473258
0.05079524871464636 0.23416632897840395
0.19415969645601328 0.413846265921636
0.785787384435688 0.1137314706968453
0.685937837022826 0.012130576575421381
0.19077543038576517 0.14399621849544575
0.2296359059762194 0.36862488042677644
0.3004661008870648 0.7649427231038759
0.39565665098139124 0.2033075586924935
0.6835948701895282 0.0072055991736583724
0.35327552485740243 0.234740502838237
0.757339727594998 0.3933214090488779
0.1588789861691362 0.8442134935786427
0.17915617955578522 0.8886466495345313
0.602686473454678 0.14241247043836402
0.42985317584821225 0.04836852244428891
0.254140468722001 0.2778298484756161
0.14590360551193227 0.15339036420839736
0.6131219467371702 0.3713509523451721
0.23175065900266834 0.6380593171548532
0.6367912888889358 0.9300045530923704
0.3632936518912955 0.5354302792464178
0.08053026001333574 0.1690774529985588
0.1437481275332364 0.24402387657424107
0.9895285613647602 0.8303361947651358
0.555674674664312 0.36200065736141007
0.7872395605031024 0.2663565463301676
0.9986451210728258 0.8765673715529247
0.8416966451976331 0.980349868796464
0.2950372942704347 0.14523546699648882
0.3013926258295949 0.7430236948657729
0.32258902401897216 0.4202380254124507
0.02904292185309565 0.6347081578204774
0.8452462536281709 0.38555911877788174
0.5766590945962586 0.955460500950982
0.8478615402525278 0.4847144962803476
0.04937542183771093 0.1970640030512798
0.8007952195336798 0.7700308400459106
0.9299711826365644 0.464580753603538
0.1613575973386998 0.5695914874482999
0.10928534856995453 0.8207337102771921
0.40638276383505256 0.9703421383909951
0.5999142765641976 0.7577789924751159
0.1576997941781988 0.010717756046908722
0.7279180246137553 0.7233042643814851
0.8812735971714447 0.2373554552747712
0.3844292821872495 0.6207843975982843
0.7684237898738282 0.48256414482831045
0.7976491111749076 0.42104632687300225
0.5114407069080547 0.7523644495868271
0.10431111970952833 0.6252954843206189
0.4031405731020319 0.941984574229602
0.08512248131206701 0.24905651907428616
0.7764009781521424 0.36088766334471134
0.836462988149794 0.11934774496941936
0.27231930718575303 0.5168971779326872
0.5145134166676484 0.35650149380724705
0.611294345772947 0.8201147007291942
0.09410500515150466 0.572062193597044
0.1311788982330786 0.6161610060577711
0.7698538381562745 0.6595429756120761
0.8221875729371904 0.8716503691568434
0.4051016519666837 0.7254433820813215
0.9511919774826163 0.37557794000688305
0.7715762915285977 0.8751248120195301
0.8781930167446692 0.2848722181903296
0.38664167151655504 0.04809984716989679
0.8665078891023479 0.6773727028489955
0.17862080493410937 0.4475513691935604
0.039790449859255395 0.2634550912649678
0.019273978925977486 0.6509658121651181
0.9560830178817388 0.380923784728616
0.2803271479823142 0.742202861387337
0.570808434647667 0.26059538911856683
0.7378895758190867 0.8591931305042373
0.7292132761587595 0.023081638244664804
0.9076968511690751 0.5426962595604345
0.8936990755218552 0.32733712424750294
0.8133791991040158 0.2127603942058196
0.864554441897821 0.8047137663633279
0.9307391579771598 0.8729716126673677
0.055799012937191916 0.5837518158187072
0.7452389157097128 0.35586000655230454
0.22263192212721816 0.2204760532965151
0.7401075284301104 0.06037205987144767
0.7653813903971756 0.3407579591586949
0.18485315588852713 0.08158813216767502
0.8348947668008155 0.20964415375949286
0.6959461261446909 0.11340150248727388
0.8687816223342504 0.12271816395154267
0.3180520128948343 0.2929947391723051
0.41065677922492916 0.6763444719169747
0.6277720671377425 0.32101927309272105
0.5405359363735158 0.7233700466925774
0.07953009820988965 0.9263750223983493
0.5810232267341278 0.5728480877846616
0.25428641432717614 0.8411604582492527
0.37147463060117714 0.6484977757751618
0.031059712684411878 0.9558533946919612
0.500399728340319 0.28734930102694967
0.07696911914031146 0.16549945738860572
0.03322351363580034 0.7363197183158807
0.4883299859492174 0.5310539509259593
0.07384474706207067 0.8967631345747584
0.8390633819799651 0.5330561284007205
0.6870634640149733 0.9847142466798406
0.5454247347425825 0.9677032962871965
0.250664848290268 0.12433456608539029
0.6760571491994072 0.3947522274208619
0.28582300582874187 0.3202924288857194
0.5695257715004345 0.6377732901755078
0.8592794242532353 0.4623969102775818
0.4126518802608672 0.07249366488422693
0.010522898625757504 0.4212154979962388
0.24529977825227345 0.7200612341970392
0.3626765627245292 0.4164881820702484
0.04999844656550145 0.8534780406940923
0.5078653225746865 0.9659328010843298
0.4100876551240382 0.8264012786891306
0.5910355456570138 0.673790830565411
0.06367900069047039 0.7139858136121282
0.20114923251053995 0.7327833876189047
0.9364570912990338 0.01138854917012111
0.501896520951532 0.7425539396805858
0.6415055510069005 0.9506947480894596
0.593600500515155 0.8407629468732951
0.07303764175872751 0.6843639263136707
0.017847373201683725 0.3607666153659943
0.5813015781308604 0.1445985275867716
0.6221914815858058 0.7270081402025994
0.31083538578883774 0.5392701854059971
0.667400980032355 0.9920940662037301
0.3954811057466643 0.9737763865506301
0.9030849742702785 0.7612078287958075
0.6723259805340627 0.3329943035860934
0.10242173584420033 0.6601010537573231
0.09255548495490973 0.37527719393835945
0.32053130072866676 0.9015254714681527
0.7827546280723039 0.7002147571847304
0.24061308537794135 0.9330410535981035
0.9293005749769909 0.9211181337497614
0.07021160189599174 0.11605976933722251
0.796986379551788 0.04188530564378912
0.1142767257778019 0.16464127132145934
0.11052241333995538 0.7273247626268855
0.9580550272973982 0.7770524974194273
0.13344372586197228 0.16431329475082102
0.9299451859767833 0.48864668525106003
0.054808217367442236 0.06478765259160735
0.35468961194224513 0.007029202896136066
0.15022694838490191 0.7457481521581275
0.637881519405797 0.1609195596319548
0.030751031496035308 0.8252423881708515
0.7412858729776723 0.7410406798284177
0.7685107484686882 0.389489489299945
0.7563210654616173 0.20386732008682706
0.2772770230362176 0.008609745089686482
0.7179493659812872 0.030117028636265086
0.18631487687926818 0.38690956460076276
0.7195075440704672 0.20881730563832823
0.9056074233858651 0.6221421318012945
0.711393015754946 0.8472829788738736
0.9100490349372723 0.8629341414995397
0.3021516833977511 0.02356881567972602
0.717996200142492 0.26424404776349864
0.784712746571897 0.8193094933303802
0.8008671423812821 0.06200468442101226
0.9774265484171751 0.33289414194672595
0.5523756907271613 0.290795032634789
0.9846994343749926 0.020612654538807895
0.8665779780959308 0.048594118950620935
0.031022256036798534 0.934581411192938
0.21070803943116267 0.8792698123563027
0.10052210155447172 0.3276970775864769
0.4962429964134931 0.8647099977290114
0.11025210334042135 0.4271549249722164
0.7038505153899117 0.6598794447511276
0.02644108988203353 0.528264283928797
0.05534893052924139 0.006052983875528328
0.17138629722108756 0.019727413061862986
0.4800494501007049 0.07820901712456219
0.4675925292243348 0.7932780077998998
0.3385066362899638 0.3750886923143646
0.3240369423598102 0.21276788927207568
0.014411589455523899 0.30432130080478537
0.1458837286303416 0.17732288055241296
0.21568886637875417 0.3832202130607627
0.27125994686718546 0.8679410457446788
0.38590547387639473 0.49064234919460015
0.448346238773605 0.30938029851982707
0.7543315878982804 0.8897756245581157
0.556155992514149 0.107463947103696
0.5081842764288451 0.015031580396351885
0.015180459699917881 0.09682419559640487
0.8278039720656312 0.24391914122801706
0.4720656573765927 0.03414003521274167
0.06435396748101208 0.9014178894435276
0.012655909595465253 0.6416898772862853
0.7519502454471181 0.2965652063549158
0.7247841231368954 0.10352116812604684
0.8975893276490587 0.9300174937862944
0.1163436538841982 0.08119707171983204
0.7295635230005217 0.0828096390335038
0.6752810890552305 0.3458285028482453
0.5661356329592506 0.7243250273342359
0.37667096368439257 0.9018685521719783
0.7964268069870735 0.9004960084547213
0.30156724905472343 0.5151812056929377
0.3317597687655722 0.8513966393376871
0.11158686179300115 0.812468425617513
0.766908762776765 0.8879518922927732
0.5554729923892299 0.3722059653267813
0.12293302951162999 0.22256545793598614
0.8426490216966798 0.6409915372227484
0.157266306810933 0.35616416633439907
0.8075793597194798 0.43301788840736233
0.6291153763515913 0.5801336528228778
0.3113109424988796 0.533498728844942
0.9923998520243551 0.652610746496926
0.00936954515106403 0.4985533876108259
0.9639365191607976 0.9245486474235498
0.6648426538474375 0.12769816378540644
0.5955279442425947 0.9570291523607888
0.15917684094783024 0.3281739313295138
0.42520698926282097 0.9443139765802946
0.05497549400697199 0.1695886837613778
0.6941461552586841 0.10878138820744865
0.24251189875120782 0.22769014665723364
0.5812831343601286 0.912118759678973
0.7451354207440466 0.28665333636145784
0.44152189718545354 0.44809165276232155
0.4034240021468074 0.2552197584580429
0.33220320654621593 0.802282179052384
0.23100211766887768 0.6381135516285394
0.2606386057448782 0.4911471937543217
0.9500144523674476 0.2508212197241475
0.8259528383873438 0.405361239172886
0.07892305274962319 0.9167555168849535
0.6026650749953733 0.25828276194119404
0.08455580500316473 0.9217652676119916
0.7692466805388845 0.7241254587102024
0.19012448076017363 0.41260920749589425
0.5112691578662212 0.6324183635962404
0.5033789771842534 0.15888318155344083
0.5057161399168841 0.9922791672886275
0.032622443620834884 0.1869411135734711
0.6809139439325662 0.621561939056875
0.2088672201970203 0.04478991202727056
0.5046097243113683 0.7688895367417008
0.20417854449041384 0.30480815925784444
0.05778718745947953 0.6517534678692976
0.7328922735089185 0.6793555327065268
0.592430900103847 0.29956592076708444
0.46247102156694075 0.020876009857129674
0.7063817305090598 0.4962901101102679
0.03977574515266791 0.922016979160617
0.8905838992403365 0.4301340045401221
0.5001773721940461 0.236802721450599
0.8909629234877863 0.9400472460436777
0.5760293958759148 0.23147601613263236
0.3035763804825211 0.8575070611955073
0.8392954105616348 0.07194976897012917
0.5874647509878899 0.9270898492879047
0.9061228915168293 0.9815915951256529
0.42028169158258244 0.20691985117371825
0.4255560812781616 0.2356412658126541
0.688565993977317 0.26043689788101787
0.9887437110771349 0.7531399302648139
0.1649773011393607 0.3197751422759154
0.17440222281565498 0.6271806944225382
0.07885131762220121 0.45640176731523563
0.022812067000663072 0.38948729339507504
0.6205554642765763 0.44306583651989406
0.46843860880418764 0.516073272872432
0.0652180862311349 0.12418366671488301
0.3771099145832595 0.5425653827944206
0.4722764156823309 0.7536456853377829
0.10228489089141579 0.11359217019587975
0.9154081486098116 0.42482147174784335
0.3113636270223821 0.42925610310163487
0.5651719450026373 0.8827690277084068
0.8611295635154328 0.8262190579217552
0.13557061624106903 0.39262663731022673
0.1723683105685434 0.645467595962677
0.1309511726623951 0.9051871640999891
0.6076471329525743 0.22131901873360404
0.1356763997167969 0.6329617020413261
0.5927857920449031 0.29645773389591557
0.4475995387727265 0.6891586299384695
0.6160585373629235 0.6605539274745253
0.10061914191772225 0.6694973489766698
0.6367083149047272 0.7199527631111424
0.14833763963018542 0.9452236107834975
0.8305886519673151 0.6775793589481371
0.8503239643772995 0.9058028764921833
0.7561659087879302 0.18988010297017066
0.06120302565684255 0.8354372698954515
0.8751101445320066 0.5240160111947103
0.3386646164132372 0.3500954804655996
0.8856399555185208 0.09312658955908959
0.11315653902137046 0.8571507169965724
0.5021958262828967 0.27071125133826923
0.5373912226121493 0.038798432129172555
0.8191652908531242 0.46553674592548444
0.04556107282490007 0.07984142581340636
0.06636317587972562 0.2259803642671745
0.3914026757209548 0.034599714244912816
0.30058985864635623 0.8771126314955475
0.751075155648766 0.9266364615306506
0.3907768844771915 0.00048582105737793313
0.5686901243377247 0.34825747455497735
0.6894795661954913 0.5745416135074459
0.8455140207743148 0.36645875478435275
0.7484952946046004 0.893783083443443
0.8251081019472721 0.21913969162396651
0.4887602025559359 0.2901502872498014
0.24032009728450343 0.1932065236397622
0.8807634191924354 0.26890383361212455
0.22895493337193895 0.46010701126671383
0.4131058938292418 0.4541330054611026
0.6081447783871914 0.9389504841634013
0.8491328255006023 0.6282821034421222
0.45163339514219025 0.06141614373537996
0.8313855519302018 0.5853629852155167
0.5145734515848899 0.8210716787991614
0.07213564783582349 0.28296533235628374
0.19579742220940766 0.347450965558292
0.3125188571079809 0.4102909435919937
0.07639585701934148 0.11908396280375833
0.2631840628229791 0.8808272576730205
0.054135938623808055 0.09809276610553108
0.24300871061052876 0.9190356817620533
0.18607946981307277 0.3196075531839533
0.35476435142726737 0.9951975442448846
0.22239607114084392 0.8071878351287078
0.7281877671460861 0.4827783238413854
0.396903977515936 0.91389452073414
0.4718946281426877 0.2161970042887802
0.9651220651695163 0.9655566664170254
0.23135049691856313 0.5680740526105132
0.10209469708414542 0.2825079217862194
0.26541757747699535 0.7430372209007488
0.9307494037705561 0.2262056552200542
0.4979474926303109 0.09682937207354514
0.8396078766101058 0.797341642070194
0.23899955481624913 0.3348260686400153
0.5042480530750804 0.34147182745529925
0.6359262305725142 0.08553884956774627
0.48322641523421805 0.001483655655376337
0.7115868599660311 0.43042872530596665
0.03095422421371552 0.165861198298908
0.9785594711317136 0.768586744233076
0.6762965430314818 0.9649227812336441
0.49452678774574466 0.8947970656110005
0.6834226512968142 0.29051285586046705
0.5923477821595431 0.4130496000277244
0.28323955301198533 0.7493811522921501
0.6107817703706486 0.9112955490791006
0.8270314374208598 0.3572082618606873
0.3973394105601602 0.7190199949985072
0.30291243592602135 0.9886526005817831
0.38757189327926667 0.1471508216767743
0.6793070659581215 0.38670480042347743
0.7983646965287703 0.4324953262500282
0.34532003140100254 0.2781413172908733
0.5400227927652885 0.3516713673594387
0.21354661671691688 0.5260508048162142
0.10127357019555272 0.460589457313211
0.3218577217211678 0.8165167548545103
0.6508733939322993 0.1390344419721785
0.8571398704689195 0.5232921278100577
0.04907465142785106 0.6771764519295977
0.7931880390482402 0.5665035817125248
0.34194842518416246 0.19513664032878708
0.3156211496079402 0.24855357452765192
0.6090193228078757 0.20839911956578883
0.7377916358216794 0.14147809554096447
0.8262552636254039 0.704835763620387
0.6493970183548663 0.13404220907042919
0.6188379895649976 0.3195563613415515
0.5757207670001983 0.4382309289492723
0.22151569901005774 0.28360561055142886
0.18673764775376522 0.504874818014952
0.7354235430689362 0.8188311325683411
0.46453632543830436 0.9155227145033227
0.3451406385374043 0.48251320636623607
0.5279995371676967 0.04584318944560861
0.861371551686416 0.22051844172162682
0.3659807147220775 0.24985278888723061
0.15262355255064053 0.9421461560701767
0.7396034937243161 0.4378526552290103
0.04900234011779059 0.17707942292573886
0.9665133810746565 0.49901570709280163
0.49844381393323656 0.7924691053910555
0.33921426403638444 0.6348569541114113
0.8571893366132821 0.7438801949377947
0.7508313664475235 0.6055120142171821
0.7455019534120115 0.45269884015559625
0.6879590824629176 0.8032325835149605
0.3131377664546753 0.667877458146166
0.594734248830141 0.05990429391282137
0.2632712323221751 0.32196225853991867
0.9671178624459229 0.8658234166107439
0.17563328723319827 0.8116341697018945
0.0009454664369994425 0.5819563764919098
0.7758854718905901 0.494024065254667
0.3271613574762693 0.6867649693905824
0.6696647295796865 0.11138282651148756
0.2738759805827067 0.024827304307632803
0.09962342607326269 0.32958404987117507
0.6950917979325713 0.752949097492559
0.11814575225539703 0.2679681857474556
0.8348974274665129 0.3751207838292572
0.5538358919295947 0.375678257270762
0.2276089119055249 0.9966910189299549
0.8402230634587784 0.6002043851002881
0.9695914252668667 0.8415900608510061
0.3350304631195 0.4932125405133101
0.44612073625633086 0.8988829335799424
0.9179660947325974 0.35692950308449567
0.49745964701626955 0.24750802288253038
0.8320053929428477 0.38292163409760804
0.8320199029942024 0.8230403885879469
0.7446006850631433 0.7992026261108551
0.3852503888144798 0.6826005199531084
0.8064605442239008 0.3385572905102818
0.8312837105314193 0.9837943129684872
0.03789597834319469 0.1254716093782069
0.6528741664435624 0.6870287545884259
0.5709654784866747 0.15160795539165384
0.7381551453218578 0.34655768128123543
0.21523795602909757 0.6850071289895405
0.18856752942757304 0.6352400273449688
0.4448955183838583 0.5678618812706577
0.7445653147741564 0.06851604095121577
0.4055427461645824 0.6462435239903364
0.5034131255556127 0.7745323524850711
0.9821873102642209 0.9922583203109858
0.9726709792327706 0.14589906213430903
0.24603231207031007 0.4246718872638999
0.7385207161826517 0.2183937541569576
0.41163241531602246 0.3263092975871864
0.48570011690480563 0.8115519863219784
0.9339817451341268 0.060148951872115664
0.806730003966234 0.9695843222333405
0.9326581096186124 0.5144740676033297
0.5449397028725969 0.1374612871417069
0.034764989443777594 0.07466190882006951
0.6699528301239264 0.6352299524196414
0.6159069534052806 0.05326386239861369
0.3942897483439143 0.7627630445298887
0.9855101428506898 0.6265418606200208
0.4376714351196247 0.6743298617107687
0.9899423426042671 0.14690930987416473
0.6850568088371036 0.7951582181861376
0.9270735688581488 0.8941718243204495
0.16410854985302792 0.5178227367628914
0.2953557427682678 0.3720716585496966
0.5287773762582293 0.9780774227549833
0.6724193846917401 0.15610048770486795
0.10433098258372708 0.6525661965578249
0.4471080509804952 0.1373758555263307
0.15751372412067433 0.3223934968910045
0.056335856976195586 0.7167553042203605
0.7079491884808886 0.47923358463801313
0.37240898256652866 0.41518914587300126
0.6858175529137123 0.9257650547022387
0.19651877740356727 0.7518191749043608
0.021593347649708772 0.4785960894393204
0.7833495420191885 0.9790756844138435
0.2127931220374666 0.7574985574820605
0.686740561109181 0.255628942960922
0.07240631438435274 0.12446981345251884
0.6943475015110903 0.11395174723657231
0.8791535618706903 0.8318218234628232
0.5654876514002547 0.41685923222675214
0.5562788145229594 0.8585127288625061
0.18238842817705736 0.8061085063242515
0.6065497242606177 0.3303900619627327
0.6047602918931783 0.021089334721391184
0.8387369495305252 0.13628331881355615
0.2950015189808368 0.979424807880499
0.3941593347168866 0.028583917571993078
0.3391907906924714 0.4960650676803482
0.5123166129557712 0.9485726313242975
0.7816629321455615 0.7559725307322172
