10 5 100 4
1001 1016 1167 1184 1263 1262 1261 1191 1187 750
996 1062 1160 1325 1287 1370 1371 1297 1172 809
1021 1186 1209 1308 1368 1413 1366 1306 1232 829
1016 1129 1252 1389 1419 1451 1457 1399 1309 844
704 1187 1282 1385 1388 1365 1343 1355 969 893
761 827 1162 1249 1380 1350 1317 958 920 867
688 738 858 897 1003 959 993 923 854 741
564 690 748 839 845 820 855 766 803 734
593 641 657 755 741 792 757 731 623 595
496 556 600 629 690 677 622 624 633 574
7 8
7 6
6 4
0 7
0 9
0.5024022749630482 0.7328142564122649 0.8069014071997891 0.42689988213884467 0.2197263342860845
0.8723925963987083 0.7042336314032883 0.9832125481855443 0.40035245781402196 0.27776517868889733
0.9292559345152951 0.6661526993628133 0.4466406789826112 0.4805445737870804 0.24472804152031868
0.38824048904553693 0.66901827280029 0.6683872886217432 0.7149044493759583 0.1681314344363492
0.43994099124443475 0.7994472664681305
0.6630305685937954 0.09352419967679082
0.17255576883871782 0.6177593414632001
0.8943976703508691 0.1518504768623803
0.7162569327112254 0.17950414694944783
0.7440770974109552 0.1281352518802703
0.8104133788337324 0.9140214182366817
0.03613059454602685 0.6851414691169684
0.061293418218758555 0.9984989415146084
0.7381851989951009 0.9447128662250939
0.23144357350235922 0.9505742938040316
0.24159802479979064 0.9907483771478034
0.8972552109843503 0.8559958027262982
0.1314397312229998 0.1709512871448482
0.5107653290250846 0.006634501848172603
0.4728989032979374 0.17858168752365522
0.3587096548918063 0.9707410694159424
0.7519479558415441 0.4204387893313972
0.19902007500318786 0.003178178929178266
0.03511319754290754 0.2486820769239093
0.5828513919119849 0.852383056846566
0.7875762408115989 0.2975312502575005
0.2554079851473765 0.34002313092810144
0.04086331192893966 0.9632357169655192
0.5176040301941323 0.4140410282205911
0.9747766076124678 0.7159475029525331
0.730993861119454 0.3047582918620353
0.9332452870320738 0.7686773784493606
0.7346570413723883 0.7664063205864666
0.7032567569831103 0.9903032967585164
0.4174132998356954 0.4704703322372974
0.053129837742315056 0.1842136544704931
0.588768026555631 0.2399884779960404
0.6682434159062591 0.6696264571828632
0.5624972097154994 0.10398747714030221
0.36712470298901123 0.35368570439430935
0.810120924297935 0.19671541221502364
0.33266578841263184 0.31275338966560273
0.2124717991336713 0.3045159263724746
0.14173503263805465 0.1606479839119992
0.1570703167657248 0.17321758002280974
0.6387251617026619 0.572209879572547
0.21600362368837955 0.5123336304116983
0.8021837013084014 0.5919343948214237
0.5643919461611853 0.7955475320200451
0.33765267183645364 0.537726156747889
0.9687266132760342 0.7391988429537109
0.5926371423065562 0.6618776446454882
0.39119984785757334 0.6242839226182775
0.7008001213075123 0.20741075571416223
0.514288771711058 0.527852633875129
0.840736460916168 0.10179692514358596
0.0909006322472059 0.9305314430809191
0.8976103934946329 0.23352477371093183
0.05703640815504518 0.06221398264036293
0.5975132447439795 0.6003609823167748
0.008616486699991821 0.35021861369823126
0.3754396053104765 0.5729383358411029
0.3900960839657557 0.04613115866626094
0.341633311007294 0.27325684201699785
0.8503116285797341 0.6943948282870884
0.004727131077870261 0.34373818687279023
0.2806372847111507 0.17473681587064882
0.03250992758027693 0.08627457376259495
0.6783257001394896 0.0469992200085958
0.16166792433764332 0.419972099494361
0.8577711460909723 0.18162517073290219
0.3921291318658595 0.26384140874331163
0.661093908779208 0.31518934197959525
0.7616264468510823 0.4158232477748842
0.777333782124557 0.721045946368102
0.8356508117374244 0.548695572697967
0.8926434294220091 0.15362996570434384
0.308012138038686 0.06548710610444752
0.311080735118775 0.5594192932129696
0.38539808338859394 0.5248131702185694
0.5367170933709879 0.6868554194112939
0.803151831051572 0.2754188019849444
0.24336739669320484 0.15481375293917532
0.4478664659371794 0.16961871870496603
0.5013156430565993 0.9529734704683008
0.5185880714940458 0.28807183070970876
0.3173236577955847 0.6133752621602924
0.500673709091203 0.5438673914144811
0.8654738341091155 0.11841718223460407
0.20370560581827712 0.8166767024921999
0.29985117301275954 0.22651128468065984
0.3516853725144702 0.6018956209378346
0.3222548149898823 0.34509112095678707
0.48393003796810996 0.41541611932174316
0.16773000872478372 0.648578325548073
0.2644231240753032 0.9633427765773985
0.179156381232205 0.9787546777112925
0.9166615808153777 0.4166688109298109
0.31099281605825957 0.39468061435811386
0.8260167850911828 0.8719887953861785
0.8920441342287981 0.2796738340571916
0.038841679901306936 0.06349485101298313
0.8476510622429314 0.7018179927296768
0.1061753098761089 0.9385553278485579
0.2646960389929789 0.9597819113177952
0.47911220677671684 0.21323137449845708
0.9361720487129372 0.3668651516606658
0.5166694427654235 0.32721061581956
0.1942395542887012 0.8351552731998408
0.45134816067807915 0.6950423066315325
0.9703186145712464 0.02063451360249946
0.7462058667928659 0.8153600859720354
0.19622186738393776 0.6646680201277682
0.47467783767890603 0.9553013809483801
0.8338344470286272 0.9909859270914725
0.1446140089534249 0.533618414870904
0.18607037810372096 0.43450954112231455
0.13031561937227898 0.5098152321031972
0.8859918518098024 0.06350203526959586
0.06751405765983542 0.5505519296409938
0.9597234758251372 0.10604240575151413
0.6485963530201946 0.27458209309012727
0.9503467755083124 0.7987597375613675
0.8518209064843243 0.2992111290345618
0.3754848493013918 0.20609974990856994
0.15217778053510633 0.2748491600999825
0.07328113940545111 0.2076933717634868
0.7293640134524415 0.39824913331265566
0.2902074411511646 0.539687016914218
0.1853702244044595 0.1678493397519487
0.9816826947221025 0.6080726728566055
0.9389801645980826 0.2174539094641268
0.48300478840622096 0.06122809670091356
0.7074590829181335 0.2254358335234432
0.4756765391316182 0.8214128893244046
0.0885552240877363 0.5512589911279087
0.14802366480357598 0.4989134920677387
0.10160583111407373 0.4855918207569576
0.4283953821492712 0.6487210689733103
0.7578524034963678 0.3512963079821203
0.4867915772222713 0.42746352566610146
0.9797583461607404 0.7502358048435978
0.44797246509663635 0.4539137891667786
0.4551203701751243 0.1512619750141111
0.4681169544258539 0.4124400286501395
0.6352392282758574 0.08755122553057393
0.9679562213537285 0.8022989090151738
0.9759290450049241 0.10158502655993917
0.7714553067096563 0.9182492102672615
0.22468484114586884 0.8289308469822143
0.756552356700237 0.34581182994413195
0.09130889710949264 0.023032319069896667
0.48335459819336113 0.722318991483935
0.4484272625709391 0.7181754489850647
0.2966567839760057 0.7532293797123679
0.05464619424021011 0.22894284965261247
0.33473540474767804 0.5609928099832799
0.9011721539675375 0.19991170845978834
0.018858045548044933 0.05785361785819898
0.14516523891495736 0.8518577096381708
0.9359231887631945 0.4261573723494292
0.813706684428672 0.7313178683170605
0.19611784503705953 0.11401261332766
0.9594362974432915 0.5158787828697775
0.7735383674195555 0.22452829837169874
0.4019595333795767 0.851411585483508
0.2411281506102112 0.5573764102392291
0.41727711743600526 0.6708971937381059
0.7841729550892584 0.3031296900021654
0.42825286368654525 0.1731322075026971
0.7745027587830715 0.28184322034864606
0.24942072820277095 0.7939193920612484
0.36634543401761355 0.23543153595605615
0.10617537119063236 0.5718436541663838
0.0015872658592843703 0.45657178310289015
0.30495886871959477 0.38250245366467994
0.7227689569442615 0.22299552860577987
0.07949746361298793 0.5510521096400987
0.7842089808024852 0.4881444864855704
0.9508063714535357 0.7772151744900069
0.49422768687406315 0.9887463319090704
0.35166823912051726 0.08878535333215631
0.29224155385823547 0.09993741939837109
0.17138345437106173 0.7508041396820624
0.4831171286561988 0.73528512830854
0.29183913132028105 0.5182565758534039
0.46304156410766084 0.3037753396261851
0.1521074502457629 0.7295707910692888
0.9725267948664738 0.8581680159350826
0.28483806402267176 0.7875871574026769
0.7118240742830213 0.2847216828252135
0.949340280250512 0.12127925898219494
0.9161613209241923 0.6711332956542007
0.033820717113008936 0.15745737591772135
0.13406660611028132 0.2714011256427513
0.5533171372831713 0.3738730324462194
0.22907108332546366 0.5349560843338794
0.5213707929219003 0.7008942048050377
0.6549297936120548 0.888467602936992
0.25514817808545875 0.7594380685601938
0.6116447436842276 0.8478571390813412
0.05331407669434429 0.19538203308354074
0.11141403729956312 0.2702779123729724
0.4824681138593059 0.7862832177430961
0.4679950862676243 0.616483789985524
0.1344340213977484 0.6162219111343801
0.8682958543756145 0.053839964254655426
0.15254118264354455 0.49609502302321573
0.47639119097322546 0.552337113618433
0.728397111384667 0.5385246408381015
0.11626436911966187 0.22645421546135092
0.7133794404656517 0.6664697110332289
0.14524576883293627 0.4684138713665702
0.904211456795349 0.42159932002518974
0.0901852420115552 0.3157368251488155
0.754896148797195 0.008055551145016882
0.6085111145735129 0.41570116498358756
0.5211551380957411 0.11099532094362519
0.7295416857393915 0.3057242558899458
0.9912377981648461 0.0638694712564769
0.2943272359238167 0.19476562257806496
0.15836824646860248 0.4845411974010798
0.06419049797290466 0.2577503096139977
0.8890574077467117 0.6185174172197008
0.30606829562134275 0.024652632409529085
0.8806885694144486 0.9835801231918111
0.47909291483445693 0.48149501065758793
0.3726596145864747 0.282942350301171
0.6528464895352044 0.3815806780236408
0.14510541518434206 0.5642060052205033
0.736972782603899 0.5789288603090326
0.09087629890960547 0.3352107076768036
0.48625375334848675 0.22104822023275927
0.7507709962334901 0.30448378274196086
0.8268948579649003 0.16253852231726484
0.9789042297149368 0.5399100418936063
0.799099193900275 0.10004327569085225
0.5399357073172983 0.6326885016889825
0.03174432934095517 0.4064429793427362
0.09251025448927219 0.09232630142366172
0.2033188768283034 0.719740486115797
0.7648878225193163 0.04575673343536435
0.055993646626987026 0.9792224499230617
0.8989128136878572 0.5854909419133218
0.6697630022492189 0.2567391856510153
0.09855940350886772 0.3778892483918983
0.675599520091311 0.03438798132063092
0.6794169814013606 0.0772515148719708
0.03491002433206325 0.3109749784072813
0.7648520172406765 0.7286569445601487
0.18367426945644416 0.9076722098088776
0.015033523097308654 0.5155117297522547
0.6844626432066934 0.25891769870534165
0.12792791435868334 0.16327239726552722
0.9914765428587831 0.11720355298084062
0.09794368324609515 0.6305440447046673
0.3418026374928138 0.9936385329737496
0.5724580730192443 0.9542010242407799
0.857505745761783 0.46461865213338105
0.6324449890643951 0.9050277629299963
0.18041895779397343 0.4497575370447151
0.7392361723894014 0.08261998198430454
0.01967114909419032 0.8845689221581625
0.3611598774687521 0.21641472983189147
0.7439719204552571 0.15466765463530585
0.8304321163853514 0.2728377140291256
0.9952890340269438 0.2020530936115419
0.35891819074461573 0.8557431445668378
0.3388474802312027 0.7292945702203681
0.7724898086630307 0.13194585892960387
0.521125923780096 0.7995409313900008
0.3860397923048766 0.3840974959553163
0.6851245459919404 0.2971821514370925
0.7543267801584901 0.3199549554728385
0.34211269554039436 0.4080173346921414
0.5168200207788243 0.4008265578395378
0.4080407548707581 0.8017786462002008
0.2761995078157069 0.5576932594724997
0.9774084592284202 0.8892156879348161
0.10414314818938464 0.00039443606727518343
0.9612960298299089 0.451007074575962
0.18223348611325463 0.7429463061322092
0.5699028585442438 0.3508140495165668
0.29316587876716005 0.14846119345714337
0.650282937235473 0.19609923496489867
0.5867104406717687 0.6669001065946376
0.8153048188663883 0.0424615566541493
0.46945748307249136 0.01098864398992938
0.6953760155193498 0.2644872969588421
0.8241443111821947 0.703550948900967
0.18989132038859546 0.95726888878722
0.01857945671511807 0.3955261313424614
0.12399295939277954 0.6968568031955813
0.04461372502908745 0.5044213485923603
0.32575947773988023 0.9894459457932911
0.2220016696235576 0.6045820458130604
0.2710468382171183 0.8780655052670463
0.1750706815388221 0.594302156597488
0.3539724830560107 0.30280434662465416
0.4712150602083489 0.37245966525387475
0.23355918894474437 0.40830707009384204
0.9092694598530147 0.5968043486633825
0.014328792582263494 0.3711656680679454
0.6026921658938733 0.545318142708773
0.1496365663524415 0.015568090264675316
0.0333505166159771 0.1087953996003288
0.4736870941927198 0.6812331302156842
0.3614468849738821 0.3648649854292618
0.9785078655788166 0.9685646649219612
0.6060691841918415 0.0641250732733829
0.041751479643618916 0.10383412810129511
0.7840181781929387 0.0021609877010280165
0.2532776515937165 0.45447515006349093
0.5208042888173829 0.5192263575509257
0.18268805045618675 0.4207208281832462
0.7640516700549762 0.8632262395129189
0.7382964465032844 0.40222412046121336
0.28403659308625673 0.6299764454475607
0.4004633430838327 0.08389840162920059
0.3618359825764015 0.545606943687541
0.04847390086326153 0.6125633636581322
0.39275081680744606 0.8745166374983042
0.7208508469000037 0.11206353242032874
0.8996793419090321 0.7426914177325776
0.8651723049479905 0.7190110532109912
0.9146686146433518 0.10835547361875753
0.812378848166837 0.6900846244513097
0.5750654671968214 0.5361595091182003
0.5117400950396189 0.08088878326922688
0.010953506063764662 0.013699953374818996
0.12245423101474717 0.2964159664299715
0.048425149303019666 0.4486838024397417
0.7247654174813696 0.3552479043904271
0.5057035259854039 0.6494663921758421
0.9093271887266214 0.3616316111725568
0.050310182049151164 0.25597316881419374
0.32387341837983574 0.4634446514208188
0.5567811591070708 0.6134033274009025
0.8667726429010232 0.8583491429416024
0.5282221493847674 0.7096164860450793
0.4423178962360774 0.13845849783530984
0.11977088941085223 0.9079071720890295
0.07786332675157293 0.6462421446887063
0.7320460596563894 0.1605355482819082
0.27445533638719377 0.267187929021351
0.26852648877960617 0.6386076930710578
0.8771320503886464 0.2993262908270127
0.5936798752587567 0.15469471031202886
0.7124573818574602 0.6281348237366586
0.9052964166410193 0.7575927699697564
0.2954709159070439 0.3573713963181826
0.03341687663043613 0.7944852186811433
0.5023499741602389 0.3590491508184692
0.5007960489994581 0.2623114471991437
0.6168419514457728 0.28473776694341946
0.339748211935716 0.11607834155844787
0.4559640449217399 0.6575164875424253
0.0788635605984076 0.6733897441157
0.016925128611566587 0.7116364340149386
0.7887849219484138 0.8356432945016363
0.6941330638696181 0.8056000305862236
0.6178815874508634 0.8622743055449649
0.5827460534380668 0.9882637681523492
0.524150722180428 0.9296582336473183
0.2494217845722182 0.24673376908625544
0.5440838453274464 0.46504647648924813
0.8203453988917757 0.593335822655783
0.13047058142895263 0.9143291531285846
0.9265142257125107 0.9678202669942209
0.234742535786421 0.1508887968630408
0.511594093363607 0.9609054072647221
0.7879763175495431 0.3097666471198315
0.4566369866423876 0.7333704223767794
0.9648181669719336 0.8093779855924608
0.9044325037384848 0.6706211149910724
0.525226484004921 0.3820665398254548
0.9815678378391299 0.5226823694315443
0.6014614304395116 0.30355715821410145
0.19158040509497942 0.1065661528550148
0.16525799497403582 0.2435961584423303
0.1868072205877902 0.8387232811030512
0.6649473570702389 0.7497833787164612
0.596512905670167 0.48034246193633456
0.02518402506041517 0.9879731214129908
0.019028417953714793 0.2306569659361073
0.9931826793931315 0.3886019855651437
0.8652736519117461 0.33241930978696765
0.4321336151821593 0.5000213362243655
0.5838071860693737 0.3836920467070064
0.24984368526902911 0.951625816663884
0.9270206645183945 0.5740590259035543
0.8370133883800104 0.4687307305354633
0.12014134149764755 0.34603972020500917
0.9617352280433764 0.19899616886718263
0.8971377530121043 0.012917948350045005
0.6042310179594086 0.45706279084946666
0.347444767435366 0.573379011429199
0.9230383519925036 0.8077584291359048
0.31012445971650626 0.10667087968314948
0.8176458164357803 0.37871216219246495
0.5186116991230685 0.33786985889123256
0.4366323087740651 0.48532909633118115
0.7690683853866385 0.02999884847975398
0.15191444365753948 0.4279018268481847
