10 6 100 1
535 810 364 462 1579 662 623 311 869 1026
1050 740 454 324 364 307 441 1079 1112 932
1022 704 854 700 980 1315 370 771 712 439
350 1598 1606 858 1407 528 1596 1495 335 1156
2156 2431 2061 1561 425 1027 889 1293 478 1110
2370 2570 1765 1642 455 549 383 427 1676 878
2598 2163 2257 842 424 1007 361 322 1292 1161
779 2754 617 1503 1363 398 717 1032 693 889
1404 392 573 874 735 1221 404 1308 302 385
557 1502 1122 1119 1322 517 605 1503 423 1574
2 0
3 8
3 9
3 4
6 8
0 6
0.8511431296113541 0.6461791135269639 0.3931849381152597 0.893538763785531 0.1493651497546929
0.9932039520951221 0.38185850321512504 0.39663890554722936 0.34705710418740243 0.26096932387933536
0.8554143157035663 0.8162603010701261 0.41346772358325956 0.7935692464270037 0.1334914436928436
0.9852815922277336 0.8358626596377696 0.8266652344940792 0.4445762796731414 0.10744091883475804
0.5620694905757901 0.45368047541053746 0.34694840277239325 0.43969064865632346 0.1553287479753764
0.4812415152546601 0.2666369034298275
0.23587684731555703 0.8604859901440123
0.5692645407262653 0.06640758785425915
0.7971572581826829 0.5398106825288067
0.19384562740674482 0.14612315706582835
0.7321044606301392 0.8255894588257735
0.9649245827263095 0.38440234639897364
0.16312580907708663 0.1642277821832181
0.10900256637799455 0.8887867150458002
0.12412257724833786 0.011076330153076297
0.8980878513712638 0.7776354136338826
0.5985800231579024 0.29169004618428396
0.8176073458463133 0.5598675789047469
0.2648471203098277 0.17134004737099828
0.9296387971059807 0.4901768685265553
0.8410934739318643 0.4352469087282491
0.5010934668241267 0.746333897873044
0.6019465667585331 0.6763262137223489
0.44613229754980765 0.6242412233325605
0.5499381576639302 0.7586775198686788
0.6063917855589678 0.11569180596521789
0.91745056485805 0.09044559608861524
0.5266361794866059 0.23559370238326527
0.6229673509389437 0.6173398813546394
0.7298261627867433 0.3003800270747041
0.03869374224437916 0.3532034404539752
0.17927735299070768 0.9733962608058204
0.20999519643894793 0.8409981391828953
0.1978558264441208 0.9308191348587909
0.27489096709593763 0.09862160464041181
0.149357153246912 0.18416713736656898
0.16152214676085253 0.36576804553562403
0.6984567079598378 0.29794214477484315
0.5074337846465371 0.4462681610295105
0.04449785038209164 0.9138954468056493
0.36914796845336895 0.889477786092884
0.8252059654685115 0.5873319320470294
0.012962143166809437 0.9825479430858506
0.17069445196663802 0.9851284837136152
0.9944509090332692 0.7176530421343359
0.04516789339028349 0.6770559622282484
0.8542567185707923 0.34662966815838203
0.12695333825969946 0.5498481332337197
0.5286972070422971 0.1605299946971963
0.5683659906909282 0.9722563335927417
0.8435468523168403 0.4102237083670115
0.9564640913841675 0.8076238030869238
0.16817836449185397 0.4499232775221209
0.633019953824316 0.6198728896801142
0.04212722414036896 0.9686342480255814
0.7324772698462905 0.7022989858973028
0.4558279774413594 0.4863677216920297
0.1096645523228319 0.2786248667897353
0.44696851226687695 0.4138245191780565
0.3800237566539004 0.4242363670442397
0.9273157854673169 0.16907737534629974
0.594958346067632 0.5182463770317316
0.27817780758611055 0.33301567810070587
0.867389719455048 0.9520125598471403
0.8483538213505595 0.7152427076110908
0.713834359328265 0.8257534012273853
0.3756797261040121 0.744497374789663
0.5107492902905091 0.8808794053066848
0.7935577120105772 0.7290619719358857
0.28165089428716183 0.8712331297864231
0.6462039826928891 0.07356591800776924
0.9935098837678311 0.9112956848314508
0.43919392443054384 0.6028242979479683
0.9175803871526229 0.5863165382906754
0.9269617395563223 0.685815718125226
0.15228525251459502 0.24311965284329506
0.8726922514293873 0.18185549698470949
0.1643928962259087 0.8177711366729288
0.5158165845073681 0.18650731439184387
0.1965759718075999 0.8067818070420025
0.12376326274591176 0.6434169453956222
0.21909209276784414 0.5290340749008631
0.14892766034566907 0.2001438081381035
0.657471143768886 0.7605892260827025
0.07258051234238994 0.11212235044363639
0.32568578310703966 0.811410395481359
0.5399739267796957 0.620561484373203
0.26402841745661565 0.7334184919536424
0.6957412047362865 0.36557639553168597
0.3750657717567494 0.9486902507914527
0.03152228766881571 0.9656935063897876
0.736506949211579 0.371015015072258
0.8247422429721711 0.262865576833784
0.43239750446477343 0.7138619789704375
0.18491661486503008 0.12567941966691754
0.8847533418299705 0.26509379586986626
0.7947577587748562 0.5861783634818689
0.2939208531814208 0.9929259080404582
0.9027625943335333 0.22720726974841532
0.8303620261720623 0.47659584238931463
0.9020355271976614 0.785470851550252
0.4710440280910033 0.5457650899688373
0.00738711921082813 0.8605520229689803
0.5922990048707797 0.3440843237590161
0.45488588213425674 0.12158002812165813
0.920743835306417 0.2619859695481712
0.8144515413945097 0.09069754889586035
0.7536350376097605 0.09384710439067878
0.09799456641967463 0.6963676354743418
0.632388525478367 0.4171737058601057
0.9335348569024144 0.6891835539679725
0.14932492463141922 0.10152158924050037
0.5420721871010146 0.44488482304150145
0.5344678457427963 0.572653551278447
0.6357274822417274 0.9020843730906052
0.9617652540051302 0.7790750487651135
0.7224809020599661 0.686517960030679
0.7289888649451337 0.5984762396486993
0.15641160312188185 0.5459457633247771
0.3272918814950261 0.958775843535175
0.6043438946763928 0.7793726616881524
0.20889422005240754 0.6251703686453625
0.9995545041748526 0.0043593307302221
0.45093746899397247 0.28143643449854605
0.7913054610357528 0.16463150418761718
0.17229679399492892 0.07183468536872062
0.8011650536521528 0.045266576327542385
0.5041179794271986 0.4392098876039574
0.3617879294773201 0.015065809769157834
0.8800360558824005 0.5837103067565264
0.6921384627057132 0.016475354617255356
0.7157521632365118 0.11698788202657817
0.9062774213924385 0.19524863315659213
0.47800797713618937 0.4316767932298913
0.8982166826756504 0.0839908513108294
0.44929824101544713 0.4599049489609035
0.17787650263538568 0.6232890134633071
0.38189377553154524 0.49065180378726647
0.7534820661236874 0.11250221165833163
0.576197018555539 0.4966982308934198
0.25663579475836196 0.744557580862897
0.4877207344450645 0.9668344939468747
0.28258156773452536 0.2804092362942374
0.30220514890877603 0.03892940338889628
0.09185760382556674 0.4496270611269617
0.6964069971655666 0.03915015471701877
0.6359907551897661 0.6052212700470287
0.6011464429450537 0.13335912978340936
0.5477565298234379 0.5424318804957022
0.5419259627949102 0.4990630291634808
0.3080084897176618 0.7324861281549788
0.40628124991913017 0.4824563126912298
0.7293499826991623 0.36074499555471307
0.2967101562569725 0.14877281462477754
0.8752776935756044 0.9454999024781789
0.999774724716348 0.03797634462573063
0.8710233186352145 0.4832605632230147
0.578685515525555 0.8410361443249765
0.9630733971604739 0.03191133139951585
0.1939730871213281 0.2505285667744628
0.03397889201556614 0.5838934126914692
0.44704858719576035 0.4077584025369483
0.3813919966992565 0.5534207242770788
0.42709680155548324 0.6117901399928425
0.5490817695215999 0.24037547469277043
0.5948865141771107 0.9716616933008482
0.16646729005974725 0.721324942105305
0.7115843419153074 0.08416858158075446
0.38764331992829915 0.34599343043198316
0.7530235395910452 0.7292521866020307
0.12915124834132485 0.9640685135543954
0.48360565824537405 0.5371369225046829
0.7219395261710737 0.8947801035346081
0.26112563658667964 0.2413661445026145
0.5634566350598593 0.22494386769389907
0.6718742567555733 0.7503840064129708
0.5615976725101395 0.8391626000044154
0.025035939097573623 0.8975021772168073
0.71164708759339 0.2837644921092164
0.47202979173403525 0.9992300561692242
0.7997451345893285 0.611857646288281
0.7816866512148897 0.8707686891909359
0.1458805304985138 0.018329706151827496
0.35521132845615044 0.4570299143441421
0.5574691417456079 0.12457700763023083
0.6458359928701916 0.48510833387267627
0.6855466333677767 0.2351943715256768
0.4137554126031655 0.24620248166331016
0.42824316049519995 0.8016817092508717
0.6822244939449871 0.0072391941479055255
0.7953755850517725 0.6411445166206711
0.649466695926193 0.2198482938289894
0.009667882238277192 0.8808601890558134
0.6449592974036364 0.049249773627808136
0.0007104595431455252 0.07637860244202388
0.9888910219684763 0.8595174229307703
0.30833697070465593 0.24066601746137084
0.8279278443964029 0.46648844214157825
0.021301274355424837 0.3579520002030574
0.028275313973959548 0.25551737794216334
0.5430805094639155 0.3938654653403977
0.48103767924095076 0.7993219620392622
0.7755706335279855 0.5112518430589588
0.4571595793938934 0.8856141742630903
0.06135295111411332 0.1874167431911744
0.46897704712257116 0.9919065925092168
0.942384401561801 0.9857231231923618
0.3408197806696198 0.7097345793185301
0.6541754662617218 0.5930244174998247
0.3950905058167231 0.5522264746987302
0.2908644358854726 0.9890001049861508
0.9114954359621894 0.7053390530743091
0.7489801295115595 0.6804616588527672
0.5314754008607809 0.3945920935500675
0.8188122553385719 0.22447021656492372
0.9473038155488087 0.33560350105429193
0.9261345365654483 0.9294194170522838
0.8337160445550666 0.3578621922423575
0.6537139193997401 0.2922135441851659
0.3045104295299548 0.7712239908247214
0.6849140485419791 0.2376745550023429
0.18748549360161504 0.5385727353153509
0.9784798492560214 0.08377304276838471
0.10490452301674114 0.44094161503566953
0.3625221610509084 0.5200829727502394
0.3200516836127483 0.3678184386063408
0.16656100848550404 0.5209193993729171
0.4111307566696083 0.9236975714399689
0.8759736865892163 0.6671243723558522
0.3747374473453555 0.4639907669008878
0.5151273014284878 0.8791345649821385
0.5679886888179713 0.672395529670976
0.8057100850477903 0.4667239153989795
0.6567202172350066 0.7428635342013541
0.29142744603015114 0.7572482267963061
0.6257665058656794 0.14061239618147536
0.8849196235914649 0.2506876090109196
0.9882488196379657 0.47449412485309583
0.33716882636208156 0.7180465147414021
0.9749987200501002 0.8665855969997527
0.943370810568124 0.028029123546851276
0.6371042453565614 0.4741408223134238
0.0428765694932538 0.29057181200948334
0.7134797690749726 0.26977330009314215
0.6021130077347467 0.8697674405046534
0.5512397347257201 0.6594895415236726
0.2308283545704819 0.30651794351926
0.5596992145842872 0.5612812848512654
0.5557318289032365 0.7364709212667437
0.3623104261011776 0.9280994260686091
0.41757666300205454 0.8184195534761132
0.8269166611923309 0.3421734206861782
0.8338452380392889 0.2608797609072737
0.657916657045637 0.7545995873355704
0.25317049389913815 0.03973428577358051
0.3287775977689167 0.8543276522230403
0.7844454251718433 0.288360340413218
0.9584814029496973 0.7962141727612098
0.7395111890279222 0.20997043889964462
0.7999549832605495 0.6988611523338017
0.9787685538349422 0.4748208030733301
0.2419747016861018 0.28208464632813857
0.05058317552855751 0.5667578877176391
0.9739343990462239 0.017087664624568122
0.007261158866427975 0.5007000480985424
0.9014632212291422 0.07315084606040001
0.8274200765336392 0.9660228351365026
0.6708833199633799 0.9392352294549109
0.6511688298669434 0.9135714380935884
0.586107941427074 0.5117270603836537
0.42893217465034117 0.738497052979801
0.8714204939511236 0.9098618555842608
0.7749784878782509 0.023281124548345522
0.568229046759589 0.08187331563359557
0.40797949759486607 0.7964557446111666
0.40714109390983366 0.864118175612762
0.6764334291353196 0.9893714893445122
0.07638665001467904 0.039521829454995494
0.21371135973729127 0.46894793722328143
0.9601706923342803 0.9554827905137275
0.040371132702616386 0.7553676430768999
0.2253787260805875 0.7709326844547069
0.34256827978519144 0.7526006139541213
0.3551458370922915 0.02402920114406837
0.23929880507530377 0.8626601847526267
0.599719351180729 0.33625810111139076
0.9612311760746901 0.400417297122571
0.9777578896435779 0.9491122966863317
0.9672262736740724 0.0644966255259729
0.43406789893861797 0.5920181533795172
0.20131128877017201 0.39436794718668855
0.35565987322255155 0.8076608564047552
0.2222321612710918 0.005916179860723014
0.3671305342299913 0.21935625096157052
0.47148732828861806 0.33160268649257385
0.30674774058366094 0.35760028420460666
0.22685279797635238 0.05990313731294572
0.8772337466595239 0.18636333586875442
0.3466016588526819 0.9589986731367561
0.5670633140901515 0.6810960471090801
0.4386178407938235 0.8707585940958282
0.7346842352915424 0.2644474578454741
0.7253339328662809 0.4905971574971091
0.17512620109266952 0.7255569753792022
0.8664756368557736 0.879282062411461
0.8626298189974102 0.15380486629978796
0.1636140701805442 0.9953307618300966
0.8200454713268766 0.9580627618754367
0.21454462818793152 0.7009283710774361
0.8578701496119956 0.5377568518714186
0.8246977789978378 0.30802035822857166
0.968062086484923 0.9917074110576021
0.8818779832871411 0.7028643532658254
0.014082058570113132 0.9407371344233062
0.5021228079382989 0.7136646802730324
0.06123425358545398 0.9922394158947216
0.698544919481696 0.14320211361334567
0.5641799063063071 0.1269556142511954
0.4655002195295872 0.805679329182545
0.6685209654774638 0.6448641110657609
0.8282156709383495 0.03229125087294471
0.014374061944085081 0.6913444501615424
0.15632784985652348 0.21616749320249018
0.0014276039134495377 0.3618665844446234
0.5673212701196579 0.3110503429748983
0.35594801581042446 0.42190201730340227
0.9345880286241646 0.5663805563256903
0.340049632553048 0.9487708416657792
0.41241680011202964 0.37639569002546325
0.7854080841565574 0.1576334970041171
0.8323980131395243 0.6359191920219487
0.46114320501029593 0.296317171514072
0.6367331103252247 0.493031300117883
0.4546545590060871 0.7197836954087715
0.8474695035192874 0.04558306022236813
0.7354731801563517 0.9715338081058651
0.825298736183051 0.11919974528952282
0.48684426157448546 0.8022927904821744
0.5098207052692312 0.2940509013285204
0.29321475602299896 0.5422651161758787
0.3944488221463518 0.14939426622545038
0.7823356140440605 0.43376992191173147
0.6408285195787071 0.5403875946449606
0.48101566644088467 0.2874303334024715
0.46990759719362973 0.7929309577863077
0.8317621940594189 0.6374876220033259
0.46821156222579363 0.6542947112462636
0.6085392718096203 0.32921971486580737
0.9868421087765664 0.36426201814065595
0.7530401604847343 0.7520603706237283
0.6944927558841232 0.44484328294232145
0.9410224439500265 0.3899287266475606
0.26957555670952904 0.9560411502522166
0.009958439168958888 0.6345611110498375
0.7108700108894908 0.816595975282641
0.6315608202714318 0.08978535865301418
0.9809292165460421 0.10593444774912797
0.8474249280493054 0.8823946826353453
0.5581955796466735 0.9361790327394062
0.7229255566224266 0.3183563887224099
0.341971568733189 0.006501464270601387
0.2800278633956188 0.9901216328668969
0.365081125008879 0.28893728944529884
0.6901016565213309 0.8217370830193751
0.027184794005188362 0.3612374451772129
0.32368207731583487 0.5948584792536573
0.12387373298802129 0.9999856520448329
0.5595178525056823 0.9681775730340823
0.6073513316940422 0.5886154541782833
0.6463467983778748 0.5225071110693706
0.6913200544823941 0.6119182629057374
0.9343261266839709 0.20259942027751876
0.49083959072465055 0.512935716808465
0.39355518361210984 0.7000813444706093
0.3006454627134483 0.7197913000824265
0.8633850745510643 0.9963420308533342
0.46046987437910825 0.8612852289883235
0.25811750341559314 0.2012219883703461
0.16119086364110236 0.15348048911836232
0.9843504485581884 0.9166383173566885
0.28035016397384527 0.9844273419921967
0.19421409311204507 0.06964758033996499
0.5199537917885708 0.6748434700933565
0.9992502593257431 0.6259977354787916
0.92361443142926 0.11968637365452661
0.5049597047734238 0.7185668246455392
0.5486198712238135 0.005595426903182821
0.03412770195053372 0.7993167033199864
0.09611283364853684 0.8034007988221148
0.858701238876483 0.35494787018106244
0.9227264834975473 0.7969863169799873
0.7012285510864709 0.6363718891852557
0.65443509278496 0.49886420647383223
0.8371239134332333 0.16978608423056296
0.4812020325970745 0.672798276907423
0.5295787062799906 0.9712310396133739
0.9391326475607458 0.33364257110948503
0.4729324177791443 0.4937228258831168
0.3823705158123092 0.8961467191362591
0.5272841729498796 0.35131756458799335
0.479342263782202 0.07966189158404102
0.9546573990545466 0.4503367132354499
0.9925759054714285 0.1689415304404902
0.43772557921381483 0.49284235673381827
0.9999629527678653 0.6301890843240683
0.1273035517040939 0.22621080271168048
0.3556948052381044 0.5685964189078547
0.2701889191167064 0.9229362916823476
0.9787479500041534 0.24224394704431518
0.9459334747802093 0.7493028434582782
0.46608114098745634 0.14740767869979732
0.9555307988081787 0.5170721309860771
0.3038021080845721 0.7043073937952644
0.5829455050088781 0.8770524660211783
0.8737158462714942 0.07121184344476239
0.8141163284614044 0.4602321981323947
0.24746780448037753 0.11088859053095845
0.30460792875847686 0.5717222473030592
0.7206414866616551 0.9727655527850867
0.5919477922445484 0.13000314389487122
0.31524041841633466 0.974009206519802
0.5653999440046382 0.6890327134097931
0.45624923066763357 0.947531925056271
0.05379324398086949 0.7446891211944382
0.20037645768510592 0.11872278591180341
0.8268530002521253 0.5416125600718158
0.051788791697241265 0.5939698629908194
0.9753195845529454 0.9026051240921174
0.047810440904318297 0.12418673897339927
0.7630781455603606 0.07658856552880611
0.4066697776486745 0.9758031347213456
0.8979262447058749 0.34572434520371287
0.08697649399517737 0.4212303875853549
0.9830169030401155 0.8876372886251369
0.1970873135092357 0.24788886881991745
0.5144649237003487 0.6390188060859754
0.2603665020787975 0.6155532152997334
0.35199471751969824 0.16665302500456503
0.28147622021675933 0.9689813967531666
0.49094788491371055 0.27592426782038615
0.4627614305408536 0.8515722425162267
0.4259989196876841 0.8479182590073409
0.13192680780522714 0.221812263465472
0.8661314133304827 0.21916323401900284
0.16934908185484776 0.8960167195138444
0.3553497730736681 0.9177925832089779
0.046317916915795454 0.4831829236081222
0.41625655688419383 0.38027062460537686
0.6324595941753899 0.9302857295168143
0.8552470639776444 0.32808771548239757
0.5407496780462568 0.37024900317910747
0.045664950798941506 0.4800662783615579
0.8117095721494163 0.9779625418881617
0.8656388773481887 0.7949708128198223
0.6745153878681787 0.09679359208831406
0.5938677067418126 0.7308386083052263
0.7053777173653535 0.7514831880836312
0.5717245364457126 0.7822649356912403
0.800537910230062 0.7359243382317362
0.02347568952712642 0.9371896128551287
0.1860507949805228 0.42960108581520173
0.19731569391752468 0.6090022053436821
0.8390477588056382 0.1931545952249032
0.8927547742590551 0.7013936900426634
0.9249914661943393 0.02282472962088722
0.8223500730318412 0.35914818517467273
0.41546101491934895 0.47917670278998337
0.5076577394083823 0.47586334067871583
0.9221815739678327 0.921537066849488
0.866773241159112 0.6305860459956645
0.3175521890452331 0.4763367106102465
0.8621252988337078 0.8486299366863956
0.1850223939373219 0.9133744132560178
0.9437166558547754 0.5883557021791295
0.5102522678515709 0.08005789163381971
0.22525380875753975 0.5067610832887293
0.2753177945900913 0.9963558514403856
0.4812730142906789 0.8464983991999566
0.08528876240160654 0.06985246414957946
0.6939123163422833 0.7716616009478687
0.3939114320003627 0.8548142952263846
0.9245625410928338 0.8034050004848998
0.79662537964424 0.992252901922098
0.5367317855868137 0.18952173978310283
0.5229003862348376 0.48263273560286035
0.06344470187656026 0.37046287033028835
0.8635123537052025 0.3503309840973652
0.7485465484914235 0.02345512447488396
0.8317828272923895 0.016881434921930838
0.12197836138091356 0.5372266621897144
0.5224744233191188 0.4008053433489738
0.6524705472576409 0.5719129018725129
0.30936705040197077 0.8611407976827228
0.8065159137784721 0.39600343706021524
0.25870173778311667 0.2936731920240152
0.1394534187024845 0.591264563104617
0.03555537708303258 0.6342623059285037
0.03526522087131734 0.35964840844103896
0.4897561320266721 0.9693980298985365
0.7421412112190957 0.5903111161281447
0.762001667418098 0.21790388977997566
0.3083878323980367 0.0700882887818528
0.4470572715495218 0.20921695982638822
0.5642140625527792 0.6898039174778856
0.8924839519223529 0.17191507000007
