10 5 100 2
586 1508 1213 592 1267 922 620 1172 618 1532
1474 768 1474 782 1174 1221 778 551 613 1515
884 769 971 611 1034 1431 1238 1006 820 591
621 999 1150 792 551 1018 903 1038 659 1384
1203 1314 905 1131 814 711 696 1041 884 898
1568 792 599 1359 646 1326 1142 986 664 630
1096 536 921 730 1287 1085 1145 1335 850 954
1219 1301 1515 1283 657 696 853 1147 986 1346
940 1117 1313 879 1341 1201 1110 554 587 1255
1544 804 1487 1247 1153 534 1202 1111 916 604
2 8
1 5
4 0
0 4
9 6
0.6513171765147735 0.3215375021369631 0.5669831804498926 0.8366755577013898 0.47468956813206764
0.33884305153725525 0.9792081972824189 0.39856864146143084 0.7064246363703228 0.3357476194493021
0.7239311268973914 0.5761025442996117 0.8553619110958373 0.867372437354218 0.37226106742091636
0.331648100285465 0.8238169753065692 0.4289874326065396 0.963453411476686 0.17419970569747412
0.4238483606415764 0.022699677201382107
0.4834632480411707 0.1999207729830048
0.06015096800123754 0.8729104855706187
0.5383257071534115 0.6370216953657468
0.6526738172652564 0.2029443242244282
0.24037459032519082 0.3157832941454497
0.46244747801676644 0.2828664065106803
0.2859927468250911 0.039976788705984534
0.6522819222203193 0.750027338541029
0.9791189524540178 0.6072835557392251
0.4768839803951961 0.5656131166468454
0.5647596621297952 0.717132524365945
0.27683704178750745 0.6083603953136101
0.792756101766056 0.2152487306119193
0.8279681540435968 0.9599844686080334
0.1103568051706505 0.012696692598854531
0.5679573046951816 0.874304501599559
0.963326877356546 0.706656341337605
0.810767549280357 0.6824944873783745
0.960197826244858 0.1173548363691177
0.27564663395996236 0.9948385771365973
0.12204600134727372 0.905416982771688
0.47397914463617674 0.9519776593165314
0.7563546101626999 0.93853017367841
0.640683245660121 0.5887621461841026
0.9163757444705136 0.7292390686942665
0.02088123162655342 0.12130634272211815
0.3045173235741647 0.2532063264790876
0.5458811212059569 0.47515331004874284
0.19844543315678975 0.08221930819132339
0.4658042618748257 0.9063901965426782
0.2630908032745265 0.04971726838410495
0.3362288713647119 0.32135914098295326
0.991938894326567 0.1521140329516424
0.916201373739014 0.31672908346209283
0.8237342889106172 0.007930314014701567
0.8543819981188314 0.1881282220599363
0.1695444444079952 0.6924705711926147
0.34300460399278476 0.797787791129301
0.6576094818581222 0.12997210555747807
0.7423183910283153 0.7754243470289721
0.7835166547030605 0.43758823630952937
0.8742933227367569 0.25021179589317266
0.13392128151101268 0.7821723134059715
0.2534489482881124 0.5422978729154588
0.8914899303937778 0.47715221219243964
0.3502086806262845 0.4664197144150972
0.6387248104602403 0.5896082941002809
0.45145019705932166 0.3067939755848277
0.6026496976728708 0.8890857019842779
0.7426243550676648 0.05717916387104571
0.955186302526807 0.15523854180135133
0.5374903439487855 0.5536157551750456
0.595160661227472 0.3743876807327091
0.7400536496882759 0.11050446342939768
0.7088840089317878 0.8459370163769242
0.02457191641679546 0.8568499083608088
0.4699475750924047 0.10492631567829624
0.5667595180593037 0.9356670165642433
0.590582927037747 0.9711969287119733
0.5590511861137699 0.7830060318210164
0.40416883057177544 0.4369552215088919
0.5848884561149308 0.7005218473560435
0.7569970549603315 0.6065325686976741
0.9746195869100323 0.7747354226147967
0.6046067694841857 0.7526382718158475
0.9501412768090653 0.7004390181797577
0.1561660154483513 0.031445078455371034
0.7514472204828415 0.14455761953656387
0.17314235694530922 0.2682420897573701
0.8611443777491481 0.08302458291268344
0.8804590688336236 0.502538297558021
0.4877597426069704 0.37056034459740705
0.33362053434673067 0.881078219886037
0.7184447977034978 0.8311648801612954
0.041582781459275076 0.7586755809197681
0.3440674525093643 0.41382784230405156
0.38445628328322123 0.3015460569654431
0.2422610097846043 0.7918050078620038
0.11646315320145484 0.9401632628366523
0.9031327003668124 0.9043118009860305
0.17289412933404225 0.7839426840756427
0.8717527648864314 0.17060493638114682
0.5677189548745516 0.13068233982320088
0.9524034492133873 0.4798242277543996
0.577957587410751 0.7116866273735534
0.8394441101119043 0.07316990323773198
0.8510096670395577 0.7410561138721601
0.49859709521828033 0.6439998934782822
0.6909055535642825 0.1370832272125062
0.3357453266782908 0.2815704459020618
0.6471027798694742 0.6290110546171934
0.19475633937967007 0.8313083895344691
0.49506124539654994 0.5405614367370251
0.03268745813492058 0.39303712059121576
0.6737003116674944 0.4214716702768111
0.5461540588071718 0.06559994386230716
0.627638301978249 0.7465705616288612
0.9447877649303595 0.716971767601881
0.8002373276798285 0.7094129995802287
0.5058435367007519 0.27249873945088465
0.9634767930595292 0.4157739981914834
0.13566305427408576 0.11862888796416682
0.22342263664281203 0.772283307847059
0.1407171710069579 0.29869417460749403
0.9576827743355332 0.14224403931746954
0.02393898874913547 0.9083793243334506
0.6647238420730925 0.01713678102337357
0.9070730350000542 0.7799961802724884
0.9926215516587582 0.08327571694723956
0.0411153062398526 0.5657676781997016
0.6821152777357236 0.401113782276302
0.7974214331059262 0.5602844874303892
0.5749477964296588 0.3346533427418701
0.8696686866659651 0.8396695168587689
0.5034843105599001 0.8979545445988606
0.008259755272354896 0.23217111052363748
0.15016316961251697 0.7702960747969501
0.5930305606695347 0.12513743959192225
0.3583975742481196 0.7023129446993144
0.4221905567507098 0.11025522551373879
0.7539814293874745 0.7919489460907143
0.7060879536966971 0.3835876617961653
0.6404881159734408 0.007440474604753611
0.4880642499878207 0.5650814436322382
0.3927264731929514 0.6114969790084126
0.7707018747456553 0.9159254820556519
0.32465745150508285 0.8582771435334027
0.4805508024792575 0.6567011981149677
0.8706777675637722 0.6471420546654769
0.5357826359599274 0.014769195221952858
0.4337094935584469 0.6576126947430585
0.45876504324606215 0.780077391019766
0.5600535872626697 0.7868284426972931
0.7804850052675676 0.926942010953123
0.9149492652561941 0.6243778273640033
0.07002911281720925 0.3312688324444888
0.3567307570008291 0.16344711596942463
0.3457012849184147 0.2599304235079072
0.10723760465601306 0.6168784204987203
0.454256634641965 0.030107854215500218
0.32654511681611154 0.9276073138282652
0.4288608561047731 0.8299770010541323
0.19011694203814877 0.012476470446303622
0.6687945361273784 0.4143142071996404
0.8745625464871012 0.1018073279625773
0.7118461319818992 0.9393566405057476
0.7869901821875673 0.44704324982266863
0.8706489780978708 0.20996474605844728
0.9032584494396105 0.10035406836558813
0.41154443726363543 0.8592559964894786
0.08115863929874112 0.66250807819659
0.177860559700888 0.18835158778137417
0.24568964238770463 0.2548412508718072
0.4483439482205056 0.20939845982546235
0.35490219324855254 0.9054993610359945
0.8408002348741546 0.31659215014550424
0.025459348618449784 0.11911705740993939
0.5355394152636914 0.09194248816599204
0.09379540965105493 0.855955246657546
0.6583217289760681 0.05493943705733484
0.8307844942763465 0.6714451332351654
0.9392247377951686 0.41866504987298225
0.8107795332144407 0.8225585434900062
0.943614191947822 0.655081160083949
0.03004200198006024 0.5561540064027823
0.2885251981150063 0.0036273953165959494
0.6668518372511401 0.6955878213379325
0.7600892680195754 0.5515610203145853
0.566356172313538 0.41234126104362434
0.41223299826261983 0.14157529754120168
0.4466108717261734 0.60249239237319
0.1088100865651489 0.12688904524602518
0.24659035505682092 0.715935352915422
0.45616920040458186 0.5967528260161947
0.09858686394140315 0.01223271694036332
0.7199318374856858 0.7754672602091011
0.3703087504394198 0.8077138667094945
0.10021705808636416 0.6338023768683778
0.7178063391972651 0.10228431784867942
0.13388177008154067 0.4785653008418398
0.777329551948363 0.0661948443679814
0.7200342175627195 0.9095945611612808
0.6512259017118445 0.8852510221550127
0.7125544054977453 0.7180266235094155
0.6089593786712946 0.5068892410984025
0.21452586050449995 0.18962700130192678
0.0074385030752914805 0.4478161863441119
0.6959460826715043 0.6333577520915363
0.6641862006316526 0.908732371639523
0.7902805830230817 0.41423489243224787
0.05787399060799725 0.7710166808360075
0.593024284902052 0.27002691111263144
0.13677631532380619 0.49905242379121906
0.41696656578338676 0.11432699778485333
0.672990486903922 0.6864467224656288
0.4140701830171385 0.18109559141186304
0.13815522572195227 0.4393096063906834
0.08583715774826839 0.28946599512192206
0.8667272049696013 0.7050924414173618
0.4123654702438275 0.328126515910766
0.7681697171202944 0.5633931837787365
0.5648601920459355 0.8881098983915603
0.9672690593312792 0.6581150999949461
0.010225859295931006 0.5368287636796563
0.7001614488168317 0.21252935574061582
0.13942247266536767 0.16727175322927046
0.6527442858572665 0.5292256545518697
0.9406406263166374 0.42113680021857025
0.667744627255267 0.5277610382999676
0.5759211016079606 0.25930988936539046
0.4705926259162352 0.13806903824281314
0.22237750149830893 0.7597835740051306
0.8382051200672975 0.6502521971419328
0.922184154275099 0.08175880375776634
0.6926387652003825 0.3809482505538948
0.20300987020361316 0.5024032617667236
0.09119248962838111 0.9842341691116003
0.3433392170659757 0.4967848745367971
0.7317725471811487 0.41632921330576367
0.04105293288715495 0.6589366785570474
0.36611013072659393 0.8391678348815514
0.5185386860518844 0.28700894887061157
0.1497896394412943 0.3654098015920415
0.0382548576086057 0.6964098132563408
0.7975276529229718 0.15355142208115558
0.44366800148197405 0.9658129640931119
0.038336971851772095 0.326635697387607
0.8803349501951372 0.8041066776803247
0.6337954870904912 0.13582089350312132
0.3851130229310382 0.9622568092030872
0.3174311362159925 0.9474757994193668
0.2612998004156215 0.025967193633610997
0.7569993326563182 0.6529985967523981
0.10450406843596327 0.6443048604221866
0.4640614587596328 0.7099412630896813
0.5483072389413779 0.12926567375526576
0.8429107564379561 0.4154983864143098
0.3746313851362877 0.6162470694331412
0.09353977540206526 0.7890033650225403
0.764551445577887 0.7305717562976075
0.9692640219627757 0.09998196629723943
0.7148740768110997 0.6818490756176119
0.8920848304599185 0.22151758833125879
0.992554431321085 0.1157473274033971
0.5826180619906824 0.4522317029730194
0.12390049858842644 0.81245139593885
0.17879441904423743 0.1432983260419478
0.06601622395588835 0.5849834876927142
0.832802023033935 0.9079985653006555
0.13959590076511885 0.7642735226615192
0.2808935748461949 0.8445528836245015
0.3086871657282835 0.8938695767040274
0.018855637745559317 0.6909403303793866
0.4992173821014818 0.9626288802059133
0.2276813204625885 0.5375147042452697
0.2387477930910209 0.3827760506375115
0.2489768110653683 0.31092112244281234
0.9160224103490227 0.31220730253278206
0.011579131227417827 0.5665667857256724
0.2501806455784372 0.6935303679088398
0.33650751721378147 0.4910585565341672
0.19186149116286 0.8722844497393947
0.9205378913407805 0.7109379294458866
0.13725618198297607 0.3483624593553727
0.42983531550049103 0.9464643114371676
0.36814404181302773 0.10786790171772953
0.9399293472666417 0.24380393303339543
0.3783780574518436 0.9480119262649922
0.36269565300313333 0.5951205635068058
0.17539982258953368 0.25386516616478305
0.7158230525349394 0.3599920463593964
0.20808548190835374 0.2268658508190351
0.6304029456447802 0.05103874206266257
0.6537229179419104 0.8268839010554216
0.6009355976412025 0.3983087532418419
0.8075939406433084 0.3821327200550877
0.008647605995126595 0.07608819741065798
0.8985914611665262 0.9366004074531051
0.607908879294996 0.3929695411710592
0.7424942327853392 0.3667751228099356
0.831855105701619 0.12711865753842155
0.6211446024977736 0.035420391829352305
0.5553788990520001 0.10507615738150111
0.36125151208024997 0.841923725729639
0.251028058458975 0.6584173037704204
0.019033228261374102 0.04836000286630604
0.4210725604137737 0.2417250081120894
0.08040186304963082 0.7372463798237197
0.20194868165967605 0.6411222809466455
0.19068138211939822 0.4215096771565139
0.7830780094561152 0.15191063333040433
0.7737037597360974 0.45191889314107536
0.6490370841773907 0.03739782757701948
0.6152099542462164 0.5197986759914415
0.3837857353273899 0.9084600033582773
0.9582134831263778 0.4196956118056039
0.09981091739098824 0.11575141019326152
0.8519291091425343 0.9054563006148317
0.19894997397384628 0.8767697647777679
0.9773386149393954 0.812158154926184
0.06795475988625843 0.4255599653793487
0.9416380199825882 0.5897043989443767
0.803858658399117 0.3748822377370331
0.47577815822944536 0.8609726471441121
0.2813776446863432 0.12209135667363435
0.9999072882781945 0.11617058900177901
0.6677117861327702 0.384783362330928
0.10743254621485443 0.7944385686632647
0.8913454192319676 0.3396989901244285
0.04279343515128842 0.5639821728744296
0.10893704579063312 0.3773559980271812
0.7363674176270831 0.8564185627456082
0.9013471246545381 0.8829929503845562
0.6929431161531086 0.024911469890575022
0.6806738186283479 0.11719999673491266
0.4850547118146058 0.330934034234597
0.5257897311262507 0.4453967905665046
0.5521492120033333 0.87398795078575
0.7261651666674338 0.7769394270114707
0.5823548384905555 0.6132138271690906
0.5879283813791423 0.7079998168396198
0.2261227122610563 0.489564890478702
0.39163217593263955 0.9133517461403045
0.4513062548866609 0.9402469238783382
0.3086203258174567 0.9212198283027997
0.3359825113954791 0.08749442756691317
0.36965582710594513 0.4991352096807504
0.37305495605277805 0.4989525233415688
0.6186980468222689 0.2791383250839121
0.9064001212321882 0.4473751849954155
0.7363965932938641 0.3562449009417057
0.35227430837348606 0.917638650668924
0.8444714663697512 0.10163025135534509
0.14517426574118475 0.4061486826073488
0.24727946779798837 0.524143600535907
0.8810997690128055 0.2937767179514561
0.16120383052655352 0.18942723150037755
0.671254056966107 0.27087049964737453
0.3215133543443256 0.6782455431482652
0.8489308107411104 0.9131482890538667
0.5020513192152394 0.29143856129974766
0.8815725924129147 0.6569563265627654
0.06763794779713739 0.6237401351946783
0.5862966954096056 0.03472400572060974
0.46603852988571326 0.60201184954914
0.34610102905315543 0.13782188743327173
0.9519090219682362 0.3169684502996406
0.12724918943507046 0.6190164619367491
0.3783597525899238 0.31731523343046586
0.46073017863288057 0.6708054165743922
0.15404247862487153 0.4758831585473773
0.5127834744285191 0.6149537790991122
0.06777595439603479 0.597515188149075
0.5645243783908693 0.6093645142576951
0.39866246890768653 0.32673228455807557
0.3977547946774138 0.3017310597808194
0.20662960270898378 0.5167363983892708
0.38759683493292485 0.6494450951502015
0.04331899223145541 0.6275207727401018
0.0318150707315048 0.18519341747992324
0.7364397236728553 0.9069897546824564
0.1624244416296814 0.9907606889854543
0.04125812084828384 0.08984334627772683
0.11232149043639983 0.5855733230861613
0.2818461955531468 0.5268821081930235
0.025807903886051475 0.9311890113379695
0.24566229331558764 0.505179863687901
0.7450054735832563 0.7981986791347497
0.08767957358059286 0.30320607705393376
0.4860317246498753 0.4486158685490369
0.34356204584721417 0.3363211264055792
0.8522395199630475 0.6814582936256821
0.8474374554315212 0.8298381432448256
0.4560960798942797 0.4639690502465863
0.42916856169423556 0.020956898032128857
0.80190715341305 0.5700054836990589
0.9741194737218735 0.43269574189704385
0.6468847596850003 0.5802078878623851
0.1517359179736233 0.2693589795086022
0.7042899277023413 0.20063077600432155
0.6907977616704539 0.6303963357253706
0.6864904855004519 0.6630437454284519
0.8165978148283293 0.881169536539365
0.5439552766889113 0.20428277530476735
0.8155140588164562 0.3431008524173558
0.26879612776584394 0.5666775749827346
0.0763414496145931 0.6139433143894972
0.5690211523477819 0.5843341464424139
0.5661949629215579 0.015492181197906518
0.9895071137855602 0.06006122902450306
0.24857263073481173 0.714243680813855
0.18752560544624153 0.11961277559889516
0.2651667542367717 0.8584755015903043
0.0992098039077316 0.9348350104342982
0.0017707383383138708 0.9317743982353774
0.1590925337904836 0.47433207259243537
0.19465131173483563 0.9073293897806878
0.4667490867832498 0.6355546863179813
0.6228822631538069 0.12474599576296264
