10 2 100 2
682 831 781 1092 988 1067 1257 685 1220 763
1123 702 1009 1188 1067 1057 746 1308 686 1045
985 1040 1035 1325 1316 1099 1122 1144 1238 753
865 1184 851 1134 1089 1094 870 1088 776 652
1234 1330 925 927 1151 937 1311 662 1022 1125
873 769 997 898 664 1056 1069 1248 1003 1104
959 941 1284 711 1238 891 838 809 1172 1267
1245 796 926 944 1052 986 796 1032 827 928
1162 860 770 669 1022 736 807 902 1190 1270
970 1112 675 1328 1157 1099 1283 1326 712 1046
0 6
1 2
0.7047518785409888 0.5956085151379491 0.32598472183987415 0.8938633567390408 0.1297962682858355
0.13933755579473805 0.15571037044940095
0.2871308339766385 0.5970912640537096
0.13276898573841467 0.49793902873850016
0.6488331677190868 0.448785475778654
0.4507092618786772 0.34906204641427063
0.16242383371838498 0.5897109514096701
0.9986638039387037 0.41561281546704154
0.1375913395911319 0.41964840016042726
0.35996681020422105 0.9283579719639925
0.41724233374452413 0.4645301476999282
0.2008569739777799 0.07179906682191284
0.48575878877927714 0.43565732531000556
0.4378132231562708 0.16157386601783807
0.7855517922933928 0.7258368148981
0.37214293007663146 0.4531053533631295
0.12326929559991928 0.2573742340695844
0.6865193562089751 0.8625074348136952
0.24943079721922934 0.43669581719754014
0.666866512934627 0.025079779622294573
0.771728798335515 0.3439415402252206
0.341751652272946 0.3535036382264669
0.6719660972943473 0.6491779409942351
0.008774058240225369 0.7036698390790879
0.19322035974030372 0.2715374144646654
0.343696224796167 0.3391642221310216
0.5350075680894275 0.5366561657400393
0.922136590071112 0.26866656415979606
0.4347024732728524 0.621692460047035
0.5588181735812028 0.8974522322715064
0.0637306698072646 0.04476027034340402
0.06329986966075474 0.6453092552193798
0.9850874830249337 0.5705317288910938
0.9895443673282582 0.868852662400426
0.20998756467450908 0.7302671969970316
0.16628095314715363 0.14410094675348728
0.5974724041743189 0.20032295786124665
0.8422924621456152 0.10522261400880595
0.1399145246432405 0.6656937849435403
0.6702477993528344 0.48026759833748667
0.37927623984171266 0.4983038302953966
0.9984468011190657 0.71662182521848
0.6345569798159434 0.4103173054155953
0.814170653978902 0.012850648494314054
0.14267681966246104 0.447164479011233
0.41269307348103945 0.25473765330353904
0.5235135085075231 0.07621609792323203
0.7673139698436837 0.24725302636265223
0.5224334831598481 0.19303081646186215
0.28229127526806774 0.874432101548442
0.3282340171304674 0.37605745967338033
0.4789169169318257 0.16998834724855505
0.34358493871041684 0.4058949052164138
0.2795060860318541 0.47655429213158174
0.7930419351164424 0.7934251878781895
0.12119601612392183 0.10067334775159376
0.5191507101443438 0.6497181156516125
0.636923912033742 0.2606519141513104
0.7608423401103441 0.8171903384986694
0.9831345080092169 0.9286925343189572
0.610809098426542 0.8939318498159823
0.6429314079499431 0.6268465034609345
0.5409224365356784 0.2802826810329402
0.2820907474807306 0.8070720017318305
0.5351232314624379 0.7539495100461309
0.9591377666036922 0.6797719373776232
0.6574891847896898 0.29660090519085647
0.4940009844050537 0.23827317788793478
0.13214666443213563 0.5698111216790283
0.7305882745056553 0.6517771294461294
0.1361253103552269 0.5300385474495386
0.7945745030716067 0.9280702105748051
0.7959056868449732 0.7751895866090832
0.7801014733309326 0.5277218867151023
0.6134126699962372 0.19626118090464817
0.08882317575758347 0.5838667826595405
0.21798209973224947 0.7715186837199051
0.8313351766706472 0.2772678526619561
0.7773335446620684 0.10365781788592732
0.9936895437872559 0.36194717508386764
0.11108323617010107 0.22603543960260564
0.8048034937496147 0.9291437710772568
0.2839160464145156 0.6751992814866132
0.3656413293499772 0.8916649843456637
0.2223698232886051 0.948968700823374
0.7716929373744035 0.3038461576909228
0.766560837660013 0.475309308308119
0.5244092035656258 0.11556838962929628
0.36767032152743906 0.27174561550164555
0.39240000565424915 0.7009147246060765
0.5736167654446132 0.28692232430702647
0.27215315596674783 0.10736501566542267
0.7492766238340671 0.07529436414216151
0.9700238358879274 0.261052854972571
0.9022913052601067 0.8415076137061335
0.9361696545521752 0.5372692706011324
0.42216866138744424 0.6484310900493133
0.2616234307701457 0.346891799509671
0.07821966756207699 0.4171730420059958
0.8743050829356618 0.9417185597089974
0.29181721052606613 0.21616054211967817
