10 5 100 4
834 760 1278 1130 1130 976 743 1019 1046 1256
1109 1160 925 1168 800 1023 738 1023 1243 802
1248 979 1295 746 1152 1227 1018 1015 886 1142
990 826 760 806 887 1142 1002 759 1055 1193
878 732 725 1130 1180 1025 828 868 1099 875
1251 945 1063 838 1022 959 974 1281 990 719
1078 978 1160 956 1208 829 1176 1168 1211 1030
1193 943 898 1228 932 1061 1291 853 1116 991
962 803 1001 793 1111 1219 777 1153 990 921
1022 1132 1179 851 813 962 893 719 960 766
9 0
0 0
5 8
7 0
9 3
0.7429129906849 0.33176642972262005 0.44863691728562194 0.5950602297029263 0.30761610880582585
0.515150049953838 0.6228365654642791 0.3230929898066748 0.7848550070737459 0.2516151979239205
0.3703361227562022 0.6911180607776357 0.36631909921302175 0.37079457875819877 0.29762991456749904
0.6215835408063715 0.8261924120013335 0.42799028971031305 0.35021187038739193 0.2867201636878967
0.8538123700597295 0.7159139910154488
0.8868059266906885 0.12716331570075146
0.4965943016386738 0.6523558229634401
0.615580553187975 0.85035747173865
0.03891561213813666 0.14802049490868407
0.3665853793146907 0.9032772248535872
0.2993371734636632 0.9606117485181556
0.9859719662809783 0.06921922817031878
0.9389413583498252 0.2838623841502079
0.8939318472314859 0.7357029522480016
0.774989364427423 0.35461079758631153
0.37382089847823874 0.046775087964304296
0.6469810405912031 0.7188171739042846
0.290786939677502 0.571192490145545
0.2615256271343589 0.23769958769738908
0.31021557869788974 0.660222528266627
0.49418559015539554 0.9535927460085074
0.7236754189622401 0.9497805049299364
0.30563620071471487 0.7109592938135076
0.2785503616915126 0.4054838767800488
0.008218159386801815 0.7720457051772716
0.6793102057764895 0.4888576193706229
0.9162922374430738 0.5244012392804291
0.2934020034206002 0.07777209919111816
0.9017871197930374 0.06881313701863934
0.6810699072701869 0.9411459176751429
0.6116266310820104 0.6416077861217755
0.6439971469160295 0.768357332541296
0.9494032243269375 0.13025933425420644
0.10787100980384157 0.9405401876751118
0.4726540879969445 0.15037081163753196
0.786290212262386 0.9851172256776468
0.7569229416379593 0.5490575544772571
0.161535693992495 0.5979574799835561
0.8559342469135129 0.4615419803794727
0.7564051752156915 0.07204847047319674
0.5979999209593676 0.35672946874355826
0.8470011385235892 0.03269973914171076
0.8234058498286396 0.48604687992987583
0.7616180650093791 0.3563310857285735
0.9282257945431254 0.7297451460252766
0.5148263217419968 0.9882079253843659
0.18389327433015357 0.56974754478496
0.982211164376009 0.8884212058339267
0.59073506302708 0.0995274648352813
0.1293454392670048 0.160819635477629
0.1134268803191083 0.0051438536848247285
0.3688538559905463 0.05310718609310183
0.2467583932426447 0.19914267563015042
0.10093735155552852 0.8244463829208397
0.08498579874259904 0.2084934968754273
0.6445284238164237 0.5914950230718878
0.9649484334847056 0.027174764650172545
0.576668567343197 0.8754945789893414
0.5431947731991476 0.8867696268697371
0.8350399334781977 0.1342009972749041
0.831684352798479 0.579647691877206
0.7565716308723773 0.9408724860940663
0.2197412923854134 0.03013974099722727
0.41971236870924145 0.586409392461118
0.1766248707200755 0.2520620690706441
0.6036148164876802 0.13342394130217627
0.3650295126265244 0.5493237727936677
0.07613671236535358 0.7226451455983367
0.5139195019383873 0.8113294092758416
0.12175108366295806 0.9693248430084913
0.8479386994130682 0.13238363312740775
0.5193276826932567 0.9044022120543125
0.5373711460838764 0.1658417371004981
0.31620904288229146 0.43477356788368793
0.9455925567210137 0.08204061901540771
0.45851592106287753 0.8470390640493253
0.9576602004036219 0.7722959642232021
0.6265025911647957 0.9640940464494321
0.8215788136034459 0.5533965491918578
0.30806150714922187 0.4098811292501505
0.8295358969143036 0.047901902424954734
0.017675792465737805 0.011070268478336365
0.056375685004279585 0.14657938193376685
0.6460420665199385 0.46766115493589777
0.6708414417082613 0.2929959953443686
0.6451911400012922 0.7605596573657512
0.5641551889175318 0.878733688682179
0.7270348155002848 0.24164283825234523
0.8012390311454629 0.7651025136403053
0.8370534424886957 0.8324892779788167
0.5120941150464733 0.45020962858120583
0.7316248696150276 0.11559591042139217
0.38688419015263276 0.4978576330297564
0.8247719606448058 0.8411625394698685
0.542227186361711 0.632006330615889
0.47286671623766074 0.41687165831950135
0.6944578324617801 0.7017973655236949
0.20665244954930295 0.98523870218197
0.9218805655797566 0.09392710471365473
0.37565946793613425 0.6735949800590568
0.2973089786505063 0.12687740531603264
0.22863540472685862 0.5930202106574167
0.04089389695313761 0.834762855946293
0.8964381811548543 0.5081887781620837
0.4691874654217434 0.9636794116909309
0.7393146596273241 0.9616584508552886
0.24027732901285037 0.8927843322635474
0.06675731902233628 0.25042820513546826
0.7102814538219544 0.5088374605546255
0.12290573378117875 0.3172017714567774
0.7585230842227488 0.35854140812358537
0.7900436319676136 0.07304218136006368
0.9581089000942642 0.2183861932813027
0.8150071523851721 0.6838717918510173
0.28329695181617964 0.2419627482937241
0.3225005799204195 0.5590842119947117
0.7688272315859266 0.7650442754638787
0.6546349550463582 0.05423310221123412
0.23003170222407765 0.3201575991701546
0.09005159489850412 0.7487494594329782
0.17471861004017453 0.4417953443250522
0.18516017175626942 0.5370910188967024
0.917843620215588 0.03587839349226418
0.9708893525549718 0.9403717930974382
0.8723647824792429 0.3598420110692173
0.09505498357642783 0.6740146312879363
0.23658901770066443 0.5368816052591068
0.36360534359051266 0.2665961427872645
0.2852963301335314 0.21847606115853346
0.007962867936982532 0.9326347758599709
0.5589274778020306 0.4394517916268217
0.204323132828641 0.15219237213868508
0.15361801395772767 0.673332605097384
0.49043654132366377 0.5324259305266617
0.37363862245564605 0.7803542637639131
0.5922559046786395 0.2852719385460718
0.518678830375561 0.08914431451002369
0.6741566431663697 0.7521646972722897
0.9662187651614436 0.07772520070344369
0.6328161060255886 0.8599726172184898
0.4588952358806939 0.054701917185412174
0.8964790848551629 0.07544444355510449
0.4336615457269173 0.9952651725651147
0.9752960695685355 0.8179851410369634
0.9266753655216524 0.33190465733683494
0.22816302220152718 0.9529598770536103
0.31413342464050764 0.24476220023617978
0.6859634175709155 0.369354442718032
0.4152273925068102 0.25624322765912955
0.9935016097020186 0.5515229820302543
0.3679075621408472 0.6227145335526774
0.23055597197956867 0.3329818057443241
0.48404494872369397 0.8089731767493189
0.8121530198297704 0.5080133325782363
0.280556087011536 0.3764991344609727
0.39835326488667766 0.7212850873945522
0.3846248267570189 0.15956827964177678
0.24782390881097438 0.8792001310095676
0.7986351319585165 0.33713620454562765
0.5888496027709502 0.44508833505782075
0.7083224258810188 0.483335238573668
0.9180895116729488 0.3666242696408635
0.7501074811093673 0.27935662976006714
0.8858110691564105 0.7124965446090104
0.9018209929769139 0.15970144398680852
0.5782027693376659 0.7534734118789004
0.84004931973422 0.9537969737191938
0.24527286339628085 0.5889964889924377
0.5346578269321616 0.3290673064713161
0.48781708171221627 0.9906045852802934
0.8956197503481782 0.9841847957520713
0.2405414110972377 0.0038085336858937335
0.4518146548621804 0.19104047822604153
0.9601111901815274 0.7469671712720409
0.496867389180929 0.24949529198565012
0.42878591064511595 0.07268343734399596
0.47715430278675974 0.010521158121461482
0.22300130702526788 0.871504242832349
0.2214257816393037 0.22814615344954703
0.018066249242794985 0.9748749337608449
0.7444259710336643 0.6058941244514942
0.7239491770274435 0.6406813855418836
0.8965993390776241 0.3277078335154511
0.3964720135268496 0.7181630679313276
0.46102823916117797 0.7076521844158332
0.7397886817342887 0.9220866819997342
0.7724786784418616 0.4711325731300633
0.23876457360954517 0.911708831766582
0.2708129021775174 0.9602310002331178
0.16460168425464938 0.41064482622882625
0.35375855825199776 0.815762071018646
0.059897356620178144 0.6187850909745276
0.5712389000571696 0.11125344220394973
0.6278455689290652 0.5908286847496371
0.0028281231395330675 0.27737333288477783
0.9692775747436955 0.2660138312525313
0.9986520225014288 0.5780084677261592
0.3188777835638632 0.8921161099155765
0.5166109689944516 0.39156337881418946
0.5276187866428843 0.6828823009541287
0.19077271596181244 0.13534904180550167
0.31100485113735155 0.5439774235104058
0.44785543519144144 0.3242413243143729
0.6994882248603114 0.7922521111363456
0.8328489178225513 0.7043947490231504
0.5309901410092039 0.7292529281548363
0.24174387375663287 0.8059183829356964
0.8748685501838216 0.4896450567369883
0.11723728375410958 0.7683316080701377
0.3165886812914984 0.5430578180771528
0.9785758678343801 0.5789155231324719
0.8483699122440003 0.7589390061425401
0.13372468032066664 0.29845411975284586
0.11358150038923731 0.20575700949406395
0.5879178113450592 0.07481224424842026
0.018011208194109507 0.2457323465803547
0.09173634831145949 0.9396789391042975
0.013191121252267735 0.0952186905109984
0.2791590355272926 0.4134461241563694
0.40166115261246316 0.8567074496468856
0.933292309059141 0.20642574494238142
0.7249730782801496 0.9851064768283013
0.4524662731018321 0.7303530761158676
0.5377810182564342 0.6751821661696744
0.17720621894642496 0.8677304862885515
0.40571928669345825 0.8603778997595821
0.7336350532892371 0.18130306949931585
0.7167646630951776 0.5653728335798744
0.031023693973971866 0.04721770640345091
0.671888617280902 0.5613556360800418
0.11009465112813577 0.7849328072913977
0.4412344944180262 0.9744499338692101
0.4353516644188067 0.028039154403764144
0.20304007298493154 0.8487224841055707
0.5142375997365558 0.8129222850930182
0.3959640234541044 0.0504194277103871
0.09768864702511193 0.6165844915730285
0.4726815681298733 0.44860554777083905
0.2950836056821544 0.3526000137067047
0.732922444552421 0.8279380738608408
0.5974688497758973 0.7539262684784556
0.05120114411035681 0.4499088740530477
0.3970754554229239 0.0743002474577723
0.6039985649772015 0.5362093009386175
0.49014972607378615 0.5070750650040619
0.5778148952130537 0.1431412607792364
0.7358954185335607 0.6910343473978491
0.6913833780863101 0.0857457507073065
0.29893634347676157 0.14856517368106892
0.4203884534868889 0.5331193216342964
0.5925573899329284 0.05496352354744638
0.11055237972294085 0.1870832869030954
0.149343211157559 0.7138246536239536
0.2886668526677645 0.9095720657196897
0.7124882309062714 0.6350680783288376
0.9735896761092524 0.4315270742005104
0.9028775266600724 0.5743178445956094
0.07728604565033392 0.053902472676665036
0.275032981084649 0.987228855633969
0.05537915989139841 0.646920341886611
0.4548993262348002 0.3633390695751475
0.33865836481235934 0.037011919338364896
0.22401639231187676 0.6857236480888538
0.7814893976074491 0.37772891801265684
0.5393036670182381 0.5958006720433788
0.9206263459464514 0.609053566530871
0.6912758495995714 0.1707931563159022
0.009844808028958152 0.6131906228134547
0.41967620899077396 0.8880196386289068
0.8423481405463298 0.010167900105156003
0.7140482535773129 0.044174364870666505
0.8830993035088899 0.2969800132764373
0.46738025973715436 0.16643592113780525
0.4095150933436478 0.29345082426198266
0.8231861133893927 0.19666526152972152
0.7824580944588084 0.08283220097261634
0.38817292301806483 0.23923201062601196
0.19546915815449717 0.995461640640309
0.6795880012163604 0.9186205866557602
0.9318894234163577 0.04538792005350745
0.2379038913890068 0.31773167738604524
0.5746095490405012 0.31041575869561355
0.553867525996919 0.8042686202565559
0.9249609835747468 0.18616378540267697
0.04325510641720198 0.24950482820577236
0.018652850308491065 0.9893740146609105
0.8873872803160265 0.762223007857882
0.8933287746683054 0.301465344199076
0.8909742389067066 0.5513193978179047
0.2982152831543885 0.510651691056238
0.2069018677777048 0.3206243526371313
0.8991325485196198 0.8751632990451839
0.8371869571279942 0.3101453397356
0.2787887145785821 0.47959501970824836
0.23198142494043195 0.21838461620978888
0.9816467675109806 0.40806356322792814
0.6956311352622706 0.5573270139306603
0.251424050184764 0.4165557669567057
0.24394913467644463 0.6271372857235298
0.0650352969540402 0.8686447087238103
0.8617763661968592 0.7958795735636819
0.07386917117901359 0.7310762941627638
0.844525647807596 0.9478579048693834
0.7761847776765984 0.21248237954955207
0.638241487472198 0.43505723708599664
0.16390682093595998 0.9787277109476364
0.7014859196704406 0.9497560619052698
0.15607685780697622 0.8441182465088584
0.708630509760741 0.9743498167172611
0.25850145972020155 0.08763332886817232
0.2764157972869792 0.05276713091933449
0.13002077964186154 0.2844107978906196
0.14318396246382958 0.13536964250540273
0.2245765010885099 0.2814767545112824
0.34595477505377126 0.8723646531262839
0.02865349837425546 0.30339067743118786
0.9644210955914916 0.5992161815447468
0.9852807878643197 0.2941530313236631
0.9519188495535706 0.7464270807890958
0.5800965998093135 0.5695683911000697
0.4692543415867525 0.3017842477173134
0.5403203923651227 0.6506326526506969
0.9911663214635551 0.5430649507652776
0.913717769389683 0.26130413723117174
0.6370149689313871 0.33508887242311935
0.8747683683927852 0.7490728901599979
0.1495719198163894 0.15634134713749237
0.02776379278017127 0.009772271540678057
0.8864372955896798 0.819441345327502
0.7520387020463288 0.19162675773261895
0.4031127804883792 0.9237659968770433
0.9719685638178357 0.6694761125613227
0.16741810312729322 0.9541734276520382
0.2853202403867039 0.3115504859882412
0.5247458539347818 0.7865912460812656
0.7526516387441557 0.9291788339130191
0.2654046351740338 0.4289508297998652
0.8229672631632332 0.39227397651846796
0.3681540369881693 0.8210977383757219
0.5015608383251868 0.9217061402296625
0.4922243248363969 0.19766238593855423
0.26769179312463054 0.120324414711247
0.5449039131597231 0.6811050507213725
0.7159910557513727 0.5147675078067084
0.045861821779840106 0.07895952086489832
0.8353338929292553 0.5809067655901676
0.08500630482727956 0.44336884893173734
0.585131842751641 0.12337421681147065
0.931731008981276 0.6590370272662711
0.579938554884829 0.6394666958540196
0.8612970835964091 0.8825957040839332
0.6923917470306136 0.04817250181286936
0.18483757329302342 0.7685562337544669
0.8281469179638508 0.1366692040297226
0.7660354865183032 0.4585532334283644
0.11935947721607132 0.4119550006004853
0.2918183141104054 0.9091764949080154
0.24772415575943518 0.06033646900950407
0.9489415996824584 0.08904317940550799
0.14874324577597164 0.42427378507844793
0.8872727098594775 0.07923686545899544
0.7843459084460638 0.08905297115880972
0.8004987983279144 0.8763025683376131
0.878685547905653 0.4946867892755227
0.9604674662965309 0.5175833528840532
0.06657989668137398 0.5945560314817304
0.14518593026328497 0.2670034592145727
0.6363891108388378 0.6252413068043174
0.6708122111408528 0.38795576112166885
0.48826094155676447 0.1290970678761727
0.22333296858787532 0.3848900773460766
0.5257410389848678 0.9870201454148475
0.5881768435130446 0.5030127138069429
0.2413554583180244 0.03041265739480803
0.12572664549108037 0.8205196036885747
0.40346327593560116 0.613947555783354
0.595331844369775 0.5585825091668213
0.9791610214975548 0.5386847892958386
0.2605367183945937 0.8077541309416514
0.3908521174568287 0.7300102615990276
0.20593453167986797 0.9970612700018882
0.8524236841186592 0.8463180578035541
0.6639628329157026 0.2275662767531268
0.4181203065724588 0.022883432329470432
0.22545651163496072 0.8044258336564802
0.007579712924004056 0.033381211085696805
0.03472059016474116 0.6078942874948565
0.6889014369654829 0.7772997965775215
0.15506210821078037 0.06211131395375169
0.432136996383065 0.09426627737753224
0.8063991661314984 0.3079297645670145
0.714458263817733 0.7453209632633269
0.5316880648234745 0.9724269471251352
0.29713691099712647 0.5298848023823108
0.9708722096152966 0.7028948776035775
0.9461407654275986 0.6508539697247882
0.09503510838817086 0.8547635316068871
0.2797444690228932 0.21861699240361343
0.8390450328349883 0.6936251991723903
0.7208300156917782 0.8591014456972086
0.9925434088370568 0.5427818654938148
0.8605694383760023 0.8327911653038844
0.3103524271788016 0.5702088986301992
0.9602387807434849 0.612976848313894
