10 2 100 1
593 352 770 514 1914 2020 672 645 280 653
1616 641 1837 895 655 1182 1374 448 783 362
634 1430 1454 1755 481 296 447 458 663 522
425 1633 403 1783 693 1637 1127 1097 483 1584
315 1426 806 495 866 1982 483 462 1211 414
1430 1987 1194 598 791 878 563 1787 324 1971
394 506 1046 870 1220 1261 324 1557 2067 436
1459 1966 581 420 512 860 2102 1949 1481 1243
1103 1085 1213 1705 759 2003 850 503 1094 465
1364 1227 722 1703 1377 679 448 544 601 1107
5 9
9 9
0.5816323270266202 0.7809013292662248 0.3965935837996176 0.5603629688558918 0.4293650868921113
0.35111008986695724 0.9000202430657231
0.053722920362989646 0.3852587565406276
0.010970398735852038 0.5173714750522298
0.01035198328835718 0.5474412493542993
0.8489699466654848 0.8120476787363249
0.9734072902074391 0.5384979061073927
0.8845266521189143 0.6667106477824969
0.3466821558177684 0.4767369442558884
0.6762544361932965 0.4759344043181497
0.8403646731598147 0.6768974935846537
0.9072616107256211 0.04343021823705073
0.03748907109356425 0.4825815513224918
0.9688057564593353 0.11029060528018597
0.4634850786089677 0.5763047839923505
0.16355065005940594 0.5422478493489336
0.7013124080908228 0.8075770790198711
0.13850894513610545 0.3258392078075498
0.7648587224785841 0.1849825130243934
0.5759162217748892 0.2839025256779688
0.33818040110074454 0.23727690374745358
0.4899380789418697 0.2783112209238474
0.1473726709327965 0.3130960795091773
0.8333611142067241 0.08666335177030815
0.4066751266040485 0.1234326132848873
0.10874165492654408 0.2806547014420657
0.6375646353740705 0.3344602516634321
0.3648186673782585 0.5754757940275754
0.06320209655231523 0.9912581463506795
0.2872865669631359 0.9716107493454027
0.6740831065342776 0.13857912281748952
0.07221592319635195 0.5612696770428081
0.09334481988020937 0.4555603706713145
0.5639864942172412 0.6295616915362316
0.24277361439724499 0.09573122432091252
0.1477668331840345 0.1274534259158029
0.39613760814597065 0.7288709265505582
0.04321097547154684 0.1425845978284277
0.8127598817514119 0.14862451261967546
0.9751419629788969 0.40342043085465584
0.05962010266909612 0.760042552890362
0.7076881024819688 0.6359621989741766
0.38847710610962105 0.1274061163800777
0.2828828827768586 0.05024112295837324
0.11378012455653264 0.7990072241919268
0.7022354276236433 0.504336736108971
0.6403796473358274 0.40042222712685693
0.6430455564820532 0.43652666751558655
0.30107066767911084 0.655519835960853
0.4889849071387431 0.5659683725656774
0.0698154588130524 0.0694377252697378
0.3788311552502446 0.21726774018633455
0.4062570857257597 0.9483469253350891
0.2528465096252117 0.40828034144394776
0.2928773266239513 0.9401410992180788
0.05484473509345089 0.16902633215698715
0.3739083154254552 0.12831546106236158
0.18509163456315436 0.3394785595762406
0.10882856785625661 0.8511990175598849
0.3328233909634035 0.23959380848160627
0.6560809591984396 0.4021740086469283
0.6667182953376327 0.2738436353785141
0.16810623107693967 0.5711595814055601
0.5858356623932661 0.243262475934515
0.3462741288218689 0.4013308258208368
0.5538354492616235 0.10938407820821161
0.4498839369538894 0.957905078838653
0.15914344638367162 0.8485791192430476
0.4711152169687536 0.3618737684285196
0.8800808953934953 0.7291096231799006
0.009841567797524764 0.40255014134288714
0.5415336707624865 0.7267350318162948
0.18815829731361444 0.59476115007148
0.9812373114665314 0.39669148121803866
0.002507589999527493 0.5520471142562351
0.7092305491400084 0.14988595872132593
0.5027770487516636 0.960983788444087
0.4659202340976949 0.6244906976049454
0.3007460707976046 0.28799416296910185
0.8410103001208624 0.8623471355254249
0.2864520653546949 0.8292312408439857
0.8859808845603763 0.16872271628794056
0.3580364960276001 0.05866952094106703
0.7937322771866662 0.37541088416191126
0.9994061578806892 0.6081038911124617
0.05560770294227657 0.2797067616084612
0.36219709456124316 0.6348366503798051
0.24480702390416265 0.4642431443773527
0.42154520361045966 0.5199816748688177
0.7409155920260355 0.9249320447434524
0.19932432741883366 0.29298384594835003
0.16266233962139376 0.22569225626842693
0.9608673086908992 0.7167192459607141
0.7220465466539536 0.17770035227600744
0.6406076403552485 0.716100722841382
0.4960872028266654 0.21251411798230024
0.45891867111919993 0.7159362004334657
0.8081660955278884 0.43732795979337413
0.2958977247691954 0.20126357508223958
0.009018513269153594 0.5620650450987983
0.5694417798011191 0.1819367802363685
