10 4 100 2
677 846 1564 1435 628 1609 1079 755 690 986
1602 876 1080 1221 938 1551 845 536 592 650
1452 1107 1292 608 1684 1674 995 1447 1017 899
980 806 639 1067 1572 801 1573 1413 832 1677
1133 625 804 523 1123 601 1037 593 749 1474
1376 1266 727 1278 921 1103 834 787 1262 579
562 1557 668 1430 655 762 531 917 1386 734
1406 1270 1600 817 580 578 802 1098 1391 928
1004 533 895 1526 507 1240 570 654 582 806
531 754 644 521 1454 1578 743 1067 1129 1100
3 7
6 0
6 9
6 7
0.6545830844274392 0.4313665655831721 0.386093771400734 0.3560774502277483 0.44279323244473756
0.5502808153071892 0.6557532119167222 0.6698987531741449 0.9082532342071641 0.29579883023769926
0.3196442279442649 0.47989768722674786 0.6390763759261139 0.5462745200507217 0.3227961286026878
0.71749147436095 0.7226393566154696
0.594070344523077 0.30979259188104113
0.6805760674147947 0.7235658394619582
0.6911743916107915 0.09060798379474377
0.4311518223608055 0.6328829534825338
0.5171592623483099 0.5307954204468868
0.4556607841180911 0.7293057015133126
0.03311053389650431 0.7038053299601701
0.3444895401306671 0.6008371707669233
0.7301664747505381 0.23449517670291198
0.002878428765580532 0.36191374802242504
0.10026349185938677 0.6242049947413442
0.20574427206710455 0.47305796630616914
0.49087056954239006 0.10820388588328367
0.2609322127717639 0.27709140282531175
0.06535876742180946 0.9387643455626891
0.4094465515617216 0.9176639853530761
0.783003154167446 0.5869080028600435
0.7455050756476158 0.2302395939809001
0.7981839285316308 0.39277251537715596
0.8976664460177557 0.7128272117640302
0.6203482858643483 0.33714862117813826
0.6267950780647167 0.5612344985075148
0.24451517783666232 0.056045517503225506
0.06588853802248007 0.6351210455095377
0.9488098170945194 0.36623315252961297
0.07885331220611591 0.20224052916358226
0.11005078706950955 0.19459018439158493
0.564753862489364 0.6700251082419495
0.22130790701273817 0.0671539747132972
0.3010434733800884 0.4444309467473324
0.48183679249364 0.25028092644231226
0.5850677418505956 0.5698653497482793
0.7761761196650592 0.4079468184840582
0.8027485060839454 0.2291193132573086
0.8622839365220982 0.08789458537706585
0.9405049552679741 0.9286748692924018
0.8218828914884722 0.07334721403243116
0.9684977215010904 0.7758461753620982
0.5744005968185346 0.6844871458573205
0.5504375775126824 0.3441224080022778
0.6836973209312003 0.9899575907091398
0.9872816352132507 0.13780136598474413
0.13511267103384883 0.252278629837676
0.6961255733786478 0.6980052677300372
0.09872287465975216 0.7607668227155211
0.9643760115924518 0.3151646796596226
0.8080703424364932 0.01103814848265161
0.35612521106808637 0.8196083835585901
0.4115817401084807 0.7431698984137887
0.06812827052813719 0.1845776828600143
0.300219781148064 0.45675564760814247
0.5392914089197107 0.26942513330014406
0.4126331985954741 0.7252964433986995
0.9456199831350289 0.5682436448750035
0.42269197271826453 0.08880684909126302
0.45659522024524457 0.8932194274082867
0.8952679158335732 0.5224882747059703
0.35525597551480326 0.23360930224896115
0.5768170667111803 0.7612533909045371
0.20566991405035973 0.37464221874488746
0.06495781722512839 0.33620732274187626
0.41562961452014524 0.6550513175337145
0.24284514117047284 0.6990158705813334
0.715015921378084 0.795096680633351
0.1626138159473749 0.05273498594422654
0.25736062046101194 0.7230347770566505
0.30292674256014607 0.4152134102596783
0.8734798945162277 0.4676088158487093
0.4576330161311666 0.591077861226049
0.2864195620790324 0.467911669320217
0.031711218471236924 0.38465276477238963
0.6344837238918071 0.1721161334646535
0.5970008632274029 0.1860308383506648
0.26574979966624723 0.30493589755068884
0.8517280464078012 0.5531514721611666
0.6595049715387649 0.43385725721982493
0.5710895563597536 0.03982354776615815
0.8227235702046567 0.520594031212789
0.28187896440267934 0.5231542994998581
0.7151239676239745 0.8063680988679689
0.615395996847385 0.008234586389167742
0.3551201163953295 0.1742276219163752
0.6983253324953891 0.9932244560018231
0.4752789693656214 0.6226281785037142
0.23644763197795804 0.6494939127647157
0.038025493822688494 0.3797187623394278
0.9413007999249603 0.6907049915453769
0.7434326572149159 0.5646583041759206
0.9596213139344891 0.6327365506264375
0.020971344501974132 0.6172959441001351
0.03673585611646324 0.9408802777641498
0.4108753008904533 0.6789845333920399
0.07860331931557862 0.814512067533582
0.17751953114112884 0.9566898907678991
0.617001616843875 0.597871199554183
0.7499810043732771 0.45027331999337394
0.7231972357162475 0.8643303927889452
0.16368151208369697 0.8544325283326233
0.255591960371804 0.2618139501007575
0.20246726320338904 0.49101172234342316
0.19060142607339636 0.811376070430605
0.5226520568539887 0.6036111322492066
0.4967988185646033 0.5571718527860656
0.9145879063421236 0.9919986868716428
0.8081699469184758 0.17431355687068795
0.7632410995431869 0.9589054974497642
0.8085473358726667 0.09882218439371315
0.25911961793990934 0.20409015878166326
0.6150518411320567 0.2822527235768175
0.6833700818891306 0.537821886655957
0.08158176878528711 0.21722089902350095
0.49568188166866944 0.31122463862917704
0.15612104537306393 0.45721176795381857
0.4898170395233452 0.38706318266258277
0.45871493931120755 0.16657342541666686
0.6673826425937996 0.9156389265060991
0.4497069336509638 0.8523713808859754
0.811430895994258 0.741827224828298
0.3925181054480551 0.7106961968219905
0.6314717375635874 0.9496564587717726
0.7410401526192374 0.9527118960721939
0.2400496851761338 0.8640256928627761
0.5677194867135227 0.2769464901370311
0.10535384262355008 0.8116901378145447
0.8298161143121641 0.6513624165281438
0.1949225400849095 0.4756849409310564
0.575922011065074 0.24149418109435272
0.28695206659875216 0.9833707106602303
0.8094444074391034 0.4949978081240334
0.8826514164131953 0.6242192524924939
0.07138336627276431 0.6694246353160631
0.04881130205843931 0.961993884334363
0.4112036724346313 0.6222449632434159
0.4575788675221286 0.2798983074303174
0.16421360295456022 0.2840885591693445
0.37066648037074956 0.9292227870601468
0.5270944686455379 0.6727260444724183
0.013405204440813723 0.3588813973850258
0.7256250619103917 0.8947349620879266
0.358816788312607 0.39152945198834144
0.3470927245514339 0.4361487123038599
0.024584054684284373 0.7424660283847337
0.24317818620222775 0.2558091029622247
0.39613155300778047 0.8367207412257776
0.14602628319158462 0.17423741335120702
0.15641159090096624 0.6767762808626234
0.7753006661776316 0.25996225619916125
0.8014919812353396 0.9684124352008467
0.3489890346381592 0.876269453249964
0.8459131520336833 0.8129022507271528
0.6238905385822602 0.24223117035558928
0.9764590983605801 0.6474422585762472
0.9946915853012341 0.5150374712873422
0.8012285043404144 0.5657615105227078
0.9325164140054825 0.12260208680703566
0.3486449445269477 0.24150731220702815
0.5364710394494825 0.82695916271357
0.4001378906317088 0.010899245834199878
0.31944735759738974 0.14009938811615097
0.973610174748029 0.41409734232714035
0.22080025420701865 0.43158012651403044
0.5458403166754318 0.3052738286265737
0.1493939151348871 0.8037882507067089
0.4805721581502924 0.8939005733131469
0.9801945249968329 0.246719983634897
0.681003904038598 0.5823546527732155
0.42252764706633594 0.9421898274990566
0.31078143660033075 0.9717599000286308
0.14118786161535235 0.9872920477853397
0.4971632644260444 0.1284127128802881
0.6577170698168584 0.9505437263621244
0.9085094887838125 0.4632879045986982
0.013480207308858239 0.38890406125466037
0.4129888064864291 0.46700293438708984
0.7252035489474076 0.8346302590510271
0.0625675337814513 0.3399694690879196
0.26020288175728146 0.8278196790555405
0.7132196896052792 0.3585741241223783
0.5017124224718947 0.7871410910022305
0.5155068353238541 0.6709940554931644
0.253522468641294 0.9557644334644417
0.40757336090916496 0.5787536686978159
0.7773531617434659 0.9226541426360515
0.09967411792822656 0.7634482909768303
0.10260756237612445 0.18200022844977215
0.05956717230559927 0.4770614623508376
0.2840722096086743 0.1782340053053464
0.14414974136930914 0.01096582619085118
0.12342795087828273 0.6821939498911549
0.10013030208505169 0.6585655132665953
0.49578843441902487 0.5345289639358461
0.24867422448342613 0.3648096890120158
0.1742269731648438 0.18351836173449843
0.3618794336032236 0.9132574318684712
0.2728407454526567 0.7561395679924658
0.728187875311272 0.01593209309489607
0.8636602616161242 0.8763700371006893
0.13271410894882973 0.4974724684030414
0.9335218615679954 0.9660220686658478
0.269599792770981 0.48279228703568333
0.6549906022374379 0.4315925992286056
0.34407207938491235 0.5869464194418046
0.255238939236317 0.2895907998518086
0.8912793061253022 0.18726481014855545
0.6275990748395381 0.27781609235252835
0.22671861207926947 0.7329984326737315
0.9299400050476248 0.08151332689580815
0.3932378064562023 0.25490004209116446
0.3596069357619154 0.2683525617799438
0.7147874687282907 0.6737663103132776
0.29456592885460053 0.2874314028917557
0.32978787263852305 0.9891628345255454
0.3662858264365836 0.21245311556335023
0.8628126360932256 0.021832959030187338
0.5502212609930377 0.13416519429131313
0.9560047616933145 0.8976688029184317
0.07449368623756158 0.06143870273407814
0.5159447030681494 0.6937055412727644
0.5088132404618739 0.5281289514694736
0.2918441061402717 0.13627476874954625
0.07879545563589985 0.06836666958205573
0.8534160343054347 0.721453514451077
0.20860497994773342 0.5290974912975674
0.1866179606821421 0.7359990367654841
0.002898845479953449 0.7469151144877566
0.41479138706286656 0.27004288573714263
0.7588731601175427 0.4990655459065736
0.648165621443572 0.40911557009170063
0.3762295065049517 0.6699597146892302
0.5332186773229941 0.9124832931603963
0.4305633167830789 0.8114552219625899
0.5218717073957413 0.9867604776177623
0.479588534294892 0.034440392512093965
0.7648784938308355 0.26775646566347233
0.9928619244244352 0.6864032611659603
0.8085123452954313 0.8819898410098763
0.7188011868103421 0.31794393416508604
0.04492624162219849 0.9891853237847223
0.6290837363230668 0.27323447237423815
0.5052131607751216 0.7971112813076702
0.558449285338994 0.2043089972830645
0.41237656263987943 0.15416658889148915
0.7387174490860546 0.2913624296516173
0.8104688292520899 0.9885197855744625
0.031439504536832974 0.1638840840437159
0.6549110387273838 0.3932106455764388
0.7846306038786635 0.821586049850749
0.6893428923328184 0.48475303685491533
0.2591960894239056 0.6095319838439883
0.8510709168919051 0.1349728228782492
0.713895597271996 0.17615544113702208
0.17565937016133315 0.004651863718567073
0.4985380833961208 0.39548274650777504
0.5270024757096736 0.28954526000690817
0.19151648216983297 0.4083676079291594
0.03274076475304777 0.057788864958213226
0.7837558876186814 0.355909416469526
0.4242640034374625 0.2867801977688724
0.4464181048463922 0.9684057482381718
0.8432379934172329 0.4890650637307612
0.8666601906232263 0.7757639747683422
0.9062832335654065 0.6581071898423752
0.18167721278414417 0.7022461281979739
0.8152804536239178 0.6249011966996376
0.32525606721514744 0.22978469653752298
0.6306792482661441 0.500560797169606
0.6258180617889937 0.15256076589172118
0.22500510932090423 0.42554567089638606
0.18312894717027528 0.9043735599854492
0.311285645870758 0.43529931154212065
0.36482952667547774 0.47598284105640687
0.8681146508558659 0.3074526339503556
0.19194086184581782 0.6037891538663689
0.2562314358559781 0.596758277393395
0.7677008480545813 0.6084486413058743
0.525741704961282 0.8650329179772094
0.47255525993789593 0.17063133589808577
0.1837904101411194 0.3854624797592099
0.9291136605069592 0.847284669842765
0.01732360089280971 0.2830955162917699
0.637270813778031 0.38147377388614045
0.013256080747682475 0.838170340714604
0.6782574482344448 0.7513509217420455
0.6919700501093973 0.15970291685871651
0.36871934011915153 0.7519071545025202
0.05080858348769701 0.3473050592800693
0.8698096170819156 0.5786733198956775
0.6606701804748454 0.49576155186965387
0.39202613304878864 0.6320722699169605
0.022360487546146057 0.7198222328131088
0.9104366736528222 0.7583647560155888
0.0530947061233622 0.2816915214420552
0.8528900421450631 0.4252140838310443
0.7531581018788651 0.4871516554103825
0.08939495900032401 0.31077318075729066
0.7533158217986033 0.09094580811062691
0.28835182661720493 0.5017058877398926
0.733021448129785 0.8970573144279315
0.39610899097112306 0.6661043457857523
