10 8 100 4
875 882 1162 885 927 1198 1171 924 978 916
1186 1061 1150 1097 744 1157 943 805 1097 1067
1145 833 1147 1145 1106 749 979 1147 818 859
860 1161 787 985 950 1061 1085 1067 1212 1194
826 1021 1061 773 1107 1168 834 1173 1161 854
913 823 865 1145 1010 1171 945 1159 824 1022
1130 917 935 779 1115 880 1077 1178 1174 1089
847 1190 952 1046 799 857 829 1168 794 754
1076 1002 948 1130 1153 973 791 971 901 1197
1032 1009 1069 1128 783 758 737 1206 1064 1192
8 7
2 4
3 2
5 9
3 4
7 0
1 6
7 7
0.6753953798109729 0.9382719079898216 0.4962285327984912 0.7709027488553036 0.18803823450893456
0.5782274593845949 0.8571922392883959 0.9209088102191243 0.5781345170733097 0.16357689265526493
0.7769830801667295 0.4699158419571763 0.9066129166403911 0.6022638528409969 0.4652104365012064
0.7803472465754108 0.6998933331808613 0.30940770212479746 0.5594478161418299 0.2660456636263232
0.91783611151134 0.9828237994339377 0.4410546232425888 0.9444516793846776 0.339759509839055
0.5893024256133954 0.9269648351499404 0.522392462132864 0.5328203936861534 0.2740512317066657
0.7182705365481321 0.8072518445930865 0.49668889579360365 0.6431786894436922 0.10948644577077511
0.3450648530790654 0.2745346770297372
0.0467062749859426 0.5813590640272523
0.3440733271042933 0.7460160847012245
0.47816829200274436 0.15902638366013933
0.4284585972392696 0.4460483352869049
0.4528533244047179 0.97824424090364
0.3118803226320108 0.8967560881114742
0.018003432278392184 0.8999817356530777
0.2953486289049918 0.013880370212088655
0.8526729072100954 0.6777799623399594
0.25982063867226146 0.5971116350015737
0.9314876302245942 0.4224158188161129
0.6832619177810169 0.7484664246106896
0.3625988691237636 0.29633545121850013
0.9181458361153965 0.8575825053600781
0.817735105340436 0.752505313284348
0.7538639645766674 0.9943864638995559
0.4922875371259694 0.632941609938245
0.5100426246266598 0.813093575240087
0.06493501040788874 0.06367831574160698
0.962254412640926 0.28826266778440246
0.2887262788873257 0.42426742350126245
0.7502504175994293 0.567179047459369
0.29130311713117285 0.5909045025206228
0.7835717514531522 0.8798245728049618
0.7198929143316422 0.8696646183324201
0.6204521420476892 0.11020676918000505
0.5972543353039301 0.7895958299751906
0.9471295299497005 0.01023895925922158
0.9526596556700062 0.7647995135450931
0.7257892836562716 0.6063581750789049
0.048251360259273346 0.5933405835845089
0.26101353481035083 0.7686469462215153
0.9416524320728799 0.9775883086714106
0.9690093097806727 0.6323430481978758
0.786636208516875 0.11137379744286835
0.09427332397935828 0.20330911848825406
0.3933465389280528 0.6151060597164111
0.8519733802626925 0.7573756462297565
0.6044361788516972 0.7769839224604087
0.09111575370553049 0.9651226905481762
0.4280182842886058 0.3578700651785798
0.7228964392350126 0.940771439722859
0.2955486194949144 0.6637724175204027
0.896677101089687 0.5160528128091715
0.33615032226410513 0.48479716230291836
0.03436030862649253 0.4121505231963265
0.6066500544072329 0.8256666608174474
0.2752172276295701 0.21500033477019453
0.4730694919875109 0.17283286557242805
0.4255354429863012 0.4765393611868025
0.7080008502789223 0.8935453070744739
0.6860721163585091 0.06772345063441931
0.24881899495207271 0.8519381581105689
0.40340466253189766 0.2521959005497356
0.6426456110523151 0.9803608853106007
0.6306053904039091 0.2547608336579126
0.8224333730740079 0.4602726214035615
0.30890480619440064 0.2182164167704166
0.4011836100696127 0.8236648407061775
0.07642852197931527 0.14193733501441885
0.15100603033068305 0.5255337393869257
0.03522034711805233 0.3660934461111296
0.3516655182511568 0.8281289793866671
0.9439267336554218 0.21416841921850893
0.7275917972013266 0.8719573589580663
0.7763535758452849 0.08891052341113581
0.4232944207102993 0.8516189383689157
0.552962742918407 0.39833708021436354
0.7477789840345226 0.2566486839822739
0.709368457960796 0.9077364821284413
0.13411484643291782 0.8752771215684343
0.4284507370717261 0.8311029761198103
0.5947904299138043 0.896038728660195
0.37548678052817674 0.46014860803707824
0.420363771795522 0.3107006460179975
0.9839347126485485 0.6438642273219151
0.8869283900578637 0.4863534007660195
0.5045762697768406 0.46843485500440285
0.7946875665576532 0.15739869512307947
0.2794014517388297 0.1374631177999115
0.5912895712435406 0.637424619080432
0.7667127615879232 0.3006620425122313
0.7899693965956638 0.46945495423239336
0.44707185557661533 0.4467927371179976
0.8592704408645455 0.7401253714317595
0.5248477180611462 0.7505509093323217
0.7616377112361792 0.05328439661332629
0.31535914968151646 0.9904110060795304
0.19490241308403977 0.06200686814443457
0.10545333828676484 0.393198543806365
0.00705111136486769 0.35521872525193343
0.7354038210653633 0.6995928286298212
0.5273012444296665 0.15611532848425513
0.36874853313852607 0.47163432095631563
0.33921390001061913 0.2918189792398227
0.24940388995609064 0.19284297237089043
0.18189891483110188 0.7730932494243008
0.9658046504015165 0.32802838758891495
0.08150890625481444 0.43361069811368225
0.09537360252927307 0.1847550272694276
0.7048199406660052 0.3457640149627925
0.8552511705525652 0.9829730314412808
0.3359189318441256 0.436689153154066
0.7158474799935954 0.0778679110649283
0.9026056741092185 0.31110766580181193
0.19897658872534696 0.3072471231181946
0.3676178209607548 0.7047253347123261
0.7550455638704046 0.6729217993156094
0.9211692087214696 0.852072754670034
0.08854068534366433 0.9105088871692801
0.7314587510154749 0.6255175902201777
0.5330645788336255 0.11168896400958284
0.7118894170255659 0.09108893286453834
0.6096673171058382 0.9487453726292319
0.5602478869464942 0.8527132326841813
0.5795584385193 0.11573460094591392
0.9036477958229112 0.02703083823711605
0.13557817364553304 0.5398696040976185
0.3390652414734774 0.23424899798383247
0.9469109601956553 0.36149225830298404
0.721065593087002 0.7244159012688249
0.08964769914574555 0.4883705091479784
0.5648719942269513 0.04639400426440443
0.028501609189357513 0.4858201934534927
0.9103690003479368 0.5295392785235342
0.6539545812304004 0.14266848085303674
0.28871126660987323 0.4483069750924371
0.3180704657858797 0.7676965270192648
0.47962248169563004 0.0354058746155379
0.42932309605369245 0.1300308034528228
0.722573127499025 0.23297980250989658
0.45110958658814937 0.7134760941013867
0.7070159720470841 0.7009053218247561
0.2653449673108921 0.14465551457954917
0.8879659082030009 0.9444023742053251
0.6198601442402041 0.2822106195464029
0.39666990451575157 0.7046161785957072
0.8929311065269827 0.8410654810474689
0.3140465576453755 0.7732773738203429
0.2298345994387736 0.6492071985120969
0.7855494449669296 0.584519307782633
0.0222964580278322 0.5031710674251775
0.9226714700191165 0.6135697874912831
0.26021453774061976 0.07860553553057392
0.05051226163902567 0.4472563042743034
0.5177187730358497 0.9013742562918952
0.6983277005131558 0.6227244899767446
0.06895881192756437 0.9861718327255933
0.7414867043492328 0.45133853556099846
0.1179433699184842 0.04246158457709881
0.3895293356673324 0.3645529550048714
0.7479908299095597 0.25860063864843497
0.762480076267174 0.9339122143707428
0.6386803907223841 0.7902917687172144
0.7185368536908427 0.26091353456685096
0.39941052098415475 0.7733252796344725
0.667554143963742 0.4245336089781597
0.36309788914742214 0.6101957398375912
0.7801346632763015 0.7060221849077588
0.5917724918642591 0.40770667946613925
0.40222805918595106 0.909726970920615
0.1766224746307572 0.7031404073795413
0.03937933214487255 0.2842110041058459
0.2735795093957081 0.23271695220873423
0.75973713373672 0.5119381981829163
0.5752455647038188 0.37441728704335353
0.26439302189146363 0.8526764489032332
0.504701081998842 0.10250887793210772
0.739266166461364 0.2581395496279866
0.6161383925472956 0.9701901175143663
0.2399319715934023 0.3830051932206171
0.37835180520868694 0.9821856666755007
0.02465144187514423 0.8272849488626473
0.6369887350428725 0.46419473961711555
0.9028612681747252 0.24709647114662325
0.37260064064162135 0.7768144727078081
0.9896022575214112 0.0294766864158007
0.5167996268648942 0.01335445378636857
0.1769687821498307 0.6340050401984831
0.3477974825569685 0.20254533434342847
0.3539487092891007 0.9055145469359087
0.18628245675223587 0.8281740852942299
0.6600704552776471 0.5421082299735349
0.6985645978463964 0.7876666178133565
0.6999772399869097 0.4815600842079757
0.7469567400580155 0.433846076822334
0.5639855864125423 0.8513885938053978
0.7268532937508321 0.34889347242564406
0.6289407733328778 0.3490021026267385
0.6767760123587219 0.39952975722803696
0.3364816310636154 0.6162991374140576
0.9232080284890147 0.8376817676357053
0.4085644370285655 0.34415945904917256
0.4937892074454331 0.4000159467942399
0.052792699441461366 0.16842742764077778
0.10691309483327815 0.15686701821131366
0.044553907181891894 0.6318266191376269
0.6668545348142112 0.7424876901912789
0.45108192475837505 0.4527397779977467
0.7321089841863564 0.7674102566904468
0.49912093430811977 0.7304150414616719
0.6277618849172388 0.8503764518181753
0.9705523112754642 0.48714681257909653
0.4608743901656476 0.11308602006151447
0.7466879466943321 0.16292702265190817
0.9956182068629946 0.9680196343473204
0.7649237338754595 0.015857106717120928
0.04081912148299183 0.05019456321855542
0.5476661272820986 0.391536615294682
0.08484061332488957 0.3756420612499769
0.1835253006052504 0.9455823622224979
0.7686218754842113 0.9644702752489456
0.8295061230557983 0.9714204519664791
0.8324281622660823 0.9746790487568218
0.2464529305672054 0.20637448090247612
0.759262063580773 0.4427852026296395
0.9264942147418735 0.47397365034214123
0.06797129468326468 0.07057822014235504
0.7997131544976221 0.4091820093187162
0.9976245820646432 0.6218973354052428
0.7210839948933405 0.4326876611446828
0.026067199110251682 0.3025828560307544
0.33186619770069337 0.5203357600117966
0.5218424976157583 0.6550354607560442
0.9705327415286056 0.17040198877774038
0.27138952770439007 0.6178898263876658
0.33882349741551443 0.18984026404675847
0.6461310775119677 0.07353385272832313
0.5916903027698504 0.17691429655520574
0.6955189701023317 0.43056889201330684
0.32060239503411747 0.6122223797772526
0.8874227367046013 0.5830372538696327
0.6564276568214058 0.25481107625647104
0.30102505283769765 0.8912961593907034
0.7754327899824889 0.8722411247462021
0.3994104478905789 0.4636512325888493
0.8198034526027633 0.3010351508185469
0.15589673864887188 0.8099062385418738
0.14163349251086532 0.5010563424506709
0.982926719376475 0.8819432961434561
0.30306871784627476 0.21586711894428534
0.6523761942260722 0.3304156079677787
0.9021508298533611 0.187531907886076
0.7694312261153444 0.6175033282276581
0.5348081700314522 0.43290475250386673
0.9313418447252944 0.5444251930158708
0.5638309833383239 0.20501450471807892
0.11865908825119731 0.41058722431874184
0.04184861761741265 0.4814285183827518
0.2612142670174471 0.184177101512347
0.11141023296652874 0.05493745618041257
0.890835784394657 0.43920320323938555
0.8266075662698491 0.13087327248892633
0.3002134785345465 0.9907149810048881
0.04569881509543716 0.4437219123742857
0.4188800647904283 0.3777096644828477
0.6249084478652607 0.8000262878621844
0.9808027448049481 0.7416202289260554
0.6461257972298367 0.5837976388429662
0.02908490629900906 0.7130314939873634
0.1426915596383067 0.13638503701347537
0.8273137602794374 0.2739886943396914
0.5609933284840345 0.22239474549478833
0.9742337156026595 0.13144837829327183
0.0942830259013876 0.5742033406126759
0.49689164833564936 0.17891880935517457
0.950539971222484 0.588307340171434
0.822406725864715 0.5284204648216613
0.28524737810800027 0.994922309474197
0.11263322468880621 0.8710180025522232
0.009173358090742711 0.9717769652437436
0.9332494877218487 0.04719732080886363
0.8314753890856637 0.27268713508705256
0.6703934794052204 0.7597105823572612
0.08857271892976071 0.6945497701466659
0.16110534151319045 0.5171868215985784
0.33206929944542085 0.418975144497421
0.5098896043222012 0.4312576746597636
0.3354904457480168 0.8556059715318098
0.9534786142418239 0.9961484147608353
0.550609280654871 0.22000483249423497
0.6217521014955565 0.6097379349265979
0.5881119058942448 0.19907054761865828
0.13143840704267173 0.5407548582830977
0.3967489151391854 0.04721433664127361
0.021285314138024036 0.8516950466333051
0.6439535122053379 0.5969896272528732
0.7327271023646575 0.2869990497298731
0.6514483796254464 0.5463579010616129
0.29084657390629465 0.5082738096617483
0.4007751108861053 0.01028559542921803
0.4564740563926535 0.4957600473054833
0.9944456457496955 0.5867584086605486
0.9202124976598796 0.5601625609471979
0.8502393746419901 0.168615707287467
0.01827362069116356 0.6092292624138163
0.18679002918500487 0.05345826460309966
0.8321310686483165 0.6651011292670566
0.6579977028779356 0.279541295264756
0.07723238978981772 0.30387054994221874
0.2874257133296203 0.9171765063874306
0.9144324193472579 0.7813749205787961
0.02220651890613845 0.8262115714086409
0.19370656398888886 0.26385974322613936
0.4339127813348169 0.858669271489517
0.12754771189531322 0.4340213248503888
0.7044863582989056 0.32423188992771346
0.35383783512238476 0.3535381352705491
0.8200141114313133 0.9088327631772577
0.23564933127062848 0.8267348567692965
0.5642549455492896 0.7940512167926372
0.13624049838660546 0.9112611242846438
0.2968135728937358 0.08788071326729252
0.21537357794655843 0.9610148810899117
0.7277242814472469 0.44042140502745086
0.5525311130370663 0.5176691372529261
0.8310572309677953 0.7539146158451975
0.3260478410772307 0.03408292099359955
0.28916266624152365 0.8756766740900668
0.20923910553944491 0.32315269878489494
0.7080289393652812 0.6924443437879548
0.22522627356913194 0.030849734148189256
0.2410582976268616 0.2962928540283847
0.4667503074023778 0.1030861048612075
0.10812856002257498 0.04358989468995378
0.09107418483933372 0.5840627664919256
0.6976386459737616 0.29815500687059027
0.5341616697980909 0.41835291702722777
0.12900243911086884 0.4046777880830399
0.714231002603313 0.6881446825871715
0.7293820404376348 0.04740307977399638
0.17308598844177148 0.5436871821030105
0.4781503486419372 0.16248264341463958
0.2308837825522334 0.9391077483887444
0.04581926550597504 0.17145894896332825
0.21701428808843493 0.11940139319087528
0.4438285612834685 0.9405116809312513
0.6838100253057953 0.09113973301621514
0.08286881930917844 0.19981525208353257
0.5059701390287257 0.22063699512168045
0.8875672941905264 0.7970826503018957
0.8181476508149585 0.4856393066120177
0.4486173931557371 0.028456057419829595
0.9935800561169268 0.12648161691063198
0.781701222690937 0.4526500979756394
0.34360252481457576 0.1331568263832641
0.9104494533409828 0.8485284585738024
0.7057201549815328 0.3201149452221834
0.8357861590497038 0.20770650489234188
0.05090663524879613 0.38105812508594794
0.12872421148399527 0.32772042005351754
0.645589009139566 0.8507455240603978
0.2844326288916068 0.8293196372652325
0.6080565888397467 0.8569605851625604
0.9315401510526486 0.07550605092323148
0.573809336432646 0.9681044118465578
0.44427994362882606 0.15807948663860993
0.4243471784468731 0.800468960360835
0.5357765040726268 0.9186258598227721
0.3607869705355755 0.8994894210440489
0.5538104757879974 0.30951787416620746
0.642567150156037 0.8528813190916553
0.42721500761068554 0.9291659390323224
0.12184249813363768 0.8930046580694682
0.45583930931326155 0.21985061991252763
0.9256786324675252 0.2636599183003949
0.011789220062909944 0.5386584765177633
0.5461889239218864 0.8483796869384386
0.585493042058209 0.0337180548668099
0.3920389040330221 0.6123271842743034
0.7135732268136374 0.9135855024997075
0.842380208797445 0.016348549711793225
0.4675465901218889 0.8727934144322556
0.7087714183808345 0.35849748266274295
0.11970934128928667 0.8575149113539813
0.6003191195960402 0.22050109845025845
0.9715787441110844 0.43100985641692
0.06402017422332218 0.59758176348286
0.06354560515128571 0.2607721045488205
0.49395724609502434 0.10151265574895385
0.2931785844566748 0.44186545220579143
0.6814837974470367 0.709951868957688
0.10967187403055867 0.8685790152176407
0.6577612981307437 0.3247809654016107
0.33118994500186005 0.11408640787928737
0.17806524309326033 0.09742320076563238
0.34139619181834857 0.8396289692455379
0.20978144959116296 0.5196381242029877
0.9671325345860005 0.4564499204288244
0.7512353338995219 0.8108507296156064
0.046680695103366254 0.12699298161681094
0.1317086356777566 0.7144951007263476
0.23650839643020038 0.17798125684014243
0.8571019188040945 0.08458415350144355
0.4430688912889049 0.10744113733557081
0.5337262877911819 0.5502536825302557
0.07280522513701237 0.2056433052943598
0.5667740048258316 0.6046903160935164
0.22975132719283775 0.11427814809945991
0.4291058673103687 0.6567731067070841
0.9555679038283347 0.0100889961794155
0.3512000209448398 0.5518748943987777
0.661873297829833 0.19534599635867145
0.5996048554682376 0.7740589196148746
0.6334631232094565 0.7604693111073133
0.7914266156766925 0.6292952712967952
0.5011037059069992 0.7375690927907403
0.9689868203760308 0.08771052943979152
0.7044817934040564 0.5660818443291527
0.3109185662356795 0.2615746209202967
0.6470155369840955 0.9238924128998831
0.5160026375017355 0.8713997985036945
0.17666615614697 0.6153242759439623
0.7276352126031067 0.021613606494499837
0.8104120321633708 0.5674773281741858
0.8294304307367562 0.853212316839812
0.41272688398651525 0.5499468907288616
0.6629128311503016 0.2050999859525997
0.6322568117266072 0.9358066918824834
0.47658918352733814 0.4383399824519232
0.3173179285310188 0.6824435128858155
0.8901963825552814 0.3282229793069329
0.5961865450894344 0.8729406456669531
0.6497829503672476 0.9859893575270724
0.9017902311024952 0.09384067737233703
0.5309968030791121 0.9312871771227524
0.6609714911755116 0.8802223601156809
0.144810728741112 0.8163617328677208
0.8660228304662223 0.6057213810240236
0.9425097735617067 0.5620719954510112
0.06961719671148181 0.020233111248325386
0.7273804096499552 0.05820571655210238
0.7669724183517697 0.14487551629593343
0.01639930284951796 0.2658445654781565
0.02981559500197739 0.14184851752733718
0.13882653982917526 0.5768675683480358
0.4059550839535715 0.6446672945355887
0.557599914906683 0.6009794527362728
0.963053160228625 0.6106576083402704
0.6777056486098862 0.775101044090843
0.6033517898039122 0.7203211164413537
0.4724639235542867 0.042186525665412145
0.7156816628935612 0.08988176421235683
0.21153930651380137 0.3221770207612904
0.6777212891814681 0.057322953889868966
0.31575461606068256 0.51697987732536
0.6557294559763844 0.3120661634288304
0.9748496043656825 0.4606242780535106
0.8168684433579181 0.15817628017672813
0.6303025948868135 0.13125354081431895
0.351964030021205 0.31911139716042247
0.6757624573652119 0.11309892834403157
0.36445777199780016 0.8895651461039984
0.9028346576896153 0.02280023898475747
0.15938288080531038 0.5383705383253299
0.6034841411137668 0.37637863187023624
0.23516954098336895 0.30795327465174105
0.781645966223778 0.5680249733388105
0.31650243868017003 0.31672270472115405
0.5386810250322169 0.9915158428866291
0.35347946023744825 0.09876340426826835
0.6533886648807363 0.7985163025539768
0.25943217231066895 0.957312378817982
0.03658524395545859 0.8705403230951851
0.2398851871655061 0.18040683179660721
0.8569991919047746 0.2163542866831225
0.6596045089735527 0.3482334879075826
0.49042499589239363 0.722479233074395
0.6117268973774035 0.46325621515909265
0.1974559619413656 0.23563496349420032
0.054770005427499546 0.5659923091878629
0.24182357236248353 0.900312222119144
0.47905116158329264 0.7271546510829625
0.7600079778874753 0.9113844664818542
0.7183899466896526 0.8915996169893363
0.7535541531026879 0.26605524253855983
0.8130982223064185 0.840424652418382
0.9856876758486637 0.3102667721750052
0.29544423827086286 0.42604936540732297
0.8853457350156495 0.06815287693869942
0.3310513946115583 0.3710565806175441
0.9198553844636659 0.1284348890895266
0.6296081084035599 0.36164490783534897
0.5683426871183705 0.8697398930969966
0.6732775917458564 0.720808542525541
0.3511587791800377 0.031697854305450246
0.4988083568141768 0.8161931681094692
0.9665976875401925 0.0007022978857893492
0.7684310051060048 0.7114325324466526
0.5872588892163906 0.5739589735604362
0.135475106819263 0.336143757664245
0.9678385942950283 0.11259443404940472
0.6533038458513079 0.8851131607045182
0.09897576289633192 0.4493053399705802
0.5476776155800471 0.36374885112697175
0.30489103421683517 0.8468056505400068
0.738357428275846 0.35267548795728976
0.06201077647930009 0.299598079917319
0.04761077923820056 0.4132646342966335
0.825399859955152 0.4363598554128165
0.919871268496169 0.6219077026758466
0.20781565318919948 0.7616752844239005
0.7773487183728365 0.8933116781624537
0.23760248844959952 0.2837817349157976
0.7516722260811619 0.6014560394068726
0.22510598108547297 0.28153249531130187
0.28812362622841126 0.4052531672082458
0.9493232242018028 0.841950064777552
0.038135440648027874 0.7536948528196905
0.0014270239954488062 0.9085741698468903
0.841914676789911 0.9218792938464238
0.6783575392736041 0.6330730552109614
0.8569974942095995 0.03421474598231122
0.9163916627722237 0.7410116991682301
0.40236438472768565 0.5237524033652476
0.595024305143101 0.42175654869468704
0.00048084792292257816 0.07478299430595836
0.44369710735154677 0.047354551379749754
0.162925857689193 0.12610612080289574
0.9995052386789129 0.9453558116491831
0.2826986192280114 0.7458805342833179
0.5234050798313579 0.12475782923992096
0.6323385920391422 0.2528860295013853
0.2579184661006766 0.6308227273352258
0.4833908277677259 0.20542148910580793
0.08479637438121679 0.4509606106315256
0.07607679442529425 0.8863302454454494
0.5036803850949825 0.6172620726112303
0.5478670304715474 0.7730750607331915
0.6065337206484567 0.193603848422093
0.82268417422106 0.5148034597827102
0.9821254047387402 0.587976074935451
0.18842203865781304 0.9844671816502253
0.34860579188584206 0.3726542834553388
0.11182999529201387 0.9992801755726861
0.9634738093049158 0.7731649228905499
0.29521598450191866 0.318019610579521
0.7063119684976995 0.15852131883962373
0.7447552104212742 0.3091355392082966
0.5217269732064604 0.7471784189932222
0.17391706838012921 0.9223716766913235
0.7423007156348562 0.983405172557116
0.3900356455151188 0.7389389768589922
0.5126604628228726 0.3364818925404094
0.2350234908333988 0.3324409260547463
0.2788589452088277 0.23631910154845404
0.8459032079705626 0.9075309451644744
0.3973642908639561 0.30974566201947273
0.19494995066904885 0.6610894083796968
0.6742979023468094 0.9115247889240594
0.24564278448189913 0.8966750208710761
0.672203604142743 0.8749675652215321
0.03473248730810785 0.814525165928891
0.9576284329348468 0.7268554439225174
0.20482682429955457 0.8429069981502701
0.7428775249002795 0.24544840595641104
0.6659151914898573 0.9762258793917464
0.4526450124174013 0.5625687623821696
0.38578988286632665 0.4449726603082931
0.1485748895491903 0.8715976370428438
0.2903461940833929 0.4439523123727316
0.07950971048395794 0.5794169963189586
0.02414510478501053 0.4720114101942041
0.5751981270447701 0.27468990800902837
0.12353723218455381 0.4492769506767196
0.0048042102878445014 0.21857874578013403
0.4900715552189594 0.3242310021268089
0.10254178706687722 0.6149431882436063
0.18999447321410168 0.8760213107794739
0.24861185275807385 0.9664729544531361
0.2984245353025814 0.9598664657036649
0.2747999708486957 0.0020724665516733687
0.38687944402803076 0.7884127172525872
0.11691286744323182 0.23570217320967357
0.550947547399534 0.12538099111810874
0.018361808300301874 0.9763443816180715
0.2738237078714931 0.27125528388430964
0.7358597772837665 0.6787237731482867
0.9307075108659533 0.9851391878565796
0.16989331868649438 0.6395469731142174
0.0883855819447259 0.9960096504847651
0.5086047543521024 0.5515113316651925
0.7081848944906148 0.9652352579364467
0.61361425586461 0.025352861625546064
0.8589078092559634 0.9620450388402622
0.041318961771246165 0.24750755908307864
0.48272660384041743 0.6743774898980563
0.6459500164388545 0.7300690122555011
0.6812390675809037 0.24811485938585798
0.8366797347271198 0.5511437530253118
0.07308673826216183 0.14118794953371938
0.09048335041342348 0.16466818788660098
0.9643450211075693 0.15487457821514083
0.5713925273591547 0.11429831267484958
0.1620091223874085 0.7240682200764965
0.4258192923082196 0.3474301827803217
0.2550434694899266 0.21884486038967355
0.693595188036711 0.7446692821848013
0.5423285292263811 0.5541888742768109
0.5804924249221299 0.6357726750691712
0.6454245693133498 0.20152777508951059
0.7591861076317912 0.17325719581459542
0.7849055442607693 0.01519380396421588
0.38025021386321534 0.5405668395350838
0.7541918460263488 0.9255768665389563
0.43415858423485343 0.5824527449122197
0.5448616309687129 0.19316240183405387
0.6397980081280628 0.4944635643162396
0.0092675088936085 0.8067630694305319
0.39902179591560105 0.33602965137980023
0.3469055627381685 0.9999577963120121
0.41293886610493247 0.5063275154601861
0.7468518662797625 0.43740210385457345
0.45348229025349096 0.988795860181916
0.9827024457010345 0.8348352390184228
0.44814416548917246 0.6475679885864516
0.49647193968099645 0.5279693205722493
0.28536352690822464 0.14003220618487044
0.0024309750849937917 0.767635259591017
0.8050716071681927 0.5169507849781281
0.2586199465124104 0.681332184432994
0.5158423865263477 0.5280364108086144
0.792094609874092 0.3330920057986888
0.7142867032437987 0.7844509461947298
0.4844694548210593 0.8810689379175083
0.8401101260279344 0.21054351451955577
0.5611504007825872 0.5289450521301489
0.41347100962707106 0.10579840001311869
0.9224481700441716 0.3530988723231605
0.2740844744521962 0.6577865920165358
0.7200852628258765 0.01369348965155548
0.512338359898501 0.77493442997952
0.3893216631846683 0.5226185285900522
0.9790406540660177 0.5293288605266984
0.4168354012762501 0.435649727094344
0.39056223324049566 0.4128236396885514
0.0013132858856259588 0.7353525762133339
0.12267747121671513 0.9279384209738253
0.3117794289881266 0.9221019047065213
0.4998313557026719 0.7805406041261811
0.26997280013357927 0.7317904564222026
0.5632031023711506 0.8825818510220931
0.25125150169757005 0.8479981384975765
0.5208071823431903 0.68013528947316
0.28004648541278243 0.1350595700728381
0.6641463321467265 0.8749001885134313
0.20867228022232154 0.39259998333523716
0.8351756905351957 0.7174682790986051
0.343615297859416 0.8882465669564776
0.1519346458749149 0.9051568785101416
0.19980519749363723 0.6200347848350742
0.17584242161306296 0.37953256626369436
0.9403311438733237 0.8506583024639665
0.5104212582667194 0.49125771846873145
0.7765225863508971 0.24132383725443396
0.44599556837471566 0.32844683565386257
0.8674107176545944 0.5471850032865315
0.6195965229460221 0.08002967238332936
0.1775972854916481 0.9039442276199128
0.1518700394346173 0.8380286555942316
0.03197933964643207 0.5969501085031486
0.1765104620748401 0.7136758576106199
0.5350914211995945 0.5393315897969049
0.5500667651707303 0.06015576168310832
0.26624272567236473 0.1846306436611438
0.8888846030409561 0.2226345610753
0.6536478606557703 0.707185686370603
0.15440958071862343 0.8847571051218914
0.1565313947762661 0.7778379996985034
0.5759292471597706 0.12336953819130247
0.27496089458211515 0.12056259197638575
0.4924450993085421 0.5274316363794334
0.7010795282364737 0.8639086738121249
0.7167759843302575 0.5782211278061014
0.031362860064525044 0.4519293154094335
0.2605654857003845 0.8478415085732949
0.18456459348453347 0.7644501065013383
0.5243934247201703 0.47553082867522645
0.883758843559846 0.03127474424597354
0.4221556693971067 0.9833798556642763
0.8603774865871685 0.0915503758427545
0.7257134597726966 0.6121221840470716
0.7251961589381399 0.6687779281408908
0.94476519767115 0.7266092567714426
0.5931834654601873 0.4253170991171251
0.5572454703354615 0.8403412539393402
0.23724954317374825 0.8847092341437677
0.031154776003640583 0.617800207509978
0.21605319945225698 0.2138039737264532
0.9817972746782231 0.2648653692722307
0.5106118299974951 0.2970276709411166
0.4094196414645994 0.8314034087628335
0.9112395802731688 0.044425398598177956
0.27193747428633586 0.6070535812282523
0.3623145863962096 0.7643325380504578
0.29171151783126237 0.5367035540214173
0.9764443606051947 0.5152236005053581
0.34900335588623577 0.5540204082143163
0.07393766596750906 0.14477248202875148
