10 3 100 5
530 332 618 687 359 592 441 444 298 310
564 682 426 527 754 431 853 409 715 481
699 790 828 468 940 458 961 708 532 402
608 796 664 1045 589 630 661 829 699 425
879 877 1148 822 647 1130 822 606 789 858
628 1132 958 962 878 1659 1023 807 647 632
913 1230 978 901 1946 1942 1841 823 767 621
745 906 876 1907 1675 2139 1703 1959 1050 873
785 980 1788 2016 1899 1690 1696 1595 1467 1173
777 1639 1924 2107 1794 1811 1961 1704 1533 1777
8 8
8 1
2 2
0.770911555170318 0.6824332938216484 0.46139120260007077 0.30933562319164054 0.29106116180932284
0.9198460513137434 0.3438225626502051 0.8804053287851328 0.5367269231051599 0.14905344675186233
0.15787248341115023 0.914781470150166
0.1713374074753522 0.6627821301786625
0.8088259544455048 0.5037819054887129
0.24139177184503802 0.744194893446301
0.5150054951518783 0.7738964249580256
0.8468337605149079 0.3471501680920164
0.9456357204003638 0.5564397497299092
0.8106990496602222 0.5635451208128517
0.4084160716601817 0.9877051151621026
0.19115339524096076 0.15518331022489606
0.13502059029478408 0.20358270323289718
0.12078313599607049 0.4679990695888212
0.4260390093207618 0.6576721335480513
0.09675464698134406 0.46249529339573425
0.931557610466687 0.37320170165217426
0.5580766533232899 0.5980391064224091
0.37590387264444614 0.7487833372520332
0.48897448199938265 0.06114883050296793
0.023643313571049207 0.5999726808026953
0.8630139004140034 0.7682668752421971
0.5964211508779924 0.022048060209754805
0.9653174120640196 0.35243847844996545
0.8004497906373151 0.8237184350276952
0.5148649724427401 0.893956658722356
0.856418438842363 0.4160626567797887
0.3102943733078387 0.09249074580586658
0.19107911895850527 0.8872883603535999
0.5731108160793477 0.058281547265090605
0.26981970340225025 0.3382918514522093
0.9921732320035588 0.5929765581738218
0.9665705678957144 0.034945457558987814
0.7548912878502652 0.12600757698732035
0.43286787916702063 0.2751955344585424
0.5031149201865783 0.5315218467483014
0.3775654231100156 0.1314227796508134
0.5654530490085732 0.5505866182338486
0.0937081201538017 0.12087418528739757
0.02283317478476876 0.2321288344016066
0.3034959845045806 0.019168031003210073
0.9036647036662167 0.44056917346112345
0.7245177614996661 0.9211905970960468
0.9463629513370968 0.1703821442401252
0.23847582875738138 0.39353636609504283
0.21065948581398342 0.5520676777698532
0.8140627341788909 0.5465729658328498
0.34892586606560383 0.3057683257548047
0.25348970095486156 0.16832995744659773
0.45323007719779507 0.7135782285633736
0.35587478746174783 0.13172714127317087
0.8368235877692825 0.017857964031072315
0.5106739213195579 0.8022138115058686
0.8907812955457455 0.20397116174946728
0.9287857263656172 0.6952336841497935
0.2965850243798698 0.3621434518723996
0.41662108400466624 0.8254039436387397
0.30598007786489934 0.6307878717194566
0.8699824974983574 0.8601864579452769
0.3538025862857943 0.27164688703665907
0.806589026252829 0.23989864502654012
0.026420750501419343 0.10117833885435079
0.005109264047145956 0.7546544022315098
0.9752332981423091 0.8038704849178471
0.5857228535711121 0.15118256358460647
0.025258361151549336 0.6303499121805898
0.840783191647793 0.6036163968543125
0.7846010249463873 0.16035888322563463
0.9171628722293812 0.3621739296638087
0.13282560353066764 0.792241351921376
0.0023008605468779475 0.4558982425445772
0.15220378774397036 0.4448089732021887
0.8397141954334304 0.7321171607513075
0.05201879124509845 0.05176561845441996
0.584107174277726 0.6813071145559872
0.9235944625475667 0.8104971141556918
0.8025556563300968 0.2086051172594625
0.749288893434974 0.8470815581032529
0.46432347579993194 0.6554875436853
0.91746205935475 0.20472252801918356
0.7562141796912456 0.8321667144779588
0.7267808850510746 0.5346017309752835
0.9837253419492356 0.052530546893488905
0.6773733367444383 0.6294245524394291
0.1585529728311561 0.8342717484089603
0.4779931357106477 0.39661316929603707
0.3597080964870487 0.6951856678618122
0.7098099881606343 0.7145802467913793
0.27965229734803243 0.6709915449758102
0.8986650054091221 0.6419330379828834
0.8779167670100769 0.04777717410246329
0.3338618512335598 0.8151458893831294
0.24780646107178028 0.836501006454998
0.2785527090634814 0.4863052986738501
0.02853490331949038 0.8137934063895118
0.22552114757136277 0.014100736040990602
0.39204582444094305 0.31351381201496387
0.5664278567002454 0.012768103945820286
0.08858617933762969 0.27051211119607554
0.9227932154173468 0.38330540989533923
0.8620947595477781 0.990793251894436
0.20441089197692786 0.3467803164193701
0.8571448570658786 0.6824237815940777
0.26015410428881447 0.4078536997725679
0.728838380242987 0.7567085821491932
0.9020612151159411 0.7883176977690496
0.30812342931266623 0.8073607130104141
0.9803999943030532 0.13312155195400743
0.8961454574942971 0.1983414226676503
0.04677906279178612 0.26380524813162554
0.5405136058520079 0.7666720388906865
0.08207736736652871 0.5236172427113777
0.07283159679525131 0.24343340816193537
0.20168444548133113 0.4291947725691534
0.0876245412795762 0.8503875254433146
0.30600018424106246 0.5977261592377914
0.4604992236098018 0.7800594180732425
0.8683340491382414 0.5987720705642228
0.5096423718141037 0.8576262029340971
0.12011732966961786 0.8042727057923544
0.7133755786296561 0.8362113325785558
0.5778131584809938 0.7347700071964127
0.35416355326538973 0.8654477099220197
0.4755432580552723 0.4966151577505906
0.013283212183882176 0.5999178413945283
0.5421250044297647 0.5495070900741981
0.7316432117290261 0.15762954482769254
0.3754192706366486 0.15427537953242942
0.5624193903940617 0.14698141751850002
0.27401569597919284 0.3384210548381894
0.4678264340586291 0.7913997379853468
0.017906584119351532 0.2932346933689647
0.8805669587668206 0.4946534835495897
0.025170980430623713 0.9328787625878632
0.4554377102311218 0.6723499930541823
0.3259398075820963 0.8876390782904027
0.33432033058745714 0.9223396500182524
0.3229213670714135 0.7084652892854009
0.18552106206199492 0.5791432948588411
0.3831218851686522 0.5304895674790382
0.6885512695634812 0.894935614254528
0.02412964373717008 0.23336996278492306
0.4036720648153038 0.017297698276088402
0.5046575332446295 0.35882307083194287
0.9297651791283865 0.2630718400564953
0.18131980484848875 0.7593160330469169
0.834241705939528 0.6288785323261659
0.18839963187838182 0.8404238000419879
0.004410384958597913 0.1545977343909295
0.290045945935852 0.9377250267703383
0.9772865673117754 0.12443465957710109
0.6229574938824562 0.981850444584849
0.36298796919820564 0.6932546794892303
0.5815082250061827 0.4815885468455192
0.4001709219439167 0.22968476625556966
0.7040271884675802 0.8461614940535191
0.08261565143877325 0.8275320575616969
0.942582323264249 0.2913192168805927
0.8253008504838115 0.12956856838950048
0.7031204055419347 0.5854033262182892
0.10920123156746109 0.5431438092550549
0.41621764947762996 0.611545774127843
0.7964822294991019 0.9958860493870685
0.2665039232887414 0.34119796850618656
0.20447739599680737 0.38884733412012396
0.5154258392436502 0.8943917102078982
0.4626592843304975 0.4652829866559536
0.8170941069612794 0.7209864511638973
0.8006984705099272 0.54729305868334
0.07359599759062418 0.22878754218253428
0.7969124914683821 0.42000872515209786
0.126366240160372 0.30923008393707674
0.8663992497735702 0.08999227872124926
0.43627463105521636 0.034005807383325815
0.35889109210497083 0.5567056658517
0.3070755956623048 0.14715257828943695
0.5884885159958559 0.14117788716624902
0.3219865888605009 0.9392203539648398
0.6243460238114744 0.41600153544540874
0.9429788973579389 0.7228595659320196
0.9414580445697089 0.4363561386186279
0.1244998751121349 0.768729383411312
0.4484262650582862 0.020811306968358423
0.09523606119091399 0.6638779406254656
0.25404180729179426 0.5563414586078901
0.30163939643332727 0.9942914778241048
0.3713669386392666 0.753618944830492
0.5266299976431446 0.5798634558848432
0.7636948292572894 0.20711549454005973
0.4096991883043193 0.8123613325462182
0.8399500812680627 0.8890247916742451
0.9060922411193912 0.504671196896328
0.9290798014654316 0.5145252673567644
0.841257518669337 0.26696479774495163
0.6901512781249632 0.9798917537595002
0.9889956873093588 0.5436489602570984
0.5178444695444986 0.9111477372176899
0.5910312105012503 0.16700715247207976
0.45675317503275714 0.29340095970662294
0.8415831727845655 0.2722290061097927
0.5266613377269671 0.005454846458379681
0.35022330750075326 0.4486045979778348
