10 8 100 4
784 786 665 816 615 845 720 660 620 627
911 1002 743 731 807 866 788 826 668 640
1007 826 883 802 892 839 672 696 764 788
994 981 1006 915 816 772 855 760 751 663
1382 1209 1034 1141 838 1065 893 835 984 948
1324 1294 1140 999 1108 955 1091 951 961 980
1841 1575 1200 1150 1243 1189 1255 1116 1003 1007
1572 1323 1080 1028 1004 1208 1162 1103 1324 1075
1242 1035 1116 994 1133 1020 1136 1380 1857 1260
1223 1021 994 1037 872 922 948 1283 1123 1012
0 5
3 5
9 3
5 9
3 0
0 6
0 7
9 6
0.5447647107073736 0.3365360109427014 0.595546251337518 0.4127062804245588 0.16641060138799418
0.8245135780543627 0.42956837665693653 0.7084659127410482 0.3139150526711361 0.4285153103861614
0.7482548701485913 0.5188346785431992 0.9450212514129301 0.8429197449545054 0.48095868171147627
0.9191971442605567 0.97395392091229 0.5059895916560585 0.5103117546847291 0.19918091447323807
0.8585680043199162 0.8278152551202522 0.7306700171122263 0.8789308742724118 0.13706952512636292
0.3578200065176162 0.5295235127103719 0.7834214134632342 0.73599217141463 0.477403995703921
0.5754831516295851 0.6378562331832456 0.6244109281917934 0.825984938373802 0.3250217987904372
0.8581465286084617 0.3955301672065097
0.14299213724561666 0.0020987076464995535
0.8128158362707139 0.3762267291858925
0.09401767625151769 0.018390060272878594
0.42479260961501475 0.6948134849370118
0.7849944755806053 0.9018745267978729
0.9938785060981199 0.07591147166565304
0.1955941234336802 0.7553396273376038
0.8801320976196096 0.8079396080137398
0.47078327352294713 0.2641372232619581
0.3889938714186636 0.6827559440028192
0.35059197854549273 0.501382211551844
0.6839840768905321 0.1420898650021034
0.35357995090571603 0.11131240010531562
0.5290053554704517 0.03939996039394633
0.9286365100447382 0.6768678243175437
0.5453142876931028 0.016104615611095552
0.7070093250628633 0.5654526033508895
0.6735506746222484 0.2675214982670082
0.8691578010704963 0.5861903306436655
0.3767303189119595 0.8336311083192991
0.3113988666907195 0.614703173707132
0.39516681269487397 0.1280595737570922
0.2752328584093293 0.11192738990644902
0.21671793609162937 0.6083120479322952
0.38440503071580623 0.9506983123018244
0.8670819482395882 0.5239235038352896
0.40582264886103725 0.7654425626087109
0.5970125756656248 0.3737733762761184
0.8466631832279261 0.08626242171705889
0.901500904992508 0.8874974399441187
0.9703974470831227 0.0900263473824281
0.9748208678962413 0.43730539985266814
0.34348784889486184 0.10643227228196772
0.24533755306886862 0.12563885776346528
0.14639764513208942 0.6978014280520226
0.9843994283732311 0.45364981775227253
0.03318845880979371 0.886063589188042
0.393289181110255 0.09116219795582126
0.7934296334960769 0.3649793997401005
0.6755969564049187 0.01773194138780987
0.2297802444413768 0.9321396172171683
0.3654178325232944 0.7297662545641352
0.36267420775622794 0.33626565890443727
0.5043777055842249 0.8986197426084446
0.009127093062326175 0.913880210930154
0.9096359707035653 0.46851702846189114
0.6423149620251749 0.44263148478193814
0.37140227004067294 0.28488553412017925
0.8186483743423836 0.4995582423235385
0.6690132196952392 0.7526224348851769
0.9798956867331396 0.5651021718402933
0.752767721745063 0.38396323307760594
0.44036772128601154 0.022206839866982797
0.6066544177548718 0.6252001127789815
0.3877480672147753 0.038174800005091214
0.21178105458801588 0.7228780998135513
0.8544087519134849 0.31276170783084245
0.4345489351123033 0.001185748960764288
0.04462385416075465 0.8375953901103974
0.747349589183522 0.6748196123107935
0.42480812399993506 0.25571127352584266
0.48652182164091884 0.9485411957450773
0.5125236646320941 0.5570322379514019
0.02982381614470131 0.18568900605166805
0.5756129490899153 0.6884137879535728
0.7926182082348794 0.5217636862767903
0.6678915788269282 0.6512132966903388
0.9309010022622914 0.049838530194531216
0.7398839441427363 0.6368664503062644
0.44308398268329463 0.6606393428754274
0.11333335117702781 0.15411232767923733
0.39549719208951584 0.44772095710835336
0.05419354157335721 0.5878919599752372
0.8391960507017897 0.6446623842316523
0.7829501513703172 0.08740025777594385
0.7950842702392333 0.5196538377386841
0.9794687014453702 0.2920413571891516
0.9874613783943029 0.43450411968438396
0.02617884552204708 0.6820587949532149
0.06776891930914286 0.004823258917527884
0.39150693263080405 0.8275582877397405
0.6004254551663881 0.4766424098624098
0.9637048750423243 0.19458745048465942
0.8069789121440845 0.643330371715958
0.6541865470405741 0.6705870986920028
0.3126871355438021 0.13226006920965472
0.5098790294123121 0.8945951110479982
0.19705622226201003 0.6175007844899405
0.8088680938166528 0.11578187452830768
0.7073643776113934 0.48592272918002943
0.7465206658229584 0.9361549153837738
0.25223416859528647 0.8797672881019609
0.7608141042231065 0.4521990765127324
0.12535763942059264 0.02712095563786776
0.8187153222333945 0.5443238189744048
0.15574121897823767 0.3707261945985718
0.9486553305483933 0.0690615921738642
0.6604641489333927 0.3708688980526642
0.5810709551248898 0.12248336630495338
0.4244645517811487 0.8909623628176078
0.9605720936780715 0.8052005205654145
0.5005751670655116 0.749135579232866
0.5892620781400819 0.029812230829384667
0.2744840522275356 0.044654769472944666
0.6353230601131687 0.41388613757041215
0.16596115683794577 0.16107377328028671
0.9828397685829275 0.36486432634924726
0.4500980877541356 0.08380149225782363
0.2848597152621122 0.9663969807162391
0.8147712077607363 0.11049092577977815
0.8044910689813347 0.7646913250561569
0.7405002337646156 0.17320817073073358
0.24101185964053484 0.09518222260940146
0.6846387279073987 0.6267550706816643
0.42439256349717636 0.49185969867063406
0.49089489509241635 0.9243471037043482
0.8893537407478587 0.8673516094300997
0.06480891219747953 0.38832682907298266
0.8967807909818866 0.6595610917817591
0.11030788818543913 0.4971311646596617
0.5459038566824392 0.8981033603775177
0.8306070964997248 0.2977156520257216
0.5718575622900097 0.9358511594738901
0.8325176196503197 0.665353389081788
0.4999164662313986 0.7304285802846799
0.20995072724126462 0.47424578013147456
0.30760071139547307 0.5782171900975521
0.7235019889553622 0.9215582230992054
0.026793665067345263 0.4803449455715869
0.8679031524171843 0.8532217892397642
0.23750975132194418 0.50276336417355
0.6699213726604205 0.8408463406789601
0.5731929331508525 0.9665826967311837
0.7273208495463352 0.36126332330245847
0.7765600599716169 0.5505041347767836
0.26983900038097586 0.14048169546140876
0.9323332667488444 0.5125956069600279
0.8393850419247435 0.2755443946027041
0.910408383989268 0.11402179034252335
0.1546999202263557 0.7554741220151848
0.2658888670317001 0.6094014575974269
0.7837207213390591 0.9549985304143054
0.030821295879267963 0.5151052317460352
0.9248851456592495 0.8012549122203525
0.25425486738707814 0.5633443923338939
0.9887779585718675 0.40544221173304207
0.7110385567571011 0.7235116244098776
0.24308695097853095 0.4669085980459595
0.8483544767789755 0.7646848456900281
0.3517073416644696 0.8612056409780107
0.1233925027483509 0.7070557182629453
0.8599330401367111 0.39404254881723033
0.7637454911866188 0.08006178729884827
0.3212480618630438 0.924071080324103
0.3567602185904204 0.3144528309821293
0.1844050847434282 0.11340464212625401
0.5003143193404074 0.9075560699479328
0.3656638740206779 0.4869519090773178
0.06564814755549642 0.7513003409788803
0.7405972777428125 0.41931748190672447
0.06328175194010521 0.9978599789747575
0.1704995267741125 0.26238837807866466
0.13434175928983771 0.19276878614623194
0.2796385534248429 0.2023460227513325
0.47670593334836586 0.6802393696021489
0.8845222071545762 0.9860521017560924
0.09257581195928255 0.8176915700667584
0.05322781054863701 0.9447191216093884
0.5839088024084158 0.8643366093277682
0.3954021856343499 0.17063040402267893
0.1797032892802466 0.6309133053435372
0.4818996633357324 0.2634748286128614
0.0579748898238317 0.27135522668872514
0.05665426754674785 0.28464530951687994
0.5783429784213558 0.9768920835117287
0.796763413090237 0.3555317444312849
0.9894628414605309 0.7715940971456257
0.7338994171189328 0.8171053471631231
0.4741602210266085 0.655070245195128
0.2781818942331895 0.4140013943017262
0.43208221333442887 0.31392469610633045
0.31783975351265426 0.18015997292186747
0.3635780305356413 0.3624979263281214
0.7252034313487832 0.5746999009171985
0.1502204624767638 0.04405225950576552
0.10473089219021103 0.6627711662488036
0.3326798998768754 0.4068782940010802
0.6017405675369016 0.674323765162496
0.6153927059732449 0.8513857783430354
0.607443135330163 0.841774164446849
0.4605911775227247 0.3542059630098582
0.14349939266133482 0.7898013148010516
0.6316217493443586 0.10081471823573396
0.4594661539856655 0.716052358990771
0.4122525136814472 0.9037045243466078
0.886401260112432 0.08346323998885774
0.049904312355554925 0.9222200705588732
0.29269059627774263 0.08418763568918464
0.34093494031073357 0.8360773151421983
0.9924548217254716 0.8764855364873168
0.5647117362876939 0.2531802921844357
0.2079473770698328 0.4278374776155187
0.46505016215210127 0.9374547780604019
0.9131024629459319 0.5910021924946969
0.7806617474930286 0.29570497291269326
0.00740332796136256 0.9960223484443014
0.7260914639740075 0.73954318529627
0.4571425513454157 0.3939333910964187
0.1658847867752924 0.9589743480353017
0.646419885512024 0.3509763794989402
0.1423438208504919 0.9337326178439187
0.2145765068853147 0.8011537900387269
0.2830641916259269 0.18191653370513694
0.045306633229838855 0.7066235237913971
0.23017179601688853 0.6836057745140227
0.4391734293628635 0.7203862029369872
0.9101390237453373 0.4848875608988412
0.7581175387311376 0.06642913737030565
0.8490630051505799 0.8994195374702196
0.5762276757749039 0.7292075446890527
0.6269203971083372 0.6942277699761452
0.9010725107128716 0.0706837785130281
0.8922246747784257 0.5155244344879375
0.8987902288871055 0.3013362307781724
0.6923740812835852 0.9094496143954185
0.1985280992763201 0.5974863340362286
0.19479033029538884 0.1397821434977864
0.5880372967284608 0.056168450879621856
0.9616299845091805 0.2412367648499545
0.6896788014629576 0.14434049637862256
0.29874981981586846 0.35834145118533733
0.33190353399319084 0.6944014224696462
0.17653870949005834 0.7475609387788504
0.31198127963149624 0.524644431451653
0.8769644667131185 0.5192523765690531
0.08983907433884597 0.4066803801927512
0.9328348646062228 0.45693729696528873
0.849009474730613 0.7717298284401246
0.10747348655682032 0.6945550569147547
0.15600121709711434 0.29383376052250076
0.7397153029796573 0.42375527051685324
0.9459991713150897 0.3465487117080408
0.14582798205712044 0.9363609545861769
0.2201764672915738 0.6221854114444962
0.30682456796111657 0.9306073680611486
0.2013775946996046 0.21707224892035648
0.1311185480749677 0.8256756365289786
0.279087328980014 0.18478224845136437
0.7626117274732465 0.7356197405776281
0.1694540214349085 0.24642749119088037
0.900840968373217 0.2063564233904851
0.05107601728905409 0.7945971496150004
0.9864552771384247 0.2764572393201443
0.72299381259245 0.6526962467059727
0.4935476734479709 0.8427786806607989
0.9136259371759761 0.8438225447892911
0.3022760534287756 0.011300953170104489
0.5093309023166437 0.025676019365380887
0.6581100975953524 0.7907201224335132
0.1581842048398765 0.42400205313210937
0.267725069795284 0.6151771884733901
0.8376430992788748 0.9411617147371949
0.33830769553014184 0.8630026159752053
0.31036305398106 0.11724715993819901
0.512742584224471 0.47302313911329574
0.055614435899337344 0.37605602536297167
0.48275643668425494 0.7162219539779096
0.383578701711053 0.8835727291517459
0.637406340643673 0.21223861123896626
0.07148990574076297 0.8845680771639202
0.7563492427351153 0.9332276949731437
0.4882519724262673 0.5805429636791459
0.9781669072501951 0.9421281366961176
0.41677034592715434 0.11636932857922355
0.22081250948933717 0.1659015535022459
0.8281095477313856 0.677140093621696
0.8995145130075004 0.38408733085119495
0.9747603669808624 0.3600728702342182
0.46339930465520474 0.48668011117464105
0.5825396569981518 0.4252226061735731
0.07637265474245769 0.9090712913591394
0.5585281776719837 0.02926449829774902
0.4868911337235733 0.14244540478614254
0.603310175433293 0.46943656926189203
0.4592778438361036 0.5286409136537409
0.006863976173879793 0.32028799031891064
0.15364928347115692 0.1663664212195728
0.7151445418931004 0.8557469191563918
0.6168057402792133 0.7822443231052623
0.8886985583444633 0.3325810489010008
0.563836946993644 0.7337253510411677
0.3421051640090971 0.08515833743026624
0.5292704021116763 0.9880163033224958
0.3476046605428589 0.016342670853309205
0.3654871386776073 0.9163223809036587
0.19655994451623116 0.3710234774364234
0.4820053286529742 0.4183954456605201
0.2523321025736931 0.32866668580853076
0.957334399304191 0.7602618043886169
0.7180428634688099 0.3307201513803699
0.6612208845582488 0.4933355858008779
0.17267363203351893 0.9248650353183137
0.9425191458937316 0.35596494317054317
0.36683231252245996 0.3278369097667877
0.2934753021405594 0.09847298215560052
0.19922469546860766 0.781135466115684
0.5669354644563991 0.3509348593098396
0.1218981064548248 0.2017840155616757
0.4150997198646529 0.860851862285807
0.23772410813042733 0.974212218815099
0.9302929244460976 0.8598419345435659
0.7767383525911455 0.5996695306602755
0.2750868958315116 0.5338312015936619
0.16367800210450745 0.32113371633102594
0.39820725743554886 0.35030718399091265
0.6745097730530849 0.2845665546790448
0.8587211691701009 0.9245288397223677
0.45174915188817 0.9295289333081702
0.31775551678366143 0.36546206191081865
0.21398528574283304 0.4748905393793197
0.04150038610271589 0.8412197333841549
0.6144111917013573 0.11918617678166044
0.3591737461131892 0.620303643647309
0.059016171983494514 0.2912607997912029
0.4183848037768856 0.46944099027915076
0.5751921070929149 0.06244965239223865
0.431724052341141 0.6301200744493125
0.8169001799372455 0.3471338965131161
0.20490850993752896 0.2719918018147458
0.12439595679838167 0.44140530109994125
0.630677805064511 0.3344737127465416
0.7315729348402633 0.6438584566553065
0.5415090394542916 0.012882552453954421
0.7108276456478275 0.15367510414576913
0.08576416799983955 0.3444577957679371
0.1324408173919278 0.7059005073071414
0.0355646924319879 0.6471597069305073
0.16719051775402205 0.3222768780748906
0.9887911821942148 0.38155031733874667
0.36822847280934456 0.2867883240228397
0.3667168203349218 0.7912786427547569
0.14336269084501474 0.8152117223865503
0.6710673546386094 0.8739604406331514
0.8023943243993268 0.8602274734335864
0.7708050073538668 0.7173427798189227
0.0932924879496757 0.9849139201924102
0.6333556177767516 0.22892698754461138
0.8973664183606516 0.32581464021193773
0.3388496313317131 0.009119362151878141
0.19581965292898595 0.35169337123319266
0.015570288498383933 0.8960453063553122
0.5710034695058288 0.5219580360810321
0.3748254194579195 0.001957134957665918
0.8023692130934865 0.3083584506729413
0.44741648972566694 0.21872612087067678
0.8684795390215327 0.8132869891046697
0.6855961132606241 0.9229593395876794
0.9835751609182524 0.044871568537194984
0.9672467234541342 0.41041890253592705
0.7663225652256558 0.13613640771896418
0.3398667291481392 0.7270693566385391
0.9994654881066241 0.1414247545101308
0.15641747978562015 0.49068588421659287
0.9759900140641182 0.6575429842687561
0.018628522591406016 0.30255872630211567
0.12655738155232754 0.5475620209052017
0.049152067656976994 0.4256862777216368
0.1536263031599463 0.14485717200116222
0.07248096608462706 0.8826960577039527
0.8499260801744084 0.37871728272989746
0.7597661010355092 0.2748353554429752
0.796945885032186 0.2541356673715014
0.4359113239775583 0.02029176113277109
0.7915574426314946 0.464134313975924
0.3488896050754482 0.1293293902871684
0.3322705934678869 0.4241341435955055
0.9045712527122929 0.26236528967227923
0.48564863974848516 0.7088057971698409
0.208506347893467 0.27422657769450187
0.2806925694928144 0.7341667247074839
0.8531865136203916 0.5415930732700489
0.2807087564627513 0.3262958967822358
0.3855072782689908 0.6545697647301139
0.6969479286574931 0.15250772241607846
0.33933207416160105 0.12004536667239663
0.9598629060666029 0.43420854890109717
0.4302574255094336 0.9299818008014136
0.11223620613272378 0.1084843153405004
0.40898555954414717 0.5784294474788834
0.7616272940980275 0.8622549452756594
0.596794078267799 0.08971914408345394
0.2862159355489098 0.47840069356712234
0.4647852318878736 0.20990183535035478
0.41711054866060393 0.7447454048307622
0.6071537914364775 0.8849697265966638
0.32847379990013015 0.6644671910542861
0.900135970792111 0.014312090617906392
0.5737208774161637 0.5546362063178121
0.35707161494018136 0.23430000543645146
0.6265193670772358 0.4422699665477381
0.11785685711962768 0.22111105139555165
0.10437826850550835 0.3848808284503411
0.28882132625450385 0.668341499833349
0.1796090334095235 0.8007467201247145
0.6290335628644812 0.29580571782552667
0.09360591890026693 0.5999741822151119
0.24969759131524394 0.12395353106169726
0.3778089175127848 0.9855640705806934
0.2602628133858407 0.16520299237825453
0.005882971036575091 0.1744960200907364
0.25843453376329384 0.9306752174107136
0.10954021004568348 0.7380494267240136
0.3054829178321954 0.013014540642707129
0.902480075392774 0.6102224076921243
0.3144384367533526 0.0620103496912765
0.9329294882853856 0.8769400173615005
0.30157452531394147 0.27107885489238437
0.29332617736819655 0.9731408989461661
0.5012252667014707 0.7475635712164255
0.358613817672645 0.6329632282455782
0.4348522669406232 0.0799059763725285
0.760723346312304 0.15712623127745617
0.1298879199734999 0.5859864124437733
0.5330286573399516 0.001437284150997531
0.13328810169571947 0.6450864205215476
0.8869661893465426 0.30842851674122507
0.3580421179276818 0.5756279012831802
0.14775195410927933 0.007983940476904205
0.7399363028956845 0.5037970708052828
0.866072130001974 0.48999906177119446
0.4657733055324744 0.1408688347725644
0.7229085222906007 0.923870811481365
0.9420007334435505 0.25496499659845084
0.1111762415998585 0.8548607156600598
0.6248352344529702 0.6901244128347461
0.46389167425465283 0.6137719341541659
0.5766954660492727 0.6954812222990616
0.9705251208958561 0.6774036204416101
0.34198151694935186 0.5035771396597908
0.6278078884299143 0.21025385659599038
0.031132242059761284 0.35726858869298583
0.6489686527314837 0.14153324069398154
0.01352800497633555 0.5407441717363994
0.8834431646722096 0.9365088516628441
0.8332768391608361 0.4088358512870889
0.05927386934272927 0.09291356476456158
0.38269066181573375 0.02319097215883703
0.32811517367200627 0.34645170253406876
0.3845086445967181 0.5106092008408365
0.1031218931678477 0.2939239922167429
0.00478571024665797 0.2702676634865322
0.5521848917242977 0.28557666264990744
0.08553876561252638 0.4355672045091923
0.3518614857168869 0.14190200475776305
0.8802066415747867 0.17404902165950897
0.07587902319506346 0.5228539125543916
0.7292147545055878 0.43108472802396736
0.7799738787848232 0.6993320097027405
0.36362053994283383 0.8036677200832605
0.014445536963064054 0.5140320772737783
0.971706650706454 0.6898852263758162
0.5144309580068489 0.3866540967814245
0.030247814493789216 0.5694066372029396
0.5380343587808316 0.12453050899192109
0.07373409218255556 0.7582221997973226
0.8522348462253835 0.6342661196701058
0.9310137298937784 0.031652498412797936
0.9684289854626702 0.07486036399603013
0.4407679798730213 0.06971382257033265
0.7611301254578153 0.5453124964920193
0.23698263422596133 0.6604044416525097
0.08223073670571601 0.1356387639488068
0.07642272225660007 0.790729858552855
0.6816401629637994 0.2827227474355676
0.6652571631828279 0.16637279969975727
0.5753359121288593 0.028496032683918315
0.3735578601517249 0.7621935181048483
0.9128715978301101 0.44820491943600427
0.8932144485678764 0.668452982045699
0.9127838224353124 0.28717703722027754
0.5607600026999229 0.7953789622099867
0.815157318443352 0.01731729844862362
0.5504825742556585 0.02884443526737268
0.7952387767031917 0.7216422592542493
0.40514661215822145 0.226049942717373
0.8680235892931796 0.5255305756771909
0.21638708995747535 0.661722691843335
0.4030135169266418 0.2799232065668744
0.7755911373114632 0.6953170965109905
0.5598167515925596 0.2041145942005249
0.6518371605175477 0.727977951441483
0.5691149833979938 0.48277314076347877
0.7394244267951497 0.497782898346927
0.13530622978646445 0.5234866780578453
0.57144205325941 0.8304971019114755
0.9341432626809782 0.3854180191249308
0.9468632297577504 0.8992451447689946
0.06684872680359621 0.6357314514811738
0.23982736503373325 0.8527935825099324
0.4115593820501644 0.7664580454278833
0.055252575214078226 0.29648076028519665
0.9149462560105615 0.6037859554864182
0.7063427284555008 0.05388188364323332
0.03373191315519697 0.8342321884741386
0.06892386478998147 0.942872773993342
0.4133088745245521 0.7988817772329886
0.18568750262319766 0.3982595952702279
0.9350168147463958 0.9745522392219852
0.3521396676472168 0.7421708793981581
0.5009996107118468 0.40305608060712017
0.5075435513527033 0.44245955327522246
0.863902419627367 0.5373587915214322
0.6367645424619919 0.00456081813951692
0.4384310567712988 0.08656671791645398
0.7864868336021962 0.3338408364433463
0.25250578494887854 0.09006106531511371
0.11691253132583301 0.9137081472598421
0.25680074645779194 0.8743306195784646
0.7184783328001125 0.13057898962412584
0.8734938330785793 0.18400486233112967
0.6267150085761108 0.15386187504221138
0.8548190630891201 0.46734954366399717
0.4071741642442863 0.7958495751667909
0.6284665044953635 0.7193477601670109
0.19023488951507006 0.25457931311165605
0.193988851120114 0.7867144747419037
0.9844173006435994 0.06510620049006022
0.9081055146107186 0.5653440354074097
0.7353739633717034 0.43618894948716913
0.5554325917502334 0.026183020380636357
0.623629343319436 0.40080647253108115
0.9883344450547578 0.9792543622237657
0.14582367570251198 0.914909432541684
0.40010831701424654 0.9295898250709809
0.7262803122966421 0.7345405311177391
0.18561407913336736 0.05590633033649928
0.7007905360272737 0.6899130341611803
0.5691176158832749 0.08613284291685241
0.4579734758873597 0.00018519575455955284
0.8688391617943678 0.5416653626010677
0.8091378221128642 0.054191752093357914
0.48927641591561666 0.44693716917091164
0.8910469952460176 0.03085175354295555
0.24795067107193725 0.20787036112441748
0.36227436190446727 0.5918542157307767
0.5754268063417596 0.2417988246695164
0.6158940663020573 0.003352142280231396
0.3270769956024553 0.540517015470287
0.7631698939555629 0.7878439023615669
0.6909066150956595 0.7443882903055854
0.2540810519378909 0.47046728500869994
0.7905583942937255 0.41366177251021163
0.8045384620666527 0.25914043680214216
0.5741432445339962 0.9738279286207829
0.49376292027959323 0.41596958178956966
0.670459967163336 0.4520284696763708
0.40913785515493517 0.8392686126040647
0.27865154637529277 0.8130170301115431
0.0976067687236557 0.02357059538244477
0.10471639153684631 0.4230504956383232
0.0007758742394208262 0.8668895167288693
0.6109047216258361 0.9423265071762723
0.06523723465279518 0.5191332906585611
0.9331257651435478 0.17462277988383046
0.7807112688845723 0.7478492595965782
0.9622046997411002 0.8192110267886241
0.30636126690724375 0.5573381152563688
0.10498531765380559 0.6775989170748957
0.3999956419360533 0.4279551243453781
0.06253999360094609 0.9128966188568823
0.988062841328593 0.2328781154509314
0.6305018920778431 0.4039752009143982
0.8614871687757639 0.9940442161871861
0.43202018518251784 0.8119387858278606
0.5505838476343168 0.5482053678103744
0.510656193069821 0.591992142311776
0.7595468573948776 0.34749070515419356
0.9727482360420299 0.569563960007619
0.2343843163074304 0.12573387446407724
0.8819167289217109 0.837851991334853
0.35811563966424864 0.22502488170628032
0.44044415269745496 0.3131475894299971
0.7049565382537801 0.22237433817702712
0.4464182640717751 0.12670048215825558
0.6293886004717986 0.6437142480918809
0.8862653900629596 0.38434699123641747
0.00039963470499126963 0.8778791564435566
0.8934893061722242 0.33022665927774697
0.6935419961772518 0.7223590632930879
0.6963903333113426 0.22103732056743408
0.23287738082255238 0.49214663365355227
0.2682988957700694 0.5079438671093714
0.7549224022098011 0.6750927782495519
0.8030216324770656 0.4581514120342849
0.6660842701665384 0.781712438342401
0.8584573289825181 0.6160942227446873
0.6838192431003183 0.21641741981303508
0.35275282913365147 0.27764464748964546
0.7289923113698251 0.3828431089858222
0.5190646677963651 0.6514784109167899
0.7420068126294739 0.9518467324247877
0.6139557995688762 0.3723637182269999
0.311324641487303 0.28869103520592754
0.6100181389456736 0.9311471005025129
0.3160288236945519 0.6852179485984822
0.6519898398534993 0.9896471487694545
0.886898271812127 0.7763702917746216
0.1339997620179596 0.09222897695649035
0.9902842849145665 0.1937042802868958
0.5993876636554794 0.8340107716186296
0.7347744770809241 0.8548971372967868
0.7972977716100673 0.19046523557174444
0.8527366551851505 0.2949627072076084
0.8162649171369976 0.9018998112927197
0.1281048286425286 0.041827398805469373
0.34847021017066915 0.3190596475785583
0.19790060364836615 0.24429199500469045
0.25551660158234846 0.07647861520250498
0.1648620434540995 0.8841899298731435
0.9648719888400106 0.0436660437137395
0.2844432824557612 0.644015577626867
0.2723231652365379 0.7076928976837245
0.27860179508067184 0.4398469678392223
0.3444891668267174 0.47933325552340134
0.9545517578847487 0.13985129179339717
0.9672121522446442 0.19131702472591683
0.4199964181075535 0.984014891378449
0.7666383209594134 0.343057790355074
0.9611468775094831 0.30141764306505325
0.9935629590812785 0.12321121117422629
0.8375983691882465 0.30857845312600607
0.710806748845892 0.5321820691941288
0.8890601470271167 0.757946938199294
0.884960864729053 0.7119249126755991
0.12829747592676743 0.5233919168940544
0.19981723000940277 0.13185285513994494
0.6837593463431604 0.4389891004747286
0.4769549976705214 0.9891783562944727
0.814675739921451 0.4087081993154824
0.41804835496327164 0.6445359974239124
0.5227534321941822 0.7658377991936303
0.6211450835429315 0.9198041929335408
0.7793659966426494 0.028377499349339308
0.09782124987743201 0.6280359037742393
0.1586908201869397 0.46174749431397966
0.5665523359540976 0.15106728832886573
0.4926181336183115 0.058455114794103036
0.9845066707007699 0.3492976383650359
0.1335454397858713 0.6490336515065442
0.3618396302923972 0.4959177969524482
0.2049849524613272 0.4312562377113818
0.5452907456781892 0.695911532269079
0.9209041100953794 0.9797187797370206
0.343972610607584 0.28515554302055235
0.47238156349934823 0.2963936416802435
0.92654348088274 0.8105789359333182
0.908822277741175 0.22049197714871194
0.5851034453260133 0.13112780666450163
0.9274950521661611 0.6587932839936874
0.19014756274846478 0.2331139879856634
0.8097707564261456 0.07479724389612707
0.6223821825445734 0.33487207834664634
0.7384668683442728 0.7277962660544082
0.15211682779078406 0.49112612360715
0.035384924556682185 0.9379028603512654
0.5808060633050502 0.5288948538020137
0.33232948991321454 0.6218572968963516
0.7264870900993714 0.26184390565486537
0.7019274029280456 0.042057304019286645
0.7367152947464914 0.6502484035544494
0.8484492272102073 0.4007070987160657
0.9254112362929865 0.6185566328999332
0.06529500427839685 0.7973568559017119
0.30893288830743604 0.6047204181708716
0.9617504206373937 0.47762283344710554
0.41254462997923524 0.8110719619582929
0.27912869333169166 0.6394066338774247
0.6342752002582159 0.41166276324058226
0.6896626991269337 0.04410426647003418
0.9842255893553282 0.0065799886606534574
0.3526399864538421 0.5590338461231499
0.8058361565162 0.15873901448449845
0.2438984666814521 0.09613558208168915
0.22064617422520927 0.5397352702764993
0.6119060566254204 0.7719970261979539
0.04154704608123683 0.7890049866811586
0.7438952612342247 0.8221293399461436
0.9633924524206865 0.09539381143534942
0.35130113221817116 0.08231614178938496
0.11648572710306193 0.3687090904534369
0.837640834846112 0.5479689281917379
0.3623061222019721 0.8429764782738411
0.7943940820541282 0.9346842795648633
0.4547675297786202 0.6512611933375558
0.684707417665972 0.9298544296371556
0.7883847214165685 0.3613872655411452
0.12977376094343152 0.339536423354885
0.2902090982202441 0.7754066625336358
0.040372546738910886 0.4414145708163695
