10 7 100 4
666 471 885 662 1158 701 1395 761 875 1063
961 873 677 997 1322 1080 854 1037 879 1110
968 1063 1366 931 813 1238 1335 1448 928 619
845 1035 1080 816 1257 1186 1108 477 1195 469
837 789 992 1356 527 1379 617 1492 582 867
878 1173 458 1352 996 954 829 1437 964 1038
1478 1077 1065 1069 573 1092 1363 636 704 1209
1389 1119 876 1056 1446 1013 887 734 1222 1244
789 1037 728 1139 1188 1296 1147 1391 781 1468
843 1207 1001 1145 1390 462 519 662 1295 1139
5 3
5 0
3 9
6 1
8 4
8 8
3 6
0.6190177299600659 0.6828889135676346 0.4586918434687607 0.6395136688500846 0.3687075145441482
0.3438056734500697 0.7270675997630078 0.8790738407501113 0.9845807967378453 0.2532112539591851
0.7115440999784406 0.8408128370422292 0.7257358861653169 0.6170744759685998 0.3983546392331837
0.39152022131532377 0.338653830351451 0.3329029591397983 0.6163703812200838 0.3141490556160036
0.6157966311092609 0.8983525677196846 0.5352170089895225 0.7578798654093735 0.41962823760214174
0.829309212074633 0.5473388093683402 0.7389650025390041 0.47955945982357634 0.43172193860233843
0.5791777529049766 0.58682611998864
0.1702162409433179 0.6021342769970104
0.4367719873267717 0.922572798937455
0.12956282388906315 0.9086426590227616
0.7450721391744048 0.676682872815743
0.46626457384378384 0.1317171804703221
0.9893360810285385 0.5976600533841159
0.27753949020051705 0.7323135417881954
0.34694604460749967 0.5867236771462028
0.2775660265091744 0.13255170103309166
0.7864533875746984 0.008898461188118656
0.326309341265719 0.6824069237453771
0.7524668378553327 0.05602785687459222
0.2493501710634476 0.9136220652716498
0.7311083401552774 0.6222563596683437
0.36343774939383633 0.7448177024300706
0.679953747214677 0.09654281458668024
0.7031204178306147 0.1172876291335998
0.9885186830894341 0.9041047737079901
0.21723060839310593 0.8749012541098897
0.7516351960747503 0.271846825406441
0.9952880135887012 0.12707927268438457
0.023053505507497407 0.3930924073446529
0.9012688237528239 0.7511270268092589
0.48350925688634705 0.9438294438447636
0.5638958453547351 0.8071361257498535
0.9949560597868854 0.4125563886297483
0.3382912851698272 0.7717937823607786
0.03250973219007136 0.32542202482164995
0.8100576148603653 0.8318746195649642
0.22060923437643232 0.40595805526186535
0.3732667051902159 0.5462340931614345
0.6386626227163232 0.03161873380472757
0.12074861976940898 0.6755023694197253
0.6708474394222328 0.37960698841890106
0.668209279580861 0.6239933094885786
0.9815897831848925 0.02275553908406791
0.05664194916132881 0.27150132114148695
0.9584281442647724 0.70331511647223
0.6552587114076625 0.3885111036951572
0.6149087577207173 0.038561496737283596
0.9124334064935253 0.3259008856768395
0.7760844660466311 0.8317358622355051
0.349474750752065 0.4398229352657401
0.2827398560853531 0.23314903853638036
0.201790819420969 0.24442233050577022
0.1022023496221034 0.02612717632709427
0.914015793462502 0.1519404543793048
0.7871031497569687 0.6396973741032084
0.5019999167524363 0.25351900397484206
0.27530884299378977 0.3164373666506519
0.12224550262139555 0.9803005149202726
0.777651602399859 0.12427701687388404
0.11738362197030461 0.9031707063106653
0.5280164001410581 0.5147477021541602
0.1018184006970726 0.7556449486048953
0.07392147253326153 0.2545677241226505
0.762520301163579 0.28235080211299257
0.13118646211480778 0.20938644494167935
0.20239943094557744 0.06631071752858664
0.9914177482690871 0.4574118191946326
0.6984385706128262 0.8364754535514365
0.7476675819761514 0.4819506928162529
0.7530952716118291 0.6692143411829006
0.7699819262921477 0.5153324489705744
0.47583884729674497 0.3556538153495543
0.19059113387483206 0.6141318839013761
0.7937826183941894 0.11726927262119702
0.3776365687098602 0.10265979537147607
0.39484238007264016 0.8463212752207367
0.10508540702830782 0.05070210566420541
0.6158857128924071 0.550798455935809
0.8356842570072256 0.031809090159912845
0.150668806213476 0.3915177832228198
0.9550221417537303 0.49335163095908263
0.2875672236695863 0.44994523573758993
0.5291068656971103 0.6438296790138684
0.6067079698468487 0.7376488121408542
0.5888754138660754 0.5384777662143043
0.01736411166822438 0.2969382747649467
0.7693584243181171 0.8232573038128381
0.58785352935953 0.6416962329757256
0.14882114035338168 0.11274379270079882
0.6757993058234817 0.6710331103790257
0.39600135114460966 0.3362667769688734
0.6676854495716207 0.18499915533524347
0.12769415667484263 0.6415387840241291
0.2032672935523352 0.41247910500352747
0.32799046659237163 0.8941547674509673
0.012860875182982845 0.5394703932953824
0.2567218803447253 0.954400732904779
0.5931699906078327 0.7188435031539764
0.41838825440415794 0.19249710305933943
0.5793095130302244 0.3249067664386822
0.09235901043033312 0.019972793837571334
0.4013150102653822 0.025750755623779042
0.2542838832919794 0.20627252028787013
0.8800961857454033 0.0930482994038433
0.4579136737466467 0.5916767542326538
0.5993021044032316 0.25832944162389015
0.5056036753740112 0.18931320689784403
0.4162382721510245 0.42713520581163644
0.6516277736325 0.5127726200595515
0.8052706690525582 0.5492906992466653
0.00003188195512504599 0.4939046039258952
0.20808459220747877 0.444689420316833
0.06825993625939764 0.2628848262664083
0.13700080351951294 0.16536561913850156
0.07164627285853675 0.9049061150964943
0.8224901607991917 0.8274984168413071
0.9614699707612291 0.2927580349767065
0.36901304566384496 0.8826448489888257
0.03429288026003019 0.2862406562950608
0.21732523172725382 0.9555416080605332
0.2564207072343381 0.9822628163603548
0.04098693096887196 0.3933557439941391
0.8048698454562657 0.526983069915103
0.48507365720730555 0.5791463344451009
0.1041234251487444 0.7882328276488937
0.8263537394325795 0.6432470893322735
0.37892480675909757 0.2807451550405111
0.27864115143492496 0.00816976977775874
0.6666396486360555 0.6627443651237681
0.1440116877598161 0.4299682818553314
0.6113060227602809 0.016872918481619426
0.06092202335818753 0.36775527879320036
0.2937259097979743 0.22342953343740812
0.8853439959449099 0.6544012293162758
0.5627727306960448 0.19083326310230864
0.4180454960298905 0.07128897179903726
0.32010419138683655 0.44039909255751475
0.10023072445887582 0.14574623377388107
0.09504774454700837 0.6136345620018391
0.00608095657647767 0.6976686691499014
0.29359062647650647 0.4502417858465422
0.08926464575431714 0.4863649655443929
0.6611202754593626 0.5095039713080052
0.39154833767960784 0.989153134652478
0.701925347594291 0.7279967844784621
0.5894409942755894 0.6798524538472976
0.7004989758430751 0.8533998669452316
0.45485443735519526 0.009086404092754963
0.9249222386227611 0.7769240127152415
0.4229191771373091 0.5732003048013408
0.9367182535393308 0.6793627574534593
0.16531542992360637 0.37248295965398825
0.6106493586035684 0.8489986663425089
0.2118825455680251 0.6488894018505027
0.10327661263925503 0.04891478722653053
0.7502352673887986 0.7754878490821895
0.02949290865821652 0.08835894067552652
0.736378677034085 0.6052456310652399
0.5049271162603044 0.8391139381953632
0.9462663610509441 0.8430005547099217
0.5887218343796567 0.6015605614613089
0.21980107228830037 0.7082231432773047
0.3207347440325188 0.8989318420958197
0.49491627805926575 0.061602726853126955
0.6697924309839038 0.48423576470353846
0.09204080187213348 0.9754155877786252
0.9100589332874778 0.48481628066432325
0.22772211866601988 0.39003911171868255
0.33878157257826347 0.8754096391539334
0.5570169618967076 0.5193982630617977
0.2869037101035101 0.926792725086377
0.026232710018230687 0.15444531720925858
0.6551342437225189 0.5181121157174686
0.34619294950193935 0.7143529404837938
0.14942750023287776 0.3126954045459902
0.8499830020676398 0.9804083470189977
0.4593593023910856 0.4345363784248142
0.07580757259968252 0.31904494522297977
0.7605500971191732 0.7650218188092277
0.5914849205538759 0.5681664195713514
0.5792855696119741 0.079725588327072
0.252101370807746 0.20322557358757054
0.9310042567274428 0.4547173381576901
0.2982659730745847 0.35984720859163155
0.13999327001256967 0.18112150979130504
0.5448887478585782 0.61005872439942
0.9671481431258351 0.734847453784724
0.9056465831132197 0.6643199808104803
0.33236333126855366 0.016063490702494132
0.44167859160593004 0.36975079110211584
0.2583023795863011 0.26490785818321294
0.2374885150459578 0.5856792332284595
0.3279585370310234 0.4427227769913784
0.948006277607583 0.10378941520972584
0.5529389561317675 0.9585574389067859
0.8864966987168335 0.16178275727144742
0.6707277655834458 0.7423627837279692
0.4177342139974187 0.24173102807333668
0.76128848255321 0.08336964936381164
0.7649517242973625 0.5846907241020807
0.5192738772205985 0.2630236847858467
0.3704668920637837 0.6576299150837315
0.9552380037079296 0.8935974496573293
0.6484513763811668 0.969635367107909
0.3207278884924356 0.43790537736419743
0.28496115114391984 0.889562737615047
0.019554881811375102 0.1464491895402602
0.08566636244939096 0.9789260632747203
0.5152709487843774 0.7182824271883512
0.002947767001100221 0.28793611525733276
0.9231707523106114 0.9382157658758759
0.5968943004538596 0.8136978242375117
0.30326428819078144 0.17551206553887488
0.6594403423860216 0.10706884617671375
0.14914463390748534 0.6320977001244033
0.9579613375893428 0.32876606773370787
0.44446737919546475 0.14319579028890428
0.5648500839895993 0.6885045001690133
0.6451862197383409 0.9956543279104018
0.6276936518606264 0.3645477541649693
0.745800211000607 0.21223406444024895
0.04195960799840881 0.6781675310286996
0.6716278097943469 0.8827478562950426
0.5829732584897331 0.5366757690302668
0.4342354460980753 0.027041926470589006
0.40979083631003155 0.8478477499678374
0.5206244823397175 0.26085607115648424
0.6862620845933747 0.49992724859629045
0.04535878887772338 0.7821267765256956
0.33346643104120277 0.9802249659661062
0.31399472112064797 0.35677642782444674
0.6005458325034625 0.5074072137731156
0.13838563237165036 0.5223347995791516
0.17117040155771357 0.7578914590045838
0.5054499128663181 0.7314376675951471
0.8307445821761099 0.30144620803137867
0.5187672719148932 0.303800546522663
0.3004584296249133 0.8612506989305531
0.22849155971682533 0.12256128246830111
0.012008067751457574 0.3852236537398346
0.9073611268408406 0.43296849476462507
0.899848446347673 0.29781622001974717
0.5982260000580781 0.5318832862243319
0.07616703496076505 0.7988300358855491
0.06628465468802602 0.004752515469971463
0.43444847740543846 0.4315574392014807
0.07615108686931826 0.043465132488887726
0.9178463587348222 0.867032543176528
0.710329241548938 0.4690385888199531
0.1296253301324981 0.061131812775137684
0.9529765782015178 0.07112236401973204
0.12957694420805232 0.8753919018965828
0.05453252751111837 0.898217004235486
0.035745889385243146 0.6252525339215815
0.7652765084456818 0.9862533300866783
0.5721822261455871 0.43440466486863083
0.3045477287722993 0.18785507186495942
0.43594814917890434 0.5809724137109453
0.3846290530625469 0.9415551539032674
0.8136432673848435 0.6586572186829811
0.9167105989025428 0.4506080252191511
0.5364584344200882 0.3371730652362903
0.23785287859577742 0.6918597934939015
0.19019378278603605 0.5401779093860855
0.4563302945674528 0.28343982014665103
0.20052276634685984 0.7230209159029564
0.506142574909062 0.505639615065445
0.9892620346343606 0.741697241865908
0.06786079451179239 0.5700457602225919
0.7530047707088294 0.5385463620772131
0.1637924880215107 0.9723633095302389
0.6354286922759105 0.07870820670654588
0.6658088068548533 0.05295532206561271
0.9570992565245211 0.20235005763528524
0.12535199021900234 0.7332187891820006
0.3079122010197435 0.03167243250781815
0.24960313008616608 0.8664597704617403
0.5114952627016507 0.024253988438740492
0.31853843898860346 0.7034854270297852
0.3040834187892012 0.7822780468253077
0.7321161930522571 0.017867468336924652
0.5386198876189836 0.9994065135644055
0.7774320572018383 0.8244637887407178
0.28446954249860035 0.04222722936647427
0.9922944382497414 0.9852639971037291
0.47648878047091214 0.3636172929680326
0.34700877614776626 0.8955913850887749
0.0522038448923714 0.6605187001381643
0.5567398150045575 0.5012990970091789
0.7317283784363078 0.2840934187820652
0.09815746698583094 0.1763123542376921
0.767324592859751 0.2212442000964816
0.9265134723989068 0.6697718003089512
0.040371880497725554 0.14016624898123964
0.7663776054697704 0.14268247238813703
0.8379186355279371 0.4452765854662277
0.5328363905307059 0.7292744220935226
0.8850904042445529 0.8164073189533774
0.20604290619426835 0.3120935684736388
0.9844275344043463 0.4277896287128231
0.0925341005814555 0.7228331919523991
0.13151601200092 0.458242105212628
0.07202725408693222 0.47073255969417716
0.3988539641279254 0.3272295325160586
0.5705542416301443 0.6004736125968402
0.8579803295817034 0.6038184754300531
0.21367419943325427 0.12007548610686292
0.14995721595706923 0.5127891611706876
0.9671388747688299 0.606589868426282
0.12340387910847839 0.7052457178181057
0.36418686316106497 0.9133464182963771
0.6157245553916375 0.5017175840379222
0.1948992799696374 0.3340321975870728
0.3747259121415092 0.6962733499370426
0.68308919857651 0.18047975390962478
0.47321520735153344 0.4610571070060039
0.9628484527838117 0.3016476829554955
0.11802741840849018 0.8274471067131519
0.9744734419587546 0.7317228923239509
0.2003973308673319 0.3746303567015954
0.30270905428579553 0.4806536606868397
0.9953970152184362 0.555986297376502
0.7260955737992303 0.46452063181790026
0.7109424042429615 0.7172391563165925
0.30479412724979715 0.6451592119373475
0.385045643192673 0.20451115360503125
0.7616521596736074 0.9081766067286232
0.6494939606549779 0.28182143175983265
0.7114023095011615 0.6348675913679764
0.2454792635525882 0.7054387060683922
0.7980504406722617 0.9622284677994628
0.8867668195023564 0.07657525540179955
0.23052620927489875 0.6340375337408932
0.5104422455118927 0.16924552729536813
0.08802333636663762 0.94082989514619
0.893180682177384 0.43973611107984545
0.297089337224411 0.45487912476052594
0.9141429573331994 0.831574494070032
0.994881071535699 0.7743445774399462
0.5129791113003641 0.12268003307072628
0.356505161958224 0.9076336833708438
0.35045708946449317 0.8728658232046351
0.033319381306873064 0.8590827941539505
0.661992666045949 0.2578431847322431
0.8785885750561642 0.7139208991762178
0.7804843306014748 0.8454466415098958
0.36212887557400775 0.004532537580358875
0.18173265727747712 0.4586443582133193
0.2076039487387975 0.10534083221754997
0.44633481474034276 0.6821416442693236
0.2070209840135786 0.4344988325600019
0.7187404129264623 0.876639393008531
0.44778392701938885 0.6909643126379321
0.2059620133816229 0.8083893503687956
0.44730198965129975 0.6531901413054109
0.5305726908149935 0.7018186287704495
0.8805225072668594 0.2581299352702793
0.5054434349130237 0.561183632500242
0.7866499468118167 0.4721552363760795
0.5424684839589053 0.27479024245908734
0.8912764297064772 0.7961229582938565
0.06968377773475098 0.8714785125843536
0.7953544153851422 0.1515814590598359
0.4396074397632175 0.35269417022732874
0.907164464558015 0.519404953052653
0.9481652255250128 0.24899647697639882
0.12658948564819905 0.21510907243654986
0.03519127146696155 0.9039938912269876
0.5761039163277002 0.3815122054250397
0.31893986511357153 0.8141216099664821
0.4073805450380821 0.5950792912378056
0.7063663981157522 0.32037046778442013
0.35262111938629426 0.49859855646300244
0.48435073974012544 0.4236914503919338
0.5942231407395133 0.37139204709711837
0.7800687543176721 0.35738176704005253
0.3864721003790743 0.03769100966702399
0.49313684730406626 0.7455703180481821
0.8618696297844084 0.5652869620997545
0.7748285468403731 0.3079460767959086
0.763745722362748 0.3049135756398409
0.02325929857733744 0.7917009531071431
0.10797326652233896 0.9036178691335652
0.9982266744042834 0.28963110251103164
0.6853918615578924 0.5676968176476496
0.10879691810426184 0.4036709247883452
0.2638144997097247 0.21910464739842528
0.9793514507251733 0.376882578603698
0.4770481601164185 0.8671003171844447
0.2502109762622129 0.5524565852646774
0.7432667651832496 0.8143896042357655
0.9356077147268984 0.2454467753726981
0.7758295975435296 0.4502117066354283
0.3617417703450685 0.8954376928590293
0.2473377662755465 0.41072289798484185
0.29117212958954575 0.4150212648020486
0.4854194759847119 0.26703988841161697
0.5528232320099487 0.4220936045749024
0.4575214699148953 0.9915103006356387
0.7115789859048955 0.9668188492154273
0.04273348225349105 0.8256794787105004
0.5963579251477351 0.6554846924496613
0.24620140551066716 0.6654242883328041
0.034444433150194076 0.05265890074610646
0.2636650922145405 0.9609254953531723
0.5243026318306188 0.3667707913827709
0.7202968302244053 0.29677444474300096
0.49694477108150914 0.528769815603507
0.552686998517089 0.965587587994083
0.741042661953945 0.7800874157534836
0.7986165238715452 0.13423889256045562
0.2779262798639357 0.29420670942226335
0.24088241307660585 0.3655235148398748
0.2983300958897277 0.08125661931403894
0.8160315949157513 0.26414980711086433
0.4429916174950459 0.013946447337254586
0.8148908296409005 0.07158769944493026
0.3473574780077415 0.8504099464350481
0.38184183720118003 0.9517513339673436
0.5826011636463406 0.16420098030815877
0.17375231153045623 0.6940215154819223
0.4168040587521782 0.29060739642634603
0.9257963106240583 0.9220453125630768
0.3239784154407117 0.5103787043537029
0.5925640863164026 0.3972388755405194
0.6771076179604929 0.4565668318209426
0.4868791238412553 0.32123199778920064
0.406162131865494 0.927849687147906
0.36191873691764864 0.21113073776337177
0.22963247053141433 0.26825645559268807
0.97109081252529 0.6839470882526248
0.08530693067351569 0.4405242594198122
0.786969936704121 0.8459410492605097
0.3591454627003816 0.44282453729288407
0.1182178835383898 0.5488376232224808
0.10338632716000262 0.39277760717295696
0.6812634648732987 0.5880660334323065
0.5644801964675326 0.3062038231087949
0.2889218767402877 0.12782818590046907
0.7573078185290696 0.40205977344622745
0.6423830562660899 0.29005828977007075
0.19969756059531618 0.9550903826481014
0.6407901301786982 0.23485006801661878
0.8446119664877516 0.08126453645922393
0.06814956883899259 0.9858368546154339
0.9328767351144864 0.36251503100276206
0.6583656441824559 0.8318517773587308
0.2715220860805039 0.243060666147918
0.5928173374333106 0.18573085256745103
0.4796543184761708 0.3409215274513788
0.17791299574934993 0.705036330769399
0.7791140758027988 0.8612849589968805
0.6071771905399674 0.3825599278475469
0.518655917704534 0.26215676510969654
0.540431113395182 0.44209236986093403
0.2602094805115982 0.3481466214212037
0.6132211330006032 0.008805911398335642
0.2431486067562465 0.48187168818055803
0.7655411322110803 0.2800895489045896
0.9972402787942138 0.8227014934630181
0.667086837312292 0.5210894487727498
0.8364153131037755 0.2793288096585709
0.36577713834242154 0.2643623155994985
0.41753605193518184 0.9212190655422519
0.49541877287745617 0.40188674967201465
0.7740210052979322 0.04270586457278713
0.5951323391798593 0.10151342306833322
0.1958187162062417 0.40427918432641285
0.028300198880208294 0.5490819584841147
0.8924162107826117 0.35318926337168577
0.9635534931883241 0.5447530073851916
0.3993612440956844 0.23325254179547028
0.6794187218986212 0.30603447790464
0.5193746990425627 0.9612802827324733
0.2863006510297843 0.3324825398939355
0.19430145687421074 0.5600535549832579
0.3973686630940143 0.24171981440317825
0.7122173426615233 0.5804284787056768
0.4185667184101607 0.7068454339903132
0.13684112025703254 0.19575785480888497
0.11566418034770631 0.4166536937627452
0.2583143484617454 0.3358507833711488
0.7455282426744461 0.557526095749342
0.022781602789057276 0.754005510002747
0.30270676947196784 0.2603120705555495
0.39891644720404784 0.22255667771263932
0.4449317138058462 0.7186949961310587
0.36472674991353204 0.22672204277639918
0.9181307638703597 0.7207315811920341
0.12705093925958466 0.4609402183344904
0.3730141631242452 0.8947333075023136
0.011489659049166656 0.522655828538837
0.7693078485022409 0.5947885590495363
0.8537712514673679 0.11811292796273754
0.47384702890613783 0.13257284931533353
0.4478934854653518 0.6344035620680739
0.23486663802872365 0.9080268127143645
0.1623128036762631 0.8465379918231848
0.4531112127891741 0.4193892183948378
0.03804170516765093 0.864754317880172
0.40628179829760014 0.9110075860018925
0.7355492910113408 0.4121518978148859
0.5461449891083952 0.08047284433918267
0.6697698890214094 0.21395657947452684
0.10323789826291674 0.11918696993395583
0.8982517240288095 0.8135049211962577
0.544724924870696 0.4558460929867616
0.06902192991418965 0.7450394843142067
0.926077813489858 0.2226314361419166
0.06849206315099932 0.32921804365304186
0.6325164507839609 0.8854205580238974
0.16478028160681646 0.9793271368713925
0.9878419660970745 0.7770515980328854
0.039935884516541176 0.6181092471678835
0.7496669489805741 0.19711379682373042
0.7592150568203813 0.8117342014304283
0.2905111494782957 0.18459293463633974
0.7248658078867598 0.16012712573660726
0.3406250767911585 0.32745331681791456
0.7181447925939703 0.351778407627507
0.10279556723193761 0.13784159238946736
0.9706044227768673 0.7119538663085379
0.04147960119295879 0.8707896816552949
0.5417049263633507 0.330352633516666
0.822551370636057 0.8220071779842517
0.9525492732965806 0.5845454828446568
0.9619829263843942 0.008516237692649531
0.6320607616046816 0.07502624321055418
0.36591560906680365 0.3358672536265188
0.8072234239429834 0.3771073625311363
0.4495607105927115 0.3039532759483703
0.27109052649225895 0.43990459765576895
0.8389997762389256 0.49849174839294896
0.12459970367279305 0.8322055390294067
0.6433943367350867 0.8429026584979671
0.6710041513693441 0.3078655803756367
0.5371143812149024 0.22153030405958019
0.8335865621983531 0.5579305247416968
0.09665171341698153 0.26984843878453346
0.869101135582101 0.8621057228136202
0.5767992244716267 0.7379703827496309
0.3395807385697138 0.1278007810713
0.39876991368155323 0.008752068567118076
0.2081853935615905 0.8407917147236936
0.6437047219145062 0.3796210160825819
0.6453115081646068 0.45527523360412414
0.7516561901184196 0.47694533493261404
0.14122524237675216 0.06111765673238301
0.34871393903636694 0.8286982300272019
0.06822516728779426 0.6822323867137015
0.13009027995587608 0.3589810352654863
0.49826717821325905 0.7816700095428917
0.7639073835434784 0.9455920778428653
0.5447659972874299 0.8068422871911112
0.8375184143791714 0.3049835727448418
0.9405110753827584 0.47989046300177485
0.3392628980196515 0.231277595403794
0.739788186076364 0.6053270323978173
0.2201340825352338 0.8702643465951978
0.6244739893664304 0.9358414889254398
0.8057454011227716 0.24251827529727876
0.9201568506823423 0.9142992673896075
0.788514291497552 0.7179745966291382
0.11749940510100698 0.6906656110260139
0.8055059488374459 0.7224554132931345
0.7753880724637563 0.2759682033358375
0.40602338457499254 0.20281963885902288
0.708805468153614 0.8965895965232951
0.38560043248262454 0.47854177148545696
0.40001056155963277 0.5458152826279246
0.4144437540335555 0.033944972623511926
0.18622244300705493 0.47375020344527385
0.06932294379718895 0.6728002259874006
0.36737600788252633 0.3358158227225212
0.27542610248704236 0.2562696513904321
0.8623506596455941 0.5570231718734582
0.41409026149287653 0.5513458873803427
0.4688198248947286 0.8077174673704146
0.7383057396286583 0.9867836549175013
0.17931651526743653 0.5777452929443945
0.5179034984789819 0.2937427647189046
0.250595327787386 0.4541783261225343
0.43994777207165714 0.622208908145651
0.07958291330983558 0.17695994471767107
0.09162212056463259 0.4018803338219912
0.23603027327953252 0.8063665956485233
0.1309429325716729 0.4536818345476781
0.8301660988325434 0.15593392335032097
0.37461462905697984 0.32807246885292085
0.1539487803284474 0.7720985389920774
0.7603796642725393 0.3211468185042572
0.20014460063585915 0.6791692694613709
0.7262958885121746 0.18285933036529145
0.5483924611377011 0.37207165117164975
0.2539422424339943 0.6130442668098535
0.8196133336608216 0.9441446427657059
0.348349707538385 0.9658392728494383
0.31534967882448983 0.5290281337892582
0.19839927026214355 0.945318607615222
0.8033977326362403 0.013863470054533922
0.4945768366729919 0.12774723141695277
0.4620144052917001 0.9171885125106956
0.44682876858110854 0.30107313621327925
0.7769990539747165 0.7487272251539969
0.795066444478121 0.8896349943710109
0.4806582030286126 0.4489919239421851
