10 3 100 2
1489 1658 1602 1401 1149 1608 1189 994 987 1069
1454 1521 1325 1234 1486 1578 1411 888 1056 785
1315 1414 1282 1114 1182 1570 833 905 1057 808
1022 1048 1126 1155 1078 1130 799 1021 979 981
1035 1169 1031 1089 868 863 871 790 783 813
922 1102 1023 826 1002 775 1018 791 974 695
898 1071 1086 934 753 841 796 875 861 724
798 1056 933 713 1019 766 961 891 948 864
984 735 907 805 727 941 813 775 898 551
792 980 705 785 927 861 733 811 609 730
2 0
5 1
8 6
0.8771043166665748 0.7323316695170334 0.41473507029720125 0.4016622084329908 0.41224146936161277
0.9399814352592808 0.4377815685158278 0.6128867395219322 0.544981944845505 0.4198570640751552
0.5804028521780855 0.6504034132923373
0.9080310875062205 0.3702263244371953
0.5662697025403376 0.17122951041715773
0.4685482295950931 0.3064012851350477
0.5086583171179779 0.5456551918571801
0.4168750915960864 0.4793856425906686
0.42181330330111133 0.2677809188905187
0.4161366737019381 0.376806510500433
0.7281774374565795 0.7355886790902946
0.24028079344586772 0.20082597031356708
0.3147390433920869 0.15909512432924466
0.5835026182560163 0.8975335508281963
0.24217194406852727 0.7199668308819247
0.8263770689152716 0.5980510219768567
0.8896996575364149 0.3223134374422667
0.2912051743277868 0.6744133777503685
0.08035478322892486 0.006994239168436778
0.4099747774889322 0.008845897047662366
0.6762389888379541 0.5820332624725963
0.09838159834291149 0.25235699534726375
0.5199091724730653 0.5470718895261608
0.23709070921825437 0.1697593830801456
0.6956502263247635 0.8583519330796463
0.4315891877866529 0.7678834505355412
0.621085325417982 0.21735587394422318
0.21159955698965516 0.44570117444702984
0.9315298570439106 0.3148645891510198
0.18494565668363272 0.030322337049699444
0.679318108664883 0.13971985703508794
0.050235435013674 0.6840413454216232
0.8558510410444597 0.8749521184153695
0.658445694579499 0.8097323714460942
0.4065647570126676 0.5997757015502012
0.04652660931321018 0.3788729081469735
0.6321098635401636 0.4569128571214187
0.21325515676969276 0.7490404833077089
0.8732066803792413 0.5418069661211553
0.34913004538952586 0.31233619971525095
0.9221816912727481 0.9700373677466065
0.3447780130263427 0.7720751715068168
0.1467698647301927 0.45294220005406194
0.3205906044679032 0.30688340821424
0.7976205738510762 0.793822814406725
0.41593372350766433 0.8466421062682818
0.4923701293677416 0.6005659556716612
0.5215977242208314 0.36995902573146533
0.08550451452799579 0.34145918141042
0.23587747976705398 0.2874695931705391
0.7238408040334137 0.7106272826300455
0.7701677764257864 0.5574881651414683
0.6854634026821376 0.6264862158724749
0.09622978000201576 0.42129454984101455
0.40391756266691403 0.48339913553879144
0.7371217350079926 0.9118573046101377
0.019364270319950583 0.821755154528079
0.9503288744569578 0.21797782036929414
0.7655984515020753 0.24549006646450433
0.6153044223782649 0.0898213377356003
0.8617177429235825 0.9937196236817962
0.5126895086428525 0.08509736990704342
0.32206965731061854 0.9918495157887524
0.549566553548823 0.6327170513724814
0.6851871374324201 0.7465378272314356
0.3147348689082994 0.7212327921476429
0.19185675533435864 0.46637834099597986
0.041058116388463795 0.23849506454099756
0.5065710513516257 0.33154886064240174
0.9030517670393363 0.1944801526750226
0.39557350282083314 0.6128807937092613
0.7992577539485015 0.7512144586100031
0.4027629919550899 0.5890265535089985
0.639212467390391 0.8814696185020667
0.016151224499006522 0.30448802262550423
0.5384603876599359 0.8144772276122121
0.5442983686613487 0.8642061639976277
0.0374225259832448 0.8355074297341005
0.7809635826044634 0.7638092893151156
0.3001139340071879 0.3791421663450576
0.5684649491688512 0.6503746092513929
0.704333736525405 0.681247079249429
0.4128655102542218 0.5838631179241993
0.4899756804333679 0.9588360744803885
0.318687983779562 0.7227063545273633
0.465189280178093 0.13874532272340523
0.4953507041955292 0.3738156351147448
0.5797376988473486 0.776555150803053
0.7264609184405435 0.6542758472959997
0.4007211096094705 0.05371910205347197
0.10398947714536333 0.546877759871226
0.5658348122729395 0.1684585166015946
0.11016885372009 0.04556605939985059
0.0520030657282895 0.6344975493265399
0.8626604378899276 0.12625591126829394
0.6884099015905967 0.9998307703359319
0.39779916055218845 0.1980973259255805
0.4080738505686654 0.011211907180853853
0.8308917356011376 0.7596201572299102
0.05240935030610738 0.3021703654260297
0.5218758172632882 0.03503776354421251
0.886972127775427 0.8056283501453834
0.5243392832267129 0.7011367799991084
0.4705861763462831 0.7905347768183733
0.40208569304943986 0.5031697786106937
0.27464672032667337 0.8487601447059658
0.612747347087367 0.8419803262729801
0.7484574777129143 0.21691072714124404
0.423910145447457 0.8066201586338626
0.7463027700876557 0.9090719481177234
0.6503861922980552 0.5383771100869308
0.4392247595264822 0.49229532944023635
0.0332051334963801 0.9490644896756963
0.018834149411812273 0.4491917251876607
0.6335976486915458 0.3962928825357195
0.44007216885364 0.4739154312061902
0.07971739368183184 0.5524144571992669
0.587812528971734 0.8989970062283386
0.1313591010073334 0.7417087563119442
0.6893883321796423 0.9864164627428478
0.018241260156509176 0.22914218661026542
0.7449306462292671 0.6297709769534761
0.9820473049416207 0.3916559433273603
0.025419860293519836 0.37991432148166027
0.9274216346906563 0.8930855235701147
0.6147278554206106 0.3391459882820014
0.7626394328620916 0.0004283229099379948
0.9629084159132117 0.7588502790765448
0.6345225532091734 0.8756581353488775
0.06047076239068461 0.5565609201661288
0.08978791643397255 0.7327184608899235
0.9166292611944176 0.49330187565921646
0.7783800870668334 0.8396821142070765
0.15639798209867628 0.3499676474124265
0.3025698747706378 0.9284659111769078
0.597197325745511 0.8443166386072884
0.390941823399904 0.004352618971315447
0.39702350411790666 0.39077433285957563
0.6022933118227005 0.24213611161042392
0.9598786323518742 0.9476648539827475
0.5556456628522481 0.6743260229891732
0.5595563535908101 0.34305393046902277
0.11786028899885048 0.5699473764526941
0.3872999413506384 0.7951955494047087
0.5424290763720983 0.023430081893369925
0.13792674415901374 0.047279939272516947
0.3521878049416378 0.23810124557170687
0.14131799053650185 0.9739474364063021
0.8275243956391141 0.6209110217173697
0.6039355239160893 0.2443721213284178
0.12864675508857126 0.0215923728880425
0.21877372537276085 0.9415666246732131
0.8688307235163231 0.7532284155438531
0.8629670601520176 0.8955495803553635
0.4794992148198396 0.24646129277707107
0.13870691793280043 0.036038165224283825
0.6014297735935132 0.497040217291437
0.15460886293144238 0.7850238608507298
0.21967759395732966 0.877703886455387
0.5278430932872145 0.6163908967592477
0.1957531916612818 0.07988404496331536
0.30481909532334295 0.8088055981290527
0.7813709209804112 0.13086920931827262
0.009987141345741968 0.8693582615750683
0.21852122170876354 0.6567390064105565
0.11443101180190007 0.578852319756721
0.7815465134121209 0.9523781445676585
0.5053498438535191 0.599122930504246
0.9254936860450473 0.3756779977130804
0.47241173469811715 0.5837572436221656
0.7408494840393847 0.09034348208655829
0.7427890952005336 0.5922122331965523
0.42390856100832974 0.3534563119476075
0.49498937684660627 0.9744194475819146
0.5437558266872256 0.3463146156732708
0.16413254761164908 0.07188623512305514
0.6154094993214083 0.037321487866441405
0.3988217277630586 0.028352286756563982
0.49127520062855345 0.751730924573691
0.08786579739537448 0.9475702032940694
0.22782907852267376 0.9212878759631788
0.17802650073421433 0.4967210394486068
0.44811657677543804 0.3190621415698556
0.16355861527116722 0.3693191839818024
0.998705445764317 0.7814821062026016
0.5628097317849567 0.6832191121211615
0.7404825585936974 0.22092983431620627
0.535101237864049 0.37019043923388284
0.7635776000381485 0.540412475342817
0.5119862424885986 0.131480409712186
0.13270118766854666 0.49035178913482147
0.7271937251823486 0.5095372959750395
0.41985423903371255 0.7422527778145094
0.4225583835268092 0.26612729587831385
0.7008329179659092 0.26370552754086307
0.9475984449974941 0.6808736462333462
0.12418153879630767 0.07067931233731728
0.17754498401621333 0.6710681744638809
0.5646644597330079 0.12733924181325684
0.6674038855951947 0.23445847046044377
0.36563629114815877 0.9350434141931177
0.6030865284115494 0.38258571306174627
