10 6 100 1
800 788 669 851 885 828 709 874 688 727
782 935 789 955 805 736 722 800 800 718
897 789 878 932 848 822 963 983 932 720
843 869 1008 1054 889 996 1037 839 910 737
993 1093 935 1194 1170 1146 968 1010 1012 778
1029 1075 1159 1082 1193 1100 1013 1075 998 873
1062 1078 1258 1240 1456 1257 1121 1166 1016 986
1004 984 1216 1291 1681 1399 1164 1072 1043 972
1034 1167 1122 1190 1426 1422 1299 968 895 1028
973 1127 1068 1253 1266 1058 992 908 851 784
1 4
6 7
9 5
9 4
6 4
1 2
0.6898567365713308 0.5103730407172069 0.9750336621712523 0.7150923777706408 0.32601238511533737
0.5991292512897128 0.9090716779606938 0.5065974135465687 0.9878770928525602 0.3983527919009331
0.9929454470639552 0.37816272673512163 0.7280685748610014 0.6075794113029718 0.3222984260292663
0.3419160181206348 0.4161967557845724 0.5111541191193686 0.9265416513172271 0.2058248356452964
0.33716019052796414 0.5140388749044855 0.6936729476501796 0.5345005734818787 0.19174560064070667
0.38842588804044653 0.588253505325093
0.7132011727801015 0.9587397263075903
0.9578701402158256 0.907525932000558
0.32062813788680655 0.7292428898221852
0.20883042584060263 0.6493491239356319
0.20227007067072744 0.7880935932117175
0.11052848959005601 0.71441296201801
0.21737200290624048 0.0020231873374374487
0.12822609358330994 0.37749629872966617
0.4908752253893738 0.1679997319258104
0.7387496208567548 0.4724775987973182
0.34664547857592276 0.9859882649431939
0.7613053579483609 0.2825110438946685
0.4067974971782278 0.5578462390581906
0.6301226265294215 0.27478822502477085
0.9086287148420857 0.2554864119328948
0.7698141176042494 0.5593370592717144
0.4734572217246855 0.5526269306102081
0.1695686346841061 0.9504014940479262
0.06771247089702759 0.18136996775932301
0.7599198875245043 0.07637452068127315
0.04352488090290163 0.5172670008978832
0.647453343540743 0.13180268936339146
0.5529541447034989 0.1704079718112943
0.8633702553880234 0.6346262911007476
0.7452667907952251 0.35856905195730904
0.49609989787751085 0.5850567988900945
0.6964050237245327 0.34479817532582246
0.4622326037741571 0.40098536347887537
0.07538717927456062 0.3277916503580829
0.793583832800282 0.9719177533443597
0.4997274551781259 0.4117261207197176
0.1980259802089075 0.2835271239245729
0.19104722736435242 0.4691939305156605
0.21712174251616778 0.8737829665336103
0.09241470833219556 0.17290353823059101
0.9271949805584849 0.36546379917532756
0.5736647652817617 0.2526566259312317
0.4464940934165993 0.03452216884309789
0.7444722728841462 0.10241952566291901
0.23865087808548813 0.3133936764524201
0.9980766592787158 0.10673815063489456
0.9427653217398324 0.6467058411739299
0.9738247976661076 0.15504662159926252
0.21286580760631368 0.7274584558274284
0.5653331883811177 0.8503243769045943
0.8296424558557651 0.46308999722636024
0.6723045399519427 0.19662355373339424
0.9721369067388528 0.26638583546454253
0.9041748288923066 0.977636485977784
0.6390033611928063 0.5316655400425601
0.5353927719743994 0.9264830435069893
0.807358709048057 0.7045807864816174
0.4863243619083846 0.8740770587815092
0.9266624626705198 0.5678078624731322
0.18511928947844325 0.9478039930886006
0.890343341926912 0.24747226742458905
0.77584184976961 0.9779857662508151
0.5868824603490306 0.8084519243737116
0.02497196774348054 0.16701428816376884
0.8594912035675737 0.438482844110341
0.9583151288659553 0.736002649339004
0.6576572171458579 0.9736031223499171
0.9061343503411219 0.7129904297772982
0.2753089339494805 0.29051250168684417
0.143160343691078 0.6327803174535618
0.8235712821425605 0.9851823111683564
0.15923752868908791 0.780308691503609
0.6016898816674776 0.7878495014317233
0.1699402037739295 0.7323244576692463
0.1738815488932619 0.5483049770743122
0.3497754507219448 0.07485782107817851
0.04122469613733215 0.9737194557002498
0.6492884499645655 0.9051046137578982
0.18047757769080497 0.43271696923555747
0.7661113399115018 0.5228385509145286
0.6324902011856193 0.18404397960154384
0.337963059717878 0.5685856659771897
0.609708348344048 0.26963577221699775
0.6066656419776568 0.7644791732180474
0.5796088038258103 0.5964080615705158
0.48759611635822186 0.17908428529775322
0.47223247314948846 0.671224283650911
0.20567387064103393 0.957730610311126
0.7731064877553548 0.1585316953000968
0.1876901845069625 0.7885861017278741
0.4742339296012845 0.45241895459259673
0.08650759559341248 0.7907842277104715
0.993504432564845 0.859451477941825
0.9051515274557744 0.5786731620128851
0.18943850802155437 0.6322448370756779
0.6391404440814603 0.30012939831388974
0.8283365633207396 0.01767026139609218
0.45830068651978695 0.5611675671837415
0.6953814634877546 0.20470711325235658
0.8920587916510179 0.5592640624407637
0.7433607297730958 0.7324546670050864
0.1006553001155508 0.8393704103028412
0.28439919426965243 0.10615904257560205
0.4667959312857748 0.22576815413175755
0.1553090148989278 0.8393558249825797
0.6923352115839629 0.7694002106179807
0.28294452834168693 0.8928934854557349
0.8085310516963962 0.29603697784754557
0.8093293981182765 0.9161668936980758
0.867228631119884 0.6528128040938628
0.6430768630333474 0.43823543173879487
0.927613144398931 0.0844547255164414
0.6002266851062199 0.1517630992157415
0.3128682256774751 0.677182078919758
0.585967368993495 0.3237032468098593
0.6834309929254261 0.8752025386632154
0.4862481114694581 0.9791342529454756
0.6645200660706376 0.7390510712908813
0.7099908968384063 0.27849003469065314
0.02587689639048496 0.6084026605241803
0.18095791003738104 0.24225846092406567
0.01678555697007189 0.9600747592852668
0.09729852603130773 0.21994695712448187
0.6463527582492137 0.5191838676823417
0.771225470503734 0.8319052684552597
0.7753090806538612 0.6544878928419224
0.6049357117572816 0.32009727703576907
0.9183425857192533 0.284105625327046
0.5925482152447004 0.9740527973652948
0.5051527447084012 0.023007484602850736
0.6469437026989804 0.5955252419779371
0.5686298699821994 0.8482850249848066
0.9108842595967062 0.23416042529197356
0.5819906804748198 0.8212428634608586
0.13361486616319374 0.28480035692133665
0.035079209609351736 0.43888850776548005
0.1137926339320754 0.3207850175557887
0.40304074875480667 0.6076174548953572
0.08110991273801216 0.8233162565408982
0.06171891374363225 0.64530630866293
0.9624603398964697 0.17786319672363926
0.05080625211862566 0.5498230514568847
0.8727905220985275 0.3450826067972619
0.9988650219823922 0.27439048645379915
0.7279796710448132 0.6222368209911247
0.8751747774941139 0.8289968963447034
0.7316607805108755 0.7092783438308283
0.5136832644162446 0.44804450374497806
0.9746860821065844 0.4036929518895884
0.5355864120348846 0.1680248078570532
0.9302091440867666 0.3871836327896794
0.21298223029590635 0.5760847883279703
0.26473727269713976 0.429059904177979
0.7689390775824994 0.04360669089293001
0.9680136048034531 0.5521234389679484
0.4915044021705317 0.8991875834475354
0.19960863251091165 0.8753966092519689
0.5231489732267427 0.45093851680248465
0.19554096398576548 0.2324422308800289
0.5652395991036896 0.912077475933889
0.5221331349574421 0.7624096625404646
0.015372189521381419 0.637981949821327
0.1118436492436099 0.6745388282644558
0.9093175924454973 0.13223412838871051
0.279574447119856 0.6298701192505194
0.6436997714775994 0.8981246827242182
0.0894323098901717 0.20472833324499096
0.5246933350370453 0.9385976984585715
0.4508826981370233 0.51030314877785
0.6534019483819535 0.9984724596287133
0.7028543678236991 0.44996987852969306
0.8255928709135172 0.02525542892423216
0.7553651626034636 0.098726580793431
0.969412609495242 0.8659441700135027
0.28797213975393054 0.8957400097865051
0.9660405489970176 0.934003193450547
0.7888014555442922 0.17544409930992777
0.5870500371034699 0.5957634237891598
0.6629983563323891 0.9640927303436104
0.5854120114112495 0.8512802481603585
0.05597046063763278 0.607887868167289
0.29122638170931725 0.7641841028678635
0.3580602692558006 0.889565048006927
0.3907067993141984 0.8122723210016971
0.9837905641855917 0.17810341200694557
0.3257759609932802 0.8649005074427374
0.9577738258024742 0.8038446874619496
0.6899020313025046 0.19952863674187227
0.5765194530198601 0.53466960768329
0.0361625289060159 0.2691478018753555
0.9012936130251337 0.6536850527247298
0.34586878178083236 0.616162176128515
0.6863373985248065 0.7865734164917604
0.5689117859900668 0.5813180995388068
0.07692723523830969 0.5083454737552517
0.9520361875500603 0.514125754199781
0.8997488581727513 0.29813814681312145
0.19889833662451406 0.06848089829215342
0.6503837802990862 0.0911121156817909
0.6429288446812915 0.04231372424447444
0.7361458587686918 0.45475943256741513
0.4825315695998802 0.9894642911301008
0.6715680272477129 0.2611101352220153
0.8406767775021389 0.4763670263938482
0.9479477655951349 0.9952540340645972
0.7850327605092815 0.8483952412527485
0.3624271524768743 0.1474698234750944
0.7051028229857546 0.020011830631395666
0.9952332697199557 0.9191682715358824
0.4835769164450492 0.21315970033493925
0.32283945790191093 0.6589402375641045
0.5780463604427069 0.5812049295749775
0.810612028046485 0.5203326229645058
0.3464259578418165 0.7217651643060934
0.1694691911888213 0.49798152698851106
0.4147541465336364 0.6052000028037512
0.3305926832577619 0.6233952498267965
0.4108149867412698 0.6520023709177201
0.8355919575963588 0.9941854270575183
0.6754386417222629 0.8698499112401825
0.689843180352189 0.3685346150478146
0.686107159158557 0.43809469637955245
0.9387567492395157 0.9452501237637663
0.1864239572341102 0.47848531436618225
0.43575522337442396 0.8050521105158184
0.5643002146630114 0.18101623739643835
0.9049152355954704 0.2951039231050139
0.17881033530911705 0.5447836981086234
0.5523682466161413 0.25857579499813865
0.6557069775760258 0.05422167852685278
0.8419463640509679 0.8686880633252438
0.5941043248925795 0.5586631028364801
0.6722140152692013 0.5230132478999194
0.3839333245184806 0.710818870371718
0.8027397609822002 0.6029876994496952
0.2507984946076278 0.954420596703111
0.19278421144590085 0.9207757167278683
0.6897642785013431 0.664679927832629
0.4769350540385924 0.7594397754731492
0.5872847155629248 0.564078051466071
0.6031069365916806 0.3334742998297715
0.3858322607917426 0.09911706033900614
0.828446953939459 0.3389898307833965
0.10724964980122142 0.7416357292583853
0.8611905111252731 0.7088271124794043
0.4896699377438727 0.3656654081053097
0.3615762326986123 0.7970639640414146
0.5319107721770777 0.05510409745321043
0.3687672553785106 0.8001360441365106
0.1186825955216928 0.25436003994701584
0.928414968154692 0.8803483593514299
0.4235959118338237 0.14705533078033772
0.7347080881263555 0.5089011244343062
0.3942437361240758 0.6507973295220588
0.5957379716768691 0.7751047699198959
0.46023330697245823 0.4129822320319647
0.9136393362013726 0.1839352975009978
0.7108654090083304 0.06874236125969047
0.13888844656899657 0.09957295288851031
0.5471703729905011 0.5311299405950933
0.8938041875775222 0.1429819316550629
0.9380869368987552 0.052517937757542876
0.4273047539600485 0.631940291693041
0.9832321366237198 0.006171585030090521
0.12691732855477822 0.8302360768862007
0.005209083067757803 0.702661450876159
0.39119262355655926 0.15397393774458235
0.8217729328662273 0.3965336994697575
0.1231042365207684 0.23628616193878704
0.8992717460412936 0.07241419962876883
0.6848470803047264 0.534785417120635
0.031303808640131825 0.8882750241893085
0.3930843891676923 0.26654276116910935
0.6014488643801954 0.6342710942803687
0.9256955023026268 0.28567299361040854
0.10926137585437945 0.8861012794213892
0.5460227310176937 0.8475944349901372
0.4988299377234029 0.8412445759006655
0.6304023255981561 0.020183600237377197
0.7590375196455863 0.2481029959181411
0.25437852403315 0.30512629096288113
0.7427062647865372 0.6403691199522672
0.8039847824027162 0.5206648965420093
0.5796504927302442 0.4513788972832824
0.5130940101882979 0.5189565838214616
0.4279826315161088 0.9722705954575996
0.8624730452663059 0.7732367555404822
0.5299310708841278 0.437882143514146
0.4154934866613478 0.26030524503102237
0.024909509658328055 0.8613116380842152
0.2371345597608705 0.5081509528242372
0.7028166370994096 0.8603020681096953
0.4950106846657809 0.9542118628827194
0.001372638972968021 0.8583635860738588
0.40313331189943935 0.3138864729994526
0.3884329462535565 0.46862419243041065
0.7777839458379632 0.7973796306137935
0.08900698052984768 0.16537208362069378
0.740362046623471 0.4572342720975502
0.6069958902942754 0.942071798497756
0.3105469699105703 0.3482551595222143
0.7760973417031762 0.6785909253012152
0.4225815587682922 0.6231732582172049
0.1934731021230638 0.40719608044797617
0.06957078633703362 0.33017207287989936
0.21094130529483457 0.541678678859751
0.26890094479811477 0.14853169293666157
0.805274888561927 0.2628534624898198
0.5102060461902209 0.7071226040723793
0.8423089669496706 0.7420206840205033
0.24525811571076428 0.5540273688036033
0.4089070470032665 0.06554964500738247
0.6999029572710516 0.7050788041519416
0.31431578376454516 0.7717402631961434
0.548853664714364 0.6532786744200048
0.39623630611034 0.21164025739258108
0.011128887825209599 0.294759068593037
0.08595060686829159 0.17477278811867136
0.5632516780684578 0.8486041178601913
0.860252060449892 0.8204660752840265
0.7988703380385886 0.10723677950451904
0.47208078237978746 0.6134394950861228
0.9489398105691373 0.643375436368443
0.9549518560018144 0.4831165952889105
0.925069672699244 0.016478775174402882
0.877217496884549 0.7040360738026965
0.7273137710452726 0.9708955051885519
0.7995235677599344 0.8332627484904063
0.5636486732443942 0.3673201560756192
0.33078099723824783 0.6770481478423951
0.7375510370237457 0.7967551067446692
0.22521531931562366 0.5593770565288916
0.9040571334834375 0.6384220685838382
0.534376470313479 0.2832510181951704
0.42318421965363395 0.7470953120079926
0.22622303161741475 0.041745310148099124
0.77932533751189 0.9284132903051521
0.5600003157617124 0.07002598052476805
0.2015184845292708 0.06549363862878854
0.19646027294709278 0.43760429258378664
0.9940834540691719 0.8157864064520375
0.7947907363536908 0.44895792980214044
0.285568277552567 0.016222524539307948
0.2396285074746909 0.6468106923353389
0.4461357997488127 0.6024368816660399
0.5649070143609787 0.9958156403673191
0.8916758587664917 0.748890533130816
0.9213076110726692 0.3877013196168415
0.1701350847008627 0.5701116893115168
0.46827653758654764 0.5027949498419757
0.521694438283391 0.6824368464090549
0.9968720515372067 0.2115106120200534
0.8058258143216808 0.5636286094913106
0.1955054233920137 0.3912857164266865
0.20354944446118628 0.10599375974861314
0.9912025125211219 0.44209820280666623
0.4296483803171247 0.723492328754638
0.10413649319860263 0.7403627043973533
0.9156093641657792 0.4221890962346677
0.17310800685659045 0.9154026392385843
0.913693889079155 0.2772057657587481
0.02122010768488325 0.44998200659598964
0.184662507799207 0.20761564717284253
0.899183166178336 0.5672650861058135
0.5135355403994639 0.0765422302619243
0.27152961712034185 0.9183345710801194
0.22087040677999492 0.8068412844877604
0.8413530790085706 0.0337533518744082
0.5743034167435779 0.5587070289849392
0.9836821127536624 0.22362575744664204
0.4375209952766579 0.6610478572050018
0.3766572125860368 0.8851547319685136
0.9967516718154867 0.4682472380395284
0.3684705153229173 0.6454565006896367
0.6307442434751012 0.03624823315959458
0.6396452613594299 0.8129591613982436
0.8194331493998317 0.5335398504417102
0.8200817174515687 0.6116085905256736
0.03166103818949706 0.47752740959446704
0.9829130835609077 0.41305035473021334
0.795768896500028 0.046907990553255896
0.583911372988049 0.08620804387521153
0.9961113196084599 0.35400160299270333
0.6047185869967582 0.8554029149804583
0.848658714113893 0.7918151753809555
0.9447855192763988 0.7828530710913473
0.22412868202893854 0.0023586937898234517
0.5724426311991124 0.13675652622309764
0.5420269322100868 0.17218214741379456
0.20669855310898266 0.8867235482161904
0.059862353833301185 0.5497611285893202
0.8742128270556018 0.16632933545349515
0.994894263453832 0.3144971977225193
0.8169987150769054 0.9154875075760203
0.45032482007884855 0.5046644955661113
0.5588587513169823 0.9261922152668496
0.20654140639432628 0.6759576361755273
0.2607878234100034 0.5696226530644346
0.6392516457441413 0.8101955210164071
0.7523048862685251 0.02528148390073759
0.3701236326120747 0.5832688108432142
0.39625954432625443 0.22104629414330845
0.4812243210244893 0.8963051089677665
0.8410603542571988 0.6896584621818116
0.6514580142237762 0.601422701744809
0.6744189010333601 0.42558283495984206
0.8105571672315621 0.7508693596381075
0.6533770438550208 0.6013302831972236
0.35267226526895556 0.8477121608508551
0.3538565878457176 0.33495820289103273
0.8147449564399738 0.9376887685925483
0.5393238606390911 0.5160692035331562
0.886760916656731 0.014073723257164383
0.5548491948357641 0.9967600452266594
0.2621311848762127 0.19741296111418882
0.29974918197729017 0.5629407743170676
0.7503394098330851 0.2602056831312418
0.09695946710766323 0.3121797312154473
0.5061875925137613 0.0301816775504824
0.05307561861257959 0.03179905690902873
0.7828107098222536 0.9092891606471742
0.7230171339686269 0.9903858721108216
0.9068625089556965 0.012374614559496289
0.9059179908632458 0.8269049765110024
0.713318039107163 0.10296606162114341
0.14622056131700312 0.7002187806120022
0.14484570628124027 0.3080081882181158
0.7080209275937877 0.4240420805061298
0.6123991115529623 0.16864146244516576
0.43686587428335244 0.2737600799611979
0.08165610011844016 0.5124787546769058
0.36811220204284245 0.08739196690144468
0.7032000601521993 0.8439245700817091
0.24046798570520944 0.32798140007647936
0.9752157629526708 0.0061405118053174945
0.7072483576224886 0.7686476591434639
0.28048597918813667 0.7975334833052139
0.5887078602876483 0.2545754346612983
0.9948197964934895 0.13479270480519667
0.21148682180472833 0.7831004367641428
0.2245395110110182 0.15276381193655553
0.4162839823166884 0.2442806078967541
0.4592592015899928 0.814069243687654
0.19948188203205075 0.9083138324116722
0.5819723773896688 0.7117720982911346
0.3589475588704465 0.5070835978033499
0.5915234985560918 0.10312599135605716
0.9651637589229622 0.6936730258743331
0.6036777146207566 0.6966640613015631
0.05286731100922304 0.38549165857508116
0.8311506679443426 0.6413551941607478
0.9850970125526834 0.9135583733827801
0.8429171138089924 0.07402629357338197
0.012525656206769709 0.4589190537438419
0.7998984049013826 0.0005338489442885397
0.7371903911199171 0.04890402298489738
0.9097095651095499 0.029534922036018818
0.8969161626553874 0.5162336110184831
0.17747864085793252 0.4650661968166825
0.7279865720064596 0.15463393329493624
0.7228897885200511 0.09591051055599742
0.9799816785259303 0.32004505082889456
0.3665256232219998 0.40909968376828965
0.8181777638061922 0.43864732271786244
0.8213140480876837 0.5692630558796534
0.8588747324623964 0.804479225367855
0.2859755531939039 0.37360599796390637
0.7591382309597559 0.9101701443581967
0.48021930000122115 0.033210632547995056
0.8600904522725119 0.022313705564398267
0.8118179016633791 0.16631429062189196
0.31145828516963214 0.33800205889364454
0.5758702971379652 0.6074159847030742
0.9939180556793898 0.8396846481605142
0.5903794266032036 0.8798636408240652
0.8439672034823849 0.7819304918156795
0.4231062763048081 0.2807999345675576
0.052354418744316344 0.6898830137623078
0.7680589325526255 0.43172529806784876
0.025713187555506334 0.9713940416135092
0.934367980442141 0.148646609222304
0.20215604209381133 0.5860298009622533
0.4805949660529327 0.649863052961688
0.9447156157729513 0.1708582860209895
0.9820242869377356 0.7325680888821688
0.2631676824531759 0.29326130456576815
0.5206193068634453 0.4175366321498235
0.6441170213996317 0.9392845284728479
0.11014310252479675 0.819880778787887
0.718575526675225 0.3443150425996262
0.401112797456759 0.18544028496728382
0.8985677743089242 0.4571961662481494
0.8168886917606064 0.12057466872255662
0.5247378410732149 0.44368338173816757
0.6565278210369059 0.4806239026835748
0.6237561527709825 0.7997641330776661
0.2604745537676134 0.6383964270939511
0.7439665951695036 0.9448265509361005
0.127821688580797 0.6720716811891667
0.10605452014128414 0.43698822865580467
0.18163821734518626 0.5570559297126305
0.445542304274394 0.8273487145904461
0.45634061676538074 0.46104784383472697
0.3587335996307337 0.4907582057164006
