10 5 100 3
674 552 637 546 606 508 509 414 332 340
733 673 658 742 855 587 510 517 494 427
752 972 833 960 767 730 822 615 544 520
977 936 1099 1078 953 1012 835 814 655 468
1193 1134 1106 1116 1152 980 1098 844 727 627
1263 1375 1391 1316 1343 1176 1052 986 721 801
1356 1302 1442 1326 1437 1292 1304 977 980 822
1193 1422 1362 1514 1576 1566 1561 1102 953 657
1186 1428 1453 1564 1463 1456 1983 1237 949 723
1331 1199 1253 1405 1506 1325 1301 1219 964 854
9 6
0 4
3 0
6 4
0 7
0.42954866509744305 0.31604902355181536 0.6949858149229142 0.3479799417492097 0.4238478891000129
0.4207758745152632 0.6959443552887232 0.4250262034038894 0.4819127267888254 0.1979070358652722
0.41446811620096036 0.8292360692949012 0.8372035455469784 0.8016626763045644 0.4658881729008545
0.7999780625502855 0.4392578286670337 0.9774343308677242 0.4856508435636914 0.28341120497466965
0.5609647708293808 0.5871539849131493
0.4498376160044466 0.6257879722527271
0.7889844877090029 0.45094793250731047
0.5563345419692258 0.9232582505390987
0.02955671656122516 0.25770958391310184
0.31973101242623025 0.9789511180276551
0.4328681676116468 0.08996941872145969
0.06884676822719982 0.03353311149809324
0.01582246054188441 0.9252152562767737
0.6497980448794798 0.5125754442192609
0.6512543066804759 0.8231257156046308
0.4949671853905784 0.2264773874478252
0.3981866278231476 0.31459647728814955
0.4785812691470521 0.7387137786146416
0.17238431226079975 0.5533987115296746
0.20913809303888775 0.22038241346115495
0.7763926582747565 0.2664392754038736
0.19578725874499314 0.3776729788108464
0.10764393842729647 0.4264315617106442
0.4576727605468318 0.573769329824829
0.34228563315020066 0.7015492241020702
0.6607804612610959 0.6521325288886077
0.41386568146446323 0.0682575300202255
0.6625445709621869 0.8554923614329579
0.5162403147373387 0.9361761200619658
0.5836874813688238 0.9049258281156354
0.8040154612376047 0.499144300225161
0.5885120676603273 0.3743748267134597
0.6177239148503828 0.9641682625912869
0.49120431968182987 0.15401104911787877
0.5196976947692187 0.8968597152607096
0.1949228887361436 0.05089719512558788
0.811879716784635 0.02154819219826276
0.3618670535732018 0.23934979413687185
0.7150670871855607 0.5914396090196898
0.18261645242672064 0.28876429513439295
0.35744027389247357 0.6111490703079332
0.9434557724773995 0.22699939809886494
0.412848671150678 0.518045395468772
0.6715983753312889 0.2670303349176628
0.8912831743356231 0.6094137738783063
0.14731841264541545 0.7334456324890448
0.6869260795130674 0.7432810090723521
0.5069756645359105 0.7554598460994473
0.2698224156797926 0.06206516919923999
0.972715626042304 0.35282217277163297
0.5942806083094905 0.4882405510269181
0.5453278150158836 0.009652909240404073
0.9827857793648249 0.506366667099482
0.13785257231621872 0.3719051562377984
0.05591983875663242 0.1272659866877417
0.735436425804326 0.9392972096107275
0.9585579424046657 0.21572734893248513
0.09436773137153653 0.6016424480660101
0.44924337130241576 0.27703801322295574
0.20245492046596758 0.7977504005475979
0.4872060095549209 0.5719573532763205
0.9531851183239535 0.3805044397280364
0.13207086727851447 0.5978597102972592
0.9001671991120843 0.4829877460298728
0.07968660756464896 0.8481643143706818
0.3845826633956495 0.07599774533689252
0.05818324345348125 0.8856703128534615
0.3884721202383823 0.7220005788361883
0.8273590626290912 0.9408827688691361
0.08498255089658069 0.19776291838037174
0.6419994483442863 0.3858662514154527
0.7362212784173103 0.8404836207663384
0.4024875964600123 0.5091787248030939
0.3134574567168673 0.2389320999271447
0.6969596800287505 0.9794624494810449
0.8957428415024584 0.13167135961016596
0.6716313710614221 0.7041923794621849
0.11945071852831735 0.8035350253658307
0.5370667135367069 0.030190013528704984
0.8515837866709537 0.28530830071574687
0.935171351758949 0.295020235661799
0.13086047903913411 0.2967585594303612
0.5959818644829968 0.368703426906662
0.7321688558007178 0.6496699198736557
0.04723096366085611 0.18909713206698053
0.7997270877429239 0.15818922502423183
0.8584281295963934 0.5830274834568872
0.7711059700885217 0.44320043413888066
0.5361653260492634 0.7490087550776157
0.03234586635456482 0.9180182656562701
0.8576039180918857 0.6114286226237804
0.562663742936228 0.7814019375190742
0.6887044470448596 0.0705199714958118
0.6166420650227671 0.5565922305189348
0.16243569091118837 0.35558712038516616
0.8756534003484855 0.40370900034490753
0.2127824193807215 0.03181778583544026
0.8334978130277524 0.6508085250639732
0.4664072316417447 0.1559273137350996
0.2502996531175401 0.8309446514794945
0.6524327742037848 0.42073484364013014
0.0952667696663494 0.9682610058460246
0.05769351123041866 0.3845874532811975
0.7998459026194977 0.8264134191294363
0.7542954335141379 0.06478013947281003
0.5586564244753585 0.7901509137942704
0.6602952056319407 0.2169707204850606
0.16290182801763797 0.3934282792592749
0.4044419217368167 0.13930063872014098
0.8908280321183184 0.5847994933582217
0.1599061168684861 0.4876526881413501
0.8900764119563962 0.99461244459548
0.2258346501140811 0.36849020616893613
0.9033265024175281 0.16242546565746352
0.4028109998725067 0.2998008169605755
0.4300709174301629 0.7694525349468244
0.37557167255816704 0.48382692533097704
0.349450763289499 0.37833319046010394
0.30094518654665436 0.3918387971163877
0.3696762551497317 0.44655384224820005
0.49620491615117546 0.7881120635510921
0.43794328205416266 0.40886892804068364
0.6111602387092343 0.6541100634605606
0.8803781976385412 0.15962444456838032
0.5302855455005391 0.8123498722163116
0.2353501226186916 0.7678900968450015
0.058707574481024594 0.8413527813490562
0.9829195702004527 0.6631946110126528
0.18717678956599815 0.5700822249214543
0.8788255148579476 0.2202861126132618
0.728107344625194 0.641098024612051
0.12595276128559707 0.9388208067059214
0.723105573007246 0.8202708212408407
0.30275835971517684 0.11500779760243884
0.6475109274752284 0.9588743101823658
0.332080326142312 0.13258723355607382
0.014016354027782008 0.7324486220722
0.6202150207776922 0.6705381114533182
0.2843007659655039 0.9918497741988426
0.5455397591292805 0.5010798772485663
0.09913581395727222 0.34831974866437143
0.8022232190108289 0.8460220452114082
0.46234733194806377 0.46373238054673616
0.40903245870835425 0.18094639204872798
0.8484281575746759 0.0229974823079111
0.9379258394929484 0.6501713994613896
0.6365175534451679 0.96269828482203
0.19345132533042397 0.939561636865603
0.738157619791936 0.15162530444279798
0.7567290030792186 0.7918639202323858
0.7529924670959083 0.664348861648975
0.17119327179014254 0.2957150044921115
0.10115948211380887 0.3344632140212729
0.8664393366691825 0.890034001911256
0.42314119161016195 0.1737435749252454
0.33975791376580267 0.3638306007621457
0.6563722828555358 0.016306778689426427
0.6250366943319317 0.48403522824719225
0.13623642708631456 0.17555340537552122
0.8863740479273658 0.6436473692801021
0.029597925420690396 0.8461927386499788
0.23568001680452344 0.9259214385365511
0.5118937703675419 0.3134972429095211
0.34881728218968133 0.3128755087091821
0.8782610066343699 0.983583584860243
0.22959948419374676 0.7256440287027468
0.4819921567384804 0.300169255141705
0.014744462635990496 0.573987905234685
0.19345269119214148 0.942640361077189
0.576671020860628 0.3501377130355563
0.7617184836633681 0.985263028545543
0.5557728580895354 0.17527453167954188
0.11555935982302046 0.5937856442319196
0.648072290108229 0.5106279122536295
0.17748535604277005 0.9585412730941933
0.6597455847602107 0.09992096652459304
0.7491153660349792 0.3829577633509116
0.6592386601749303 0.8220083996059178
0.43988413731776843 0.5697849717597463
0.40333045218544306 0.8851424144680884
0.7473217860909229 0.9998680515595382
0.3134591548456167 0.9914988302865071
0.08103329321728103 0.9650576903982022
0.6788721571011391 0.3764428678290086
0.22522767941082678 0.0673514999328102
0.004922138804316578 0.03446494572908021
0.3343517162192471 0.2104406305735378
0.9861467763193084 0.5660527030566127
0.4503078007977719 0.1218460560623098
0.458258336285825 0.541412705089158
0.4233326943903739 0.1565712759119542
0.3892498957542303 0.39171909647611813
0.4885254493942861 0.7919013013814009
0.17403069866117638 0.16888591013097565
0.9993229855800094 0.36405213373766054
0.3928186379361449 0.6060909841391122
0.5018527287242613 0.3747795970682457
0.14402289565925175 0.4071953427812698
0.6536356358432143 0.9311054484389729
0.5729812347311314 0.11065164107003755
0.04104952669758233 0.5122519260678269
0.802834316210923 0.2950775428881456
0.4363969759976887 0.06736023179695971
0.17603059091261186 0.4203010667150562
0.6299255616158439 0.7257259705195462
0.8501438509923012 0.1038400071261818
0.8258504702972831 0.16610381769281068
0.247319995934838 0.16940973430222428
0.40668153972975274 0.4754666264894758
0.12945053420688812 0.5412337753298326
0.9333569989121051 0.46170230666392276
0.7980852209814047 0.9949401208181725
0.06575486334983749 0.03216907710911765
0.9132592087440146 0.49117060963118697
0.4887603112683876 0.33434494900345313
0.774896815441475 0.48944546776381403
0.6209277307667833 0.13887969256347632
0.15963010318454107 0.8795331621178342
0.04222223891251886 0.21691845346652072
0.4484333671830818 0.06428019698949572
0.7792764357740019 0.24062870416998638
0.014689984520064536 0.0653426844816627
0.3478670504703374 0.427396837160118
0.3260197556729769 0.45865819930507157
0.3003284211305657 0.0833227631181952
0.9763084703627642 0.23330446206088995
0.6956903337449047 0.8830100700300161
0.4918598570434556 0.6577532092866936
0.12618031191911694 0.4412746531599818
0.7222901521450911 0.27862826132196505
0.8674970752601032 0.9125412913683044
0.6597025898604449 0.3802834662105543
0.3022218675151682 0.6362518252273575
0.15350622180865137 0.3715399304503275
0.27782900480697226 0.2845886083766702
0.05315783108337557 0.8068693891314733
0.3650829723104305 0.6174013856994787
0.847008875318193 0.6864149950423923
0.053435874742141065 0.8012605318406909
0.586119050194438 0.05953801562797589
0.32196743468580036 0.464787524291969
0.9390602867522226 0.7638733901192301
0.7680701305792124 0.9821251866132406
0.8680243996881098 0.7694977358851625
0.5708883255042703 0.3578464466970239
0.8415407903097438 0.0697705860036606
0.17057610299101378 0.3842728282918364
0.6295068898379472 0.7339328140537824
0.7632022209794618 0.8862614474600701
0.653894703920461 0.7633674934565688
0.20990459113310123 0.3812800063844297
0.175837866839742 0.5277622023596449
0.43675009597640635 0.38253076268604325
0.3250658071813268 0.8495991619497485
0.10531681787397096 0.8235422803553765
0.7230332120301275 0.9507771054338596
0.257584599943367 0.7469032505492865
0.5579049915248404 0.6009324517765238
0.8062780559226612 0.4176634686002847
0.37939482260503654 0.8494813359336144
0.8601784522848559 0.5574541226819141
0.7750265764405708 0.9631147160619817
0.3698391188630832 0.40262456459178697
0.41453987670337455 0.1781124209711893
0.6618888785049823 0.4207647677844235
0.37452676429239595 0.19936238457972721
0.4076564372692886 0.4681946385903242
0.1423860461621136 0.3887329090635192
0.9988856234260486 0.6636864404111047
0.48648327835001903 0.8005324585354887
0.5671555903831214 0.521524516960697
0.4901040455752699 0.4350274037147348
0.38165259835761844 0.8842347120067577
0.5130842698118543 0.6617407076362822
0.7588828990140633 0.8576523264209746
0.46830353742485675 0.11480576217740102
0.7816308433505357 0.6005376646574778
0.3976718587410979 0.15225057509623308
0.38915444290839196 0.35769882725538693
0.10717848066131119 0.12149364879683233
0.793874863969521 0.7416386712551888
0.5093532006256833 0.8981054873578176
0.2135268626622051 0.43215207368941955
0.7533295645785101 0.7155230077614365
0.48627900253335543 0.7012403683332153
0.2638758322017434 0.17908956668690124
0.7090485982429506 0.4861137385753733
0.005968909995674565 0.8880509517361246
0.7891065833599498 0.1301806990755332
0.2763429948510161 0.8439116811271938
0.9988739955710502 0.22225106550572016
0.7812049598061999 0.9165288053958294
0.7298015363185646 0.7195443753049404
0.4689343908147161 0.33189125171360345
0.547029871141149 0.4199853136955163
0.39578815979567694 0.5034345554032784
0.6441939645498556 0.9856616477972004
0.3800245749793256 0.8533449452922379
0.1623649194848431 0.9597923396842227
0.8466875708021571 0.8962605608504601
0.860970997626999 0.47934552127988117
0.5042173701719743 0.7330760670871381
0.17492218303008955 0.7413462635767853
0.7528785351968492 0.2998195949030056
0.5261834940154542 0.6445161597576483
0.19406141481155825 0.45869030017359536
0.008984098648663341 0.25911934119360525
0.6516669560338595 0.9215337638256829
0.26302068427363845 0.4728996832689387
0.6302501980088151 0.7355150601405371
0.02400752092947056 0.7958012931734562
0.6088966613118669 0.268634301200541
0.8117059995807729 0.45249891417158294
0.4640389901354054 0.8161236028529721
0.058351966642623765 0.9996941737832263
0.646962275152879 0.8998868656780554
0.5381856088799244 0.7980657923779524
0.8877854140803492 0.36774523807279524
0.456452111922915 0.18692470156961027
0.4181696972633797 0.31981150216875154
0.39244652904411503 0.6434507184275375
0.9634652322874255 0.8930658939886285
0.19896341720006427 0.6213848716980479
0.9857560547562434 0.20228340410189793
0.7563914503245881 0.47948512778941343
0.5361437568369278 0.830991056782513
0.03062574311454158 0.27762565121236427
0.8489113955638656 0.49317627032552047
0.021358525797710914 0.7256475477911399
0.3748290993816299 0.35513520957589506
0.30186069153056416 0.02542022777456099
0.06038530914203033 0.603518763067485
0.02819312437247512 0.40040192258678897
0.7522312792910482 0.5146834590737708
0.19958888681998999 0.09112166255521492
0.037025988919359154 0.8974572012056681
0.21786581942383143 0.6706101857987012
0.9608824437184993 0.504174163508573
0.5115117063623631 0.5093420143721175
0.36082952232821097 0.9991068242779846
0.3376617846667427 0.12710125372497938
0.1759812981877633 0.30374928596648343
0.9991201199771291 0.2240720857486025
0.8043623747370714 0.9251080505917364
0.520770838251305 0.28349692708287666
0.7823359027929744 0.8115566822691562
0.19045025075706223 0.9781088431579246
0.7228196786815029 0.695757556952981
0.8212993061104994 0.6717427706952752
0.7667140201252594 0.8482765461771207
0.13918442642780904 0.8540985886571659
0.8170073063405123 0.9857546030350994
0.7843399711665175 0.8142941622719182
0.7368900378425924 0.1342875874934526
0.8856779178779719 0.7264442346975646
0.01522901950437694 0.8585387272148359
0.6357266998610638 0.23261185190253686
0.03252355317646405 0.7121667782040317
0.19769664506862905 0.8350711861778797
0.04358648302477253 0.6366411930124236
0.1490595706630944 0.7681877611536789
0.30066602421240307 0.49843472617791673
0.07863166122065857 0.8860092975484513
0.11259038437567703 0.3180578374977674
0.21803306161681935 0.1235120968173149
0.8636330651155535 0.3495664695237075
0.56547353235386 0.20603526785493953
0.5384783228464018 0.8491888311983682
0.21773298264527408 0.2789888181778808
0.6645535710447528 0.951291924177408
0.5282999568220141 0.1920686025552134
0.29782448270663187 0.9890043907307147
0.7676829014105655 0.4320774840746511
0.7865698010303601 0.436296563471922
0.19314243168470502 0.3834679871159947
0.3990586935328029 0.6023168118253734
0.5040936053581295 0.17092392167451043
0.8929425771978199 0.41042037677935483
0.03758651087199083 0.6414482014379321
0.6081305977623654 0.21817981746137405
0.5535373112345863 0.5314261826975324
0.4709743201522094 0.27694746011694704
0.8272023285622552 0.08885515220848084
0.07599455860575377 0.5782681389818487
0.7503712265989444 0.28091256632328254
0.7554185602178016 0.06660570499155583
0.43666116011771394 0.8075832647619525
0.42221821417877203 0.8553092871962946
0.9485791278027098 0.2652859736414186
0.34524314922778054 0.5054274738409212
0.2652713500244004 0.76926200328159
0.6539062646530891 0.1446146249333531
0.6428932591069205 0.6936733292655883
0.8246546357182185 0.7261319238144994
0.16153471280746579 0.21060087656125082
0.7421023832727671 0.4652192212923061
0.9335897900023513 0.1671640315563656
0.8210286995584901 0.05780163061552113
0.0009392636841072388 0.7273244597049866
0.21194559699930227 0.05373864631660474
0.5448193615406163 0.4284305510516129
0.20113135654277614 0.1882445972225728
0.06982484402640465 0.04012023702975842
0.7061823116444568 0.04151020376929826
