10 2 100 3
596 529 645 632 703 829 848 954 907 891
525 603 667 755 791 946 1052 1027 1029 1058
599 685 723 800 892 976 1125 1182 1094 1111
590 662 706 765 927 1077 1197 1212 1254 1228
620 685 761 808 963 1155 1233 1277 1308 1253
617 730 756 941 968 1187 1319 1352 1311 1284
698 808 800 917 1039 1237 1423 1357 1390 1354
778 832 918 958 1158 1264 1499 1424 1320 1290
718 849 940 1086 1161 1318 1596 1459 1353 1308
669 758 856 898 1086 1223 1406 1248 1136 1148
2 1
0 6
0.6858345591630843 0.6489051300717951 0.6020385748633532 0.8684033054920453 0.16386059385248314
0.4370356968618736 0.4668943954863707
0.5495485181853375 0.9546747626585055
0.6514932288655506 0.3646062120227447
0.37513739032573 0.23254434238340416
0.7623927243251303 0.2766214845855617
0.3036428636814201 0.8321456187054845
0.8618193171504183 0.9825034134156814
0.18133255221601274 0.31893436113444884
0.947219465093605 0.11380348836355658
0.1572460249157286 0.1128981277253569
0.2530760118847901 0.09274943241634359
0.5811470373592027 0.14525188140724343
0.14516410937798185 0.9293789321239714
0.1031002717266305 0.5883888784350972
0.04491094155988162 0.6334537108455449
0.2939015954699207 0.7683580381329986
0.3326493222397693 0.3517912228752227
0.10148466242848042 0.236866251985403
0.0743771709972707 0.07793109042183421
0.7009081618144626 0.6140866344112543
0.3501872620662234 0.6484866544446282
0.18804487012593385 0.7842421266009603
0.01881138530104587 0.056147902256570736
0.6913244974223607 0.6410907758551698
0.3687438658664943 0.5519624836053445
0.3566724218356143 0.4169273476521649
0.4935619931437685 0.22365176567431488
0.6398067605767441 0.27243740646863457
0.7325027812882043 0.9893533723865511
0.2545696785447493 0.18788922642024408
0.020839512310934838 0.18265708595646069
0.7167713791337746 0.7666589955505629
0.6225725130851636 0.47755536475553706
0.4244498146350155 0.32087414839185713
0.48556455675527443 0.3150985560845865
0.6333062371249594 0.6838197347736115
0.6858106554832577 0.11526583138145163
0.986534791570588 0.1859687840450739
0.49337956084975776 0.8824138804610497
0.0661789813519853 0.1877600500879597
0.05461144166181553 0.19317515800662344
0.8285283140891715 0.9982325808516601
0.7645712210699522 0.6795199733209356
0.43022583632713607 0.535394856380943
0.8668896714421546 0.6223554698132265
0.32390720157381514 0.21494589021127775
0.8336879329302382 0.4785068648235349
0.08763849901283827 0.8186753700463882
0.8488569147885547 0.13637592410229682
0.2083282923929981 0.24661788524363581
0.4445863142607329 0.02182771951443563
0.06027364600588658 0.06494357275170937
0.3991241841361268 0.15660010740783914
0.6274424417917046 0.7265513282190403
0.4971420839777454 0.8212511146564445
0.5737671188040376 0.22220181711522557
0.4279576810550776 0.14523292693594536
0.03858073579309873 0.23745192123476722
0.18687038438477477 0.07805742256184467
0.5346449716784136 0.7714816050706297
0.7144008308733159 0.6434551705051081
0.684841501275476 0.6587760482207892
0.7961753159846359 0.05080047228455631
0.13832260819027042 0.7194334556594479
0.8790831704253055 0.01519408741691386
0.88131375785511 0.9561064005976803
0.7998650124098194 0.3290788513810343
0.13441621999603792 0.24093652519239206
0.021784589906586493 0.4906994361724093
0.1458687962361933 0.07324539961004772
0.10911873745894685 0.2381161381884147
0.4500195515375769 0.0036987989433518997
0.014931789403699769 0.7076957303246381
0.2572304450684424 0.12361705105523257
0.2249411417298095 0.8554366980077923
0.22784226456566548 0.03348886615661795
0.579208235269884 0.45882873895091825
0.6318504592141487 0.8053095104189905
0.6008075158286961 0.7545925618488312
0.7408137423366372 0.005176861144843725
0.0693212457395731 0.27840025142342806
0.31409028337255984 0.27994187919451163
0.29913716824692393 0.29803844466708296
0.5198103226610797 0.5545884475310123
0.7595460234532496 0.8010691675589823
0.7990817563557804 0.7148388144010436
0.5179598717429983 0.323223585372556
0.38794874097644283 0.5550167620144382
0.3595875243796538 0.574063328493498
0.4554889292223374 0.48971061112517367
0.2817681980854725 0.3795144584010668
0.06915837132101665 0.6581567133328972
0.8987703944900658 0.5995516438766899
0.7923579735421553 0.25307017934670495
0.9834786292818491 0.40065511431020306
0.3876860450015496 0.37316811137256134
0.2218527743539831 0.22951529785871494
0.7601821579071366 0.988569179674639
0.6510065568481742 0.39541146579928355
0.6247257047054109 0.05075597019573319
