10 7 100 4
567 570 587 620 599 608 600 571 565 514
599 669 695 697 758 696 945 656 633 525
662 785 842 824 831 1076 1076 984 684 591
752 882 959 972 1231 1200 1160 1127 1018 670
874 947 1048 1353 1343 1369 1251 1231 1070 971
954 1051 1110 1225 1489 1410 1346 1299 1137 813
986 1084 1177 1293 1269 1472 1440 1324 983 871
1019 1096 1235 1322 1331 1319 1472 1122 960 870
1007 1117 1232 1301 1300 1276 1172 1089 960 829
924 1052 1133 1214 1225 1195 1171 1063 959 845
3 8
7 5
2 7
8 4
7 3
1 0
1 6
0.662572921573221 0.8606101628917062 0.3587774544817969 0.8722262362004913 0.3901078373661713
0.9170044742863608 0.7235397564275193 0.8226545563131689 0.8250385994137901 0.4669829887921936
0.5416070882061986 0.5647146233732824 0.3419867199817457 0.6351390442887515 0.42253890114539905
0.8411236383926319 0.7557742011329822 0.30202566972412925 0.8202040300182762 0.14461129980899595
0.7602975416040187 0.3377523074768731 0.5208110704048307 0.5454697664183217 0.4456220176237383
0.602273794502381 0.33698777641579447 0.8840475911445111 0.5930923109953214 0.1787434391208362
0.6992091998199936 0.7170350300112864
0.7749074208146909 0.8258140730939163
0.8245674981938276 0.2427010497376838
0.7042303869770898 0.5529179602305601
0.4760468561130271 0.36039121237299754
0.13093149667688886 0.8098454310968284
0.28993449470601584 0.24559194262744066
0.582713522120865 0.20249635849055303
0.7927680207851981 0.721413665508297
0.46427181400713025 0.17143661465771087
0.5789697570697439 0.049906945946387005
0.7631497308361586 0.7996361485321302
0.36563822470169716 0.5621250013987507
0.9375303338686949 0.04608281150247895
0.08785668808852964 0.08571841175369199
0.2382714270690327 0.39565294246864036
0.7283932058646239 0.5448755751824905
0.3309694296390011 0.04063393098537227
0.9174911139909625 0.4838838523127973
0.2981585307492143 0.7998117788472217
0.39112796047385245 0.9887829166422071
0.2796595546523295 0.41600133886459845
0.6464783449097045 0.6540745008751196
0.31604033380084107 0.2184173253174324
0.4329013905383101 0.3040853927631135
0.49122041222167967 0.24410547360066048
0.34955141785035626 0.9862626525997102
0.9153703697533919 0.7678899042940079
0.28323410390306525 0.11079899462041132
0.9744772470318415 0.8799737280904143
0.4162710823091178 0.7197695053331312
0.2615819240585695 0.7125641259343887
0.15523402185792246 0.04794280076788926
0.7803749665354649 0.7954838683447554
0.10735455379310066 0.6575541083134375
0.9378067834373724 0.7262809149368501
0.8825421711075225 0.8831222216100727
0.065269920709905 0.6012808544327264
0.7270525741031539 0.840140958249529
0.6868220271872334 0.19875161870606917
0.4409217861544703 0.023155579711472862
0.23243256248949562 0.36340520760655526
0.14165031246371562 0.057147706875734894
0.5434701465112273 0.3864011331706261
0.8809784080006762 0.7085615674239842
0.4190667918469959 0.49252431681463893
0.25314763653472094 0.48415306167512173
0.20094375720976543 0.4635333954010994
0.10054956260072268 0.8729975952978579
0.4101213783262967 0.8096602243460502
0.16490352600195202 0.8314108994696583
0.023139610956125045 0.7216240109800776
0.6719833957763437 0.4943516385765787
0.7873151135551435 0.25658377683610434
0.691581383232412 0.5159448103624105
0.610050892218833 0.2985122272831904
0.5160860929544728 0.6031083778966391
0.6398536148543785 0.7327256689378792
0.7848796516726582 0.37891578446881247
0.7021189824019365 0.32800018197447
0.8242577483162572 0.9762102344824901
0.5149058817155758 0.10853932973876601
0.9332457139665622 0.3221688971430312
0.11148712968939023 0.14522245215909613
0.6071850289498133 0.27739097259196877
0.4434578215215452 0.7616465397149801
0.05812300098585732 0.9208559158644285
0.4860389034151473 0.709092196692783
0.6796366654428456 0.507173195076311
0.18306243119322008 0.6424570938560836
0.5464741856724513 0.8776693839365275
0.33104891716637486 0.14391614242592699
0.46102177255830834 0.03278774044727606
0.4762280680863009 0.7468532629294717
0.9217734322859672 0.6589987064570038
0.8662580386782246 0.7975458298274569
0.896555789192532 0.08472017693376555
0.7713861526755821 0.02757708723710106
0.33412704320057984 0.5753576229160275
0.7285876804181541 0.36084495991820864
0.45188115782368565 0.5451499752185036
0.7513404675598676 0.9657380717551294
0.7203226478390796 0.0049638156983178305
0.570153562861174 0.5847262067500876
0.4700582299608729 0.16476632502943422
0.8079543792782802 0.9778980847319878
0.1797927383682052 0.463913547088288
0.6784825928302689 0.2810801716184719
0.4530295035559415 0.6006122554581417
0.11404652755088218 0.5765743548523488
0.10598923104767777 0.8253119770431288
0.08748962976852948 0.19938405837352935
0.521111409825032 0.7759698203715508
0.18339700535101056 0.16829712221925375
0.9424107882923767 0.5728431324783101
0.5004678461994618 0.5775302583321367
0.48756325574954107 0.3404790897369758
0.5711413028818375 0.10022013106136285
0.4543877717545941 0.47710846073439983
0.6803208529399445 0.5047393212630775
0.6603392289406538 0.3054271651132512
0.11477592108152623 0.056714390197502906
0.35097694569696625 0.9785240839261189
0.12870082556483564 0.09567113080075162
0.36568747347070674 0.6256025918259451
0.20788376023229205 0.5657580989795685
0.18044339185521885 0.6834842997676849
0.8075639477511698 0.38019275385409035
0.04435012214863865 0.07356540208313289
0.8342140415682111 0.44689863406791686
0.3681301453150134 0.5456881862766887
0.6768448027975587 0.4435408411150783
0.5800204388324772 0.6206123460998603
0.6310097537440476 0.47362431609239586
0.14627475202363338 0.03751817531170176
0.3429723637658031 0.7476824400929054
0.24294960848502445 0.549431898525625
0.46188663282306575 0.635836746401867
0.6779055508822249 0.4513932105501939
0.8186014808069026 0.6027569111095044
0.013900109593854681 0.11772221398259064
0.5611879524968517 0.8861684998956714
0.3362900704459788 0.48061310890241504
0.8216072534674708 0.013556901474850891
0.34923726509712516 0.36981863697011597
0.10810346304314788 0.4615358191283667
0.9687208158559846 0.4250423220217503
0.6779954518105031 0.13642119505303674
0.09028826854980077 0.09447827517469776
0.7415132031921807 0.546706761224079
0.8996483474787182 0.18070881719179144
0.12921125918024878 0.6495154393634015
0.6245355949367863 0.747914923577534
0.6323339241651245 0.44195139414305307
0.41306600363224844 0.174393418307339
0.3454791472511132 0.2175187309511346
0.4165925647964661 0.022158902941268765
0.8516100993636972 0.23178995753882337
0.5041212190537956 0.32044220210998575
0.4448567308811924 0.43337771921321044
0.5826483760711301 0.6366756692140068
0.1002770089325411 0.13654160867111442
0.6556515046161999 0.03672070665688665
0.549407411113437 0.0834790088624886
0.670036132176191 0.4803281622073894
0.6948183728884127 0.13262692809036403
0.9828820384518551 0.8585714024498241
0.5326919652815407 0.5079790725572133
0.6230132884795307 0.3639002859781548
0.5682095965658911 0.8101010883660578
0.9572765581476108 0.5355927971437977
0.06000929607460748 0.25579626701584846
0.5207417292727035 0.5585813278274567
0.7119243454148187 0.3834705782257526
0.7131353379545062 0.43252087407568673
0.1855642763460228 0.9437735515978882
0.030336415683389628 0.9759931246988234
0.3913094172923095 0.4487747930836794
0.29047924194497976 0.2703237559219398
0.13005004366394135 0.20172699325666787
0.7525946696270052 0.4383752437907078
0.8371643384748444 0.22067903041641723
0.8137111065821232 0.1798421946924489
0.9360815636752406 0.9733930796684958
0.5485287285342988 0.6745018937675367
0.24868093880249464 0.49315413342525294
0.6140331297386652 0.4883797107367862
0.9909758403846167 0.8699319138722115
0.49556831576033233 0.9696837843790957
0.9141523033930643 0.8486098417490187
0.5747959948504207 0.7184154186176646
0.6749279391864327 0.9407599943968954
0.20747623586138486 0.8494097927110611
0.344865480700842 0.217181734187595
0.7876280095357349 0.39084875099505956
0.4576912329915397 0.43236475674565633
0.962712474407039 0.9251815643504284
0.6063115583501071 0.5859742421995193
0.9450109763817129 0.17793945671266442
0.18055478778059775 0.8825488470844884
0.12074519268916895 0.9498071849215373
0.285225705192107 0.428979198200385
0.3221614309423062 0.758344059796209
0.6619756204815357 0.22040854676170807
0.9434411814893524 0.7683178581184222
0.24143206406558448 0.42221910978864674
0.3880127050447064 0.14427372333178146
0.573593271765326 0.7801502646309517
0.4536872312493667 0.7621402625946161
0.11199996479471452 0.6829120164082285
0.3748729861644158 0.38892426605028363
0.25271187308394394 0.3368281235062598
0.8430013281358482 0.24230100464111493
0.4160672350213923 0.4318796268324583
0.7776521368103391 0.1792693766254443
0.3490063396227625 0.5375340445045156
0.9355385590908505 0.3973648884781249
0.2072879271883623 0.03322721540108109
0.39492739883887196 0.6712960628559705
0.6372381061976573 0.8857610688259709
0.7491443089753309 0.009681161988662312
0.09127678058239974 0.8188756219780231
0.8748767174327956 0.5601081944730231
0.1678846936415863 0.3933512350742514
0.34835807572704414 0.16008528193466098
0.4662606836474317 0.026288572482654704
0.969358035553946 0.7944855995442268
0.48159993190456607 0.6725666671520245
0.33713831348200074 0.2403063751417167
0.9534400663245568 0.10148746008743892
0.3218610447478365 0.9512092916352404
0.9482168663356079 0.9611928977801489
0.4059870780578285 0.8886613627919069
0.12946544974877172 0.4982248880589819
0.8418286511273794 0.8182307285539077
0.7800267065058433 0.07589510038997371
0.2677152564223344 0.2274771710158061
0.08846905205811928 0.3111467487692994
0.35995253990960974 0.21499745719132246
0.6375161635709128 0.09366775917326353
0.10523819834643922 0.8041208603982795
0.3963799393404588 0.1848424387901182
0.9915792824395357 0.7550619769051239
0.7662352596495097 0.1952238728717577
0.598762596305408 0.5665237866316526
0.9727672087726134 0.029544514980638148
0.21329845911951573 0.48039357896033286
0.6270199969543337 0.5416932299365518
0.49004633641433815 0.27403183453249325
0.09038881455581138 0.8411355202567274
0.39941068285559367 0.9717856366817437
0.016878663964969842 0.003921121823419194
0.5129952811003102 0.2548386850182056
0.6925151481129097 0.42161418975528386
0.7298893438034313 0.16802648486114125
0.8847952492452125 0.49152245496142344
0.7806022533966883 0.7408072887311297
0.6142172856729975 0.8232944175106001
0.8542539268061231 0.34603433626961033
0.017733443698145335 0.20828735041479418
0.6577482240326988 0.6551835590156323
0.3408965557588781 0.6360467882849159
0.058816210492214305 0.0524303760283551
0.9700259539634872 0.9473231173549717
0.02318191239493217 0.1795303833718056
0.9045214964182355 0.4712874532554754
0.939841062716692 0.05300906897288704
0.3562226020105468 0.1100319829514762
0.6672291852755146 0.6465647011154041
0.8626796733217097 0.374364578991081
0.909106768116863 0.8924828726938365
0.16471588794698522 0.37798263875332316
0.9625754757645575 0.20158672678592393
0.8361819753679063 0.4024541539479112
0.18131482355522355 0.38781547474922085
0.21823956261800648 0.1676157620937213
0.6595845901657877 0.25336100409193674
0.2783665223377463 0.784996913896584
0.3956045338296852 0.9093308049493758
0.7163778114370805 0.13736118759906324
0.03621109995189942 0.5361218057444936
0.026458510301698768 0.7775327285379743
0.6414948926451227 0.11070647492959496
0.8350357805378026 0.28078926628718803
0.002935064786548258 0.793166914455897
0.30070762416139063 0.43604849291253034
0.4731579972189206 0.4924303290282426
0.17282663108530216 0.5125868662625654
0.83543359178308 0.09123425702673416
0.609401402840531 0.9482554051031129
0.2629617707585674 0.1323929157654018
0.5444974782896812 0.5303423600603479
0.3365610726404471 0.6817168798198183
0.2881938237246746 0.1960137376867186
0.7806984522544831 0.6618473370536053
0.07744366821216242 0.9029602236371908
0.11628969369258613 0.8060770004628985
0.5818806869496045 0.42181673394499875
0.7959682766580021 0.01969240392727345
0.4855065181455207 0.9506369672188208
0.11550762467422482 0.5837498557395822
0.3375824197280799 0.1802357706104709
0.30926170164000877 0.5335718852380864
0.28462574261197804 0.42545359612264577
0.2714975694433417 0.44223274909712784
0.7967984884989394 0.7907086252052802
0.782483262610508 0.05641304532170377
0.25329513399561154 0.5679537820035185
0.399209346933733 0.6113808044042137
0.5128505178879588 0.3709321483688506
0.6750367260335575 0.9497309329586248
0.5437949838436558 0.9488585707854551
0.0489547349225643 0.6452225728755505
0.6703060389036057 0.14836909657770403
0.8131495942353446 0.11345809914389338
0.9394832080561657 0.6070680341700614
0.30239895061108224 0.04829686264128119
0.5243145701048015 0.6627480389142106
0.917145843644064 0.2929497799642182
0.8256909709623763 0.7467041207871756
0.3400188597252036 0.5063254236614723
0.6811248768408151 0.5542379985147641
0.0045142427048407985 0.501609464630645
0.3230121523214826 0.4685427546290122
0.3545173636289918 0.7149816122873098
0.51334123224992 0.081718015237777
0.7195818746088314 0.3221722141739074
0.7004656210956457 0.08992949163498531
0.25513730603344786 0.6674571257312611
0.3684791785266197 0.38600403304382236
0.5986269502922787 0.6729966155354838
0.9209278599918018 0.24521632683049543
0.8859027544353115 0.1369082808692037
0.2587392361880816 0.44899265642481767
0.6561998430031197 0.24387654392343538
0.08115608414288511 0.26152085337596764
0.6967542247994594 0.9237749716655386
0.7659832263856912 0.5951001993270781
0.9743848184862192 0.8930009662805396
0.7182304897735619 0.5617553799091786
0.4234040479974559 0.49823355663922353
0.29544980002108323 0.9269749975825758
0.44025245289369264 0.9095601751907141
0.3599846426292006 0.4572344264952366
0.6864174000122485 0.014792561349527888
0.9629020374640305 0.9372081062390312
0.2346564864350571 0.5315366138656787
0.7808136315178908 0.27076880300298867
0.25859228884667007 0.44631375583532495
0.7686853447558557 0.7660376013077297
0.1322335042304421 0.06864744952310997
0.5382077697990431 0.8310428225208704
0.16052671010698427 0.6405918186628645
0.989305735686937 0.44876522025157217
0.06371138310782287 0.911107176746963
0.2861738614740428 0.07049779730551697
0.48829916315404187 0.07345638169656299
0.012905335833284015 0.6637915774399523
0.9855641317277712 0.7695036469349739
0.6796703808700859 0.9211651949487942
0.9732318534450555 0.4079804742945903
0.27984456601843677 0.6682125112412001
0.8809590906190092 0.8439571587977179
0.9230350006797821 0.2034164523462838
0.5656214588740132 0.8290190421231134
0.3741357890739523 0.900655656895285
0.5566764448742954 0.6964664457429934
0.5234701881710906 0.413196828255215
0.5185521255723946 0.9106246509985958
0.44823461133510234 0.5899217239871755
0.8674712610512241 0.9466248862712736
0.5194149477818804 0.3364479827869684
0.2669026125842082 0.7451693995770616
0.23494743118450212 0.6813141941515803
0.1408478745638473 0.910238925825271
0.34705343051774196 0.025211245463240495
0.9304332395148036 0.07736379395221449
0.6867385723471795 0.35316259806312456
0.7458759036032094 0.8563915010145553
0.9397735421551974 0.5006718337263976
0.18474550870274942 0.5649727259534452
0.2455332384737945 0.020142157340055977
0.03131965543192883 0.7094210562158043
0.1824375914813785 0.4732353140513157
0.4755113216333726 0.9139035911538111
0.8279027022349008 0.4906163013816798
0.7006997766772887 0.25099283866631317
0.831227848157043 0.02287880721937663
0.5509730207533354 0.599119885307662
0.719149106183985 0.7416034648446466
0.2021474705952533 0.5383833362057344
0.6820352407142196 0.8319395601779047
0.3236654800138601 0.4653955814660691
0.5020831756751489 0.6119068305456179
0.12666064106445196 0.7413420757350149
0.14018566009001798 0.9893770307433467
0.5594917719652148 0.855328494993665
0.3339771043302877 0.11986696451392786
0.4825669087761775 0.4780423825456437
0.12654466158598443 0.7226696210239696
0.24132965003559526 0.7429042869461853
0.8765998661200722 0.3385859231217343
0.8159064445212332 0.027760320620434875
0.11030465717146543 0.9033702679774251
0.7320851373618846 0.7190972851874102
0.40317334400120397 0.9163014392405486
0.30623511120795666 0.1507507918520683
0.7039940957512081 0.722997501848782
0.5656689954793852 0.21256966185363568
0.5292428223134982 0.7355551329543664
0.6455414426199362 0.197190021435814
0.8646187427503185 0.03222087420135544
0.2922050533488274 0.7061981169268281
0.6825741414687605 0.449814265055841
0.05340687109847231 0.11673425946540794
0.7679143829553463 0.052123263156759414
0.6260813363577189 0.03875829110333995
0.08008842191685694 0.38387169160977686
0.6749992245472354 0.8267236267584004
0.5913524766249176 0.7994605960264225
0.5818487221002466 0.8599264239100988
0.537481552207284 0.5821661594183156
0.20944420480176373 0.02613415659797158
0.2939207855846897 0.8459146016238606
0.8398573932275488 0.1998206013260302
0.8375408532511854 0.22400189524032577
0.6562691288543903 0.5259359819255496
0.8836945019499234 0.7324829026636559
0.05547309509221554 0.05384284271310902
0.5177742040799513 0.356141848151019
0.5646613641199156 0.3380338942375234
0.04293554778215558 0.1542938807363714
0.529892162867492 0.1325789983832446
0.5173210223484563 0.49879661917852336
0.7899588469975138 0.7111235412094175
0.45870391500672736 0.40300047447152476
0.5429392413282403 0.00658043146669085
0.06793221830510277 0.032077514302667254
0.9257513844887708 0.8217541132928288
0.6335242198492521 0.38702751525693
0.9642196644281724 0.5704930126937906
0.21251955481940432 0.7188044763708423
0.9012628680579482 0.7965888448976444
0.0837154900821433 0.4558249601054549
0.2654177519184342 0.02314751115261915
0.9095083949431519 0.5741834282994376
0.05868666662594091 0.02420157662267375
0.9745305107750017 0.2031879845290545
0.15688638071451955 0.7594522399807344
0.2853646971906165 0.28130487402253657
0.9865109854281746 0.29904899128906215
0.6341270844502893 0.02425145405868112
0.2667871760409757 0.6870679741092951
0.722026393826039 0.48023899174982976
0.5755236871406921 0.8507126063945736
0.22839445119555157 0.4493496047796792
0.8491163167471283 0.3326202727955625
0.6599824501558733 0.5248601645526887
0.055665257138112434 0.9396667706440855
0.856716463606195 0.5536065503011998
0.8843742908192853 0.5738820489078384
0.24308346617740262 0.9867568023403497
0.991536202597707 0.013482160529467047
0.9675244291621881 0.6014181851740712
0.5932333708224775 0.6806013045438792
0.3726025223699292 0.22020521338925003
0.1986846863018401 0.39813926733675986
0.21257949631236706 0.3876470883502461
0.7664109792772118 0.48352510534220916
0.8392848142066758 0.10178164932208067
0.6624647632198182 0.9931016206281906
0.9671910836351252 0.6952988579111314
0.8817141494133915 0.12121546735155286
0.14435991178894336 0.44954339829519996
0.24953866231499866 0.7314318882712285
0.6440220936225405 0.9926929047531576
0.6593875560834241 0.14667550337213298
0.03658991329186545 0.7611204680284482
0.5315459318109168 0.28294185124717686
0.0012322527487256263 0.33540408255352827
0.4014722752394646 0.5554823045746267
0.902290562753316 0.13131730619306836
0.08307726920140812 0.5133466595179428
0.6271609237792775 0.49627205350877746
0.385612372442349 0.632117940076895
0.24518450457004826 0.40593057846993386
0.36808324577241947 0.8500065299146278
0.9951571372680275 0.511191242508036
0.6647235892660617 0.996067488941673
0.21658517985431347 0.8637198310441432
0.21638259739061638 0.09087625876258376
0.9675845024971736 0.5854338056598956
0.38695019444594303 0.046516115454080964
0.2786978641669047 0.1985826628584504
0.2472757573497706 0.053168444205677456
0.7089053519609583 0.02515816607931276
0.8531556526822113 0.9448997012727383
0.21191184337360713 0.31519798745112904
0.6857639477987527 0.24235088955908912
0.03926870056284004 0.8658899818157473
0.8309175319567323 0.03387389587530665
0.9629637973604301 0.4530631650417276
0.9058932370564543 0.36733817859883766
0.5538819137950997 0.8116310180863688
0.39017002181600957 0.5509631739339411
0.7551502409154238 0.29508225950019296
0.6671913528032734 0.18523747468818907
0.38710641985302674 0.8099785200746785
0.08515177207392144 0.7320206269995431
0.5318496702111082 0.33549508066677625
0.7470104481754785 0.6210882878894695
0.4571393619143329 0.2160112333988351
0.6263029472468715 0.8265617203690057
0.13410325222413522 0.7322498252994278
0.016049291098123586 0.7681689931934581
0.4614826238794587 0.8683868401846497
0.9314891673958865 0.2781241466044786
0.8498068010949678 0.17338320540030927
0.02286984062490527 0.9817498069266775
0.2586447827899021 0.9487740124841986
0.6686109969432479 0.5779169125993915
0.22614282466077373 0.6211765603294832
0.42313205633691453 0.6042855285290283
0.053658739792070254 0.8424812588990769
0.6479066146271488 0.8187180774962892
0.058523806710148785 0.802624426312246
0.6007450607767664 0.9784858774512926
0.48037322442632835 0.3020169774538979
0.5822333962875659 0.22219353678523057
0.22799584838286946 0.9092000268162039
0.9077124184520406 0.5641671177505034
0.16141974731105302 0.730057285117026
0.06147060970411 0.08310930770697356
0.9034690151413185 0.7814109940745395
0.5736389011024199 0.7711665786149069
0.409463814573485 0.9857797128947627
0.64995823669012 0.22567912703699822
0.07804564164186267 0.9867112295448563
0.4091187237628471 0.42429129904763685
0.21429385791408828 0.18384277800888138
0.12107799271309672 0.9397340508339065
0.3889794822648607 0.30191479276467037
0.40816943119493243 0.999446389591397
0.5270745660901697 0.5254112922883489
0.3113411379719617 0.17635931808769967
0.8505167360928325 0.07912855955803333
0.4907607076418927 0.8228651340979098
0.0126067933755738 0.2633955772995751
0.8950685665719964 0.35171606087043794
0.7850544077644392 0.26017670036776064
0.7435529454444483 0.9744222509180744
0.41791538237983583 0.527237934112158
0.2631372624188997 0.7572599823716415
0.42523703025547555 0.29987954162994646
0.6391734376685485 0.44347393617754016
0.6293475622079474 0.991018699318271
0.6311870483834272 0.12922702814732423
0.20875747194191674 0.5413832061252795
0.7145349135687509 0.5912603428348224
0.12212812551711316 0.5661649588328939
0.21427156442302508 0.9120937984809856
0.5452696758375779 0.5651985526711587
0.9670628378585222 0.2986355297059329
0.27704318154435414 0.798546700917407
0.13457420719040192 0.8526032332734943
0.9617647356121026 0.07464452088617501
0.8299595674882507 0.8876013424172557
0.21290556297363894 0.2851703659207261
0.2619407416917705 0.16867624833001815
0.9997363707136291 0.9128247092845898
0.4059943952451359 0.17332847725897382
0.31468717285859005 0.750399442465538
0.7085340910944262 0.28132356173761996
0.2820215577658709 0.8657119363952466
0.08054893121321816 0.2880390635978749
0.8824883002628194 0.692698140484844
0.2898915921255121 0.7978507074049033
0.08050630472500875 0.054886238024219214
0.8370411693794935 0.8913965919585245
0.3418091483132071 0.3792760106967006
0.4404148691520202 0.8357808312431403
0.16036613460797589 0.450885632962164
0.7022642844105405 0.02770731492096279
0.7014474249056064 0.11981678560770415
0.026834682062222726 0.9910200092160768
0.389238094077901 0.8427893041321259
0.056150042779768095 0.6399389865812168
0.9348694173914529 0.22558252705095638
0.1009389322924974 0.6108664860637665
0.08661357779190837 0.23569998961803362
0.8696658000342401 0.19244505452456284
0.8868044243226223 0.13696899930562512
0.9422844882151127 0.08141339778160717
0.7703936413473831 0.43319954048105047
0.4605660751346987 0.4208052154772681
0.5382470248905531 0.0813242285015654
0.029371106940051295 0.998782190605999
0.22962117095614154 0.9792571932503105
0.9057101955576665 0.024125306345635034
0.6796666013044128 0.3386186930352706
0.4820307158089603 0.7783598787232908
0.2917319302572152 0.6164881173139758
0.5510852208972645 0.18687480102682597
0.6997270253453156 0.09440291992933858
0.48670638012705525 0.09962899265252623
0.1020385744186143 0.005450122432810511
0.02396721621582132 0.5642739006770396
0.10291718885478973 0.7263061791643897
0.7330901135719392 0.9140106791073137
0.9793344135427007 0.9015655027413592
0.480736616924768 0.8509102574769065
0.11234699565276274 0.5351197007520425
0.395102095535637 0.5925146230908096
0.9885451169949848 0.43989938633464387
0.7605117811187991 0.04073467959019328
0.21308263307243136 0.9605059908623181
0.6030636132609843 0.2758690113092819
0.4821567206184241 0.7274437193386929
0.3789894566875063 0.09025554481960762
0.7111536977706849 0.6653307236202362
