10 7 100 3
725 290 1075 1538 557 407 785 1299 1838 733
1078 373 1489 2007 687 325 511 466 355 1582
538 744 488 462 970 763 334 1226 1723 915
583 1688 1831 620 1757 618 2030 1100 818 874
846 1443 679 1965 496 747 1828 684 2054 1425
1845 507 473 631 1820 764 1180 410 750 447
294 878 1086 1323 288 1383 650 1041 2051 1685
805 1452 2053 666 728 1226 1053 703 384 413
519 610 1278 1541 597 495 1745 1180 489 2058
308 794 1510 1463 1669 352 1851 486 364 1333
2 0
3 5
5 4
3 2
8 4
2 9
6 6
0.6372349781597386 0.32228365157717453 0.3868822502910049 0.3298430213863113 0.4276407220306967
0.57287696500198 0.6915702766791236 0.7958319169344501 0.863195180477244 0.32281812381045133
0.6524846483903224 0.4101901297042792 0.6914938660711336 0.5057774337236831 0.43786263561476935
0.9272398587038946 0.8217425053231087 0.9593785734153606 0.3603595728209779 0.2890231164393694
0.5813590034404369 0.48597213980226206 0.7903796974667028 0.8955532088351525 0.4491768735475873
0.8257684649821584 0.42427595148300823 0.5530680109488902 0.7322206877160837 0.3982397651423424
0.9193286832675192 0.8064739658045785
0.16209847080176076 0.9827595936116187
0.4464103685880303 0.4171585914768079
0.6538055273126675 0.05578448211359621
0.07337411335118671 0.23685535685716097
0.48293612913426553 0.7694928573178033
0.10389948741521327 0.7695592941843417
0.3522691036959036 0.6540477074167594
0.8675584979328224 0.17275066366057512
0.3147570574376921 0.3273042016015475
0.9317409188922796 0.6261192141828056
0.2607447864582151 0.670296045032519
0.9910846258701502 0.6697631642120869
0.5712683282098161 0.3457992361892921
0.36307173676260907 0.6726669145455233
0.4557969866956879 0.2921417491148077
0.07654291090252685 0.3001234967849231
0.41750315349571254 0.08272823702469911
0.1550871405663239 0.7764904401363355
0.40287534258499824 0.8509460608296999
0.796620358837939 0.26581634938232424
0.5101514490814343 0.5914887214434681
0.9010018837675995 0.3491516678650275
0.5679460735879738 0.9143556142387781
0.5253250625818264 0.7665207749886314
0.995487269575922 0.41758082787699147
0.9836054876659772 0.15504725341917158
0.648304566636992 0.6326815983880245
0.40616578848616647 0.5396498968252124
0.901125001994382 0.22055238200195526
0.08983936621516886 0.5060338111657412
0.926449673931901 0.7920949650896751
0.5717614450198913 0.32510061299992743
0.39937226290900285 0.6756476365760626
0.25264589595186693 0.9103702670233051
0.7880572245949589 0.6711512171158629
0.22484878794018393 0.9531770693442789
0.06901922707552699 0.1637608994441797
0.062496893417960164 0.9406074563137681
0.19447528381375312 0.7236152517316465
0.9956264579778484 0.37428733969956673
0.6352641762009994 0.19923067274618367
0.40359269189594116 0.9046565966951499
0.7643208276968279 0.9634330174147749
0.714299636716569 0.6037426257106127
0.5567494208833832 0.7483364454490018
0.3459568104610782 0.11255454427579425
0.9943994947268839 0.9270724254341223
0.9622057480041106 0.758221951787964
0.5256568631827627 0.3584176182393628
0.3718152645023165 0.9907662922505427
0.18865306555088046 0.9283261626165393
0.7206990184997111 0.10549189347480215
0.9474982515434633 0.45312073126089736
0.7132496575100302 0.42973620943994306
0.11905566748364249 0.1325501317953688
0.03909155307151879 0.774989014149084
0.16206007807401068 0.29812085973631786
0.2894984063802337 0.09356034585100215
0.797189011477889 0.9210484289502594
0.3928126262904892 0.5505147178915648
0.8795271538252516 0.0012193345840498804
0.9685403674048996 0.9769880716608645
0.4636958354722305 0.9835470340166685
0.8169817491947344 0.5571269675567323
0.5852516316849188 0.5220682151859473
0.04655374128712064 0.10458399401720753
0.7408587544343754 0.5110489855496658
0.42142019225282956 0.9946174368935776
0.23960117870325592 0.36777492079337404
0.6581415375862225 0.3916039741807509
0.5139317570852266 0.3622550773848561
0.6965254037775679 0.11172635073226389
0.3975399779853497 0.5576435260526937
0.12546380589159645 0.9776362668962277
0.834791430030644 0.8624740460746865
0.14198685129731525 0.07823962249594718
0.8480017877392871 0.16868237030328115
0.06064022696293048 0.18320835989895934
0.9102184370141579 0.03503105354258729
0.1515887918747727 0.7183267156241147
0.08053027240106903 0.8416957901269875
0.6693629479012402 0.8331802548678608
0.11033287586178075 0.3291177312876039
0.9465888822166983 0.45813136030371493
0.7559760082241334 0.7716574794513804
0.3178343787463036 0.40484288416602965
0.3441752380195384 0.6131750183106655
0.6889903736986505 0.33496240908048036
0.3489075552232186 0.5795870676739596
0.8545434720425558 0.8866312581658022
0.03167132922325999 0.20007545848971375
0.09358843747376877 0.8165863187980091
0.45330402322007024 0.6874483866060483
0.7407903608943729 0.8220904897355084
0.8959745486342108 0.8449261010461231
0.7155154304812512 0.6240831000388145
0.2934541009214655 0.9003353868674422
0.5720280432261866 0.32707620780284197
0.658709815019457 0.22071100508812846
0.37226800684164774 0.05674185219489303
0.8766335176232201 0.8894247589097306
0.34350290713412845 0.2840363564083943
0.9102271084094915 0.7905048440201348
0.15104316005549556 0.2999431366499423
0.1873707232377999 0.3520349651376391
0.9088627082382106 0.7426674496664749
0.04980429695501831 0.717753651571492
0.013657477126241435 0.013683447695988837
0.8007036418155342 0.5619661440161552
0.21621467327172073 0.2649123869511163
0.7160372933074355 0.40315883049298384
0.7564378087910708 0.0981797421284134
0.4254450469273543 0.5567695534695072
0.7260117576363365 0.010010588473239546
0.6021387705942822 0.7461525193456588
0.7271745481534053 0.5807766989263194
0.708672148402937 0.5315141799052143
0.44176432979935165 0.9182856156624257
0.9248129039072108 0.545906781189986
0.37725677229403387 0.8822742774176291
0.5219784334328281 0.42036536730507
0.2596335532568723 0.047942046578761
0.10874677683945255 0.3605506811330492
0.327485203563596 0.8697894514222775
0.43119902312521696 0.26071416003418646
0.6000967113294138 0.5216330803119071
0.7415009594476623 0.8955746551267618
0.948958593958021 0.9183179382470803
0.5769192981503366 0.8790237844381659
0.039499776945723264 0.8040932207454008
0.23535973291981716 0.5389865099715121
0.8437668896882253 0.7638088391612743
0.04120468099069319 0.40365049867136826
0.11976399434707408 0.7453669229948905
0.12378655899674218 0.0378634066554242
0.8952339333942763 0.08007820720586278
0.9690842368712895 0.8433727686329697
0.5965705135325681 0.4446333644296865
0.4266153986144985 0.2805277240530515
0.5495818125784291 0.1055142227799537
0.4108844979375088 0.7000134904707118
0.03323252201762017 0.261624382361614
0.5870281781739173 0.5160875349004981
0.10260113612190636 0.33599752220260126
0.9803476237359501 0.3195857246607827
0.5449262601529479 0.5362317748184342
0.7437825159551048 0.2909855538745587
0.5365186738198122 0.41014845857570603
0.3562839843346448 0.5343217207289763
0.28454290770009005 0.05186292488474176
0.7070980616848463 0.8094934967268037
0.26555134623712506 0.6837109249102555
0.29245401971464213 0.8133979001661138
0.6487011444263746 0.023425945935326764
0.4205927879851059 0.4946685202403993
0.604042267271911 0.3137860678848514
0.4786628049039281 0.22651719418554017
0.718654319933536 0.8094286937285444
0.4211617731521786 0.7593186232497111
0.48497306902893444 0.8289105065705009
0.13363598666722276 0.9135325347132612
0.6736144995428022 0.47611027911445225
0.36409684578820656 0.06034217939750386
0.743896104016091 0.8301111035929558
0.5971209318397019 0.26770743575740896
0.8718447532634355 0.9405070264446684
0.941182211923429 0.10976222925787593
0.26046328973793864 0.29786118958108987
0.7471745523624094 0.25347124131501775
0.7037902521316346 0.7734716280324243
0.6438082943726819 0.24601008493405607
0.2739559200017281 0.09709811328291429
0.7710714816629434 0.5398909044093483
0.061516271441441006 0.8902951997261117
0.5535316039075509 0.3283382186742312
0.5208651400656374 0.8347099897416801
0.9906054510967686 0.4738099147848056
0.4763916627628333 0.051053382435407135
0.47856169336287135 0.2217773025248182
0.6561354239786319 0.5618779925333051
0.14600530349432828 0.008433691607235394
0.29318283548754454 0.032404293469176615
0.5253511572461838 0.949121811191129
0.7931013566177709 0.5036447576310323
0.02589405137321954 0.34015475673174733
0.5939555292709411 0.14262870847414266
0.9981600916551248 0.2878021567697686
0.3642800363658041 0.36266461365158853
0.022531909261990002 0.8463401648077462
0.8139205709863531 0.8013371594670229
0.5948531952722822 0.9620598701869956
0.10067103934152977 0.8739733631249729
0.06605854173212666 0.8660944800337518
0.8145526926315643 0.7996929348372359
0.7919694660768355 0.13788544818990256
0.8083688384026069 0.3446160488029608
0.35476745808926324 0.26186624740835085
0.24611216264334201 0.11969315758492227
0.05501354648667989 0.767832025860685
0.7155029359979839 0.43806142310646123
0.16723232910640706 0.7515663961182872
0.12013810475915654 0.4138497117879256
0.4810637243103826 0.10023338789909286
0.4232560347367631 0.8825024335646907
0.23583717488733935 0.10318528804945859
0.4259574673850415 0.045770100680966985
0.010080711447677304 0.8834434589936127
0.7727114695655388 0.6331280604061569
0.17499635179398787 0.9157427282496402
0.5121873181829824 0.1221171836147723
0.8320257154599924 0.11498506543035791
0.5301399112546377 0.4863598348064875
0.004647741952860551 0.41587240813588666
0.895977852888642 0.21285823321866082
0.847454260246743 0.8923836888562846
0.8644378187806827 0.1644603689963391
0.6012444588202288 0.4007459797688484
0.7009104309634586 0.6379816789272148
0.300069071340487 0.48842223958933695
0.09738651314139202 0.8500614607199353
0.4417060584254311 0.7258238959866798
0.39890881921148647 0.15502269894874754
0.3897942126307661 0.7396312760889618
0.8754125063749416 0.771163906529795
0.3333979327225418 0.6140254441315327
0.8108623545887452 0.2568958725633852
0.203954410734986 0.2904074044595981
0.6592744611384302 0.5926849784685975
0.4752125164712515 0.015322527129561392
0.4034615439543563 0.4117409074081757
0.8962060880696592 0.4161202329928053
0.22494741772884508 0.22303488001024707
0.63653728577171 0.024537981110384965
0.32588940743258465 0.4600178829522874
0.7558829593046283 0.8473247106905739
0.659979972743016 0.005252934034746026
0.07997612364644002 0.3592623004882518
0.853854575390899 0.30436001500212284
0.3120586032070074 0.15868885715071768
0.3716750145110135 0.5348881457373289
0.1619607606467195 0.1044999726139213
0.8014772642309758 0.6100435703830209
0.2411001447795782 0.35002602044386966
0.6271395949189287 0.00045375765740973684
0.49997246872030576 0.6328007914735059
0.05023289490303906 0.20477036713719587
0.6921640663589619 0.6504808763343648
0.5453157320165258 0.8445097414252163
0.875427120596747 0.12482485569923929
0.2904517857066864 0.07508139880649023
0.4083673716657408 0.5924468945506269
0.21227089980734104 0.43280479714416087
0.09230594163011885 0.993431834317918
0.25055561185998054 0.9545459826912224
0.7616394370831587 0.6720088900412131
0.7820732482905361 0.6310883709645887
0.7227221899107765 0.5686464053136671
0.45806471730208775 0.384359542366733
0.6303717603080392 0.18226904718908887
0.3796520624989048 0.6563118910045951
0.02211648499291563 0.3009778673008665
0.3312043158124707 0.7548090923390605
0.2155207394750316 0.0726889254458496
0.05120678226257924 0.9400011079820898
0.07036257684195135 0.826528395964351
0.9038811060279379 0.7590875339708523
0.7786855386059435 0.46092328354398493
0.6121212235514848 0.6238240378581712
0.7596499788128235 0.13607341298855857
0.8185498106788613 0.7399330732814744
0.6213120567236716 0.045180568652443354
0.4357900365150482 0.6192602867203161
0.9591717975503009 0.2641567440613304
0.4506049960044356 0.472110412883177
0.644506051102423 0.18394610517864152
0.39648607983831297 0.3273202419217014
0.5007253158036857 0.6884124361870838
0.5797144937291849 0.32946005997692107
0.316421352956193 0.10447159361147529
0.24568122594130792 0.7445041539149173
0.4765797096017681 0.7050685434029156
0.7536601763304243 0.8989995282010763
0.8368508698065886 0.695842787350256
0.8190639905756316 0.818303369467462
0.35646430104281634 0.431837527382644
0.8643727415552585 0.5625197968709412
0.449278888470412 0.7625401138067425
0.36693568147507793 0.7235101029671309
0.9224753720618755 0.6602819578120036
0.8036049042152313 0.8050189801109287
0.9806388117669373 0.5396496625473512
0.6515139531197887 0.8013038274713162
0.03685920705211876 0.5393586749790202
0.05462884473473206 0.41010396700551044
0.28328363527983824 0.8134114577826308
0.5163039012891373 0.917529290176232
0.8522397593015747 0.33645776581099174
0.5871362553170112 0.6479973271053694
0.7285659915471328 0.40943706742877883
0.7809864920844263 0.19299119897974415
0.2545692131632049 0.45176175127137075
0.2976009879622916 0.8020316938397631
0.9033722409223945 0.058007613521092294
0.3524739859246313 0.369838123983536
0.9468217578008467 0.04474732225707245
0.36455568154980633 0.28084959006519084
0.40174951804775705 0.1992035370339975
0.654431785594705 0.2463981177075869
0.8716875581000014 0.3106276706691389
0.04327952288496206 0.8723783634007234
0.6887255167564692 0.6615039497720605
0.09452943985060336 0.8848768081434637
0.9305910932172781 0.5167974772166264
0.561696553267027 0.36755402527746406
0.46868602710866125 0.5476020973765827
0.16366676606715158 0.09537523362958544
0.4886344706319372 0.9980518671456022
0.39911465174721905 0.7004233791315937
0.5039580282566865 0.6059558328766708
0.8405748186467727 0.9692108511628086
0.4292576203700309 0.6659020145721821
0.9224498396282381 0.2918664922159071
0.5151856070453533 0.4311483142735295
0.17003183787247256 0.726485581900747
0.8356637284448967 0.4685643088629379
0.6914245442952227 0.4486815884010886
0.4174756414635816 0.34555204496330316
0.1256979514635168 0.3604847375997986
0.7926459703461237 0.42969233464154
0.2799738835856682 0.3991682041851916
0.10689492565726266 0.32840354393556637
0.3923250590550802 0.9810169572299376
0.9505339871144243 0.3090006195834385
0.20645290401364802 0.8171124385723929
0.42304115910050966 0.31863997593942694
0.01900981658121914 0.2414537726304995
0.37760571675800647 0.5110652840330923
0.06876548365462698 0.35804953073653567
0.863189364035853 0.5722008519966502
0.953533177410123 0.5992762221440806
0.5444097493836699 0.344578642034175
0.8130694177137239 0.6727807459555408
0.6416162250867401 0.06635380817625292
0.8541314234668844 0.9738647219041618
0.4468745480792078 0.13013598532459203
0.8896954335874303 0.28114267854279307
0.4276024834565797 0.3693562695936885
0.9414509542881728 0.23547735993912777
0.012689847698813761 0.47739768197253407
0.05602673095549493 0.038766332274675186
0.5848545037890771 0.26714804048143637
0.9461520870407887 0.8795965073459908
0.8488357172447407 0.6402082939170148
0.7236342568752991 0.9158151226689246
0.4751367139678746 0.10014494660082152
0.6331266659119228 0.4553614296327986
0.63889240666051 0.7913868794434669
0.1188060861933351 0.7117568691994041
0.019205670314936363 0.1157630494747528
0.26251224349202484 0.9899123152877483
0.6587515251369864 0.8034644664773853
0.16290310720080914 0.2528187642256736
0.04132302669094701 0.6885428665194784
0.6229732827391548 0.40582354690312883
0.16347215105852841 0.013542339494541977
0.19268931360994324 0.9299056581481826
0.24472257128890407 0.40061639682238126
0.8115825065441811 0.006660795921237028
0.37271857330103964 0.958133539486091
0.23558455603435968 0.9844464536235793
0.3378817092551709 0.21393847132915922
0.7774271053065547 0.010916143489360541
0.6618457835319049 0.41281713482097526
0.6695822480290761 0.5864560849481668
0.872255534772471 0.8525938268668212
0.09475231551251695 0.16718871057459594
0.6506197833282887 0.5052100498242666
0.9932191085586568 0.8142094785472405
0.6337192811159129 0.7963289604069033
0.6142235215411567 0.8640208225304982
0.1138313981417669 0.5720537365605971
0.822028736347342 0.5872554803351553
0.9199453740516721 0.11300011520796405
0.7888060605738616 0.19216030308870224
0.9026802393331101 0.2105554328793109
0.3879731590527644 0.6367835332415674
0.2075685707556918 0.5797538599334322
0.4290756711077879 0.6776866070314556
0.932580802213989 0.4909054022952637
0.639875075858348 0.7608449085347455
0.3164257912039783 0.22539871159870795
0.4842015402737918 0.06744349876487177
0.9115961195019502 0.7138341381166031
0.2472675652462175 0.9721647058446634
0.6226028140528914 0.596820267999125
0.797395015904429 0.36998145196752086
0.7981356820401393 0.4823369825662336
0.05675510313350007 0.16580082147944464
0.34778207804026984 0.7124134172506471
0.855282423545469 0.4682352252894102
0.6505617874773435 0.6783800075970101
0.44062304616988324 0.2387456773938894
0.35456249521537386 0.04835424789073017
0.34114279839853934 0.4471084285256328
0.4183199961286621 0.1496894083191742
0.0722437167278498 0.025238291330997198
0.28350287156805765 0.9427325203678512
0.6623132759909978 0.38755929456832505
0.6650109896979577 0.5715504180981839
0.06188476730323167 0.44240363051862586
0.21333174613428074 0.4511458848246359
0.409634633356565 0.14545783349846464
0.5862836077177822 0.8022755524694751
0.2753339790792959 0.4811009937244797
0.7740697150337041 0.6895849852196487
0.6180251408440403 0.8327309402535934
0.6888166503595226 0.7828200270031771
0.9609498482992891 0.39998461064133517
0.46934255937509106 0.28969877733038096
0.605817724628186 0.7341996224727521
0.0503029134899895 0.21047279774316485
0.4747575640730377 0.6562756824470231
0.844148915774295 0.6825530966099211
0.050942469571376936 0.43804389575180824
0.14160815104406832 0.30932754681720853
0.8018697838301896 0.6989980940302749
0.12454631872464472 0.07686646154933197
0.4025703151607758 0.7343744468422482
0.11491741031510627 0.6632295666809773
0.1383486493004218 0.8713277399203305
0.7340742084631244 0.7143131544291386
0.9354891286275853 0.08728731014686986
0.566826711425044 0.02888727694213422
0.40248996151689664 0.5492890542450566
0.4101469889019742 0.9000088299553652
0.8053494625041484 0.9316069679790049
0.21068605153845055 0.5428052216285202
0.8500194935061505 0.9315294365082893
0.3071260256172528 0.6005442152832889
0.4671407105894396 0.7809805605070048
0.5601352722306971 0.607983988327855
0.19058817040113296 0.03730304430990605
0.14218462084394234 0.9061712150138437
0.7333317260129986 0.03316951435063764
0.5933599668826395 0.7154075111595843
0.07520951488650085 0.49686179630493155
0.03383470008709377 0.15693696797332812
0.15297474973241276 0.5961901255320117
0.8973809700333812 0.8839654632750857
0.5897047178167554 0.25145294219391223
0.8491386907214575 0.24191666105227738
0.8305992444567676 0.08813874709683223
0.4096705133085581 0.5019005961560239
0.39074041494050893 0.015290039095337438
0.10513304594040918 0.19229745044019864
0.8093519921017571 0.4278553387838979
0.7810642530235836 0.21370324432176613
0.7229501989574783 0.4346427350255073
0.9630149392609526 0.10836622304843058
0.7925016537767187 0.07771695313463667
0.27178490121768384 0.03249014799536476
0.08088532657854586 0.3527469121007618
0.6578072395158407 0.9541512465461495
0.763167868099591 0.6518047826055051
0.5568578864419704 0.2686521462947913
0.7225701503432425 0.37199777130961875
0.9954740380165847 0.09514518001843353
0.8569157936305021 0.44371371097871903
0.8796443459530905 0.7145628583490435
0.8339794052610203 0.16480183800965142
0.5402538606853546 0.5199954756842566
0.9142262413014883 0.8161842128668553
0.24922178079519686 0.3136078229847541
0.8353329771721751 0.25024995269779904
0.5823608151071529 0.14814349197044763
0.39956980358995287 0.37190971691959107
0.36935432466568585 0.051586225700354316
0.28154798539068815 0.8569267498239672
0.6026167829496147 0.4846509079810841
0.7473732162886801 0.8828429089229755
0.9364670680229323 0.4279452789125917
0.032943482621581754 0.7917886908314158
0.12373751702042557 0.1452276587708079
0.06542630050113862 0.4126332677418387
0.5718330776065594 0.9201061748030244
0.4220322505534144 0.4804114627420808
0.029673594251789392 0.321798651919885
0.008555413408256385 0.7272786641721507
0.358264015112876 0.8473996570086682
0.08280307603882808 0.2033608204163433
0.07295654759541814 0.8033555687088889
0.046536895950879176 0.30676656723775664
0.6834199670001675 0.9453193945870517
0.6424206764594187 0.8527308327179179
0.25819512898880426 0.446849133353139
0.5423791048770521 0.5679801867216396
0.47049724046065555 0.7253920293764258
0.23669516622002695 0.5287469016231443
0.020505757493541887 0.7267262381584358
0.7337328025794405 0.23006620893116958
0.7175090423463455 0.9978226065156985
0.6133979631059856 0.2694973957460902
0.9948118631040201 0.38151044029149794
0.3356845115501108 0.5650345220727178
0.2326971849493249 0.5806584282229936
0.7036180376763688 0.2947412876724562
0.8117788440647307 0.40073765893201463
0.39085388872164595 0.4263215506697766
0.3342727433206838 0.13260633220801488
0.7533817111119947 0.8729113282221461
0.5221571499391153 0.6489080939153142
0.11003046654601745 0.10360985377868825
0.15861941463194174 0.6051230604144548
0.4322256353769707 0.217854638811237
0.25142125181822705 0.7646100109734337
0.3843093522410408 0.8258578389812816
0.9509917905815388 0.3899663526824253
0.07794969287043307 0.9212346272114869
0.050624071868510256 0.13841678597099394
0.638741932188162 0.7066591670711995
0.8832889864430984 0.16423907584205555
0.4904667891296641 0.5453870701929575
0.9071209301682339 0.18241989765674083
0.602514582087442 0.7462135736121616
0.3530052854267107 0.3109013247987713
0.5712556441808914 0.4648673366446696
0.9067305110247295 0.05955036792724333
0.31530682523174614 0.8082041564348097
0.7093528616648361 0.6322500291414386
0.4065099992489678 0.5540218306937028
0.616513269418983 0.7282491333552257
0.3145278223505954 0.4499306844897475
0.5234257597730709 0.7220424444638165
0.9887771387109578 0.10081045687944723
0.6358438208903996 0.07236297798008429
0.9628247510845789 0.1761149844920733
0.690700092510204 0.7416960711982366
0.8988682378428028 0.8418997668894748
0.20507450973071295 0.3771713470984084
0.7752592217173759 0.055738737168033126
0.46830961043508235 0.6175201596060902
0.17280643278958152 0.5748708767674242
0.26141244426139987 0.08816438597598952
0.944164995887737 0.2395139825210495
0.565468153711822 0.36805021388719616
0.12493195013367364 0.4860957486797457
0.8594162161171828 0.612646775494265
0.2405444826828944 0.9122727071333867
0.5378137009093711 0.07709637877144271
0.45670762736227477 0.941845302435145
0.11584926354947056 0.9956999120814576
0.6002052376657121 0.3552737727079627
0.07732286145149825 0.116939638857124
0.8048229475861877 0.20185070122448545
0.5215293898446702 0.22900515202866756
0.13221549939636268 0.4367146872204961
0.5345159931743837 0.16784064195556758
0.6820504145382984 0.009266942526599209
0.08538232307457161 0.8983322545380958
0.8617289843526805 0.5600401456158659
0.42074001006908945 0.6389665526366517
0.513645936779719 0.850240770986544
0.7117077559678735 0.05181404732446282
0.7287287250424055 0.6267373316046851
0.6303022391206377 0.01186041156794948
0.9064822464961613 0.27654901494405304
0.3598902934291952 0.1807957053801319
0.6548391079036653 0.780752943712248
0.5474111001392858 0.04661181172485884
0.95487496828488 0.7993922991334983
0.13000077167701085 0.3352681173699348
0.09114202090629009 0.16089970532738151
0.866492074725361 0.45611590359147014
0.4610543302334833 0.2630106498242375
0.8246915448480914 0.6303242006178342
0.4156701596825825 0.74722999847774
0.3387998726753194 0.13747337135201398
0.9519533006686474 0.11957113945865827
0.3816090790655635 0.8313620279835474
0.7945100246269734 0.5710502454693378
0.8777869039867565 0.6882284035916564
0.6784681456209152 0.7620161340247102
0.3700995397104123 0.7835736898884496
0.5271007991744108 0.6650330315640312
0.6616848957069978 0.33492061464285827
0.5845148411601513 0.3160903148487979
0.681440684244697 0.8005270351122113
0.35600937408890165 0.879951265689199
0.5402135130493901 0.2840768419227746
0.5790104627434514 0.3105468475615256
0.19375962369252164 0.06722906632987802
0.9077797014835451 0.5554918854960984
0.9779185263490657 0.41971431450289676
0.24376866359327165 0.0775914346819595
0.07030668048615185 0.476626875384633
0.5659413382666947 0.29236478096565444
0.6582625960165085 0.869191419306008
0.17435877218922258 0.047680973372666635
0.580441751690481 0.5428844790552396
