10 4 100 5
946 1189 994 1090 1178 1202 874 813 1133 1086
962 1168 759 1006 776 852 829 1113 886 1193
876 1107 1104 1194 1066 937 1095 1131 841 1161
1220 754 966 1081 913 994 917 1047 831 879
812 1056 1116 1146 885 1024 1028 798 996 896
984 966 1073 1009 1041 1072 1143 948 919 982
739 738 862 1155 1098 1113 1170 909 952 865
1075 840 775 1004 1079 755 1039 746 888 846
1172 1181 1171 962 1132 966 1214 889 1219 952
1190 842 906 1159 832 1175 1142 994 1093 1104
3 1
9 3
0 2
8 6
0.8196425357690231 0.49336396691404893 0.6347955351374905 0.3949572227374125 0.3845640547186181
0.6917084802899746 0.9693904379476437 0.6367799319022409 0.8830918165861366 0.2883701296222288
0.6893079258828774 0.9413313267277308 0.5540328054291382 0.9717990850071461 0.16815176136180315
0.8174480060630549 0.25717941964695656
0.054960548984982927 0.230310954586731
0.9987439389791377 0.22459859011586625
0.18375090138747519 0.7869426409652185
0.24730338820151654 0.9816218572193878
0.39758461326445316 0.07642673297841207
0.5058013487317627 0.31657372828731156
0.46025061183596083 0.8389273291807118
0.9856540052297293 0.9076378631314197
0.030583222476624705 0.9437139887014485
0.6950166962423117 0.8081993707854369
0.3979016059356384 0.7886743273089298
0.8918848622998421 0.09282327364269038
0.3852130048909628 0.9644538752983887
0.8753024695843465 0.4068000539271741
0.6588703645369767 0.48247258367674695
0.7424965527302307 0.8391188673698562
0.9628805147080239 0.2571016080187247
0.9125251184503747 0.16186087548726769
0.2891681975827627 0.7476281790689974
0.2471707863419681 0.09854550741896961
0.9394752081741655 0.6678050077377451
0.6580897641656893 0.7431130579908833
0.22472642066989645 0.33936625162728995
0.9444120834581808 0.7302423414403583
0.7425152485832416 0.8905136822759079
0.7314839898480816 0.3946527383557221
0.6674835155126062 0.18672390422562923
0.05267957401448764 0.7966743311489835
0.4285738656476761 0.2578275166124262
0.0011935301639085516 0.2199524644291524
0.15774051885117157 0.07917595748819894
0.7126488658329029 0.4554335593405028
0.42980711616893763 0.5243141679993715
0.4215902142404746 0.09982482615395472
0.8626720092173839 0.9628087028389316
0.6048875123291939 0.09997477799251087
0.15254726790241158 0.1415805613072585
0.9619961643388693 0.4671155123932835
0.3871486317649777 0.1742804878089499
0.7623518740961839 0.07294092973826483
0.8003996068840973 0.6801610397503912
0.8094544752376647 0.8470024030344612
0.507878769299448 0.6636206306224572
0.7624820608580569 0.7005781316572768
0.42861444070388544 0.8087493762078908
0.024677727308476616 0.7868642442183875
0.4121089155966795 0.5587297074073172
0.9046660370814867 0.5906045189975868
0.020444332493950057 0.3871779825783266
0.9464674329882998 0.23716490890732467
0.32197939009983045 0.06071035208996256
0.6532994402037338 0.16555351122820117
0.9246821035946993 0.42896012426192387
0.49814512491319074 0.6452473205246325
0.9005565889567628 0.8298343080536172
0.7080454222299206 0.1875398776511774
0.4434711738012116 0.1134410542332942
0.11530366845485651 0.1829053641315117
0.0027712176979619585 0.2260615114030915
0.6345742894258233 0.0016763586587518198
0.6246795825322002 0.2537869723337298
0.2090102356059631 0.9726349564266239
0.05676759757644212 0.23262441341915108
0.9252479926656969 0.697650527288092
0.6823909125278436 0.08185054324037155
0.12257713610351795 0.38692738007385397
0.5475615318556106 0.3320312084598054
0.35595798687088065 0.5991043670591583
0.7698008866630597 0.20506331483600904
0.2047668852038913 0.5354708000174437
0.7145552224889655 0.4350976217040512
0.8928378436845177 0.6896258161736479
0.9729759246735108 0.4275914515878054
0.8827103258672924 0.9821012788207506
0.5291904885622667 0.6851121187668174
0.09326810942901798 0.7947083129791042
0.6981510043232508 0.4734316505159333
0.5705535556696812 0.0005799251858586985
0.6633342676127418 0.9337625479077742
0.10734461511621163 0.8668599243682185
0.07596643142669657 0.9445088429141122
0.2877381943420998 0.32453792505886825
0.44594346628816206 0.6840191553101269
0.8665518561033243 0.9480128613798748
0.34282893689058325 0.7039813285498466
0.10995785337259889 0.6168766445918497
0.7599510129477511 0.7917245571498728
0.6309338766354684 0.7443038830434083
0.1765662368877967 0.9245871014551583
0.27176099128189546 0.9008701280960822
0.6975332628933137 0.3107752573496041
0.6339827747593707 0.19669411256547975
0.5351707963095704 0.6448693919507265
0.8057285944184134 0.3123833283041235
0.40860393170569154 0.4182210243204876
0.6111185720752181 0.5383092836297791
0.548105255289717 0.06564765477007839
0.15048574385937985 0.5006471463650137
0.4610913864541637 0.23196423537805422
0.38563846277488145 0.600536408348268
0.8967284816574763 0.7321859238001822
0.07761003031575164 0.3391027223628489
0.2965156276713443 0.7112001211797605
0.5800033502490984 0.5431863981422818
0.7280802033094682 0.3309611206174963
0.7891269575867603 0.026159804256633334
0.16792057228076285 0.48065473226526145
0.5566560515486916 0.9343139371034626
0.6049295581711791 0.729521320013315
0.4141744629054971 0.10347640018379844
0.38046788278876886 0.09057806118680078
0.6043998707681135 0.41187518468174455
0.7769048934315206 0.7448887072959622
0.4644264761915844 0.3855138062736856
0.6030838758678754 0.21546104215195427
0.9943075585620045 0.11381431374790218
0.047933607442766535 0.013994033781189463
0.8971764651857466 0.86473546016019
0.11725525854872632 0.18431600962114403
0.3379693798377845 0.37244801017423135
0.6458849423361177 0.04226195227529317
0.01850824889777214 0.8189203431073624
0.9623370830584907 0.38895505197298985
0.04064781123156802 0.6419889481859147
0.22512493581816506 0.9159188648063283
0.9688328755532989 0.6078035697015616
0.9331877424877142 0.6256294435184282
0.8360947898482547 0.07565691313004441
0.048839858271584324 0.4871397371069819
0.05651205099641299 0.002626270623565352
0.46003032043356407 0.2679276297398532
0.8271577858515713 0.4462600633294924
0.4764938056802839 0.46988280506808056
0.43470186342503814 0.4544490916921726
0.5793382727047851 0.551447221344926
0.41156434285559995 0.2687629109380856
0.1112237775381899 0.9320364758256134
0.04453338853082234 0.7318575627446469
0.7695940086970607 0.4002680559200893
0.2647400475864796 0.7576634768872934
0.09402925103346238 0.9960690747335983
0.3598526408524447 0.006504810306052544
0.00004397881580175955 0.07053836066542485
0.14741592906246015 0.13931378440724163
0.9459280223289941 0.5142365893711356
0.17567411338367256 0.3695797388792197
0.285083415558153 0.4906405351323988
0.4662475957173793 0.48437627238884695
0.48143319795396433 0.7072756609552218
0.6738813813949318 0.40788189642978256
0.2299191190761971 0.5250580808861158
0.19218824256607658 0.6131178772976662
0.3828688563961231 0.6483586408388762
0.9199639632426551 0.7319004490880296
0.6496481633159255 0.6584977896866104
0.3693095053640716 0.6651252324037231
0.5905504661905401 0.2927386926615603
0.4999826306625368 0.471362523891379
0.19468438711995506 0.12830779279940008
0.6098649659963575 0.8986392619986956
0.732945016991629 0.9639956604395392
0.7817760041583988 0.898186829795885
0.6789153983656926 0.12335968032729405
0.6937585346667301 0.28120763681040284
0.2942977296867588 0.42965537553169053
0.4292030166000109 0.5262277663559591
0.6905054749794648 0.5226921172171317
0.6849783008448218 0.5928306232761575
0.0992723019712638 0.944565606929747
0.009801749309637842 0.34281153900553996
0.40927037584725534 0.12492003420201092
0.1943550737397579 0.5838608953828202
0.5758564938057495 0.7881262340632271
0.23251448626095317 0.7097208410560281
0.6917843886485144 0.8188786340871097
0.263201047342178 0.1380223353807779
0.4881847447221852 0.6792716142331718
0.5849602234211575 0.20103220870274585
0.6232801184154391 0.05981350628242854
0.5355870583807134 0.11807738410771251
0.024635170079552626 0.9409494954875814
0.5620403930178122 0.4383507787566827
0.30400461272998114 0.6095702793452136
0.8106199113409851 0.4110292749709461
0.7275933720453129 0.09583174432766262
0.7187758827452366 0.8648587389599522
0.2614708634353211 0.012974439774125823
0.9098184296045959 0.8332970436075571
0.4543450223377856 0.531934740547706
0.8184754328843793 0.7223573364048532
0.6548611046337633 0.825713876868408
0.6001611052366003 0.9151314329114846
0.5490001115595196 0.7035067456653727
0.6523412004740177 0.5496548529690981
0.6414778113623967 0.611534987806863
0.22578177500737717 0.3180393198650864
0.7685705581375228 0.3144826414397863
0.8318478232806199 0.03418553613929931
0.4925696223334146 0.02098357565059894
0.8153395712723783 0.5419769135247898
0.2878002853600836 0.2903390170621105
0.805656863234834 0.1021798165663177
0.021155483214413406 0.9253591509183818
0.7037212389471119 0.8624651065445137
0.09693751917897853 0.11277458478548819
0.0417053203142268 0.7910019428126323
0.4325049570355681 0.2658842862052304
0.7314879615150176 0.5877560017169812
0.5854776138016338 0.8088194561350042
0.16294358448020252 0.8384345344244253
0.3177296228607227 0.6693735293374563
0.6951349519101266 0.9781801927560114
0.6997454542313768 0.9357920942884743
0.4086398783620806 0.14742171350091837
0.6916041637580586 0.33829106375345264
0.43341790459873586 0.882089376035526
0.45053014823975657 0.17184836143990134
0.8721885537527325 0.4435632672678147
0.04586100294249418 0.932908808229362
0.939534267318707 0.9507109979366855
0.2971078928126185 0.625607555657508
0.8281431885461021 0.9051085961530185
0.46437832757984143 0.9517212228101788
0.7248477045652604 0.41313100484455934
0.8624016975235496 0.5894482631489597
0.20902500243910072 0.9162157694861668
0.3074959929673833 0.24793639969730497
0.8288717468095077 0.6520655992730775
0.006920666969869815 0.10786504576032674
0.2407081419761179 0.33426411417584245
0.32192382266478536 0.4095297104155309
0.2019673145263312 0.5185037865859656
0.47153311078634386 0.15860713904937684
0.5807264931427798 0.8512819764712742
0.00994204307480917 0.1866510024271082
0.8337704536168995 0.22328930199598362
0.5619561360884546 0.6609993188401813
0.17036115817122344 0.26490244095417315
0.16047494359572645 0.7839982278081126
0.38058997501691727 0.4493787532609568
0.8548447164737194 0.18745780578890048
0.555299512809422 0.6732401596122222
0.050378544970267614 0.6017452269084753
0.9147859668815055 0.27222276503969156
0.9448036568682223 0.2472484901060188
0.6393966897778334 0.2600404017168232
0.31245945958317956 0.519072690362085
0.2226540805226387 0.17509712516484321
0.2003203490934613 0.7258701206871994
0.4580984354649249 0.7663225721889146
0.5831712333554671 0.27484792604147845
0.9913365600732986 0.43748437570746623
0.9378401646367693 0.08010685406370466
0.9684806624948019 0.00555405891045746
0.5845497552684729 0.8240082128261199
0.7171214588507488 0.8780693396103407
0.6987890096946563 0.40297887427843926
0.7087577690088611 0.978285760613423
0.16549098923325034 0.26127998271903974
0.29298795150714807 0.7005609185863764
0.043928511824071315 0.729546406408087
0.032469093053025144 0.8010751487119478
0.9377694361588618 0.18501628714215612
0.49709728736314407 0.20634772041443883
0.6935981695278555 0.644314098985755
0.3833261576151228 0.17555951804038505
0.4940236563912346 0.9703560428129965
0.13653781001781673 0.8977756531289658
0.6017821377173078 0.14663881332944917
0.25911987891539945 0.5901831143070009
0.569770742088169 0.025907720492609032
0.9648265986467184 0.8458337784945344
0.028649562614582846 0.7055196205314243
0.18244995291407617 0.5937305625701836
0.8974242896646594 0.2542456033836422
0.37189969228040254 0.766222937313433
0.5302608172547008 0.6000854431538891
0.14925027510031108 0.7781742392625115
0.5157795009330117 0.11548526781837731
0.11480315960798682 0.23826645557135362
0.9731137752018564 0.7481917827766122
0.8841556529479506 0.5060728765185467
0.26077700120111036 0.012921315462066874
0.0584389189098804 0.19814760440114254
0.6734977666814554 0.8823744135299691
0.496748715936002 0.5326846646487684
0.20657810182602 0.06971983600254417
0.45272408128359576 0.15547202883237365
0.045461725728946245 0.3780982392274712
0.9673672129208764 0.3805949702567737
0.6920763106975958 0.4141762470310204
0.8561634721144025 0.009997645433827973
0.3229090473537153 0.90874331415209
0.9175240155860298 0.47894729040312556
0.20245206032726037 0.40316893859961334
0.6893911120160219 0.888468209400324
0.5325982822519255 0.25699475013484796
0.560901614573365 0.792547853617475
0.019902572179759215 0.9229065511911525
