10 8 100 4
786 828 831 818 850 968 934 925 794 780
792 855 929 950 982 911 929 963 887 804
874 865 951 1022 1068 1091 1070 997 925 869
1341 1386 882 991 1005 1242 1104 1011 963 843
1332 1441 1356 1002 1035 1030 961 935 958 835
1350 1316 1429 1499 886 950 965 950 844 781
1314 1347 1415 1349 952 853 869 934 893 897
1379 1396 1325 1332 932 846 865 787 860 867
1359 1259 1372 865 883 901 873 815 745 735
1315 1335 783 798 856 778 849 759 730 707
3 7
3 4
5 7
0 3
1 3
6 6
1 9
2 9
0.7775214065198295 0.6350570483800808 0.7669280976603864 0.8827879404764196 0.4521133061591759
0.8210870883126089 0.3280039389626394 0.959478288492357 0.37517433620795776 0.4953400025035746
0.652739925217389 0.9035792526207287 0.7859614057568777 0.7329021345566185 0.11111524997276714
0.5250329557720625 0.6814759003252026 0.43649793400468573 0.7935082980645547 0.49952272176104306
0.6439477200922155 0.9864707840892408 0.4973030982919895 0.42938591420956074 0.2270015510117223
0.4327100674398348 0.5236491981907034 0.839693363482823 0.7971568979298439 0.15368516516145486
0.9196305967018341 0.6109828786767124 0.508398878051193 0.6110143431108868 0.44368236911743153
0.33644909589577354 0.2407577797419891
0.43042400416667626 0.9479689136956901
0.05889314181457417 0.40015681262022884
0.07222910753086587 0.4342799380295701
0.8669453979085344 0.05020812687577347
0.7404237642737022 0.39123115307604905
0.02702103019414759 0.8758333505803484
0.5474079698462917 0.974965767038696
0.8667676442837526 0.2896770822638106
0.029450897246579677 0.8231353245199808
0.7796404547229672 0.39960463832620396
0.3771107613777518 0.7204466179482578
0.8403954799177016 0.676889977946096
0.1246445914405685 0.5147454193574275
0.410593406019542 0.7597261238108419
0.5401707772484732 0.9670605108058639
0.4323742510364912 0.08349722329315257
0.40525750624133305 0.31374628459949694
0.9526999916683914 0.5846219947008802
0.23511696178767316 0.36268484559835645
0.7876589839800052 0.6979526190780265
0.2597961560645463 0.12021695076281902
0.709580610077442 0.06758780763294436
0.47008807818603837 0.17516228954860136
0.19839356751005033 0.9502430471833416
0.863844766515284 0.6601063403980187
0.48432145726267484 0.8894843062714493
0.1808062451550756 0.23871333186180577
0.23627724318764298 0.8378214924179246
0.9549349527884097 0.6224500338236967
0.28831594693435836 0.6226662065567499
0.10797993920455617 0.1334609196495793
0.09615297081850072 0.18649813775494573
0.8924450176148064 0.49630337422576254
0.6044149420410185 0.8385570718063622
0.7297742824130244 0.8937246368718175
0.7167953170621637 0.9294033129339925
0.4372891560586183 0.23587215392467464
0.691744827489863 0.5524835673397548
0.05430183580549941 0.4052260424606964
0.5269043720330513 0.18788205729993313
0.7022165594511747 0.9463776486632829
0.9830470907425586 0.07465854370416758
0.864421652950812 0.803070673347589
0.9277937075164637 0.16869214933595322
0.344802226054713 0.6908693132319603
0.9695460133935976 0.002686501559860055
0.9383985832356105 0.7076229236881175
0.1391493886930153 0.8328112897663582
0.6259527688153184 0.28059467085908807
0.16577561206914537 0.603928795063315
0.4287568929749124 0.42277267992390266
0.5331421081394152 0.741845597665721
0.20751741241708088 0.42535126062002626
0.08681023024511103 0.4474743013073188
0.31678202407390077 0.34616501841008174
0.7459568102660936 0.2525638539602957
0.7892812688724213 0.44361561896038637
0.6782279164910721 0.12197477010089797
0.8242104201502165 0.1980324571222727
0.7807308202918855 0.07426547596300637
0.5857060502896834 0.0859037030584977
0.2781117125254766 0.10595346044844556
0.20017532714531994 0.4352517962307749
0.4933106047233973 0.4115744773791503
0.8332011810273323 0.3931639653194561
0.09169778569093445 0.48910476854668716
0.04810258639369369 0.9000666634920085
0.32294567749391545 0.3598182564075836
0.32924146157026435 0.27594979253229157
0.44729347611177284 0.7922980022982775
0.7024812726341128 0.3945065390571365
0.46068587936053595 0.05780088867080391
0.5886223282918688 0.49448026921572796
0.3084925193376318 0.3103059759810005
0.8821116938512965 0.3245079718869177
0.06330904075686905 0.8325409965776032
0.8512376329179456 0.9252222490983908
0.6485763872783705 0.7231313209668222
0.8162207753038968 0.786314102978618
0.41287689170262176 0.17057059614385794
0.9856641792294543 0.25407909155728525
0.7827769650385679 0.8039224582795215
0.3804884369601622 0.2393637539441773
0.432677526133435 0.819648262366764
0.585784639147644 0.7303472292522282
0.9925732654573727 0.8510246618227237
0.9692066858343729 0.8486803687099076
0.5150746488318672 0.935585053256496
0.11724380914781851 0.20119738671916232
0.8935771269657085 0.09276490344490251
0.8054350269510084 0.17812721364848105
0.7943370911079415 0.5457336655219875
0.5037942077662751 0.062384570867372036
0.25132600595523624 0.37946586096432156
0.8800215674511638 0.9987592452078513
0.8984419839108788 0.1756691822915568
0.30907304677862557 0.30205679333217694
0.7055428007105333 0.949099047847513
0.7469086124843112 0.6731791152969941
0.32995751111666505 0.9965683351574601
0.9615614249232312 0.7115219093589253
0.889576635479221 0.3668760182239592
0.19478733477714738 0.4017103054974078
0.5276282650941138 0.5620095603171966
0.21283852055176156 0.821397148367994
0.6743402345141432 0.546034453770925
0.32340371486507014 0.22005314118953723
0.46297334692591097 0.6593538125134766
0.12369940039575966 0.9767978148463778
0.012340406165042506 0.9585454708166461
0.8718740414451298 0.41484247598756596
0.5096203284275251 0.0925009250070663
0.7305466627213411 0.04519511982997204
0.8970519560662003 0.8101832824374104
0.2766574773220418 0.6940819680159245
0.7728798640427696 0.31682226845744066
0.8188381285056963 0.4350649241114324
0.9245540910447458 0.029313123724320267
0.11258089791298698 0.8082650522845993
0.7655039784932411 0.8131922406246996
0.8990568927646838 0.48912840185483364
0.9844482323200165 0.9456205658298622
0.6739541243903968 0.371394021246489
0.2909923362058975 0.621244609644942
0.44486648762620606 0.6555400416499042
0.2559663873262683 0.16793243627626375
0.25456055104620057 0.9579842519813075
0.0360818407682415 0.21477700183154425
0.1302970397358496 0.9474176459305514
0.008869543535859004 0.8235692544427804
0.15031440631284565 0.4748017726617795
0.7926491289795687 0.31956249204351295
0.8488638401222934 0.8333983258969202
0.13051313203007076 0.9513741199203907
0.8683583710275375 0.9045492310902699
0.5519908429429812 0.0036470886436776873
0.7474361733441026 0.37353712702919406
0.7513946945063792 0.4611633452072148
0.6244810027979388 0.005471932025276294
0.26944586762921663 0.3013590540916602
0.14753083893588315 0.8413513373315196
0.5622639205244526 0.7922756877112958
0.7849885896773023 0.936708984773287
0.9201122646662829 0.5665736747994576
0.24146108471388894 0.18254165352170282
0.908397249069874 0.9143433808493244
0.43972130453924874 0.10723087007077114
0.939513803726183 0.744858817686199
0.23544708023547356 0.29511597275768375
0.4573119177041116 0.05479094950618091
0.3452952916102159 0.6368587137702235
0.049166869365996124 0.6529276271876279
0.45946540199301333 0.42893070353015617
0.14653695856685411 0.263346675403054
0.31350988305728245 0.7767986470303934
0.5042939816934886 0.29132633038663536
0.9185703200433979 0.1888854264735942
0.06159644542922216 0.11748242861516389
0.9318803182858477 0.5285794215326589
0.714131359269129 0.5904355914040853
0.16364146050583606 0.7433594862546644
0.09376398466840952 0.8645871929429187
0.625205642454763 0.6511183851366198
0.670577516163108 0.8870152665400151
0.5267110094492657 0.5239034135790979
0.961864971072246 0.9388967400266002
0.5134126096593257 0.3941588103797231
0.5711027951128447 0.5871806868229992
0.1139149908912429 0.21355216018136614
0.522936795373719 0.056325253008846055
0.747945539147048 0.6527540529700737
0.5391170487758847 0.7599960200602107
0.13054491915840605 0.559684931370634
0.9617631241086388 0.33022629103192247
0.6581220803433796 0.08899342171604907
0.15147036262938074 0.788403635515073
0.4828220562381247 0.9503918400564741
0.6032248479847848 0.35587474437042665
0.3788059600642253 0.7554930590348561
0.5972973587756947 0.14811541532223882
0.8936565381990895 0.3026961339606118
0.9246297425884429 0.902708444854158
0.09579718179382701 0.7524356108406771
0.3799409847752233 0.873670856326715
0.4629337713087609 0.8449527856417558
0.9807785379484499 0.8694734895324494
0.6348399476159536 0.6135009066878025
0.6101870139867305 0.15833268876372064
0.018953038309314385 0.7500897390233252
0.006670407270709333 0.7320325380965553
0.6039184001970299 0.06542967799971655
0.48803880079584494 0.36363606918352764
0.019813969099804263 0.9129662977668274
0.3528598591282759 0.07436976681148844
0.7683418656803269 0.9656171973187475
0.9584406660728251 0.010350925456499294
0.8923161380492934 0.32753774740071395
0.911827283588645 0.6034126280907539
0.6633806536690088 0.12365542243294425
0.18193656291941362 0.4698134854825715
0.8212655400837228 0.6092284940511308
0.04598397321115777 0.6518064069100715
0.05629371362273816 0.6401089824732593
0.5648488887461394 0.27282040407772246
0.07434691742101918 0.5209544529428491
0.9516402240283164 0.022172639666882876
0.17188508126066848 0.4407871113794999
0.1775655668450009 0.5343864254281494
0.38841471535887395 0.7113779811012122
0.3207819526383433 0.9249050116064417
0.1629548596628918 0.4451434154219909
0.2486673327545108 0.2978313247742528
0.499205499875663 0.11536169484582492
0.7076628855059437 0.6055415500627137
0.30223758967540126 0.047559612964411135
0.975438097771453 0.15429808426605596
0.5168271957937132 0.022787442887846066
0.16955415327745227 0.6234827173839386
0.8919323697701433 0.318308731425466
0.31979914271952325 0.9898425088667697
0.128865960876261 0.9002796765191361
0.7820986154167362 0.7692024459941633
0.9924450131026228 0.5030207793373409
0.41565908355808046 0.08246566470995753
0.9374707839001435 0.9714377451183456
0.6481362983261809 0.20525228459090616
0.5429030755943471 0.6464542165579366
0.8767093917581807 0.7000505215365835
0.32270076251416757 0.48519398634566113
0.8573675018311839 0.09390870428218956
0.9586167512884765 0.8551189732816806
0.8047430575138348 0.9536034010804089
0.8767611336653633 0.08659084960243635
0.5769838047607383 0.5937806366825582
0.5866417708491451 0.0812824907269536
0.9430867153127893 0.5634679192810139
0.14575379824064338 0.5771006625037995
0.20109467916550616 0.7560170175164345
0.5727937526772022 0.5454592025007414
0.7118039436239978 0.14538545722679896
0.08106307234912302 0.019577284189592925
0.21109505209858237 0.030308932598309912
0.6716828745037995 0.5515446535461952
0.7560486990604203 0.24029007873622987
0.07342256264051472 0.8614461522774779
0.894208100295192 0.1925686645844389
0.7024197817806159 0.7030134708112041
0.28858666820135404 0.429923588173728
0.9902263634435582 0.7672579692105077
0.8545195099860476 0.6294426169953866
0.9913713147365717 0.4307208310868076
0.7727911180743847 0.3999854743028266
0.9578157982533217 0.23433494272300526
0.777530873369938 0.9938879051790952
0.9335216152869803 0.4640603000458201
0.18127401286286227 0.26189131038007085
0.14983579922911971 0.3546207442510285
0.49898119991327294 0.6413329792202456
0.8439022315850062 0.523902660289109
0.9314096671246037 0.42035062860671735
0.6909307093657047 0.19979621182203822
0.23695455072221216 0.33784374852891297
0.3857068492214055 0.12768507644445548
0.03361796168367581 0.4068966024188816
0.11215333807492933 0.01958032211987004
0.3955865956697229 0.0014487334483810343
0.012249891129552326 0.5914618067251536
0.6579606433744307 0.5439232309347612
0.9722324278893724 0.15374868012766862
0.6413698183338572 0.40957913068226826
0.39024505872591764 0.26818244358325605
0.13281209576141273 0.7469169449981294
0.9849883247295168 0.05662942866479237
0.35208659361176853 0.033855224952954455
0.681583084702829 0.5146668270144441
0.6673916808270395 0.7065578240472372
0.6211786227466043 0.01581853433708158
0.8556842928689643 0.9686189531256961
0.2496218553682199 0.07011287912451092
0.35668945591436496 0.13227448567346944
0.26547096877433285 0.310996810136662
0.2549803936571078 0.649224619753016
0.15021153126746012 0.025353344064893646
0.8736399113933531 0.18530241929417457
0.4342857592542364 0.49749942188769847
0.23821418336901257 0.055249192325213636
0.33048146911330223 0.8570519148996651
0.08699861790474794 0.06168030877060815
0.38224401184670387 0.42133834539523485
0.9180406565564434 0.973903169843048
0.28177919530079554 0.6841614348019902
0.965273343892938 0.43925426526702394
0.5368400907772062 0.499937347383977
0.7419617178802045 0.7857275146186458
0.9802081919982959 0.33476885287071734
0.10386199906459037 0.4878673270792002
0.0331910573828369 0.09957909387904307
0.07873026241412151 0.27205704724233093
0.9318470470598832 0.648231307894034
0.3543779077207838 0.9016920494705387
0.6854078134221051 0.7716196293446669
0.2744532756472431 0.2861983977250855
0.6933171488264167 0.4895877051297235
0.21310111332292458 0.06677878907441137
0.2921887710301738 0.5553569493815524
0.6362695614567364 0.904675989936488
0.8918173921307777 0.3595018534927572
0.08656300559758834 0.12758836180332844
0.8096005042505272 0.5581326854650837
0.3212991036800352 0.5511185330612278
0.543411945278526 0.05021487231556643
0.9730134942288688 0.3536366535274189
0.006957358912968115 0.7634142035015274
0.0965658947216046 0.698313199137079
0.7547113418873472 0.09900796298300474
0.6118229741149097 0.5117364175366039
0.620440127689847 0.5677761857023069
0.4864903709435924 0.6887428479341653
0.9912551840454908 0.0889751248196764
0.7499076524511137 0.5667939574460183
0.09842114251495127 0.6122455287231485
0.33360686547604246 0.8968046389056219
0.5724583550453632 0.7260931133658457
0.8597445188315682 0.056485792278471836
0.49753341773371873 0.26438791634583714
0.20241941647261763 0.8784462668661357
0.782213248808955 0.9107104701063649
0.7177507074983092 0.2874150184957427
0.5220398526715149 0.29403238575944646
0.7538090347290576 0.610504456785492
0.5206955022882209 0.4095585392841965
0.9912602351233661 0.029333276411622977
0.4852349346116607 0.5269035432180702
0.8524043381768716 0.8941191231295138
0.9384059913788725 0.3076855748348546
0.7476000369890459 0.5484460022252138
0.1643723002681532 0.8817788086458238
0.8345981283772874 0.010169299454113823
0.4491891612615613 0.31974483822407374
0.1380960477167057 0.11228703234685189
0.5053339662895009 0.984264009925234
0.9649897994970353 0.11209344051006198
0.6470473232521847 0.7197371939533261
0.10995056529019265 0.22012241136827915
0.8727712410954118 0.6339207952390524
0.6998105002917832 0.3135389420009964
0.12562217260271735 0.49612763987883013
0.426342942137069 0.42609085048480533
0.026831819957832126 0.21621912356131756
0.2924230910626271 0.6431117044660661
0.2738457479664198 0.3374053742731038
0.5127331159772639 0.4472022820740109
0.2746365035221474 0.809447001506509
0.7408281367102658 0.9098292046376553
0.9919632950660062 0.8490401698109944
0.8395524066721052 0.34300177921128383
0.2804726100626096 0.9836924545169614
0.5808398480266319 0.8766034748890921
0.693950956260218 0.01679541104213622
0.4055204595637638 0.910260700017836
0.878906239722758 0.924249809782032
0.7299259608842594 0.25609746553947255
0.3290939474933512 0.6079443440978167
0.03997030544144975 0.30741193063548633
0.7463753927710923 0.7732069169152147
0.46042413829756046 0.7914291463731002
0.2768366305008927 0.6325259669283407
0.7375207051870782 0.3181105411668861
0.20168342512647786 0.7781722268949132
0.7124791459506392 0.9876030051705513
0.7933469361192009 0.893329281336013
0.5585500349319208 0.22222006563026975
0.6228308342627498 0.43430557469178455
0.15020948241815435 0.7748476494242551
0.28005090251367326 0.22314553258056802
0.19470375370632897 0.3590941342642673
0.5752725644683179 0.32198934639694543
0.46100928867192215 0.5747974185265339
0.7274716802115699 0.44435071425080985
0.9543993642215642 0.34323139261066715
0.23220477725356203 0.7422510564681917
0.9863606482827856 0.7243831388423525
0.2418665402344895 0.5712169621717849
0.2287567526019103 0.7693412325538143
0.8880676202980666 0.7489481153632658
0.5506222388336381 0.025331657773886684
0.9891186360033424 0.6091186946797791
0.3321910003718058 0.7530439397720645
0.5428425334121116 0.5609656847858453
0.7688493106681786 0.21289611746117076
0.8179677350343995 0.37529735506921713
0.5229904836388952 0.015247939506157326
0.37667508412517847 0.9040435935895994
0.20590769144110466 0.4007438259108165
0.031408173876241285 0.8995055099166369
0.5496429540476575 0.19993980995505578
0.20772177312546658 0.0853910117843002
0.6730458350915822 0.9236798713128107
0.274700486259712 0.47117341385038514
0.5554149114453526 0.8557610837723271
0.3830865586304568 0.6783323789485793
0.2967337263987857 0.39075511408004626
0.23770168118413437 0.7601693663997287
0.3741288391041169 0.8202432509238087
0.9520628651798002 0.9009421309645576
0.9421848357378881 0.5192472835931701
0.5655830456672317 0.5019034979247121
0.10049027345396322 0.35592348886318437
0.8949335762481454 0.14412139998469042
0.7196804257307712 0.9874214516007824
0.7624385324746243 0.7260714132066906
0.6513703859510644 0.6480996359079336
0.13758416111691596 0.9336787526774502
0.9692604290109037 0.6473857556267641
0.09317358368909678 0.6751684398654911
0.9989334750858043 0.839671872840728
0.7878379963521209 0.3654505552709246
0.2388437600669462 0.9612804370499388
0.103463700690261 0.6404094549532227
0.04141137581670584 0.21063450493862823
0.14520866493924411 0.9792741614486702
0.7581175634206838 0.05668767865938307
0.5772686433949186 0.6796420017400435
0.24497480767043345 0.7140236166032747
0.6839203519603303 0.09609617430402007
0.5075866784270795 0.6265619303960801
0.7939146830706203 0.008609263771824915
0.6677580879011951 0.23505779268895566
0.20113881063334826 0.897817835017761
0.0024440535853398337 0.5795623047343237
0.16511106556908461 0.7601153747122895
0.948311335209693 0.20356495350195436
0.1615348497321787 0.7637366548041777
0.26593246469221166 0.04154985479706408
0.9911562020874005 0.6831856007579267
0.026617169614409963 0.12712145780306083
0.35083679825312997 0.23848354962589857
0.28939032617509475 0.8523194704015273
0.4463029754499963 0.4349387083603289
0.7737206266466659 0.25961532672206267
0.3627494288411779 0.3389144161360744
0.681196423152449 0.6760537155051625
0.2879905702542511 0.2916997366964371
0.4822108357757653 0.4821566031510329
0.41677805811192536 0.17282118498544996
0.7232867443351678 0.9765273469711673
0.4845284363333988 0.5932015638266135
0.08159560870575433 0.20256323545288857
0.184898339226238 0.7852005282614358
0.28069346213604884 0.048604067925177796
0.4171857294564132 0.4199156627585978
0.7483760803829276 0.48006717695189516
0.638340071487328 0.4123590387947582
0.8863708027336061 0.6923216724890853
0.2765321809608361 0.2802283067085871
0.12044722248532569 0.7068848369624723
0.8924621753423827 0.6154447374436565
0.9637512882818466 0.49666129943181714
0.2958050610961671 0.7639569469667185
0.6266182643363931 0.6249749012216046
0.6172152165532239 0.950940397917946
0.30589546797691924 0.230953493643149
0.2746579840893917 0.6988571358724542
0.09950902712560894 0.7329079150802318
0.9157791337703156 0.7336210532274252
0.1891413433638811 0.036440354449327694
0.11674154527217095 0.0182769129484055
0.5182885608632763 0.23667279341785652
0.26968406785012444 0.6432129572436873
0.8736452343687768 0.5216476870696996
0.4571522848219338 0.5540466936960611
0.27591001484524735 0.6279915095919459
0.017989469881077635 0.9842521529625943
0.4743124239672365 0.8666454216744475
0.5682629423335117 0.3227033576189984
0.6731775089566214 0.2098472303547787
0.4731071891327492 0.18432638034369186
0.2251898522301321 0.7607890129716686
0.6309483292467395 0.8011987215951071
0.3042928109127494 0.34350844626963983
0.10325595039939328 0.5162986972074333
0.970837340723236 0.08234043441711991
0.2309490859791652 0.4735758774826455
0.03618304699236363 0.13002695736189018
0.6466969335534254 0.6740897001864199
0.008682260618239068 0.06384421077692903
0.2850669956560734 0.7992834163318157
0.5594019674777768 0.800509396328069
0.580215313148225 0.4767881675019716
0.7815548625401869 0.8229067507728423
0.06221447181443529 0.7746370994804748
0.2514664877013575 0.12415924266508016
0.09260355237674744 0.8470302707548922
0.693651023951499 0.24647561694775777
0.17760548033121792 0.007478048916451208
0.3854220019550225 0.1114409517559376
0.47118236227099786 0.6061631510776624
0.3461650650935293 0.6883412645535696
0.8799486877546288 0.31884849856039255
0.520796340371056 0.26758398351930723
0.7798687349910836 0.33687450626966253
0.7999287852972186 0.6933025920528768
0.6643036192160496 0.09872614091514298
0.6032864183104145 0.3623104322742794
0.7040644242933842 0.772630081291281
0.31632410633709873 0.10757356402276796
0.5574592950385384 0.8386704000683785
0.7113187758253416 0.2680005482724217
0.1870362692859484 0.8870527627071196
0.7144388812087703 0.5929932167912548
0.10340914310082239 0.6090944560959801
0.5055748011936503 0.7545395395092918
0.8086050931168705 0.044063227137393524
0.015642713055201263 0.3094764554717675
0.07237320031288186 0.3114772537931072
0.596115391918806 0.6701752418807809
0.4884869022299394 0.9631381051868284
0.14108853869402216 0.41554401296177845
0.534979120420392 0.6963308192992284
0.1279889228426594 0.5651794624553068
0.11025613841388249 0.625515350822671
0.9042382706614314 0.8412624055652409
0.07704528143224243 0.9312601068607673
0.63095205920772 0.4049522345975778
0.02875724718685202 0.30355528863495285
0.8714066504178128 0.0004911501485764802
0.25441015689289426 0.150085276209299
0.9107314437768854 0.6426437146041584
0.302509676664793 0.7315584218693083
0.347432694770776 0.6245518377479355
0.8807672936294448 0.7077260313598088
0.4319371968579584 0.4314783198009766
0.5270738620684909 0.9758614122613336
0.807294027871982 0.8741575721658297
0.10340291528038081 0.7791732466171823
0.34541072895767644 0.3456899897489152
0.17808731053413762 0.12810960899678925
0.9616863561215552 0.04330517305965409
0.8945504462660057 0.569968433490424
0.34096854759828465 0.3114546842913437
0.5457242589711768 0.4688838410559326
0.6671183347216947 0.8883816536764106
0.6851990291612986 0.36973837911801133
0.5766339702664072 0.9527622639346758
0.7612695284810327 0.7230118457368144
0.6697417104824439 0.6807852812615889
0.08122979170015365 0.21832098874279016
0.9802714785376303 0.3207281282826897
0.9253411278383918 0.40550819298349405
0.733495591667354 0.4352203762822595
0.5875769280275791 0.9915137620782988
0.461655747659923 0.8261352226034053
0.6767175634284108 0.22873542054945428
0.556442763331171 0.285541692835487
0.669169214125475 0.1322339428457524
0.8824765232726712 0.9717722764847934
0.4737033319323123 0.8968469968354016
0.8345410890064193 0.5822744924214212
0.9660018585133179 0.06720446669672464
0.41821645085165393 0.7726081530588607
0.2685686292493783 0.8966682540880309
0.6971033537398688 0.9065556696274752
0.12043543000103196 0.21404649522424601
0.6570917346022109 0.8589922333917621
0.8913491818802546 0.08340259677164297
0.7873335770767991 0.7312605289272014
0.7138815967762213 0.6760474930158826
0.6352591702193902 0.8810502078573039
0.7555244211493308 0.9620818855803195
0.41563215441149226 0.12596086943479068
0.9861533577381221 0.812079257597704
0.21353581285489343 0.5607727398428983
0.49249906601240734 0.19898002367173873
0.9846468041605096 0.13047144647811493
0.10136181186659621 0.9933106972142178
0.8317144114204011 0.31204162793444823
0.9345731597442981 0.6471712637631908
0.2794805995302625 0.1826305149081957
0.43592465111425427 0.6659420971980938
0.8056187424282855 0.07356017668637826
0.3698242325944243 0.8263502603826953
0.9651532428493346 0.04482281644602093
0.8784163449329689 0.1845504852184252
0.6662825865322646 0.32862711854266036
0.7611909188327384 0.6990831442573395
0.11483174373239269 0.4636913809563623
0.8263816176598102 0.10584027368579663
0.4479916232540462 0.760202983929622
0.8560275657645375 0.5706204790403107
0.9578298412311279 0.5164291770299994
0.10740414276003585 0.5384614181989111
0.2879278534765186 0.38326002618927735
0.8340691009136552 0.4547847237945637
0.10997174172684732 0.7359130030436911
0.8211441907946175 0.06539420997431988
0.24798073237411455 0.15208914663532114
0.6883420700055312 0.5505190537127014
0.5169308370225059 0.3118185242564697
0.20272814848700693 0.8237720696502335
0.12689075845255293 0.7583854952159221
0.9980943318976874 0.518869294459438
0.07823433803909796 0.4677122488649883
0.7325978622914964 0.5950726751645876
0.7100132974193711 0.07994595295946882
0.30193065167997646 0.500462453377861
0.47437634591788314 0.8363886474628954
0.16548224504854336 0.45307908138064956
0.9193395406249665 0.2292427498776881
0.09724781394594628 0.808658551610721
0.25080548122339685 0.9690446660740206
0.08377513131127268 0.08041132624183689
0.2577193255723307 0.33531463555409036
0.5696177586165196 0.8606798360548096
0.567770928986957 0.6547014514544194
0.28505464091527255 0.08286506407246086
0.16431412766196196 0.6457539241832688
0.19218158612740655 0.6167161885534802
0.221950905490659 0.8290708864356657
0.8549056721241381 0.7219578578579022
0.659714858674761 0.994910602866719
0.07436582163821814 0.350161875698767
0.5583908358114769 0.7307153738971328
0.8025149990298477 0.6962792834467111
0.3438161994730571 0.39695615051893274
0.18822552889003497 0.014027813655277832
0.011730693153598315 0.33299638686674804
0.3866971821530545 0.7254587917117827
0.2716637509726223 0.09777534484902839
0.21374582799881625 0.4797729621077742
0.5937604527711746 0.0002639615104553794
0.37504846243554635 0.02649804085399987
0.377083506863668 0.46414118726928266
0.755386827643995 0.23860625064677254
0.5926853796549874 0.2898168770580576
0.04921944815256407 0.2990332290412392
0.8644614184941475 0.2237098282140486
0.10727557878282123 0.9382326410778992
0.1291539932236483 0.46172428067185445
0.2002562920770754 0.8799851635776945
0.10623991367472785 0.7390902777781594
0.6320731062069149 0.2336150461897486
0.7777861519084044 0.6680536252016827
0.7783655254276092 0.7700193582748802
0.3125551647186964 0.7925160105386635
0.528208549169694 0.1732675915589741
0.6468784950273074 0.2724721195960942
0.5917752227387938 0.9243354912702961
0.44449060737118473 0.9607658179004928
0.34351616965417 0.16417618765496655
0.07041723415366397 0.1363131437570133
0.7731412882923012 0.19262356895278887
0.870120060259284 0.47610481549228867
0.3974620525206163 0.9621719331139467
0.6315441918291631 0.5949886876301289
0.09804126410669389 0.9716543446715273
0.6336330439700293 0.76696007085777
0.16939107158124234 0.910120169639925
0.5992147805413648 0.4242919304762014
0.3787115402250616 0.10048723728181441
0.966442453664272 0.4815808762249356
0.06271945503745191 0.953574573056563
0.8142035464635 0.22705818941285671
0.9963985459820424 0.5405078356587107
0.07809914809544294 0.8952314804161361
0.22633468861110662 0.6761597572867912
0.3881693409112046 0.3893446064621606
0.5688453810191691 0.3050376376942907
0.20049192942350325 0.5100794695752766
0.862583083959632 0.6607113576316688
0.348855836928071 0.5352522150002905
0.4371204340477284 0.7214811256558911
0.7800014323483955 0.8016363354187104
0.47282983631050524 0.8425813880261306
0.6636181212101531 0.5378322017776536
0.8660396253644029 0.04745352342079778
0.7468955710443084 0.2472497203434938
0.8588159913996183 0.44962035666769107
0.7137493907675072 0.7655621290428665
0.27578590683383153 0.582555352287834
0.7790436391757933 0.7743421831060497
0.5351470286938107 0.9966740029185437
0.255988677533842 0.7248388127259202
0.2638946848182706 0.34147030001513023
0.8170684559532406 0.04411105177602859
0.6521831178294195 0.5091068197088604
0.9662944067045094 0.07402143871816946
0.8666365968629028 0.0006699119411186505
0.4121006051639198 0.1299387776400851
0.7678727767667548 0.695899522462802
0.17472199766089158 0.48824424961241264
0.48499720042740924 0.7550979326765799
0.6639397295037408 0.6333905149427341
0.0794466689340596 0.09580348869350086
0.5298983528679688 0.6919042508569773
0.45765355053775636 0.941979517815168
0.4877580130683137 0.23046609051092815
0.48680233792594785 0.8489244823942843
0.40336014800471354 0.2560512661353638
0.8610665127580408 0.9683802690549042
