10 7 100 2
697 841 738 790 925 783 751 821 858 803
898 910 930 910 858 836 865 928 1013 878
782 993 851 979 951 962 849 984 784 956
962 766 858 1073 1091 965 1095 1048 976 939
986 872 887 1102 980 1116 1080 1050 1022 1033
757 984 1055 1031 970 1003 1139 1206 1024 1127
966 974 987 976 1187 1298 1344 1238 1054 1169
857 1079 1088 1179 1131 1170 1393 1291 1221 944
865 866 909 1174 1140 1137 1266 1314 1181 993
916 1004 904 1079 971 1020 1075 1232 1049 1038
3 8
5 3
7 6
0 3
9 3
5 0
2 7
0.6461154318392505 0.3848762076155998 0.7044993331203109 0.3960668866093072 0.3428845155520171
0.5239997575989143 0.5115328860036813 0.9960385021633578 0.695511772521684 0.35860087818267494
0.49512453294970604 0.7971113438308577 0.8305068992840463 0.5329920295586258 0.3074156395842963
0.8655081497043431 0.6052871326136984 0.9755024451893268 0.4152772794878621 0.20644042503779592
0.3494539760151506 0.7588613240645501 0.5082164944087966 0.52800943031177 0.3151358820748363
0.858136550194674 0.8565520946050287 0.701747099001981 0.7157251064661179 0.4151909977290499
0.36587508304502125 0.5548934803657899
0.7051461658372433 0.9841176060775942
0.7967231380280195 0.6236548802404625
0.26931545623493647 0.050666895429714476
0.3510985151750676 0.024013873963168786
0.46437910800361326 0.5929666015694905
0.9992948582575598 0.7684825962304049
0.2953007151264546 0.9263935857073196
0.07311595862854658 0.30663316328104817
0.149587956463213 0.33824167891814017
0.7189068715014961 0.012319192105975763
0.6758426231922492 0.5716552843904297
0.48294791492762457 0.23306100768121518
0.5263218096300266 0.9870617960451609
0.6266573874937633 0.05361823171025004
0.8122843260727628 0.688674126558467
0.22889461224033436 0.795797420195262
0.1672561118243585 0.6433108911433241
0.4222685144363916 0.5560538130889385
0.05599714958919244 0.25322947343079116
0.32933300144851785 0.07645550486787678
0.778781591163769 0.39073670067518695
0.6228803999414427 0.12269619698011103
0.40281130106119556 0.02660885428949178
0.6204546711307852 0.06193116916311259
0.23685167621890613 0.04232780647793444
0.6862878130917138 0.18362252626182252
0.18110498432677957 0.030641338331141466
0.7106963332952876 0.7697664396568924
0.6171471232907244 0.9134151982818246
0.2173012829339871 0.8670765876810591
0.9559910391482842 0.009859792183509075
0.8374714739851461 0.21148088860352487
0.4758615139530722 0.897787284452265
0.8912372001541207 0.5179147777087365
0.5638808642590039 0.52161785625589
0.8025128723777888 0.4095654229312058
0.3561637289451707 0.9027141152449967
0.704626211689034 0.3938809202340925
0.11235205878378718 0.6305385308104199
0.0782829208215321 0.36462197328371126
0.27116823377299637 0.6262731995624109
0.13974899875229507 0.31912857163526764
0.02090750499041083 0.7167690327720668
0.8357176672101536 0.40924082282329355
0.371795078399358 0.08908521034463046
0.13909058175595157 0.8119257617081914
0.450270164560193 0.29071491277922856
0.42588788201557515 0.6525379770817561
0.4338655585064364 0.5893481452377374
0.4114233144980597 0.3323186108588043
0.36461637595361585 0.33984578682356403
0.4146320920070685 0.23519354390846847
0.7821760714900181 0.8422142005707172
0.4059604747432528 0.4041884307423571
0.7054721825758723 0.5517542995221953
0.3151344014051569 0.8410792547989445
0.47549507030965743 0.9282868661698205
0.6062450759754427 0.9510429100464775
0.42591614621903284 0.07370356042516724
0.9788073678315958 0.7962975447293839
0.5976520799283234 0.2575114236907514
0.6556417069592575 0.7426247119044367
0.44405845087418405 0.47190143672720075
0.9735841738668609 0.25473537706759886
0.1656067324072117 0.7202714421099454
0.9641045998361117 0.3831732845164497
0.9294879896363535 0.7046752004558106
0.4752827161802917 0.7490278962345709
0.1509474378350526 0.7432268221844562
0.10049711208696932 0.40491469020346527
0.4479018279406848 0.6930487017459019
0.44492145089541246 0.5079712537108267
0.06509111972054593 0.38874233217953913
0.5289101368591422 0.5977601655546005
0.13101481633687628 0.5684615011830123
0.047019769999415484 0.4340340271826575
0.8189411628111696 0.2139328711611841
0.34406952981463146 0.3504501000165883
0.6837814947291492 0.419059933487272
0.33984447070337653 0.8572069513690788
0.9292625918269437 0.06858612524820851
0.30515404570530547 0.5317753841351267
0.3031434177353156 0.7708445913672028
0.23156331554583587 0.8352650743863137
0.6418154497722988 0.3821631219509394
0.9373650607511435 0.7582751180589891
0.13506016821500544 0.9468437695345322
0.872568757172979 0.5184392609225208
0.7856994965443076 0.051777074059856654
0.16867964180707706 0.5145817917751871
0.7825964642378285 0.2968711361544216
0.43842475121428204 0.7185219043723112
0.3657868347521893 0.05244377916980758
0.6213794730648228 0.1125749114073129
0.286032717960955 0.14504481796629975
0.36876977847139814 0.903260623051775
0.17810572943175407 0.8730317516094444
0.7668154997292811 0.317571178483536
0.3930680975454306 0.959485904076623
0.4074529047201505 0.641652967070782
0.04362551722490293 0.7520203534148493
0.2509349882812111 0.7092880243334523
0.17038141692424813 0.10766148536175746
0.6406258962380607 0.38802953828808406
0.25505381283738426 0.4108324568720405
0.3059867770911495 0.5059878147429702
0.9648867181665224 0.8071422297562751
0.11739954041701894 0.6966479551169094
0.47902769441873083 0.7477121820752468
0.3845542642950437 0.6367240708487649
0.5147467164035695 0.9175741088367
0.7071381761568174 0.5234098484498786
0.7681748636320891 0.38861322822859257
0.033239332973612035 0.7990180361013948
0.9589698039473207 0.4368880237235273
0.040637690174567975 0.7688557461627927
0.10343344892368389 0.4963195183737217
0.659502509651325 0.5176802026378631
0.8732552101483435 0.8987378981258587
0.5819675023827127 0.44658857979455324
0.9158911025367562 0.02889607183429388
0.2691786868224939 0.3800285344336043
0.9007444007086229 0.7913766111994964
0.3709329223317279 0.34871579236427164
0.1371475750839708 0.4277137465489709
0.7034486944531873 0.5378301662421656
0.6786871733726156 0.8729409681384472
0.9791220956704574 0.13947491543946544
0.7160660708059403 0.22578125101415392
0.10391593645575292 0.8441126864315263
0.18844218838448978 0.5241372301047202
0.7916770031702529 0.7436124757138938
0.1369451592337234 0.8545830501814982
0.4306660067178363 0.9968617876685457
0.6978033518354974 0.8973642055040121
0.7814403682995377 0.6594746897689545
0.8837614175213608 0.5032537783043565
0.8172821114444875 0.9107884851841155
0.866259060958384 0.45236712383256683
0.5261983671619725 0.020542058444788625
0.9785380876077798 0.03633896410942428
0.6974407212701841 0.5359982497105273
0.8167472074006696 0.08681257107097506
0.6159145852767522 0.07242812602747883
0.9516816048923182 0.6609534846429528
0.6558260239114724 0.11281696660636031
0.23705088703046973 0.19238393053846137
0.5216682194668145 0.0072712080256363
0.4170563829082645 0.7893495636396353
0.7221486777789832 0.1876188727696988
0.3938697558680899 0.5056544997822872
0.5464979137454793 0.6121217735012408
0.7059019990578679 0.05111633915547764
0.9250595656961693 0.6436676517398241
0.19801329741522222 0.6287743948469662
0.7254425774421609 0.30212188575712506
0.6459270518689679 0.27871891920580505
0.06595777860469942 0.9927892460932097
0.48555284426139567 0.9627256029000277
0.656339795061734 0.453975402385995
0.9578577549666183 0.10179853674851946
0.565940172077942 0.9308533583952545
0.14812329497681298 0.5374567597348641
0.06806717597767165 0.8962111124727064
0.8181698071467487 0.7055490012832308
0.24562860272171627 0.11978654927582433
0.06622976803810054 0.127253745402919
0.203700436694235 0.9950022674853185
0.9621769711003629 0.8203563204271478
0.7724768762820473 0.2994158421282036
0.796709269917184 0.7514482797666298
0.6113087445188905 0.8539742399001367
0.7339088509539988 0.7620472882305735
0.3449185037718032 0.7698066796532896
0.8530388893103693 0.7795823132247099
0.5150748972883716 0.3674626376077401
0.4591947024646519 0.8390696173688323
0.3440818032948738 0.2596559324162542
0.414111482203563 0.7745738304763805
0.07990264931038582 0.42076565728222404
0.4592343125834524 0.2564664617529908
0.04316391063315961 0.5504934655610159
0.727037058443192 0.3060843484486715
0.20721508830116142 0.9928841616708457
0.05720305989515384 0.01822975711259578
0.3392164021005293 0.9868702866737951
0.6194551926094671 0.032790562371820986
0.8834205327256561 0.6034352926797812
0.3764274635052154 0.5028666496968919
0.27625217369352395 0.4888656369147335
0.16448241278267495 0.21295103507973367
0.6205004954687869 0.8206888758552657
0.5157881954754933 0.446346960850047
0.3386912531156736 0.8366993859962977
0.7578501322442095 0.7664509190456976
0.8372539531025973 0.6582751561875804
0.412955578340515 0.9308672613935765
0.2872076166437574 0.8531810311339956
0.7982342762231496 0.9792578699409455
0.13915993565616946 0.9158082956655762
0.8483299215903559 0.5025776017488224
0.6885717894131218 0.7258716851383946
0.9022920544100479 0.11003498306255999
0.7005872964507829 0.25619453725909946
0.3155542935584086 0.4210785379466633
0.7031091795366682 0.3974307185614172
0.502494930865188 0.700165879057054
0.7603158402880239 0.4195123630998969
0.6581044800343214 0.1405616468591233
0.5436046825466585 0.7258504773704952
0.4913996670428029 0.5085428321713974
0.3155471214094072 0.0973513545297846
0.8609608712793768 0.37073305774383547
0.9005364778298102 0.3409630829421755
0.8709478470331686 0.6009612289822845
0.7634471278659503 0.7296427756726223
0.5990171198220777 0.2718464652295023
0.18683051939767514 0.01600325791737167
0.4533317449185561 0.3351959929021291
0.3930491855469722 0.6311141705938976
0.46410387697433775 0.9591327107295862
0.69782447002335 0.6309358486905285
0.8802148334642204 0.38909018495065206
0.5104940560898257 0.35356068490322956
0.947748182297123 0.2475121975400678
0.615558960136289 0.22827738208524373
0.02255663257163576 0.0987156895756478
0.40247472039900045 0.7343247464626834
0.7009496704757752 0.8199292157194291
0.44202678719327015 0.1960059530785283
0.6227331736407506 0.8003141793740314
0.7426530360559602 0.8288427253988979
0.49544910705594947 0.24395729417792666
0.2501966557333626 0.670999874256488
0.6797093484815058 0.7148293648644646
0.7345161419192876 0.7838686890625197
0.030154950488958443 0.3132391904864653
0.8282073739668487 0.42860355828980623
0.007081324911309528 0.3250130215899658
0.27040803427295645 0.8018923975825849
0.9150462107874822 0.9678099344363835
0.12997980598797354 0.9838843586958124
0.5451653214573828 0.926191427074395
0.8795883205947705 0.7035969139805518
0.018638582518828883 0.0643145385494226
0.7965824442489977 0.6538498264353869
0.6638189007249193 0.9703694081809295
0.9298100836872831 0.09561514837019058
0.02196791320870095 0.7543464460642146
0.2638637301286142 0.6268900028590116
0.6082721694408133 0.5316584341149309
0.4469062591324533 0.9259876608628013
0.9877382483243353 0.9956234116545013
0.8331099747225024 0.33116568765887755
0.1408469719543457 0.9257039389682908
0.5742877900618268 0.544670069169439
0.7763053204573551 0.8795915586840282
0.6912318848398145 0.8061110517084411
0.714182702240034 0.526772896389575
0.7344345194959327 0.8797252698505509
0.7321997322100147 0.46468074365575585
0.661286756144916 0.9828949409539915
0.8462663170321805 0.8112126301506579
0.9509039624408986 0.15576020900449383
0.5756118857374135 0.16171536749895354
0.5906786270480313 0.26750570460294143
0.9146597160220415 0.32606218816181776
0.1295420043629283 0.3786287041457237
0.1640372776837864 0.30671627924128386
0.5484534236978638 0.6005761284086599
0.10260033731209606 0.2555121698406564
0.4427488995534443 0.902571550377377
0.9765122735152285 0.9094696226610302
0.8852927780022182 0.9919332770989044
0.5226475097875867 0.28963530698380646
0.9940610685106188 0.5365509920949054
0.41167517379654295 0.7798096256745837
0.3315324688718224 0.6864162004779049
0.22112883017664164 0.18409358158846856
0.8666089433691491 0.6797771566844453
0.6618725412880271 0.8622131352454214
0.407818320890325 0.8108336251749475
0.47375983822300083 0.019226055292836275
0.07739285219570369 0.1558249127232687
0.5352705683978851 0.15013999433414238
0.03296745232378662 0.8698178333691717
0.6314590529510142 0.46883593454379935
0.07632102852289147 0.4444936861407849
0.5868562164795039 0.6395881421097929
0.7785405320707233 0.8808084561848786
0.33712996097451886 0.8395806163494264
0.24100230425231128 0.9069198596699679
0.9256898948106049 0.03368503112961396
0.873837480110079 0.7958590582277187
0.41300942263220053 0.8594902985449315
0.6028656564569519 0.8143035001796699
0.09239427816252044 0.21437819060998398
0.4664628940819502 0.6382271715463399
0.9239479275811766 0.12257953076433448
0.0718554183531388 0.8399443044766193
0.6467881631814065 0.6116282965664825
0.736462794514954 0.8393992882060746
0.3474866037222135 0.8230010941693824
0.13551183304708592 0.7869043948493295
0.958475999940519 0.914300484015347
0.7267196368649396 0.5893011654886211
0.6463287191248603 0.8767653864226364
0.7184096650654699 0.9531746610692111
0.526676740690597 0.5111513107239261
0.9224039015632404 0.7189058802182187
0.7372942400789166 0.9584291807988672
0.6256111525132082 0.17400507639307206
0.5510681888439601 0.7840533958146969
0.37515813845184276 0.1981756922046518
0.24825109216355523 0.019102532032877484
0.1649048142209355 0.815095157709671
0.23010235502996013 0.4955980178466888
0.3576407796822223 0.1609277983327524
0.5888852392131398 0.1879665228487959
0.35644280876867196 0.5401771855000794
0.8306135207342977 0.702960987331575
0.5022655374661211 0.4988512471930002
0.948057144021911 0.17349977271718675
0.24996170124692796 0.9226391413123485
0.9813419947585504 0.8521178576637798
0.6259581384713786 0.5245174020978054
0.4253395869847081 0.7479919048523334
0.18825212700995642 0.07640922519241444
0.6052510524301729 0.3173410724772008
0.528236061525539 0.8300028525469765
0.16157200652646342 0.17161724794987232
0.08357772251063289 0.8710128036593225
0.05666642127659283 0.7034246079084789
0.2555684301584229 0.19957278614017082
0.4920880110904271 0.9197660330852975
0.7598788427790886 0.7701189653964671
0.18201183597527804 0.3750211961626768
0.9389914039193497 0.8664375204544064
0.8102670368029112 0.30634762068500043
0.2651579894701148 0.2961896020161503
0.4230678400925374 0.3566005782330548
0.02163382913098233 0.21012799520653025
0.29795536885103013 0.8985232582895684
0.03291153304466654 0.9743332854711406
0.3377231346616656 0.38033869521389807
0.1323069108809991 0.3444857019542982
0.4436409558154599 0.5648936813838952
0.46036637981723816 0.3967552599802293
0.055700922682531795 0.14748025535151132
0.21652907352278228 0.977632026687131
0.42339307201357945 0.4424259457937372
0.42311734264683576 0.5707287826415737
0.4017054837187435 0.32357913671167604
0.33917942245736343 0.33384479993827254
0.2991395417655651 0.8997687743523519
0.7825086541194186 0.746890880046531
0.1953439865463531 0.2652321409148428
0.6015169014551431 0.004204462519845409
0.42195865320197523 0.1564320500877583
0.3819179527774723 0.17645077535751397
0.652949477163508 0.463873776630215
0.15875026591744645 0.08135730839004984
0.6152471898505933 0.296808757879238
0.6539326892073121 0.3675735765390411
0.8643668526469495 0.36707838250250346
0.3445780076587952 0.944601893591829
0.4550033161909117 0.3057906619056334
0.10507656465259108 0.9798113671526798
0.5220316506611962 0.2972145255092551
0.27946835100652856 0.5568112266252279
0.3359796380672291 0.39551165536999977
0.5808244899650457 0.3613024330025254
0.31887451936389155 0.25300734588315943
0.8961278234516163 0.8488160222844887
0.021008061854921545 0.7670602654359739
0.6177073955617207 0.6401985252604308
0.9004052935819489 0.4986070712144588
0.9829095527485523 0.08720735969204463
0.6785573017296569 0.6846246906745304
0.559003794200974 0.7289459700039413
0.8597430694783965 0.9940769054627006
0.4588653345438649 0.6151623707596796
0.8005457445891251 0.5126251848917975
0.1390857418874194 0.5792691244702981
0.4364989768209504 0.4977068537264986
0.2771392174504015 0.7358499090598107
0.45135092143807576 0.1480511923419512
0.747185923924961 0.17933584340986997
0.6869304700038759 0.8090426945417575
0.536265166976551 0.49532497960365474
0.5233115521822014 0.6057420801750244
0.5509004364932477 0.21936459994493762
0.9600626781793002 0.8583878650595105
0.9440168929092552 0.8961726816705116
0.3792186704843876 0.00648601043078334
0.8834592381114634 0.49993930667432696
0.4713552958728944 0.5700177455187247
0.6647931185660192 0.09395285299022671
0.7325004123093624 0.054692603994351385
0.3052721157300877 0.36939932908063167
0.6934173982917458 0.9789657646027277
0.20957281733339195 0.07975200403482319
0.7651795283089133 0.7991043300258056
0.34575491219528454 0.7011426429177934
0.23445344368361165 0.6415467218568613
0.7051389309279665 0.5304794691153818
0.8866304665318505 0.3190183737590844
0.4166249297766662 0.5405997160886369
0.5860697653900064 0.8203639453169398
0.298537860888775 0.11475435906205256
0.3879347868341958 0.1598607558417524
0.9431718829668578 0.9702695821348835
0.6033984140330235 0.5857529628526557
0.4717547379311162 0.30204143114542203
0.8962126395283707 0.45417557493194183
0.4836337826527919 0.8468969818151049
0.9441460970333582 0.06811866755901641
0.297084598386373 0.8328827787253976
0.24485223250022936 0.6815076912111895
0.6064854969715978 0.3160989736187685
0.5223116654216919 0.226218501078568
0.634722888488134 0.39277870183224795
0.011192847641114723 0.5477733672939527
0.9836260275154254 0.5656123286832861
0.7167209955477445 0.7960964679974312
0.2410006252243333 0.3232349939821815
0.879825182920672 0.0636599476865709
0.727645138486346 0.28977366258250026
0.9327360054536715 0.9498951509325906
0.2302845660529469 0.6413840874686207
0.8743713756580032 0.49767404497612033
0.41295978165138036 0.6896936616598002
0.950561423909364 0.38821689019697847
0.8961744333229464 0.4524937634032158
0.6424330239865126 0.660866346479327
0.843343037649174 0.38391616736476375
0.22260290673825134 0.7604392862365896
0.5613012655168952 0.1980582167655902
0.7573462106566873 0.09441125978544385
0.9796020100778065 0.4116055627613322
0.36895395348538074 0.15720761554324203
0.5531310727044205 0.629458126061414
0.15356321939983153 0.3052397532536302
0.29537202589811073 0.49845535530003904
0.5427987046007818 0.3927539341433697
0.06688867013774158 0.8987677171305726
0.10964737325216078 0.6969759483802187
0.6459473133792604 0.3688293320718745
0.19152412586929102 0.933274344194037
0.9224160529585257 0.8945031552234872
0.05144587955211044 0.2635492743229586
0.22411432944325105 0.7141857823840936
0.06087565426493846 0.6622262043641411
0.48940781751166607 0.435203392990271
0.8396150281282886 0.7645776472852679
0.23873127059573784 0.16080405284981714
0.9334176571355317 0.3182778701748208
0.319228304082652 0.6806101910382831
0.887765420842741 0.13107480564006346
0.21973477419617105 0.2751945061553025
0.4109141365761788 0.554272387386515
0.6917581318131631 0.18141242440936245
0.06003977420131146 0.7493569929599417
0.3148449520320553 0.10056773189008217
0.3854849142907597 0.5454738138482136
0.4664847868061306 0.7607185546364594
0.10914819844106183 0.4132125828816744
0.4471763683283201 0.7711441530866245
0.5272729630697774 0.24228067828836508
0.8391461794615049 0.08989840515730907
0.3717372431739212 0.7333049787133523
0.026783672560966476 0.9821724730981432
0.12685517745425834 0.16572619810173062
0.5379969443092059 0.3782354156973744
0.13130374638903763 0.16067265971249878
0.6682443134848952 0.413878260068792
0.4386284604258015 0.5387093022060996
0.5469037357950561 0.9537227400962895
0.6466741823550457 0.3920349291611309
0.21798376334209224 0.267208798841682
0.9486306032052372 0.5892741288832888
0.5669387442494365 0.12649760086476936
0.6063635639688922 0.9502594310405952
0.8691623637334602 0.25847394352048414
0.6442938771183713 0.2902001371058689
0.33339912785367143 0.10416730413916775
0.43027240464110617 0.2906737631611054
0.7647011539839781 0.38016927824297087
0.9156026935981405 0.9761614077438319
0.5876014025992558 0.9457738457340528
0.011999976645341137 0.32255869536517645
0.5472731773349515 0.9358868282106882
0.3567211003393642 0.12587775753250763
0.6038955806064052 0.8023238802322494
0.3368731456472662 0.2901658927239106
0.9161857512594271 0.08752826463445884
0.6290448682017209 0.5710378943435461
0.3843678175646381 0.1510187245326462
0.6227277380792922 0.8186230093088969
0.046117129391046285 0.5913892989541156
0.11273891940778236 0.15793899756226892
0.13701910044168897 0.9860971453251917
0.13187127822788147 0.5511287921958288
0.5376912598498909 0.8727976623697726
0.9391435377240944 0.20759389415408247
0.46663802243113284 0.02762790728989417
0.12826549379418362 0.31103477463034346
0.4617693338310629 0.11413841742789921
0.6128495275902821 0.8081507583988268
0.43629153576031343 0.7290296119923436
0.5990480844775861 0.16604458578224057
0.6938422478240074 0.09491704459251005
0.7902614747173884 0.48066443356072686
0.6793170293201181 0.054459985013110446
0.4308808645194997 0.45148562085745825
0.8528851776580766 0.42818973834414176
0.12499570691556783 0.7850074536022869
0.4489926229251604 0.7179546859359018
0.7793790724501743 0.6142643334597486
0.03806384991547196 0.8604929480308712
0.16091067237281997 0.34181943126310754
0.6447525242601762 0.8052202754909805
0.5645839836379123 0.23852170866533373
0.7338937948080915 0.6529254507409226
0.49843726591421866 0.5723518927998199
0.9082299775440925 0.6045303052834796
0.8084373228083419 0.026876216032357236
0.45769244832836486 0.9912517777228007
0.5436576871769025 0.6978647462063534
0.6237413449920204 0.8696797821180251
0.5270112786186505 0.21987318232072717
0.04687540317011796 0.9583697747414035
0.49965880186405753 0.9917344209322045
0.84603850792966 0.3452091665603547
0.25175598032049984 0.26529325381791313
0.3668810078685223 0.7651104540513003
0.08283147605995289 0.4942568024947762
0.5663634153037189 0.9281787144086828
0.5827684838485001 0.48441926832581617
0.06323061625066151 0.82423818729587
0.8740999862837726 0.5553974426376418
0.9397743568284498 0.14688073669521984
0.9381734340817061 0.41741916276947566
0.7933193029554055 0.427007316047884
0.13279096126173284 0.5221747063509958
0.9233195031721462 0.15732533919176084
0.5596169620673359 0.33656806461696687
0.42649611518382846 0.9662640394500523
0.807079808438409 0.6104347386911972
0.5526746422601414 0.058281365907530525
0.7249126879529799 0.04030694402543222
0.6672658075488924 0.9907162766667506
0.2299539583893757 0.8454629655676382
0.3032430937938386 0.41326976033096186
0.990445158375584 0.3709626335662972
0.32750797128083087 0.7408176572135705
0.7921045843929779 0.4061134128240027
0.2764395514211686 0.7218689395808238
0.5140694737374549 0.6500515096329178
0.3425178319372857 0.8677492901468757
0.6357636458057612 0.6408716141201156
0.07735445761181836 0.5995765943421809
0.13413643149163001 0.04749687845981043
0.8189173995865469 0.16065816753485884
0.6062726001836731 0.8108136263036798
0.4056820910115022 0.4477246599971145
0.8313813852509668 0.18474173169207142
0.6718485124420337 0.9184572431011542
0.626543162823797 0.7778907944645164
0.6155826656017653 0.030806237643097534
0.07575987819032415 0.2815588455494116
0.40049968197270047 0.08737349885646117
0.35269420011138464 0.8117518241013864
0.3088046922805767 0.7420008022914604
0.8493871214566855 0.6957091664563089
0.5614054344292796 0.44581813217186506
0.44478815694715945 0.24126414779149674
0.5821500437835712 0.3745864137368957
0.30516440004343415 0.9847904208504492
0.8349779887378586 0.05404883708085051
0.877841049841807 0.12099250992764565
0.0563136950983254 0.508408637917962
0.8621833695885892 0.281371692213215
0.7011741996027765 0.992991194425503
0.6543168986492751 0.47576689329606237
0.2451158252482808 0.3032230807183187
0.4424016947825078 0.04328887719145125
0.49370267277108737 0.8831108939340668
0.3089961868527604 0.14897371078392507
0.8636159495783293 0.6258702077729019
0.3259861734270171 0.5411786947858548
0.6715032369533669 0.7460045616100213
0.32962021245262507 0.1221679285702637
0.26532742947831944 0.5775990680774348
0.29903003095939273 0.8399190946091366
0.29846443124134403 0.7996667906687862
0.2257080495827235 0.43317030079366736
0.6065246121645484 0.5964709692344012
0.9164143732397543 0.689522681200345
