10 6 100 1
1550 1537 1017 641 878 675 681 1133 908 978
1185 1100 1066 724 898 919 1013 1093 746 779
654 1077 839 886 781 1188 1149 1259 834 1131
1131 978 886 633 1135 1345 1337 1342 1073 1017
846 701 658 908 1427 1563 1409 1380 1137 1001
903 1092 1144 1048 1431 1432 1213 1196 1216 852
956 630 717 630 1093 1572 1085 1327 646 1056
996 656 634 904 1105 940 1138 954 963 1011
857 988 841 798 793 936 1067 762 981 879
929 866 931 1096 918 889 989 953 1102 659
6 3
0 2
2 6
2 2
8 2
6 4
0.5436256409567742 0.8217657282992705 0.7576780152462004 0.7313450433729638 0.4815012342397659
0.9985890890146685 0.9957965666209798 0.989956575837452 0.4414963874283302 0.15653697354212684
0.5166228229174673 0.5374269106169097 0.586411642663363 0.4590194357187902 0.31072942531321524
0.9257790894251205 0.9802759783974075 0.40995927208210486 0.6550753091068122 0.30591897425914266
0.622986368120604 0.34544360560845555 0.5679634574476393 0.9554377936467531 0.25432027970470417
0.9035622637402758 0.3369073859319853
0.6061423906621803 0.8307505566899658
0.7626949414639923 0.445890146908394
0.3921443632603958 0.13332444301256796
0.7402560313341695 0.3158136437202854
0.9042285566296417 0.28978304662079646
0.7152895596886577 0.2280014508702244
0.9810297097698297 0.6383826643627661
0.24235403164694458 0.8804166267262008
0.011548473748153265 0.0055990888667507566
0.43244332543644215 0.5404079984718837
0.1766911573681842 0.015415289790404296
0.44870026945234165 0.3993438240774496
0.5255714923039703 0.184245792834268
0.26997628225017967 0.3839372618175083
0.5584993110938601 0.6643302285918169
0.5898653450641482 0.3728227539207052
0.8619955599582003 0.15153784723155717
0.9197649496592175 0.10190905787313986
0.12786479217687519 0.08293709197874843
0.828563520706789 0.6463713376108486
0.1588559085302994 0.8519532591352974
0.4128893166835008 0.2664584469661222
0.3158922115328542 0.633189975917801
0.1843456417806686 0.6246365923272423
0.5934511748126745 0.189867043299633
0.26595551893320746 0.7404978258158055
0.5301940911983523 0.37103003051213057
0.728782412144525 0.8237173654208987
0.628814829880217 0.8230180328262984
0.8199836443799735 0.24884179859936117
0.8013841248003941 0.7731857151952293
0.29139704601775107 0.9007470714692145
0.9569505091914305 0.03148829785653007
0.5744777310372402 0.15365828965845396
0.1639963420364734 0.28329206968425447
0.32047268338106116 0.30034439721952655
0.8465382568453694 0.6061795577153346
0.4216304230483878 0.6245905784456423
0.13889745787072627 0.7681319034553293
0.054562922010863435 0.5656541917832247
0.27197535904054493 0.6241763518923409
0.8521320564514576 0.18507636176995934
0.12868226822011675 0.21975521521257968
0.9450966764014914 0.12817131272345095
0.10877021728014591 0.34937663698325516
0.6349787394271931 0.10293467162037162
0.1430841119449009 0.5016170674625078
0.46525700507841417 0.6078996848544596
0.6668424183559971 0.4489154723933708
0.5369027954789192 0.20829278675008633
0.9374330010697589 0.5544161584751193
0.5550120421054381 0.18755459743227632
0.5205936056473142 0.3505297209855802
0.682411653852059 0.2717370431947026
0.23451415572188972 0.4455081882584371
0.5100286244963363 0.586828065445679
0.017005497798470826 0.030790490073964172
0.9771466983739612 0.2945428046284315
0.6282008817477938 0.09499095998227935
0.8572206831268598 0.7895472229126583
0.15209697555337165 0.038135230406813214
0.7558295028335631 0.7912995857779694
0.12065184535159945 0.5223445161430569
0.9307764998352483 0.9105083850649822
0.5262433892578764 0.6207385908732566
0.8626752338186554 0.43710351348179644
0.18237756836570163 0.1813685357951449
0.6580914114031999 0.558146744213941
0.6267823553317646 0.3989470944612554
0.8468377773441795 0.25475244573887057
0.38651857940867274 0.1620037809174395
0.19197972561029886 0.8938144455316981
0.3371412443436288 0.9243832666194416
0.35309385973845675 0.2634583345250803
0.976313085079825 0.8866102633304802
0.769779622704373 0.6871115138112438
0.5632203745432385 0.4040184415331083
0.6135261313925995 0.6681827254851349
0.28996739168283914 0.6237406206063179
0.6410016213885146 0.14124829377110504
0.3020074319385815 0.6736844642482487
0.25523340135444417 0.6368011217414331
0.9298250839350661 0.7091393900664644
0.9918050409178572 0.4301124063058661
0.9750175406258281 0.356013784308568
0.7947460869773899 0.8283150737612701
0.7018729329397793 0.08455268794476933
0.7086287064278909 0.5466921804710365
0.11224464248767951 0.5898271852512662
0.7166817174988027 0.8806000318097391
0.9696139233988657 0.9609324303137026
0.5698461280273108 0.8209068710529557
0.7659846701135071 0.7472673055618433
0.00742972553641863 0.4881575609449018
0.545120064145793 0.18481552928805
0.27366357309575307 0.9794900685831802
0.2374397502326484 0.7015324482191962
0.27842049077216613 0.17700647594506225
0.6157990607685371 0.8633628834618359
0.06919478325344897 0.6017825216615167
0.42660585459725153 0.8504673601716191
0.2698402189958289 0.551802712944965
0.4259177148565447 0.1820096782176448
0.7853049254468392 0.8797087012696776
0.5656760383593464 0.9726730668946002
0.5928343497212929 0.6100116322894062
0.21666669770019742 0.05865735895908886
0.9343577136483416 0.9935016082719808
0.03378923653094623 0.6665996856320708
0.11933480627921744 0.19101648398701987
0.8634772321555251 0.25785615933009653
0.5431710486772892 0.31820256069293684
0.9381161341850288 0.6197125902495662
0.44324414492057285 0.5676545003261595
0.39571880748726307 0.9908884469572545
0.9418578224004235 0.962771109731291
0.07718245549317859 0.018575911283905233
0.8948209212350471 0.0731862767160456
0.9765409719524865 0.08750948584015172
0.38686338734343106 0.029822379407538513
0.0138790967212854 0.2757009036579967
0.4313226901217526 0.520775619187626
0.08788016430158785 0.7701103951447248
0.7491303466931318 0.9438316562936491
0.2553949492031806 0.6391308816230983
0.35203528611255175 0.3981902553419696
0.8984030260394822 0.2680242091039533
0.2666017271040009 0.6797175172643664
0.25132737544405637 0.03714697049015703
0.8540898979996943 0.17556931483683158
0.5784714555846178 0.4052376309700254
0.04885661593360169 0.2620579042267799
0.34903762557493834 0.04993225964794923
0.009567015891718267 0.9709444337697002
0.21987851885280696 0.6605294384022715
0.08946768135398764 0.35552685930717876
0.5747034209806461 0.20223384084328977
0.8517431910039106 0.525498734409954
0.18618776211005605 0.5669218074430367
0.7974060482046279 0.7507233067647796
0.5115007619002994 0.7523986333160868
0.23964886589468426 0.2572434446650296
0.32701556220717976 0.566436225890252
0.49345942954307986 0.08218236419686908
0.6481508297626992 0.8886760724479004
0.2828260884241367 0.4352883261468259
0.33534015399721295 0.10379201156760254
0.37605983014475 0.20181704638320186
0.4510285960628384 0.4769708918762823
0.267532833320018 0.20723454743435732
0.49495532893802974 0.22668339889414435
0.8914769464626666 0.7154693328909831
0.09760436487979063 0.49948239572544106
0.10100277473608421 0.819658575153202
0.7409307907477058 0.41455444708389577
0.40571461294970645 0.18671968368350988
0.06652093916790136 0.02029541166186899
0.38925053238585594 0.5604837747900566
0.43785129575098813 0.06534627214766764
0.6549044099631125 0.5282256987398806
0.6469403340673441 0.05746046869987809
0.9236354059666079 0.4030779119881329
0.7270256111113633 0.8933827533673124
0.2742845667023204 0.2761887121920332
0.0017486016632171086 0.8866360788128873
0.5034547525233406 0.38965884398603756
0.12362179718472444 0.9718955112093262
0.7282190756778522 0.007398815953408633
0.24094676684024097 0.6773125238484459
0.5008102769138829 0.0038093537286674195
0.258727155252509 0.3256466897035153
0.567374570860741 0.029141050614306385
0.6627106259301108 0.25863975693865515
0.9860604776508513 0.0586403589122273
0.2782597587866278 0.5407004504013386
0.9274479604564598 0.00678051502535415
0.6406179790999775 0.1052619539972397
0.7944186017587205 0.25047724066274957
0.11250850816800195 0.2529195708188736
0.4730885960648432 0.729068657614014
0.8744550189617117 0.7278208126036791
0.176400313395513 0.43146776718460433
0.29516295899379297 0.5506618069749283
0.6711520316949107 0.522697961237329
0.30453442898282845 0.8063931523699821
0.42366504950436346 0.4000988125235083
0.2895629308162764 0.14032878613129385
0.22124689821456922 0.28882433057542056
0.3418183470554246 0.48987587597700344
0.6679934328614177 0.05464894293647027
0.10260245975109328 0.5484132360368998
0.6287517366523359 0.8879340846542079
0.2400689568197636 0.9973313253493217
0.5093340849907066 0.5521398007260654
0.1491182778266087 0.8346486953732193
0.2875678317563073 0.30284630760556874
0.7693300482673575 0.7733962070276135
0.5718473372206325 0.6689279253627913
0.28025179344347495 0.5695452562884444
0.7108113988706855 0.4655856384188184
0.5198860448784222 0.27627226765974333
0.4903138565222258 0.4300282546169927
0.7559389104661389 0.07093229407548551
0.8394831114896097 0.814078354043132
0.4139019591995099 0.26871002726841997
0.9819281273778773 0.6258345861615637
0.4540358322125564 0.5345813249230615
0.05094341248104173 0.1415073784288683
0.8883840289357665 0.27616279518586606
0.3200793872251322 0.015355890377750425
0.5630336023864948 0.27279323135176026
0.6230141189489966 0.4189613840946449
0.25512734989258146 0.6689672300476417
0.8415660507378384 0.7298002606210441
0.5303834478727405 0.9058812439418176
0.15381380574128145 0.2553309557158585
0.7698871941973462 0.04087005294549795
0.9841724093607276 0.22869137395400108
0.41956967651856014 0.26638032011703205
0.44074550259929546 0.9174796131973457
0.2952717761927035 0.9028470834091238
0.5578738852507967 0.30809361656261625
0.8537015162658672 0.23041256568856205
0.10525083757507736 0.7930882196591718
0.3714878708520801 0.2610612370402776
0.8979988997858965 0.0856757830491377
0.2687451286480025 0.40439776803578265
0.8817746029157756 0.023451939725559257
0.5917873550921506 0.9575449263817268
0.18114120690700997 0.8096676636322948
0.8645832310621397 0.7427121672738226
0.592210703586642 0.06048202745429232
0.6573351649793377 0.7140431664129367
0.8815130254272703 0.5040966927071322
0.6702029231855615 0.6988585600806798
0.05637853861753994 0.2199935258172856
0.4362220333616915 0.19302231662786307
0.8329171243487816 0.16862006429873166
0.1998875021803077 0.9043915739463813
0.5622045514876399 0.9848305564309734
0.17108882989675522 0.3745441151004374
0.12248749489373956 0.8563953393030064
0.6847553330181393 0.20487296573931268
0.3882510271945292 0.7530650527646443
0.963494330670482 0.5026185315088616
0.6201609185778281 0.1798453142298293
0.7250915109342575 0.33213381583677704
0.858668855434507 0.10341427296769101
0.8661330528021531 0.8819398118718349
0.13249824119809994 0.6645974634162879
0.9521376516270683 0.8962326173179993
0.8946920181809117 0.3713131631877833
0.5001270467457126 0.9117932824623334
0.3682526226534597 0.3975258048535397
0.9851368022638829 0.5022447191590835
0.3042199019334464 0.4406423132123838
0.9264939546139448 0.8568153415380351
0.15877862079170368 0.5567574759762242
0.9809608976978248 0.8936394632688001
0.22265148034191395 0.584151430112664
0.7793264263685977 0.39171486879136475
0.0010778998054423727 0.7157842751738761
0.010751659310924033 0.030203133520199765
0.4482907162596672 0.43118563122785725
0.6016895572529233 0.3821961015852646
0.9555823524583382 0.03669009517651034
0.15749972948948732 0.5581180470697882
0.5115220463868422 0.6140080959842937
0.17454846064781626 0.6642292394981244
0.7760075607734402 0.8819688324922963
0.21010867011120382 0.030300163406174807
0.5384689163486309 0.29504165504926405
0.17382695672355797 0.9493281905316
0.21513874006694134 0.8825563004517474
0.4355836738761649 0.6718526046437152
0.9564533279832419 0.14908910993920776
0.350081312155452 0.34307498720177887
0.2861636790821054 0.06349522434636956
0.5283295563946993 0.898187008142429
0.8046630989457177 0.9205132637143454
0.8685403123650663 0.053882457700180186
0.36728076436817747 0.3516741067725613
0.11809695248884444 0.33629920161119964
0.7215092200889903 0.04248106797571771
0.00017569615346424428 0.5068311631300559
0.9946669057505257 0.9435042129679809
0.4223852931512355 0.32647233081609817
0.7648690822623896 0.12145091420945575
0.31916210891867736 0.8011329330170105
0.7332992509983649 0.7585113962894905
0.2758415416001272 0.42044413021730587
0.8111748956800076 0.8512078276595136
0.7073223593528968 0.8786587851206762
0.2216023202456201 0.12232792250216185
0.9804490912914214 0.22824534659835582
0.045794245615149 0.39122387883210497
0.12849279013201076 0.6545838461828866
0.1289470296316928 0.6620475527320424
0.4334904858991748 0.6727850195346128
0.6113683542945003 0.9252877053445729
0.5062263070805719 0.3295770208001114
0.6793963229244879 0.5171336808309781
0.14367112438986362 0.6636539412922629
0.725729191670953 0.36973517620367224
0.6183872833546522 0.5669809383352375
0.08979039248544463 0.7834686138439779
0.5681255200017044 0.34489369025094496
0.30831000589767266 0.07453694854325787
0.9867409460036296 0.21164969640231224
0.8584559401064358 0.9156265951750755
0.6831258457673404 0.8256386177957893
0.27816062630399907 0.4432286238970562
0.4200217031129676 0.20040442351905852
0.6986364841111468 0.47920324959983573
0.7233017651241507 0.98296910933772
0.9160259119441212 0.877953683480801
0.2853310911718545 0.5422419169939545
0.25033344963537063 0.8403670120066475
0.27657625217149184 0.7881744063489835
0.589928848205661 0.5630996198208305
0.7212649574331236 0.49263752953324724
0.24684239524016016 0.7143990008196126
0.36492668616904966 0.547188766499783
0.210340298112895 0.8269886900452559
0.960072335054657 0.7752108131631472
0.8613486425351715 0.31714961941115427
0.9473056255311112 0.7666103097870514
0.42259634122887557 0.3366971416351505
0.14591471852244253 0.1909912063146808
0.40481498067704935 0.3657504021660285
0.6398362878109958 0.7472359017756165
0.7690707519007924 0.36452850975868123
0.5781182327885139 0.7293309839893085
0.3206587115145012 0.7331888987220814
0.4169578029984218 0.3592375581178382
0.15067563507837356 0.898258036729517
0.1354719768302015 0.6647852398198197
0.6039795515156077 0.18686765996937882
0.33832783018942525 0.0741919553982413
0.9822187446054083 0.5777675804890634
0.2983059842490754 0.23043678581192717
0.4326678254849299 0.5389702198942672
0.8830289916683938 0.8205606155736564
0.2528345047176128 0.9904809671633952
0.2624646909854489 0.2758646774381077
0.6122057550759079 0.8506245208891567
0.8448694559931702 0.1748050163519923
0.5688105953138332 0.9372176381068908
0.3525389738578073 0.377140393508244
0.34975202664932525 0.7126073941870743
0.3287025631733691 0.04834919749030542
0.34719367299207704 0.8732203174491184
0.9591872687174061 0.1005825082848677
0.15411147788246238 0.9534426490378114
0.21575200195704203 0.014530353965368725
0.5500131663897543 0.5001347235724036
0.6062465663238008 0.43109072310014196
0.584230679892576 0.09080741244673529
0.6957470787171736 0.4909006436208252
0.9666154134848173 0.8842746011768545
0.18610303367373726 0.20965579670738643
0.4406245977232979 0.03285876330071624
0.043491727826407756 0.11304116581719215
0.6748461099048999 0.6328117464190672
0.22786122857021862 0.8557084465157132
0.685174212207333 0.5878354990344863
0.48823477969405804 0.8377027332223914
0.9841563683421441 0.11176861090379986
0.9354528005544158 0.2982462936058283
0.6855451659378682 0.3065551552499419
0.019885491149421508 0.8223515607679435
0.7375157152705938 0.0460106110376346
0.7501803204956636 0.8641111748831884
0.45789450715514124 0.2228480265802837
0.34033395402767264 0.4304223493951793
0.4231145303967552 0.6372454991336771
0.9657277969484099 0.8526034010051418
0.5394707184253378 0.5422007036381913
0.5371647592028166 0.45871426878711596
0.04301984991783181 0.493482469836352
0.823469950259891 0.06836649537664474
0.9179196657419697 0.4032893916085176
0.6417485312419771 0.26415136351444946
0.42514407580934876 0.40144976670872046
0.9139772252730098 0.13533462898873405
0.32121755153172327 0.540081710094908
0.3861513932727092 0.47329380796811593
0.4697498382658043 0.014605713220980254
0.03959683271607606 0.3895425566848181
0.43439849933311603 0.6528588842725962
0.18817681949913267 0.5623939250705423
0.5742146481829453 0.2632009300890359
0.5089161359881493 0.8657148616111203
0.9327618447123445 0.2853476417827385
0.44266046469169185 0.35554146818760324
0.205508437403235 0.7684508521022011
0.8794791783141944 0.8580229567502149
0.5419684260699273 0.37472474829664426
0.32812791992479484 0.5561541917499664
0.5285337575272715 0.22598092759619415
0.11477539592119057 0.04694948157486745
0.5582283721255192 0.12960542179994805
0.55842388497094 0.8906318577551444
0.11558637244795777 0.3248183102357778
0.8296361913891179 0.2427285742318379
0.9980585824974484 0.6268310237649561
0.3235586821799117 0.6869768292339948
0.2992364887708969 0.7101022471157055
0.1124943261789404 0.7425605318229886
0.6318470703408279 0.42874436847371244
0.415556168512224 0.9974707885619083
0.7298145398549958 0.20110887474288708
0.031095480150716392 0.6438047875467243
0.45580806021926135 0.778139876826182
0.28199900978904635 0.21336429954418024
0.6907573061653254 0.00983344927443719
0.3702921237610193 0.6237975704169836
0.057882429815774517 0.8486350495807038
0.5837589511585439 0.4208661628877439
0.5207979098126616 0.6370333584447503
0.5543701051841181 0.2055533428180647
0.22951868962065802 0.9863701810022572
0.8247758416843916 0.5411481147089072
0.25208272086415406 0.44500249364414524
0.21308236471119235 0.41524928788812265
0.7327712483165896 0.30031028797313475
0.7124914674249478 0.9256205202070005
0.7944985111069496 0.9965706069520011
0.5537240619578068 0.8731360783940627
0.17631803354244813 0.48419124596994423
0.5820232675435753 0.5331803859904047
0.3965699087123198 0.6002297521908262
0.4352686249061175 0.4398102722719801
0.07799771384922338 0.4941205522945036
0.6703137549767921 0.8361340419199081
0.6560457305900036 0.8494108814202039
0.06209833604893644 0.016898105999189283
0.04851784833079553 0.6726392419341236
0.48839379404463856 0.41812864941467454
0.25255523487561193 0.16970266839884007
0.37673065754750557 0.43430949979434597
0.2553551710175599 0.7251855882137952
0.8677459921290895 0.6238121753716712
0.09233819134312138 0.30757117315889504
0.10387739891543113 0.859806594024219
0.7458157607259641 0.7618828995813591
0.15687971242103615 0.11024990084061459
0.7467689485052909 0.783720481976643
0.8125987064282172 0.10726235505892956
0.6862119787797487 0.23792905096203465
0.06962933609980859 0.9748523229072372
0.8310275050461815 0.13120918442040264
0.026830649862145783 0.3403073836127495
0.06667856731279365 0.635770089945477
0.7204476417798553 0.6141898788822813
0.8399590790291531 0.6145835877420294
0.8183904795961823 0.5367866138356638
0.4833706976083587 0.5045532829644939
0.7242838956658793 0.5807243429130395
0.9176991686726053 0.3935351179955551
0.7029907684567678 0.6865503467137624
0.8884985565574326 0.37525735861392007
0.43232514390901633 0.7767399085133924
0.7919216683467198 0.016246392002291055
0.609547208426596 0.15261926636641743
0.7140997771796846 0.4747885316162104
0.7416112865344311 0.8455247226400648
0.28587625774595127 0.7312370970093875
0.8634853924428785 0.13250097236551062
0.24055984167552102 0.31973992838295895
0.060859747962018096 0.9572196323513351
0.9831190365075568 0.6962535075802552
0.41758382421919293 0.8988113141101257
0.034856222752823074 0.48777875138275406
0.6094496033605872 0.2787776378020017
0.23465351301451332 0.5908194421190043
0.2532921719539527 0.535630401574382
0.06663263377806516 0.06666798222698178
0.031107006725534125 0.03351129960815924
0.2971481447143898 0.3041121187546374
0.3540928123081424 0.8807144373815081
0.19679338431610405 0.5926971150010005
0.3979700315842658 0.3706943703720662
0.03206824235652883 0.5392182138218078
0.7926097603273476 0.7599932167834098
0.9891171784007586 0.5083559958678967
0.1850838160033481 0.5524944733566457
0.9491041366685313 0.8615502125442427
0.5309787653360933 0.9580143815215814
0.06045282322616652 0.20662170706621352
0.5571421013466682 0.5628660695837566
0.5407971494841126 0.7897941998247324
0.46386494548354285 0.15508625372561236
0.7961961688104995 0.42757529199554467
0.046846198589716614 0.004470699013281676
0.3900658645116848 0.8144672329961866
0.12907382236283071 0.9785268565506444
0.658165071545507 0.8937369808202249
0.7683520167485576 0.3336711476884153
