10 8 100 3
900 983 1036 1195 1272 1473 1777 1461 1240 1120
862 902 977 1105 1197 1299 1455 1283 1162 1061
809 898 978 1018 1131 1159 1309 1141 1052 992
804 835 907 985 1021 1103 1183 1048 1011 934
823 847 894 965 988 1015 1135 983 971 870
816 851 906 952 1008 1037 1064 996 882 850
761 795 901 944 1015 1018 1037 950 904 833
786 806 863 962 1049 1006 1014 895 875 798
801 866 900 944 1093 1040 988 896 847 812
784 879 967 1049 1209 1112 1019 955 888 808
0 1
6 1
8 1
1 4
8 4
7 2
3 0
6 8
0.7170535223573125 0.4374782895264243 0.5874565506968192 0.7831758468198491 0.4247632020784057
0.45471598120040174 0.367268817955574 0.5046161342008777 0.39641312253492333 0.2974230390605499
0.9504009612797946 0.8837042155042916 0.34773532149830877 0.7342280584571843 0.42567430018777974
0.7134238144985171 0.7595344328325713 0.8777973581221723 0.4372497689862382 0.41009863640831035
0.8468706476228289 0.663498969430909 0.5973905304721985 0.7115562335654991 0.1459141647655363
0.3922105033234239 0.7936847172147267 0.5797369734458355 0.9810123578594867 0.4840767141871243
0.3509059829148629 0.8540706166735459 0.33052427915929145 0.9633130711724227 0.34777759083064474
0.3644493627851042 0.837386442891914
0.44739352671777954 0.6636657642429984
0.14957415233056026 0.4810932242549497
0.6607497104477817 0.05225624471770107
0.399082297741177 0.3271030256060825
0.6802049186609049 0.6418532451757399
0.4890698599699521 0.1856618200171345
0.07119657864200524 0.7235343544526684
0.41562921228965544 0.49598991247197444
0.7682779608046157 0.5338142309847489
0.7344703952204865 0.9186847756480037
0.3135774992409348 0.46391593274874543
0.5299572095445202 0.5162030841599112
0.9761411499170969 0.038632913720052064
0.7280308844189889 0.7161577029185755
0.31734604690391355 0.5078046991442755
0.7544336478226683 0.12110249337124301
0.5690983677547035 0.9120114642451334
0.5738457567230058 0.2333624101299434
0.6544936513545896 0.2739063626923035
0.8419186034146611 0.9885557764202948
0.5548496564254806 0.7622592609713008
0.45313094582367874 0.8802837125689209
0.6330650060025078 0.22285978387569094
0.6409488318673484 0.720441643648857
0.5886650092846759 0.9968946092109003
0.4644535271365491 0.4300029037916484
0.38799007802841023 0.22387552098100172
0.8894520050797405 0.06684425743161793
0.6936174478927224 0.627713185262138
0.6027620739337409 0.44404610518321763
0.30596364954388267 0.042498153199800326
0.3728535534724322 0.2403024602226982
0.31014893237250907 0.6197908008966146
0.7038286005599304 0.6038429385537205
0.5374228932947114 0.5852954942781312
0.057248831499380204 0.36804770350981353
0.4032291870091649 0.30335540576109254
0.6273796910241605 0.35937814270352275
0.7368832390325517 0.4665476303332823
0.8660969697351664 0.978594896377851
0.9063203235681212 0.4365205065292208
0.003044778614264443 0.6761921951538532
0.245631519924008 0.5138124185953652
0.6470318395666617 0.3263698060729052
0.7687413463939479 0.33064794389778696
0.12715700719763534 0.007294193306182528
0.260538336608239 0.6371353370552189
0.4223930524595245 0.7137039334814868
0.40917997286771257 0.08544288329994787
0.320626286068177 0.22859530684516427
0.17126074703342908 0.27549866389275923
0.3420406323368512 0.5723436616924313
0.9249654356455588 0.6041171321324421
0.17550238368718118 0.573283346189742
0.5660623898162187 0.07759008617644492
0.8988243290706497 0.8894703729340527
0.038026698624251676 0.773499462124067
0.023623086428348872 0.8908937841717546
0.3569163892519911 0.843347425928862
0.07068789452566504 0.43008080359592826
0.7299865396351473 0.7968793174159996
0.4513630884541864 0.12226821991529824
0.7654827187612572 0.6024228023880573
0.6065815526262237 0.8089178283669092
0.07401514465609949 0.304700411978575
0.3068150799392717 0.296988071496187
0.8983315604148074 0.6964158783422227
0.9914288604052541 0.14108476714155604
0.5026398889071002 0.5110750739734653
0.7642773514647505 0.5863001266226913
0.02810417889054051 0.668872060230743
0.5979446297282769 0.36730920254704436
0.8039063611551305 0.7728423940827729
0.3447762956661733 0.7373172654770579
0.8155289680773072 0.23239886152795441
0.1734810095483521 0.44582152279261433
0.7769712028606761 0.13954425816466776
0.6479472495937313 0.22099324798356346
0.9421422785549753 0.00003885744506137989
0.45806863354468774 0.531575840111836
0.38030215942197954 0.2079955997092795
0.20338443811055118 0.9452966620460566
0.42901303846581906 0.8824859160505691
0.378672195860037 0.6441826227029834
0.9841424838767565 0.5783585980308359
0.6631171748899012 0.6545321842118232
0.6228947373914786 0.7562070928592584
0.35517545529939065 0.012725865375090128
0.29855897555835686 0.5638980029611951
0.1290666820879769 0.3735253306318931
0.48714528785151257 0.32272837690632006
0.08026583162924172 0.1730479303109953
0.10855511820912556 0.41699956076819733
0.09347011241761827 0.3094181896063639
0.33423938377351536 0.8983405199030583
0.817893158619063 0.6839679106604655
0.5193444424858769 0.25437855573920354
0.7708903961772646 0.7634118095030158
0.03447830499695215 0.28387206688346667
0.1347665817287782 0.5074873048379245
0.5777885567335626 0.5937870134578589
0.8621180568234539 0.7298292913655058
0.8271446861666696 0.7061755103315412
0.4503603062951891 0.7085614140633296
0.06765889801109592 0.9037031686589965
0.31773667796174143 0.7906402653416926
0.9916628358235411 0.6809872604757059
0.6211027612553974 0.817219848360752
0.4033769438282102 0.18034205093700684
0.33764771780396363 0.36533874474147576
0.19416718299594393 0.7423056554194667
0.9928106140418991 0.07666072836935633
0.8380804496940879 0.5533362291029036
0.9377623025633726 0.7136526728346999
0.1124388110930794 0.13026293419283186
0.7959587886137147 0.7294973075846609
0.31895227663378956 0.07267049666129544
0.572371579507075 0.9066313992827069
0.5391095436478177 0.43181764215129315
0.2619697395410543 0.40673593407279585
0.08143634354308094 0.13095140621390744
0.3033698410239629 0.4071299666250967
0.4245274279095044 0.2552485035169676
0.7371654554391105 0.648551788274017
0.6462656754142311 0.5449239329137854
0.9502693503918123 0.3758117244483483
0.7038095450307942 0.8112966706945377
0.4460785244339003 0.8117494209078275
0.9929889369739058 0.9252545634478244
0.6179421451016394 0.4854704890402066
0.7528548906981558 0.23939993230563994
0.493828870602844 0.5763126516977806
0.4832152961352898 0.021349243255679662
0.3854268656679998 0.46022881873887256
0.9540980551076983 0.029659568256881208
0.196506732891236 0.4929067848794251
0.07530410370025953 0.14602766381502397
0.1882391393817937 0.8342883749294565
0.5797924726221277 0.8659790434027623
0.47402020903614583 0.9996858436836393
0.41998189065815517 0.005981338342112563
0.43358483766573985 0.462198977407142
0.3462955815142712 0.10356855552121713
0.15235561664150432 0.7570783831685588
0.9217810999785268 0.2048652885566009
0.5104304707664342 0.4638102202462906
0.9223303656610697 0.8197513823527223
0.7419976330301128 0.621535084722874
0.9670737570069863 0.08228967152018463
0.40260712574949564 0.3557517858264354
0.5097911508717867 0.3888045831881257
0.9216409328603561 0.485028194441943
0.5293028682485847 0.20259751559375916
0.5000296036483218 0.9973040150559962
0.3526266457838909 0.8574554044686555
0.11271222939859493 0.04743952778624805
0.9458790393850507 0.6869199733433307
0.10891602639469355 0.558722186519317
0.04047665817307 0.8223817633001573
0.022889713133209533 0.6753778473488532
0.6245405178927124 0.24763825553159968
0.8499110604002929 0.5183395657843075
0.7947032064111803 0.9038554131217107
0.11663403053783705 0.7160030056113507
0.9776858122659189 0.4758277890413942
0.061463723389706626 0.828861728716388
0.055128120778666245 0.3847745811920613
0.02813456994381558 0.4159176052669433
0.4992365298387009 0.6976077848601967
0.5108952627075221 0.3244725155803849
0.47110756809084053 0.2689006920016346
0.6629865736205878 0.647638668506888
0.23114795129581256 0.7371403223499773
0.1059384823702596 0.3927134732594981
0.5953104879249576 0.6217285131454167
0.338531292081266 0.7372714283701884
0.9509138051307908 0.5627428975085884
0.5228264167870624 0.4954283184512658
0.19249407594314683 0.48703642126350855
0.10131322267983789 0.8896688034233284
0.04710494056694037 0.45513210715511176
0.8082545793296128 0.6735041855800528
0.6166441945590564 0.5964472974482193
0.2550723419674563 0.6250639261308155
0.0805023496145234 0.4092824192989093
0.5681793664974599 0.17256521632416733
0.22195247753332015 0.8716417383472117
0.024103091056936865 0.4046764943445924
0.6483089878682027 0.38224153385869153
0.8078784137406736 0.9604870145748061
0.04089425825830384 0.9675653268594582
0.3174305390659795 0.5974534551504314
0.7256003409521141 0.4918532498828949
0.08899008039770151 0.3181394822603669
0.2590537671454425 0.42448955810791755
0.976967130196728 0.9349855217181842
0.7388822580262993 0.5228434095602401
0.2564585264333239 0.36825281913579366
0.6950735146187719 0.646692331625534
0.9593669228703938 0.12235294103652317
0.2752373642128074 0.11905811893267315
0.27736928179087483 0.8359165191442617
0.516174860125056 0.18084314240065735
0.3224843825496828 0.6341163689827796
0.6377804019765518 0.8450347223687056
0.2506333574521675 0.39385662325891513
0.9906534376542573 0.4218334395310541
0.06171842629663549 0.9185132636713618
0.025702184488037405 0.9039474039964694
0.3896131853005591 0.8937992825914174
0.8231154478772988 0.9013649226555938
0.12201358895002534 0.10557465535080723
0.7711868388816556 0.7374837790247668
0.6970157794334086 0.6820593640531383
0.4736335459827208 0.9328807681551976
0.6822432263055855 0.3418952479565971
0.11512338045853321 0.1224412391437757
0.7055118842398873 0.5850529523719203
0.597885530437628 0.20975976107806926
0.1477539885150878 0.006311667559273371
0.7953918952458916 0.22570782665002054
0.6651646484235991 0.3792841208442945
0.8009172068556201 0.2581086088021387
0.7177844886987785 0.7797538916424853
0.6660669801509485 0.6704091518573048
0.9510165282446088 0.016413394106786994
0.1548793245921638 0.2872863426581218
0.5004645283419298 0.9688832890201011
0.491671970490422 0.5376016623311761
0.0009291058751721426 0.0968144972774947
0.26217812946624397 0.5170611616222514
0.9321120869068302 0.19061730354040307
0.35000428655656535 0.6673045687723269
0.9820696791979884 0.6794628579372535
0.589350387541764 0.597778382755568
0.3020642608986681 0.5592513547728106
0.25899360584867037 0.5427395817368121
0.5137013602667786 0.5985157653801352
0.5179468682995161 0.42944537495311774
0.6924291164661289 0.40390960342613913
0.13933720323776977 0.2511146812961975
0.2830404842260188 0.9456397850623459
0.24531692575693342 0.8051385098027539
0.96729638186721 0.1390155036940881
0.8364832521588053 0.11182953006351859
0.9643003715285059 0.7933638575295328
0.5082051816379123 0.8699066215162767
0.4570121791403068 0.6329841291376459
0.9076995085983688 0.6866556912475863
0.33107512774706493 0.8532736453303866
0.19434347144169584 0.3820079097997817
0.5781002433729574 0.9140159903306802
0.9111574520715457 0.31461889157429135
0.9983515088232604 0.5889064790305787
0.1643454664539501 0.787598930638467
0.6240614779165936 0.13071149111858427
0.7956064353674406 0.3019266702161334
0.9197628638504678 0.15880924045648248
0.3782356811107235 0.5334718707501283
0.47322597178782266 0.7196189252345422
0.06506727424140024 0.23362559845226816
0.70801402802341 0.6101641452922033
0.7409747330317129 0.5659670073274343
0.836651503315734 0.5165529456392401
0.6107738721223692 0.5758776044616758
0.6858606632459014 0.4540928461086913
0.9551157919789339 0.6469183935328608
0.7087931697103136 0.08862639508981673
0.34857721529611263 0.28160130001140526
0.9751578751275907 0.9679430210716331
0.6118775129715706 0.0867478847419807
0.7819021860361206 0.6973865908915087
0.8620050909397359 0.4860073000319103
0.4869026171898567 0.2002833671585067
0.6398162432936454 0.7234346734664374
0.33119289625814985 0.05842947460299697
0.1581557351140883 0.798046629730542
0.2325742842889651 0.5690133419470249
0.7469050547928495 0.887388088457326
0.5631138216605223 0.8771080355022807
0.8931248032880832 0.15958153285854215
0.04201483710489273 0.8053194828468702
0.4408236358915101 0.2571000740990381
0.3120311700916869 0.47424946976010207
0.009123169717858648 0.939680314980619
0.4933950733755068 0.381823143050809
0.615084106189395 0.5168768311669734
0.9060238149015416 0.0777181845343724
0.6190083436837381 0.5330368731770871
0.025633894883927644 0.37887625180936757
0.834464793924371 0.8556490747226135
0.7909491351419198 0.5731624022994708
0.20867433134988778 0.2589536214357142
0.9849643473585332 0.9904558371229062
0.24526736654446935 0.9260182655370361
0.26434148386865286 0.6392407940423641
0.9006036687567145 0.8482262860517003
0.2675284117985979 0.01839781147047259
0.9151501910675452 0.9056846814459769
0.8260778484329085 0.44373136766259647
0.9865279614644362 0.2749259047425494
0.5170305838144265 0.8083235272965925
0.29029960042893976 0.13634654129628787
0.5957658600106295 0.9950446305125358
0.2613828549680688 0.5077629703429509
0.2581766389699729 0.3019769993822541
0.35994890897835385 0.7145578596689293
0.13431061033136582 0.05650693804858653
0.6238379796055353 0.06034150356559542
0.235566951243934 0.85296301716503
0.3003171948886678 0.9831717091429328
0.8758433476147132 0.33413320345196573
0.21205909329386352 0.38107583276098644
0.7606024698689142 0.06328861884358683
0.8298175669414716 0.9916935048116855
0.9080363707536712 0.24048530925295286
0.800792904035609 0.04981555655107872
0.9011987919483389 0.8660502490066058
0.8520101047894668 0.461503320703035
0.796665255785018 0.6593956881742746
0.8457252821479897 0.12719845721440604
0.19835907986365187 0.7262184011568482
0.9313666514833028 0.5930711895322407
0.17222731694163196 0.6524572252678025
0.04676746557313716 0.8990715074340974
0.0234266060602093 0.5695087643161714
0.9330157831425046 0.5846374550975562
0.7666771714803413 0.5479644974913185
0.5388762429743768 0.16940955218597775
0.33673767960652223 0.1293572466075117
0.3306812270155213 0.046330446935686886
0.5925051842349884 0.5541872727156976
0.15423299896960896 0.07359498596674796
0.35547872217141707 0.926579481255644
0.9934416084059865 0.8478666089104601
0.9647776877507632 0.060277473870358644
0.6759598013494428 0.0225726736704166
0.7124978035740905 0.6921576193413475
0.3071507635622652 0.32052679379786086
0.48283831803297983 0.2556589022545881
0.6494075754529662 0.823194032569559
0.20177791231798436 0.6830482876690238
0.03654897799376555 0.18646661734366732
0.0782682803940824 0.08249883822532045
0.2936243992302914 0.08025765504972937
0.634377933277124 0.29117914787702404
0.7954365752335628 0.34390544183027494
0.1059454130075912 0.3391972941944268
0.36827334193376426 0.34377098135062445
0.6994942028098801 0.08293378185206302
0.835707512429255 0.5286590283347359
0.9983579767531758 0.6996570138658593
0.30343374209804264 0.7660959549797111
0.722149130802638 0.39765095067992706
0.18992804965004595 0.34868748128248184
0.2935025289476363 0.4813612141496033
0.25423062138427865 0.28940369916947284
0.9664663497731842 0.12513255787805977
0.193766503873128 0.7085148603407445
0.34049973409723955 0.6000759076911708
0.39431171202203563 0.8798745588095715
0.29469265773711584 0.04811979486236395
0.7218146454239873 0.8199179889955857
0.5972203644513514 0.39160286597849936
0.9718656575253173 0.33472687137980217
0.776175622293054 0.20253820386682309
0.2868983968703669 0.8551559157984032
0.09082764039209157 0.39681723215493236
0.92537301853253 0.7015191922389941
0.6794079068349552 0.9842432735496389
0.12232254435279599 0.7220929976179082
0.1028544013150936 0.8322254190791816
0.5709303118528493 0.8172934998036465
0.8436070745487534 0.7477737077126676
0.7046427763966701 0.6047864153453573
0.38929226196967415 0.22094772382621297
0.19834796761990003 0.8331957488164992
0.3853023210725184 0.5979436892444225
0.00021429958217389355 0.69332273709356
0.4719485236069565 0.8979865784908201
0.5753415277507807 0.08300905693612659
0.4787480021312258 0.9464414598260571
0.581523889396159 0.02235026216491609
0.00763599920454805 0.4607481628227046
0.5509607378225287 0.20924175104772313
0.6806251959561105 0.7791257714955682
0.7183156662496766 0.19101664943969165
0.2878434323766603 0.22395206712912796
0.2790717194444421 0.35961718124815856
0.48783296842827384 0.6443469936275068
0.8425879316462483 0.7503303299726733
0.46641235106830026 0.7231408568158186
0.9739968167993776 0.6121054386524425
0.3068821442354339 0.6080286154436849
0.7608321386642776 0.38918294528883957
0.8970465254624373 0.0701243712115942
0.30933916284567853 0.14209798219078928
0.43320304499043005 0.13523152162664132
0.49788338916062935 0.4361913967224631
0.06592992326757408 0.42188707981875573
0.12537287756781046 0.5406061269208211
0.09165496225037728 0.989653807921606
0.44263084515083206 0.5941455010857506
0.05816214190441271 0.21632697996083539
0.4913636940233177 0.5942283372826094
0.04280005248100682 0.3102950775756519
0.9499830421931115 0.9795664783304463
0.7719712031517882 0.6562584206533957
0.1804549887166922 0.41162726645892733
0.5040145462805568 0.4321065953942078
0.9780938676846644 0.0844871600195618
0.4498685758096401 0.8003203596918229
0.8230872765316724 0.3419351760976781
0.4038670846403487 0.6472284379544109
0.8434124578293671 0.1995757985897193
0.8865969216601461 0.150154046300792
0.38264651098695346 0.5353253625151286
0.9899431766828635 0.5339276788180716
0.6528605757484722 0.2582793937489165
0.08053852497644609 0.7764082378404955
0.628752594237173 0.7802474012177032
0.7906795205583184 0.5655092157509161
0.4539745473521759 0.2622295391851497
0.9551978974675694 0.9941130346496116
0.10571726896361766 0.8390332778720508
0.23941199464025398 0.40219811703706143
0.40037714307099015 0.11413022721715516
0.831737678664088 0.1592504457330144
0.12211116596328808 0.45573661484137573
0.7161006727940387 0.8589896633908352
0.8593164876637032 0.6796284913986714
0.5345840582392338 0.9939484800804788
0.3509086869134319 0.977005620157898
0.8518499577359024 0.45822880415180367
0.258503748890375 0.8561973230025197
0.4714874989358946 0.7694079180287072
0.268450288936656 0.47568962040960816
0.3400791082422858 0.8302284670724158
0.8470579675670598 0.13772894189119067
0.37944855968038493 0.9134437837370044
0.8874403519078271 0.1813101099309704
0.731890821703467 0.43302575530528387
0.751607406783017 0.27599019106393596
0.8846260465002056 0.5239617795555296
0.11788073245185404 0.3557141924387919
0.4836605797411653 0.034688175419462564
0.3221728826488057 0.28130269529697394
0.19018950933523593 0.8512524923514955
0.041093798958234506 0.04006576426634578
0.5149102609503666 0.47686334584225
0.12171923490327496 0.61291295422895
0.8175530034967624 0.9974717014710617
0.2004342497417393 0.961928076202448
0.06788056000430132 0.8612864843550117
0.6641227714786466 0.35907608933126167
0.42581762438934234 0.4842817225197129
0.9141035745392647 0.5508718787600666
0.26944966386996816 0.1427605944813426
0.1966529849584575 0.13073779080478376
0.505598954934996 0.784317713545265
0.05341879367458047 0.5255451338676054
0.16160089039170855 0.16924233530744348
0.8148680514806279 0.7566687220908348
0.09462102670850214 0.0549339487338254
0.3454659996759928 0.37282059627611774
0.10171088950841267 0.2668066642050886
0.9845220461689588 0.6562681645182369
0.0011701507595323069 0.8116561949404593
0.40013345147700674 0.43146410006382685
0.16874242949381513 0.07477727407698409
0.33488160717434945 0.9939009827599699
0.5652063111677199 0.7481219458878847
0.38975578995553506 0.9185723134150572
0.48281772965545344 0.29131559224510784
0.5124024431457146 0.5835739540532758
0.0030225286963987408 0.8690573123118357
0.05848064608522474 0.8761396354259079
0.2526033913570054 0.7210885009369179
0.0360601284017914 0.6387533712010256
0.16190150097407185 0.3120418070891915
0.334138653928701 0.12280334257759562
0.2694749275442039 0.6714904708499236
0.23148140713615617 0.891484537622687
0.1459491509193871 0.30771045751034487
0.3420811794764502 0.15578499186000716
0.21618568539346028 0.28382518233148146
0.963368134841571 0.9297140891287461
0.2301011147230856 0.5360243348287796
0.30067494337755196 0.631161828674107
0.8258227581433992 0.8918635725079971
0.13480508359307053 0.874540997620318
0.7614444520180081 0.7217178651809553
0.45259398882152646 0.5669611148731699
0.18660607276251695 0.36176864777941775
0.22629193652929347 0.010543499379824128
0.7621719082108407 0.7293280838200933
0.6577581199034033 0.053648052368193255
0.7228809552096334 0.3614906515004608
0.01872056898905483 0.6331949959135026
0.1189588368790464 0.23202612479989226
0.8995597373638751 0.2837756220521548
0.1876850013441087 0.5846003273994356
0.9162911433447571 0.08913764752512043
0.9006464543951465 0.2070282887050343
0.8036261207075257 0.6139225559248216
0.20795027696794155 0.3897961591671806
0.9002458087310579 0.09651078489485543
0.8324003193311542 0.4144102845994819
0.5535038813824529 0.5358632689716722
0.38510829139447234 0.48294107541404396
0.9713934220659537 0.09157298781814727
0.8990517183068465 0.04654307751187092
0.0435500850349122 0.023162314039554266
0.6991399286622808 0.1870141883934595
0.1121605498316256 0.10974912618728228
0.37104848636266663 0.8099608516649774
0.6733641405252853 0.5016601233110121
0.6035773900203758 0.47385089385360657
0.030160695962214268 0.9329781939674793
0.021699108251005406 0.31816419722800027
0.1636361737050731 0.7432705668187305
0.11817834343628775 0.14327973102891955
0.5468413919836959 0.8958375549023823
0.06730625549410152 0.19377944080370035
0.9806480335537502 0.8294204035585271
0.4270241630775742 0.43796748213671055
0.035176640062341 0.5801603042690209
0.5030706929093305 0.39036624876182313
0.7117870390971188 0.16587205475546996
0.044157421511116235 0.2123290076690274
0.47707286262853965 0.004178966196838996
0.10006558544604105 0.9353949230665841
0.475035503409138 0.9419331555860009
0.057334436901172126 0.21738119302857495
0.1370858562502395 0.047650585112129384
0.7588452060351787 0.1464345519749375
0.2635017861234854 0.12142047011588653
0.11589345782040694 0.518985498268852
0.8136695008952639 0.5895765229469567
0.40520740735741345 0.7358179525493302
0.8975941627098194 0.061290411850557946
0.4450593331969033 0.6158976718703626
0.3382600254273209 0.43760474482599276
0.5246317034221375 0.47313916703614844
0.6557074425447098 0.9706636634455732
0.8353549810662746 0.5697060334730952
0.5719147225576104 0.4192946967404425
0.7777161218805331 0.6381626110450689
0.968990176394436 0.9561080744018329
0.033137575372865324 0.060506964763762605
0.46033030330281943 0.34055942547728746
0.18612416255681086 0.35108883309359107
0.0655726537851864 0.453134629245433
0.7653720274727078 0.3297042758332398
0.15597424317097386 0.3186547231372199
0.7953041981317801 0.8664531287777633
0.571156505474828 0.8347217537839455
0.7248921888274187 0.9407967210608472
0.8780284157815732 0.632762318614192
0.08905371939113316 0.17227303369409208
0.42581184303225617 0.9846537913874251
0.10386901984293195 0.5584634526921088
0.9355202362736359 0.16447175731653685
0.10494610327007159 0.7737921653090278
0.07575494877320454 0.30052521164384083
0.036833896593113646 0.3488587352393868
0.9990065968301676 0.38194380010807794
0.4562299822295173 0.6304971725486026
0.8897143165428267 0.6756501985002785
0.8612421969199204 0.896745220891678
0.8658113307214954 0.11860940429981404
0.5642776260635411 0.4738144655395171
0.845707743676666 0.38014381196821145
0.2859187667522842 0.6774422618151108
0.1138100052663269 0.3521270383621964
0.05741479359840085 0.8487940525875599
0.8762530939261854 0.11476189710308549
0.6386605380399051 0.4535555089578316
0.24063162208889333 0.7571261110113507
0.6745219437871925 0.7880942198200986
0.08255901388534737 0.5137860947979982
0.1687932117587485 0.6219050562944786
0.7418645501117265 0.12120121901355319
0.1381229542238951 0.8334623831765584
0.41685198246028055 0.46199659751521027
0.5505083698996407 0.272602609245975
0.35082292878750043 0.3147332120515993
0.7240838263605271 0.6011071643827535
0.6656585302162306 0.9677830689732072
0.918397737912211 0.09166532572075003
0.8113316198420131 0.3159308949876498
0.30302790986841277 0.5413489430742842
0.044119301234610164 0.0229481922288699
0.03787226995160031 0.888161820006804
0.48688715173627983 0.3330094314515297
0.7326424621613199 0.9264515995869547
0.5144293422276096 0.28589316491711325
0.6219941535279778 0.3659733626668473
0.549085014275821 0.3406011752142155
0.17643967996762133 0.7022640074721804
0.9469105868972181 0.7495208765318122
0.22390524156834135 0.07386996729173889
0.8643626888003815 0.5106694244335412
0.24624364796355036 0.6721589056620363
0.4809786936567084 0.32006267783049624
0.9364324589322064 0.8659613510120452
0.7905825094958416 0.5511755150157371
0.3343458559447443 0.0018944348160867541
0.2844072725656195 0.20944106892954006
0.9519519514683512 0.6629706635206218
0.018832412754826944 0.6649983929038881
0.957624129664324 0.9665483129573496
0.12061233925296944 0.9085911162009221
0.045129928093498695 0.9088833853106855
0.5320836433939775 0.024536575474047195
0.19512716080148818 0.6118346978711289
0.9855194672159333 0.06989116205187096
0.8581760375857728 0.2993870039813613
0.6656041463628315 0.4079290852581545
0.3085444882612005 0.739274012720007
0.7628512881111567 0.669207296619426
0.04013910684484112 0.9168409365448653
0.7434181494888059 0.5454963153045824
0.05928016833181049 0.9009124653952294
0.04059660406112364 0.2231483053844885
0.37786066153934805 0.12627999587333028
0.6556444440495748 0.0973197134402235
0.7650847213159611 0.4727006307891184
0.014628407684414757 0.13142517353138716
0.9273175460756105 0.9848522963487851
0.6782569095510333 0.6274377373818565
0.6844390421798625 0.20001234212797536
0.8779124194927925 0.3140378990645456
0.43454579722334286 0.7556959384485129
0.08030029257130611 0.36402550922315813
0.603672478745698 0.7893220727517207
0.49362203140284566 0.8316167577134101
0.3145335206892417 0.5738254479063154
0.5178482065812617 0.5308713422068116
0.9842954023131767 0.6283446575995604
0.31084658565377077 0.10741223922802345
0.6747045990854665 0.37185960585250655
0.5183086997195538 0.379078977835823
0.7613901559257616 0.7905527469306821
0.4358630144065936 0.5435410442760891
0.32926505030232156 0.2744447314061331
0.27090281853844345 0.5851601662350738
0.3081633191705342 0.8584798411657315
0.23830739533442546 0.39035219454220704
0.37865146815627315 0.7778236281368365
0.26725706114311487 0.7667702730507939
0.28894923570698494 0.8744660665509665
0.8255961973097861 0.6086704005586023
0.16437073019488446 0.23304262600831804
0.5845949855380657 0.36619112345967997
0.6370976822245675 0.8020066000447483
0.9115097383394024 0.7594545588979995
0.9521220787350013 0.9149342845190305
0.6186789545819733 0.29141772362239604
0.00011860557593257326 0.7621971557689067
0.5565060145480525 0.8435646386316398
0.17061619450689425 0.22608475361453273
0.6130041167883478 0.26254289218214955
0.8899526986214081 0.8922746459452804
0.14399366126699298 0.6081122192884181
0.05174106692244318 0.6429678205753981
0.5498857785030402 0.008627025613854089
0.07882161074682026 0.011847780661846441
0.14998119035738933 0.39819107599884385
0.35865861881472383 0.7310537456126911
0.8534471547809943 0.039537042150048274
0.723587998296104 0.8050820859685637
0.8077371306414873 0.5907841342727269
0.13205225227159212 0.73686823062503
0.20216444846392245 0.3835004411285765
0.1313930529891698 0.9190545260751057
0.3535219871706148 0.25312957958480164
0.4974272004317153 0.6415596687843341
0.1563855845719917 0.0006444033126262738
0.8770384056237388 0.8171280278645805
0.49842323884536355 0.2804317815514936
0.8604673515474552 0.6177906204627448
0.7925887553820914 0.5472632376499298
0.5287827380121775 0.9855403308825099
0.27647152973421396 0.5347372026123933
0.7030080537108578 0.42807323974157874
0.32732263868583367 0.007824081637883396
0.268867030067685 0.9616947192331395
0.21751706005327187 0.12322220885149981
0.8788636061713144 0.6278119622128533
0.9872560848648604 0.016705795208825647
0.945955239395257 0.7823894111447669
0.28136865008291023 0.27977041185481055
0.9094230101234122 0.2974927267614884
0.8659219426657594 0.3416948072611845
0.763922473159522 0.10523644082302752
0.5291485866774452 0.15813850369718763
0.5627816728460735 0.177482244889676
0.8219113788386399 0.5225474370686163
