10 5 100 2
1103 1575 1332 1420 1172 1230 1218 922 1021 712
1401 1449 2260 1389 1093 1012 1189 960 721 693
1347 1669 1555 1510 1173 1122 1131 985 638 988
1669 1854 1529 1586 1009 896 770 669 844 655
1423 1578 1598 1422 1136 940 830 748 918 863
1017 1055 1115 1032 978 1235 955 642 855 597
830 1053 982 1079 882 709 1045 592 708 730
814 727 897 744 848 1007 732 812 816 857
668 761 962 619 876 622 660 770 953 860
755 864 1061 556 918 529 507 596 561 630
5 6
2 3
3 9
6 3
1 5
0.4669258702459161 0.6180996150020477 0.3168120535849156 0.37117762320404096 0.45737712107599837
0.7902779616472991 0.4480231186580068 0.37448995597049406 0.6606055583811694 0.21575267982650798
0.9772174612790747 0.8142112091652602 0.876519089449 0.42105352700785614 0.3170890063091808
0.5146375487492597 0.9687256573752419 0.43300274153885965 0.5552314006321102 0.1897112171596029
0.9581575605178712 0.40110405661172344
0.9758022080233268 0.05869506063909147
0.04197619320293233 0.7470796507745225
0.7871303486874901 0.1834881600575502
0.42193524242236125 0.6270752920162284
0.4893325903128478 0.7201551665211725
0.5808363629416524 0.1763018403482166
0.22728036386126127 0.80585933684245
0.33671614124686355 0.5710807675190457
0.001104880315776935 0.9007798029757068
0.5489545801538014 0.06401600042384947
0.3156192907315525 0.2765909048547277
0.45105861573237394 0.04469689943072419
0.2758005809588926 0.7894540382052055
0.9064679946759011 0.28231493067298175
0.20717343237788421 0.7556530383542734
0.734858113382933 0.6845995445972917
0.35500949967573114 0.3712489445895697
0.9600788060397876 0.17717314349415325
0.7656328229475815 0.6259619523027853
0.3353732574899242 0.5959018264505485
0.5306309763669663 0.6780407575071283
0.14850476795263745 0.2682544414140695
0.5133458278003087 0.6666059114948559
0.6444106229758573 0.7840745993295273
0.1830191304956197 0.930427730881209
0.3707980436072644 0.13922283269917446
0.447007520678959 0.48391293495847787
0.8672419761576653 0.16906576099191573
0.7459006391336152 0.8253350722173804
0.9959941772426537 0.9447473385509217
0.6685829510022594 0.028028190259771657
0.2858627211547218 0.37723078381859754
0.5515763702971641 0.26528426794638893
0.27872000364539296 0.32604930348840355
0.5572789807341831 0.5582945563788382
0.14258245813872383 0.37472360361727675
0.7588964132852805 0.31012221873944235
0.44350739750025725 0.8266260851495615
0.44940108112193977 0.7413827653431213
0.7504849119414916 0.862826741076478
0.5739983199302554 0.40758773429257755
0.9949893038666899 0.69372740823192
0.8525695279561876 0.3360067025209057
0.5103425057411652 0.14695180236727912
0.4299930285084259 0.9856520304522678
0.5875280769732913 0.2911674639530033
0.8676785548527146 0.6604730269279344
0.8703079865587522 0.025267760502377445
0.39499759263310885 0.48992416152395224
0.5612172388648187 0.20180156722142262
0.5456993350615944 0.035854694359599204
0.009829948945765832 0.8861352650106658
0.4407420508434723 0.19043069954304137
0.8943436778199425 0.6947662021242516
0.9934382420892367 0.5750797349246666
0.7360345428246795 0.4579529881258928
0.6385580312313905 0.40135993533283165
0.7334636424140999 0.4076921851908242
0.39184794405892176 0.08950664501744554
0.3805668318669533 0.13147551929784096
0.42863612102710125 0.4772147606111907
0.7399480014913931 0.5266687496371405
0.08993663628166826 0.717350930070275
0.7882269242155671 0.6509768352609704
0.9883900792325144 0.7108465721227955
0.5692209448568457 0.7351829167731871
0.8874689402708416 0.42687531776300847
0.12438362870203257 0.00030939814039365743
0.31247916309252455 0.28330025200543485
0.19863865177375173 0.5172036407358549
0.4295861863380819 0.9571690670878756
0.9399626421932987 0.3201710291107813
0.4504670019764596 0.2078960365218543
0.5923414924512198 0.37355369116762605
0.9547841739236851 0.522366264476454
0.43182458880664765 0.21452856599894976
0.0017015718237161082 0.158306731970417
0.6943943191449156 0.07098248800399576
0.4524558449193947 0.777109182993952
0.28103759005759765 0.487804068423106
0.16561004027746162 0.5418922231157142
0.8006054709710835 0.3477092724860127
0.47815303699766476 0.36360848284914105
0.910796641537094 0.46106256438805304
0.5713517897261429 0.4908136728057906
0.3328453386970538 0.9040658620924744
0.8076011452048051 0.8545539052184072
0.15719767359428238 0.9108514484025338
0.410215353892033 0.5855925668003328
0.7819311786694236 0.9660580632607152
0.28183997179219356 0.1759942607823144
0.8927031349806211 0.03127947988620661
0.6275834495102512 0.4320203625090948
0.3071841496163745 0.08396294653899683
0.9279984375422952 0.9489224479821179
0.39843344496888644 0.04240893469764351
0.0682162282772103 0.3945028176609373
0.12457897477086877 0.15418428267817363
0.3661305579078282 0.6095660623652241
0.4157248816845813 0.9712720721499919
0.24745585531165304 0.6601387919609889
0.4227787091782127 0.29831309478955137
0.45960851401529634 0.17338518119408652
0.1569519866876643 0.5583957215775537
0.3367678617090155 0.3759595792452899
0.9450091687503444 0.029366116995430014
0.7277877779068547 0.16850879145711617
0.05004012707349781 0.7072632960105107
0.6057976443551669 0.7673611274665963
0.6571647842555135 0.7388433854465222
0.30573956444924844 0.7066488106242819
0.4433646681258201 0.7219220954357
0.825831638834797 0.7743491110645846
0.6844861831946163 0.7025739580147157
0.27780899369032475 0.2519067095425027
0.526406230419016 0.48871812488206046
0.3668504138587576 0.6486418519003172
0.9018795424537842 0.5603336647676906
0.5569122753528581 0.890461167357246
0.06731298950473197 0.35151328057827236
0.8869876339906926 0.04646916670925205
0.18896464382277434 0.18042126175676043
0.2953510845339591 0.8567823166240205
0.9275045682887737 0.9451860771786431
0.36125551371985787 0.0014382795456826525
0.13592119684066728 0.07070292806020828
0.44874254928800705 0.44753183746117364
0.4982788370195135 0.1438344396911686
0.5434891833114228 0.7776677532077387
0.9411852470746886 0.30307458097356443
0.6100109205256616 0.1896814835155003
0.1779750646083289 0.3904505697663554
0.1617702315748677 0.12019986442168995
0.9730888436139913 0.337329259777593
0.6329067974206071 0.9906599075555607
0.01537271088878045 0.06987955724551642
0.331665646933454 0.32742708932459763
0.49492176511324737 0.4653295692215518
0.5993768601330411 0.7954269982381197
0.01757333898267066 0.12479008329904451
0.46640145466843563 0.1280013309614163
0.14565818526827945 0.347138416664021
0.31155602936885063 0.8816335517661413
0.12104188865551113 0.12882179642647884
0.49099316962802075 0.07083749975149911
0.6864960708437242 0.9901298901128319
0.09604080514691749 0.8725581286609883
0.5681428590470383 0.6446583070494294
0.9446183689465995 0.0776522476217576
0.40397257332705405 0.4543700861124549
0.6397975638343021 0.3149547586628869
0.3177772779297303 0.3249596360909017
0.21123253694902466 0.8262869156287649
0.13557466688934272 0.19885349761150128
0.4625493184443883 0.7857211699987996
0.8617229877481019 0.6732922299379684
0.7447512124297597 0.6129694238325183
0.4673692467268862 0.27935313433122566
0.04637857164315218 0.7799139440128153
0.31856729183877186 0.5804445507136782
0.14771817143687294 0.2647230219954979
0.524625932991958 0.8062030481872631
0.06536085862783092 0.6935660930582741
0.7608749678040587 0.10943113426708884
0.5871709389945587 0.06405423791276066
0.6969219283112356 0.3725834249754003
0.025209022939949977 0.9323224602866589
0.125819141850545 0.7314582353872598
0.23690055459199932 0.032240040729692776
0.7806999907010945 0.8059151911250115
0.7576255946343629 0.7113150219100299
0.6384402584072328 0.00478651838507016
0.926627630873035 0.6258755921782495
0.8666239458926612 0.5973084128454997
0.3359247164261636 0.3496021032419052
0.5755345947105184 0.8262450854695793
0.6641381062594247 0.7478558750467146
0.7982794421768009 0.6258539782293173
0.826502872843456 0.310351795993439
0.9307732839311287 0.8318363301872176
0.6366805044235653 0.7255056295149935
0.38602897679707837 0.3432552461704812
0.4566521120231277 0.024577155249043026
0.7530496821173176 0.9896275354600192
0.7944013032535597 0.5895409159099079
0.2083737903071401 0.6227422590799241
0.7151755921812282 0.5605832575673433
0.034526311489939454 0.12678242938507522
0.1631074295430066 0.3466096442393578
0.5298981209061486 0.21083766445308383
0.5562081699470014 0.9114687571176603
0.6433070043510258 0.2947778760026549
0.9973583667112351 0.7669821449924352
0.8221804724790998 0.8874833480443156
0.4140200757135377 0.599412529352727
0.41120662619255066 0.9033714429724802
0.04902307162217512 0.6599574908526993
0.5693593461291506 0.8213826015210441
0.08800640321527031 0.8089538075985307
0.29225052765660875 0.6942567547690979
0.1167350755281682 0.9181524874995914
0.44704519508319795 0.03750318255582452
0.34189103865846615 0.6260744967066674
0.5456917319812706 0.6721487584704555
0.25364841403801064 0.2867937182653728
0.6604865540899614 0.775615427830562
0.8791842974136543 0.48496108794936643
0.431476507791295 0.16408134854894074
0.7104684314508591 0.3321435288087182
0.41097255208704153 0.28095748888365213
0.8481345745440871 0.3744084956850007
0.8784472872905889 0.5782772015312889
0.9794040353979112 0.735409679635413
0.37411667562647954 0.9702831356539237
0.5747880115230237 0.8743635043210225
0.47480242599457734 0.6078220831137775
0.6904838772628636 0.33365707526543864
0.453662199590116 0.21309352296015716
0.7004742773100394 0.7026168194037818
0.11104658505031106 0.9756073846370401
0.05501325042013394 0.723581536009489
0.49859173137988066 0.3559653046197393
0.4713737466411818 0.19852326347581428
0.234418315940347 0.7938289627580295
0.2625165756029655 0.0516188705381897
0.2361797358192037 0.7497014861461109
0.5860811940097541 0.20409864370923936
0.7261082557539671 0.44275556961496365
0.47570387595335917 0.7787520200596745
0.752514722657676 0.5608104657421364
0.36925148110864536 0.6864635590502446
0.6888519579737744 0.09108765202672497
0.874560622684283 0.5122018475982679
0.4401162245236101 0.22510110839044928
0.2296034213078577 0.9715835551273204
0.040781907387204 0.7038097966202457
0.6517280422297886 0.6896630661252727
0.3800889602147821 0.2715299718509776
0.8064025364523564 0.206587966401512
0.799408907666042 0.9952339249439159
0.14331234276156124 0.0474444520716335
0.04803082314367946 0.026415493833268355
0.201463163183355 0.49093810855818387
0.60308501213521 0.2594440738817234
0.964474794544717 0.778225837787432
0.862338145798289 0.7504810522023484
0.7230830337642742 0.9005143255672814
0.016257984151994087 0.7217605691310662
0.786541331645908 0.5762114448572997
0.1849741821851003 0.5171128901299176
0.6547865350441822 0.8902904654462545
0.7967081902048927 0.4481098874263265
0.3780064575245803 0.5827004437205368
0.7494563988982743 0.11754621206434335
0.4397669775928934 0.49308682389161307
0.2195995266963673 0.17211994069014613
0.9798316294914564 0.6779901379123905
0.9598813106428341 0.852704787312297
0.20499293221559678 0.7021251107431372
0.9289607248545795 0.8899195311857313
0.11034588709419046 0.5386714648198045
0.013751336416363724 0.16922375218949415
0.7119678857276981 0.24979953141943056
0.9062532306450937 0.25706705981397393
0.29767979558506985 0.5596482312583033
0.13220629630429848 0.23890138495686486
0.06659120922353101 0.5683143720244412
0.3110602488860874 0.13710807000007486
0.943563285658553 0.8789766364344771
0.6943499658510446 0.7246221761744873
0.06983841941024527 0.3110505712352445
0.7606810313645114 0.8828333389798904
0.4632385657817375 0.10850796382702765
0.5711917222939265 0.49404544301434483
0.23451324553242814 0.46798291564900296
0.9109532663073934 0.6414137186195501
0.39492617111603745 0.22795651978554465
0.05383075806371829 0.06968018034491763
0.03426786126327319 0.31095062252351924
0.26603922338270536 0.13644185303516498
0.4106995200003454 0.16845892899075365
0.11392437331713934 0.28913764910867457
0.14806537641700723 0.6415856531081991
0.17945622659923766 0.61151385928665
0.9105251261867493 0.5849497574053486
0.3634169127964193 0.8595559138556348
0.5755182443392204 0.31530157227669475
0.5585717782617545 0.2917638296641656
0.32234603191607225 0.6527719057853671
0.9354306100836984 0.14556972840669236
0.9121033781847536 0.8685935719484397
0.016012361681525533 0.5622295077361086
0.9743373842485084 0.8164825944716234
0.3167033844421794 0.5407035979257275
0.2791579343389874 0.8703073070855798
0.6706573858036533 0.6878729189084922
0.4319560255738699 0.24802710865649646
0.10171479390622773 0.5754776614665549
0.23714963203930517 0.2932606483815696
0.6719301016199353 0.5125772688176606
0.8303607755796887 0.047694284470606085
0.046743782971189196 0.1559294712976469
0.6709791486619934 0.1862924251521667
0.11238708051754376 0.3842681111609221
0.9844560138169511 0.7294374245877546
0.32626315183974297 0.544100250450607
0.9280997453946624 0.0927800375083665
0.44004408257772587 0.5675632514282691
0.05782009501262686 0.42521756066610017
0.4138719694236477 0.8054605617511172
0.8862914279249083 0.011427764638699767
0.9076933927754005 0.14669056390633006
0.6892363907954859 0.20971038440546574
0.41609389374867267 0.029637644325940737
0.19201820066298136 0.3737481491911019
0.5463872827051535 0.03810178686106713
0.03712608094137981 0.5791334428718142
0.05851066813520944 0.7403154310700293
0.6542344919064988 0.874394236595569
0.33656859633482306 0.4544096828336599
0.9472210713476255 0.0617880153015391
0.4040511096914041 0.5321406267505397
0.648754941827641 0.6439578477063184
0.2539138237943537 0.8663432243982676
0.19814529855656837 0.5994587763140149
0.630172629727189 0.46376667560268237
0.09998087696832458 0.10177976643501485
0.4959148731859584 0.993839133465102
0.731487841659435 0.7061950572049602
0.6436415498301109 0.4609718041505939
0.1693672066912384 0.24009484087739152
0.2234405595679605 0.48768763279259497
0.23906589015149704 0.3539201880224414
0.776797198073621 0.4248318529761499
0.3656365708963716 0.7073117437045953
0.5436347238754669 0.44823676439512083
0.060457074420711354 0.9115318496954248
0.5457635971986741 0.7351268724073956
0.14617975875503264 0.3850177029703221
0.4222394821857942 0.6475763508986812
0.2404750032873224 0.34575698652533693
0.6683359251323231 0.10012469113491385
0.07981409443140941 0.10111948783209845
0.5909182383669407 0.21126785642335655
0.5334385706950111 0.8290400986988964
0.724665005059983 0.6694392783447733
0.40990652140707606 0.7980204905126072
0.9843084394005004 0.36302912525317543
0.26744030868253765 0.2789846362037012
0.887722625554946 0.793710701706472
0.8285867334745294 0.7878194505290197
0.2947047006101129 0.7618847443390069
0.8033548809777691 0.9459387671129285
0.3490211514856707 0.6721075300268307
0.8267213855109974 0.6406090334692665
0.035266534837393726 0.05802334685257593
0.7606866585129517 0.3067023602932213
0.6338477180045723 0.3154460457635746
0.5589642535348185 0.9043133243329762
0.8509314553633358 0.8456965274406509
0.04504392515595157 0.6165804320612212
0.1358149632016843 0.40029950101459333
0.1555567912127751 0.5514014771066795
0.32025710329795354 0.534846006316056
0.6956018414488339 0.8077522482017483
0.6174296149386596 0.8405697720590792
0.3599061405218462 0.7883406257162515
0.5679288066620756 0.7356198987344373
0.11243040775897062 0.7594264758214757
0.1816726457965694 0.8087948670024805
0.9583384327063478 0.6071280653422177
0.42582789723938874 0.5841988246579983
0.29025223732475425 0.6419901328070163
0.11152188444444144 0.06415109710134259
0.5386583882839662 0.46228052475572046
0.3285712738378761 0.12952459197572308
0.2854435355655185 0.740250985808365
0.48807388161886966 0.5637517585839218
0.279174944082778 0.08701474286202848
0.1025208749003308 0.6541542808716958
0.495994023486358 0.12731709393397472
0.7671473367333703 0.018646765769419815
0.3984304194352546 0.15459394573428598
0.7514970721254439 0.7506813344040761
0.954652938763084 0.25854519814262944
0.7225607013252573 0.9400472930229662
0.49135781160043956 0.6345089825439072
0.34958364062951164 0.7218560234673015
0.8348549105198879 0.5889687134928705
0.36884618272139136 0.772316923111315
0.9316166370508157 0.8197527769676702
0.310011049009405 0.7883671294194357
0.8656296239631218 0.8921972569541123
0.629565270955684 0.9590272117695708
0.37353983997526474 0.13142037285503316
0.19416161966516055 0.257584564762378
0.7494049367262077 0.48681665642345706
0.554254731010263 0.0010683014334640362
0.34812742579443245 0.003685222855827286
