10 4 100 5
742 595 654 775 680 923 730 776 902 960
893 727 744 777 943 679 917 764 778 853
621 735 977 883 717 921 1053 816 1015 725
852 858 803 1001 1031 898 979 902 838 997
895 743 965 945 1000 1127 1109 950 855 836
693 790 905 837 988 1052 945 943 1028 1115
822 1085 797 959 1214 1126 1306 1245 1261 1012
994 822 1113 1196 1313 1343 1366 1351 1326 1164
1012 1085 841 1237 1069 1435 1272 1434 1568 1294
909 871 970 1172 1356 1201 1600 1662 1599 1443
6 1
2 9
3 0
2 4
0.6547576126263214 0.7697186270523352 0.6367300442413211 0.9597275448680975 0.4982454443390605
0.40514134633764654 0.8777912715702045 0.5694258852787516 0.3768217740774757 0.1785818128161467
0.3610018055885018 0.7644711035662384 0.3091817762736369 0.8487586939541414 0.16065987178331362
0.49294165828965175 0.0916844234327201
0.7489337547750741 0.7179465683145856
0.3353988593896957 0.45001396633880475
0.7817125049278828 0.6136506537688449
0.35789311881900043 0.2489992772379177
0.22765093885124754 0.6197247849380034
0.7436475152696602 0.8964982255151879
0.27725550439138646 0.9740638601704834
0.37204799363091134 0.9413434389223856
0.773740264952897 0.5001028395058735
0.5350093335632706 0.8369686581524607
0.1610219193276501 0.5352879325735289
0.9129910426290602 0.9215173945065804
0.7765797934915941 0.9141715685702043
0.6388995901476704 0.8891150985308829
0.6876168472737048 0.23213368478794383
0.8734552640754074 0.5745855809650628
0.6373399238174398 0.7303148424074675
0.32469336462402953 0.4240318120324047
0.03588536202100534 0.7123115470476706
0.3760866268031604 0.24721094337768879
0.26081407696463965 0.6354777041706496
0.5196885468599723 0.46867406907673614
0.15849845495387527 0.14684905814775506
0.23353081957974742 0.1273610604117068
0.8489791745364874 0.7068461027895996
0.761895409297257 0.4749388188847756
0.8269062876466107 0.3699530518180578
0.33744003861271166 0.6807793107187865
0.7614855036419994 0.7524349263676378
0.15324109943861153 0.1270758517396824
0.6416432903461073 0.9256920651004792
0.4831908095981712 0.6218222664811983
0.5469264779121494 0.5483355215136756
0.36959954484405255 0.2164907216615679
0.7837025828967692 0.9582604281084337
0.16597103183477935 0.8816060371351573
0.09353429347006847 0.3939071439611843
0.480815714701033 0.5719822547938482
0.38179625393747507 0.04188895096675793
0.06446864111222816 0.7170384715587379
0.2198045862588498 0.5732922365895992
0.9708988524653897 0.48732189144017
0.47883321628249886 0.5800262688037172
0.7703836611534041 0.14718748995741904
0.7984819884526113 0.20529930983602296
0.6451349021539128 0.1921178472169094
0.7443135308208368 0.9522414996263489
0.7006051274830918 0.49982850976663373
0.6771911731153026 0.017413948970993687
0.29294857577079614 0.043843282856905974
0.2936270794765383 0.9291966918968448
0.6446706262393795 0.237733309860803
0.7855072970416712 0.7260932806188591
0.8783794310460926 0.8853944190805545
0.698972362972643 0.20802497550535182
0.3666348788030229 0.5547625921377375
0.193699377440673 0.24052976054069686
0.5743628128225067 0.25676132469476376
0.737769469695225 0.8212105149651436
0.3366274701049825 0.49028425781134377
0.007190550614669222 0.07509796979260952
0.8749741450492701 0.04099195018135915
0.07474491876355605 0.3018174629254782
0.924927290603883 0.8663520286452115
0.5683822517945099 0.2139307330916993
0.3463181559610795 0.3103420023940453
0.18512374854416014 0.13048358998164677
0.5548792643623583 0.8351279586566123
0.38059271940549033 0.8887176320380845
0.18937312293979147 0.5899975421018813
0.9351326306539476 0.6658839759108244
0.9138963716685771 0.018099737634069024
0.9360004132867026 0.43191744502772234
0.29763267612477984 0.6085468393226239
0.7144701106410689 0.5305281144672356
0.2987224238710764 0.9992319593138665
0.12743022687449201 0.7662480945522798
0.7882237988170586 0.5164780421333282
0.08687187033647836 0.6280574249911761
0.1616526111684855 0.8459489950389936
0.9290126308057205 0.9113206085918137
0.48285281541420955 0.30790379539324086
0.19145675932997253 0.5963942880420883
0.633898029727548 0.5535928982805178
0.4621822440758456 0.5947755982439136
0.7148925811746656 0.5727811209860292
0.7066956671291678 0.6991574498819755
0.9649166271145533 0.03756845747697479
0.8766722212022011 0.09622844214281923
0.6655892982460956 0.13548122805830487
0.35173343108640864 0.3951214685091802
0.4681825112367446 0.8797480898260097
0.14525678672153797 0.6579649585104794
0.6499538385093162 0.36656671768094506
0.09532123074787702 0.13731574476624409
0.500148766962559 0.04640670467282004
0.692025713955075 0.9411597165919532
0.3699846949807557 0.6426697214570278
0.42979062161121506 0.4867753013598637
0.7368578453781707 0.03036421275981893
0.16916414934758994 0.49327096804869686
0.3063995893739968 0.9580456841262952
0.5454981030505859 0.45046187363962154
0.2373520127142097 0.5055177485588971
0.5258401402633615 0.30639746953984703
0.2611881495630939 0.8074755488698933
0.8588822890123211 0.8849511403399304
0.4906651690830237 0.525068144232004
0.7085040754293346 0.05496527892905423
0.9414100608227021 0.4029709261789385
0.6278523192532566 0.8296290937297304
0.24505913355973408 0.23291446647145064
0.8646397792343272 0.2193646563178704
0.362761525556752 0.5354782226483732
0.15216889611189877 0.03176965868048942
0.32461945787066226 0.9976658850577018
0.33895957781765773 0.46201852539363797
0.7112885136745641 0.12727125776260806
0.22416317192416657 0.4959535479532362
0.5861498797997176 0.639452766809659
0.10116184663117145 0.9194773839256773
0.5307165169323091 0.13826305571605935
0.48544713340827905 0.9918357560461752
0.6013156024401751 0.22683003980818128
0.900931527874504 0.9240202748400819
0.008032921347423283 0.7035351810138768
0.24120405189455196 0.46768448437709287
0.7847143535091903 0.3108995206327023
0.48865831003804505 0.1107932698894043
0.40379906510545327 0.5869512956747704
0.01134833525495793 0.5809080109763014
0.8537132924403978 0.4254171605656494
0.8073781094386956 0.3849589369136428
0.09053515001832158 0.8345368519296279
0.4153616380700891 0.31494620312670407
0.9180964584640667 0.7067052100941571
0.28034117434796246 0.8056227758103212
0.41699944241988884 0.4883717724140164
0.44524995555804336 0.8440471212726703
0.1632921564422436 0.20970573726165886
0.8477453284886658 0.023095880324452978
0.9138458471900535 0.528517334984254
0.6832732801297272 0.7513461839977267
0.09571499924111326 0.2546368776833927
0.35347238718727314 0.12687806057271822
0.5194700353208495 0.8138550242792926
0.0925850408028257 0.37443827480613834
0.9867876386331336 0.7203022261803946
0.04906596456481127 0.751835387682027
0.8249519611883012 0.633358959778376
0.6114979336950443 0.9324114356524025
0.5860515219554316 0.7312849689961147
0.12624671757555084 0.641354890008135
0.813876942833696 0.29381965063801907
0.8209372360289608 0.15163715075343598
0.5794598099103325 0.20927022398571626
0.04443054617675002 0.9335858702570894
0.4489788837694042 0.9522524118216678
0.2953874545840083 0.10621831094428802
0.6189392209524904 0.6344218219311974
0.8441710549344728 0.30013159464903194
0.2887308658328731 0.984720599564417
0.0005990128549182572 0.37596814547677804
0.7962865900423632 0.28917883211295736
0.844291113995109 0.3249064229835372
0.4298773326363343 0.6129363236847565
0.98486795282882 0.3500082246934033
0.9369050609974032 0.7977165974110256
0.7339010636215948 0.6673999174018332
0.0803928684251265 0.6431592796031147
0.3031557118272641 0.4253385251021413
0.9169797253408332 0.2814294954947041
0.7614061494413029 0.13066381248516068
0.24901608327617697 0.08874466465199271
0.3709161062596906 0.9916553594598119
0.00037221356280325857 0.1580280492050492
0.049965690259708984 0.5853442858904163
0.27352242934371684 0.789846386923398
0.7303198629582339 0.3676603071154467
0.9584501669991472 0.7770298222289154
0.05936347281600063 0.22429524089576014
0.125592228686624 0.3683236979347797
0.7542092901229664 0.02749765758443634
0.5264262783852287 0.24600452070196366
0.4431597719609308 0.7293566789718924
0.02593487486104351 0.10819545799522179
0.11355707114866354 0.4051901990000719
0.944895591395972 0.17803337927497864
0.7615108525908401 0.09530040008559704
0.04891844266469114 0.10387777363145023
0.3687056626444323 0.8355071344976273
0.6010866172924363 0.9106012064034894
0.008007755765035984 0.5207511888608871
0.2274845304967903 0.7321592926468217
0.11995042997901084 0.9992662783596158
0.9604461752199545 0.7219806227504801
0.5225808170207851 0.16788464476168663
0.2720032704935751 0.588043631076419
0.5666177005677289 0.69848489110544
0.18314098451781247 0.18034199352152558
0.5505628777455593 0.1360692581118108
0.4036257739109743 0.45296270432623564
0.6170064891344105 0.553779299913322
0.1861963764812904 0.4702261107208441
0.5216535934281159 0.4132674852287097
0.6513947752486957 0.6146744278667364
0.8817737537599855 0.04137677411482521
0.4458074936200329 0.9967163013820357
0.9137827108826175 0.8833126600905046
0.8725951579624831 0.8841502162124737
0.15775274548648444 0.7133653142745899
0.9250031211992273 0.08406807262024296
0.21993885661728774 0.07710977302981781
0.647085996654581 0.884908392926439
0.43789043354507107 0.33742707374424996
0.20405572078487433 0.9658909210183384
0.23682066424053883 0.20130934087855734
0.7849415805901121 0.8404041094807455
0.9160649337085471 0.031248454504494205
0.6848442725737718 0.37265962456785484
0.024701818483282567 0.06748431691821288
0.2564892189523744 0.32881780098795255
0.4461892119164963 0.8058798776619247
0.6852856167459507 0.27489798245546604
0.53744019037543 0.6675687943337665
0.08840769428983752 0.05015797830471613
0.3467891449916316 0.2321616740840653
0.7641964350200252 0.7529723594120976
0.5131433129933898 0.6550096670125438
0.3904378903119299 0.732686001576295
0.8112985666693324 0.3831959827544451
0.9360898490468113 0.8867109254148486
0.09767237498280901 0.4659592615115826
0.3700490255646425 0.7243372005449507
0.9532197656390076 0.24965461514611165
0.46016461809768083 0.9744418501082024
0.7320370575772299 0.6988847362812731
0.3209866311551699 0.35648372937617756
0.1249366383202013 0.18475507900956112
0.11343256649619571 0.0847914348511345
0.8801640964793753 0.9503846600646244
0.16957598697803622 0.7901489511119939
0.8688672483168838 0.8952605999678496
0.568614332497023 0.05200173930855523
0.0036517556928734596 0.7837294376194306
0.8762148250248731 0.07038369589730809
0.9825939556645735 0.7440618766425617
0.1289260606955398 0.8349712065118255
0.030731008999886456 0.04127137473096543
0.7071313944908064 0.09363118968611239
0.8824664000127964 0.5182546996051647
0.9229192266479969 0.32754557075796864
0.05119780821058173 0.034238115248363066
0.16337914288561195 0.6166801621930513
0.8214020395192683 0.3921267837358471
0.0016973949560326052 0.8029850715383624
0.8776227697313024 0.12369012474287366
0.46812197722670823 0.7160817338552175
0.7615290996302762 0.3060995348257123
0.8476767213400178 0.23913514528836366
0.47695399139742833 0.04266923975809456
0.9999786597969922 0.30424671800807923
0.21108467925490526 0.7903854940375041
0.1798089732550281 0.48869207328566655
0.41905399466412363 0.08763632832212243
0.5643640471547235 0.13694922332845083
0.2722675633185805 0.839963904314946
0.8525385397566638 0.028331084312589017
0.19714187284185392 0.875407840371512
0.7608849773113728 0.8384572913145503
0.9400933900244184 0.20205285607468215
0.31271611375475383 0.6049541550789526
0.35172634268312497 0.9679363829502057
0.9040125297729054 0.15057005722022176
0.43326832240999247 0.4119985736971645
0.48441432432768594 0.44646608003902033
0.8964734178878224 0.696208862546926
0.7649466607432296 0.9976513307042694
0.8503322619212434 0.8804574691286444
0.494794121534049 0.3962628995113495
0.0034512004249644956 0.620453338553407
0.7535569672272759 0.8527705940321824
0.8808283744775276 0.9700821149410837
0.4522402015354152 0.4231152920693835
0.4271222908335255 0.8973173905371123
0.3240835009684959 0.33108911532573626
0.43004847489443465 0.6920001623724725
0.6228932311233619 0.35979906247152127
0.5425352693530334 0.8374207512420919
0.5986171274120129 0.17026285948303865
0.3492543208064034 0.3051915420335696
0.33222580728360285 0.8355734068930354
0.24070168660289992 0.7767118990756219
0.3632177509637391 0.8039031521278828
0.219747060900368 0.8083821650475569
0.8855760237425556 0.42260086116494633
0.3620661567192105 0.7403459320005341
0.7045976356096497 0.05527696377224278
0.5643293668101839 0.20844927185131645
