10 2 100 4
1021 1666 1081 1154 771 825 943 1402 1516 1258
1499 1460 646 1253 808 1408 1127 1592 1533 495
1294 871 749 498 1327 644 594 513 842 582
1501 1645 1475 1017 1250 719 1748 639 432 557
664 830 933 1304 687 1134 1070 906 852 1540
927 1376 716 459 1429 1006 1653 1003 1470 1700
404 413 638 746 762 1670 859 448 754 511
1440 574 619 1177 1531 1658 755 454 556 687
816 844 1283 509 1659 433 916 722 560 749
1159 1655 770 926 557 571 1417 680 1402 1702
1 3
5 1
0.8102111459379875 0.9471533263461613 0.6876186400700912 0.39429608160185997 0.14355313355019314
0.8400486053851917 0.739014995716951
0.5157861725851978 0.5483700831456206
0.058851794407057456 0.4456985722200728
0.3595914357772787 0.9550281042033812
0.6679267035184704 0.7299662874068182
0.23307139944567679 0.3728976321983897
0.14040096939649205 0.012721277044827506
0.6569059333741516 0.9355169835216861
0.3999177364343234 0.8097090849569277
0.5393686232353114 0.48407615089851475
0.6004846067710627 0.28108849215787424
0.5864669544748251 0.43971099133772595
0.8881691957438373 0.49248426359555486
0.8659956385979148 0.4165615533732321
0.42338575048189564 0.8820760670623395
0.8774867229565284 0.8714511821550155
0.7003174549693179 0.7270017968070204
0.731500408834004 0.9934599280407495
0.503441457401079 0.7126751695750593
0.8962951654386708 0.09464120455922753
0.6302421652767887 0.813316524455383
0.24675885339286574 0.42754008484218153
0.8014261640377436 0.12054416634790299
0.7199959996778953 0.998304698540385
0.758201262290569 0.6031064625961549
0.8943178734911281 0.7880599528999368
0.8458594140621574 0.08609504435559256
0.7890023021804919 0.4630856859183998
0.6618580672867247 0.6380445927328353
0.4408769947161666 0.4374204010804019
0.7799965288267137 0.39454399504922466
0.6855455615524668 0.6045346481676019
0.4449829263569558 0.558400024834879
0.1977229812993908 0.8748148939787974
0.8473016324473674 0.011262660279035108
0.6970681674886245 0.822899178365798
0.3858591217962417 0.1457659750398892
0.07609849785256895 0.03288902833323881
0.5581205001502951 0.9694367909059258
0.23047250219029913 0.3967907820263352
0.939582064970927 0.5881246325592526
0.8997206243092453 0.9064088220757345
0.9662556904764479 0.30941290859809145
0.2897523697413542 0.8994178132874893
0.7203631791591014 0.8346161018192375
0.14298921343607862 0.4482111196634946
0.4087373023586891 0.19363220405001713
0.8838735322050064 0.006720107089530192
0.8296147353082739 0.7040059196114874
0.6000888798283626 0.3357631178294309
0.5076494704582406 0.42875977256731024
0.008831004604769932 0.6079223216168479
0.00455174391181945 0.26788085105745196
0.018059358752349652 0.3314243761879734
0.5712703387729985 0.5020971711970954
0.039432499117576736 0.14554098519565772
0.864608941473179 0.37726602948305277
0.6776691144507794 0.73147871435268
0.24768181432235714 0.23856389564023428
0.9599770312916089 0.3954405827133569
0.4052105418130112 0.6308106681789256
0.32032136844446346 0.9445531864172738
0.15160403300136172 0.8266895784708741
0.4768319522972828 0.13959826051520752
0.8546269452429565 0.4635746840680799
0.9307735860749937 0.985321970832842
0.34964037230701916 0.10556177229041563
0.9715905346704974 0.0731543944197337
0.7159092390101649 0.9603360944209682
0.6269508491449267 0.6770094120464976
0.5792292755918023 0.03688791914063683
0.18306436849511365 0.5597650819868727
0.8827271942246717 0.5846664309629304
0.5276734999348682 0.3034586652457252
0.15022632370772548 0.18554338898812817
0.233390174040204 0.3699606518773091
0.4885056821093976 0.654080488519633
0.1986481378033127 0.5035703018480768
0.8728002835511302 0.25376622609562016
0.8236786754013039 0.32208779427394596
0.4167165465301157 0.3583946172457435
0.9496211633991736 0.13452272180389957
0.6696669128412465 0.22212220086755385
0.28980517926781957 0.8059261429868696
0.795771996090701 0.22035862905129222
0.4212125002528997 0.7171557771683281
0.9409797415100722 0.4603748585706826
0.9295489149177758 0.6971327028352776
0.18869464478121056 0.32067034021503904
0.588032353791327 0.33741210722581183
0.03663955726635493 0.401827757914198
0.2177694803654877 0.6611597376911265
0.2972239675832089 0.11586031157272059
0.25633266499610374 0.3298086722138167
0.6782939393107084 0.7240726489558029
0.44811937399138824 0.42869356066523756
0.8045279372334528 0.6523055481295419
0.45351234789986705 0.26630548554188116
0.8483311552220654 0.6912433609022761
0.5855871927114475 0.8818036537940988
