10 2 100 4
1097 1457 1200 1438 1261 882 614 761 625 550
1204 1439 1322 1313 1188 972 824 711 498 532
1521 1358 1441 1394 1601 1212 1240 796 770 324
1245 1290 1467 1654 1798 1752 1617 1051 791 499
1268 1526 1475 1371 1564 1807 1859 1418 919 680
1035 1133 1348 1231 1810 1939 1874 1752 945 469
665 675 894 980 1382 1820 1563 1482 1014 469
483 858 688 934 915 952 1002 878 630 421
378 323 587 753 465 766 795 641 328 363
257 334 572 422 495 252 489 389 167 387
5 6
1 3
0.37300764968056593 0.9475992536578652 0.8272723479223618 0.9849177120189283 0.2581978778488728
0.8004570088855112 0.9904818056107394
0.23340882914163386 0.518777298597547
0.5579414292657596 0.13912596630537943
0.8188728206506077 0.4742249373221066
0.16333284695985517 0.6104231029278
0.19883675645024335 0.7196605007663313
0.4577775613703823 0.7500885324683768
0.3488054833326004 0.4493624625333019
0.9442527622588861 0.888435075028772
0.19696680961007784 0.3339113948128076
0.4944641014833664 0.7990911120982123
0.3363659067159661 0.9801408343882603
0.40964144390956214 0.26199774951709465
0.9834212560661972 0.02913839121930062
0.2519821154748687 0.05083693900818642
0.3953554654040077 0.7503858179266367
0.6318181024324718 0.5151604313434266
0.7536232098265119 0.38511080850557167
0.2858167583877007 0.34309731095939333
0.7743190542386407 0.07314196053338451
0.9384413169091455 0.3964105423446338
0.3117572788345844 0.8092668392368065
0.5129725478821534 0.6872569532498292
0.9956130093224034 0.9273338446059365
0.9384758400226645 0.1655683603476299
0.6885169235998567 0.02228478150619817
0.5936008089980425 0.31912554009280636
0.6887458749901878 0.46684202666335195
0.722549719823159 0.4781192540243959
0.5764965544320024 0.8042675085588755
0.8584346519437172 0.9371110340592292
0.2811989369451977 0.11925054405594637
0.8324989395754869 0.9132176450594429
0.8653555225729614 0.7365261162410548
0.719539542685875 0.4859466604824765
0.4538460593232514 0.1393054880046407
0.9626572043334829 0.029550241352056528
0.42207109608897553 0.5153845531266941
0.23276279755699125 0.19049138999693782
0.1934275238068801 0.5470239000301726
0.6544152235048311 0.3764928389893909
0.693048019961328 0.9708594395652344
0.9912136315067788 0.9797764087340013
0.8056224470342364 0.41449847863604683
0.35559998998008324 0.8339107270195374
0.3632248699270815 0.42914656758355907
0.4317899829783951 0.3026317074587981
0.23305472572369212 0.7396092130134015
0.26562036549266876 0.15136062699750474
0.6797051393306672 0.029744003555633114
0.9894740221595173 0.45847770888714856
0.41993197996573395 0.8875192455209646
0.6627972993064359 0.11252958948338376
0.29630266853656595 0.3641786462225389
0.31303442761873934 0.17977004894752557
0.7032456778476011 0.7518334666576627
0.8825371608934582 0.8024981672818157
0.2701818284633777 0.5466415063808314
0.17034817262147484 0.913114811933716
0.42423923455593626 0.7884633337473688
0.524271854500717 0.458363602153796
0.0066766297969624855 0.6110442319654601
0.09846622553491269 0.32553465410964977
0.029730867855756404 0.5648951201830319
0.13555311992388464 0.14866700710644531
0.7121657777361909 0.6250636282728383
0.32919083379941405 0.24258954408875733
0.1762280487800436 0.35320017562951955
0.9196679159160144 0.8084282963853997
0.04021926234556439 0.14846791587475527
0.4402766764909223 0.9565068053317167
0.9410490579822519 0.3773788377053595
0.5724650132847062 0.08911269269360322
0.0852153756413001 0.9961666052975839
0.4429871923123012 0.44102591989972173
0.045743048198584324 0.6529951863857664
0.8906533476113396 0.5075117138880758
0.9580907287424263 0.7885371485409403
0.6358721236867038 0.40442367137606494
0.5402622555201213 0.9269876017136935
0.4503498664889247 0.37740783331895655
0.7230680820663549 0.18566881922550715
0.7013325215790005 0.6899598828139382
0.946820976834235 0.04097380836490894
0.22036132943949394 0.8368226287116884
0.6499550177516089 0.3348452408077094
0.22983295194185982 0.32020828733026185
0.011294151934565955 0.015916619300957002
0.9605052510241896 0.6302842756629115
0.3887799703547776 0.1295523564001282
0.8029603904507348 0.9981222726965955
0.8306053270171352 0.3023654381216081
0.8412585998278828 0.9207481693755686
0.268381796690758 0.5164498193450651
0.351195670209834 0.3865573762970811
0.9033593663082027 0.011121388055294723
0.42243847104286236 0.2956087320207319
0.8649539215112294 0.8798083585748648
0.06592170667218977 0.8348715474456365
0.30540537561740755 0.13035130800933326
