10 6 100 4
1442 470 739 1293 1105 1336 462 1719 513 956
562 901 1183 454 988 1014 856 1085 1343 1461
1373 1676 518 1085 417 1129 704 933 867 903
1449 697 903 1586 1128 1560 476 755 1350 941
508 404 967 1632 1702 990 529 811 1055 1728
1118 625 977 885 872 1201 1469 658 773 1413
450 1566 1650 567 1288 738 1511 614 1394 544
573 529 1661 1198 919 1053 951 1576 463 953
581 610 1198 1366 1369 1291 1411 1410 1075 1073
1704 921 1006 599 522 453 456 923 700 485
0 8
5 4
3 3
6 0
0 1
0 2
0.4307512936805878 0.7250571623367519 0.47523170326276004 0.36695859197265246 0.46572026376649767
0.9804919048757963 0.8915321153507281 0.5863345938907758 0.7633111979326686 0.4558417685762989
0.6991769443762976 0.5160449202214568 0.6476860688021795 0.9874099201735833 0.1996881233988412
0.7673728873836424 0.4975065683572424 0.7167124053231615 0.4215984939742324 0.19979129434372203
0.7964163461197732 0.9014011202346743 0.7696573405357705 0.9537341604770146 0.12438924931654363
0.09801724914520338 0.48188488087329095
0.9457716329246 0.9130688628146963
0.06990612346691494 0.5354254525977586
0.14352480015004176 0.34463681151743586
0.3668124593735431 0.545857903620008
0.8838423711384544 0.6678671885841945
0.3500844555857565 0.41423983256765995
0.9127074075488759 0.6284978571713467
0.03310131434759511 0.1670228179112343
0.6982212977293036 0.9440759655085631
0.3243290444614859 0.006961365889569526
0.4446945108394422 0.5752755105306762
0.8279937815519727 0.35524063861171884
0.5366399381741298 0.28104991577481675
0.293141799246202 0.40788743150691076
0.14863718457069308 0.6759521083816342
0.794575822422606 0.2118899335578206
0.2655171057789565 0.29555831358087636
0.07687632654316334 0.5093777979716116
0.720850695842111 0.5739739076059709
0.3738588141233532 0.6345151949413945
0.7673995915897613 0.704994777439099
0.08989726796386277 0.41877755305350806
0.1743126223217113 0.04219472770301147
0.02753427498100458 0.00023264887237295362
0.1315297704086349 0.6506678297123865
0.7598892737916629 0.00483693608246849
0.21602934300766363 0.39393808601641456
0.2609698362771211 0.06972040840515326
0.7069973849202595 0.5519957236801956
0.22610282323522912 0.09973548019125023
0.8201494841757211 0.06545528915697729
0.27350624126092327 0.6905570497958053
0.28370831979926314 0.9890770047618505
0.6512750232841158 0.6937647736686317
0.16487025841395675 0.14762062228493233
0.7257365020691458 0.646414269714124
0.22017014894599862 0.8056051113860432
0.6918143109897639 0.38267226662219844
0.9147747614178525 0.38457283487839433
0.9178857218296506 0.13365814253078367
0.6898091728231279 0.24107283384985267
0.12944083594825817 0.37972779097901
0.20693242653118915 0.1311535678646436
0.8394113627218607 0.34630353027734584
0.41450648205135887 0.5255539556385469
0.9136487536316109 0.27677746360668354
0.695070190054472 0.9251131578456928
0.09368026288913667 0.4894044098268706
0.7345576931893452 0.9282943810664601
0.03758390458573868 0.9468574642115026
0.9077190368024046 0.5445625056399928
0.08421946239775435 0.8359406628740162
0.040448349178711096 0.8766987122151673
0.00834788598162639 0.578179251287898
0.7424335113475862 0.48456956918323435
0.7092960005724707 0.6707446488460711
0.6075925552601733 0.9179488359525272
0.16833811537395516 0.14859203213794903
0.73722333988686 0.9495730483440514
0.9955228685426565 0.5554576087880698
0.9231328927105218 0.4990468412439144
0.740101844382028 0.7225223139470218
0.6677182087305344 0.46381303691742826
0.741397785851664 0.5171265244661605
0.36129965053809476 0.9207584167586222
0.4570084244929997 0.5896527384267487
0.45903449064610813 0.6083837653477115
0.5687987996363073 0.9901201761274308
0.8443695742303259 0.9056936595130958
0.8648268974978923 0.5355838785579217
0.41924629965822846 0.05110007291453034
0.5955924974403699 0.026459364394799234
0.26032504006427737 0.18818547458198553
0.7142393540284431 0.4654358013293496
0.18243498616138187 0.6088803999555057
0.6771675591182158 0.2607878091984477
0.9660816804924863 0.33398822310257414
0.2653710921109482 0.7816908020164963
0.699217753930226 0.12241412946769592
0.9387484337202061 0.9790918193016063
0.38661858594357157 0.29158918885759455
0.8849404173051538 0.23672362786432033
0.37644312263293855 0.22777993431455612
0.5317389529076135 0.7587482298494042
0.40289757091008016 0.7933988846836888
0.08984782684385229 0.055413353113084485
0.037302116933366936 0.08319318674864862
0.008351334525952048 0.09725706718294713
0.4418047974504338 0.6795646911030804
0.10298630500998285 0.046641504455924965
0.19092627220323433 0.9352413415902501
0.6431621197695891 0.4907499655151031
0.7863157846859332 0.37895266954257134
0.16542587756005722 0.21021613005742212
0.001488495710747939 0.41147195996567465
0.994890686901607 0.6437831077300618
0.8374999380940207 0.1516568384868835
0.16220443154566344 0.37650129270657495
0.4936714554757551 0.5180901797342263
0.9674843075860124 0.5371702054469047
0.07055150980718028 0.18618633002145857
0.942508746104993 0.9800202095639978
0.9715588249408491 0.3256763610919233
0.4675980428274733 0.1898947225800398
0.9564234117852217 0.11049829518715892
0.9824188814980632 0.3192740301623458
0.6179703024883838 0.5584538074385152
0.6203990377170603 0.08772438597055587
0.6355414535787955 0.8309250835750723
0.4638227309029421 0.40815845584482213
0.8496071018603155 0.10489641962901364
0.7777518834703929 0.08031825986615249
0.7962114458944642 0.8388747031608195
0.8723168827504062 0.8822117184002325
0.9627163137922001 0.5578986950824176
0.5599464124574125 0.2171262877670901
0.5558366013758684 0.3511637167608137
0.8518669794097515 0.08894274104559718
0.6757257019420153 0.6330937567951689
0.10784298162998018 0.44965814400248205
0.9994929214704917 0.5437375428782651
0.6353912322024122 0.920417310500758
0.9756836931822312 0.47080124580942906
0.09203810733841822 0.9667451961678091
0.797457945822587 0.3045602534596228
0.32660553108049495 0.7208428597005687
0.17054954376475084 0.5582973392352324
0.6446366643498098 0.04352184649035529
0.6940202102909481 0.29919303909952677
0.9555431065320827 0.3519029948149075
0.2066461247304503 0.7789023209052841
0.474063456896896 0.623137308020784
0.44651916742027464 0.6636069707279264
0.8577933410181324 0.540433561432125
0.7458969197079626 0.9322551490519522
0.05854951937434505 0.8194773968260138
0.6927112443954186 0.7890092066400551
0.5078352926569365 0.8937189552057323
0.9997360353916998 0.9820961638500056
0.31283769003548345 0.7317235669376161
0.06145403421918183 0.5189589058445192
0.0019267616348765948 0.6274723507635842
0.5883255026690062 0.2651928127017813
0.707018552823903 0.9975625314660719
0.5660089426154906 0.29834774585119117
0.7921823633382479 0.9726757156541346
0.19786194529541312 0.7452959325118798
0.8019932582301614 0.09812600729454157
0.12473710032204499 0.6301956756940588
0.19085805777582965 0.6767267458530075
0.511268662460034 0.8068547414539977
0.7015976430249511 0.20138400928654954
0.6200433804735277 0.49774108163121866
0.649040528363962 0.8400002147671608
0.35982153055068844 0.9716586687548205
0.9864654002376714 0.6371304690939288
0.020629137706433598 0.6389530492772466
0.8461449908059782 0.8126408445237736
0.5218163680394918 0.48667956497900433
0.040546821831408675 0.9622817552268139
0.5356296651756267 0.5640232655326547
0.5421633668291992 0.4742330500439804
0.5800170165647911 0.6106244926897431
0.1850822381686137 0.7038298560251968
0.22685376301172244 0.9217115961069797
0.5955140423265362 0.9268819797039201
0.008045219897082623 0.553624951020609
0.7108047765791756 0.7543117665935481
0.24250610066080047 0.6615713945073627
0.7620193826644659 0.8558627185676582
0.4972640572835123 0.8844273783201839
0.8630029555179684 0.779595531775489
0.6193354014055923 0.20296867854947775
0.5526526269412655 0.4486140663471694
0.4182513042947922 0.9381902492340328
0.35403308028061975 0.39098718418242573
0.4859767896477909 0.7115224353490059
0.5310938986447049 0.11214169990192979
0.025449873255980693 0.4281498301447424
0.6191648674320016 0.5494755582496702
0.09909702608183202 0.09105817219351686
0.06278282940038427 0.45176589964402614
0.97766399224014 0.8828847613525992
0.18302544053687297 0.8545425236346942
0.8988752678893055 0.8879467779455064
0.28117201928302027 0.8553624638436561
0.9391282131906897 0.42282296737303526
0.13250854492589537 0.6161428720187554
0.5121677149019548 0.26789156726651586
0.2506918542731482 0.7967738240004738
0.5001877197256142 0.25417625388716125
0.9207927504040312 0.9313651418443833
0.5931282309962735 0.5809207238434291
0.7126073881475279 0.016345150920390683
0.4523975332395185 0.108156993291884
0.9879897781538816 0.31052384888960916
0.9193450807902079 0.9470885428607012
0.3809849504246934 0.7133744058341542
0.9745351733604124 0.45340088929261224
0.6284578359995951 0.9562748933452334
0.9474486036149863 0.1434770096882143
0.8095061332165732 0.29410876069074376
0.7088818438514595 0.4975152414773958
0.49868335372042916 0.5333180806621078
0.7509930634277915 0.7108629839346639
0.9556554276027378 0.04173307745780197
0.8025877465724343 0.8147633072801543
0.48056962961139416 0.30388925530113964
0.4272829674902441 0.677124581036227
0.826489824502703 0.21387324389743356
0.9896583822980529 0.655749067255383
0.17702374994328385 0.36707373703383506
0.2181893230032732 0.9382325333734887
0.7760480414142694 0.02998488221914064
0.47074706642067765 0.09401067577776412
0.05183066075785381 0.2911898667141455
0.3621003940462144 0.7371185239160012
0.3869317275463424 0.28750228193068406
0.3344698458179336 0.08148119831370315
0.6842077842173198 0.44386574350745933
0.2776760862475187 0.9546762860450451
0.5675579624691702 0.25109678528370827
0.2775206595130295 0.8628517447700628
0.10572148920317459 0.737738161744852
0.03350872994085874 0.6348416207645142
0.9167072498030091 0.0829315506795667
0.18111891290262827 0.04562120334811981
0.4130122113683705 0.9211911199286091
0.6264616703841079 0.16625969353304093
0.8094317503194031 0.3534561810286887
0.4175857289187319 0.8955750513162171
0.17599206911200338 0.06895153735483017
0.06011629915495087 0.23092478846595
0.21970972988405557 0.5691534436244443
0.49777658588966434 0.6495734610484063
0.8459945787061751 0.9761408786965036
0.15905343016848494 0.6446177881434094
0.37144975957540205 0.40672380212221837
0.88383779216982 0.8132005278891361
0.8379261881385078 0.6200550742545392
0.21337997547025678 0.7954294165738638
0.6365719371802145 0.8320129092413264
0.4845654605546448 0.7093393396331902
0.5652924432945767 0.25121209210311646
0.38975182300227007 0.997204870915797
0.900733447530206 0.23382234751823838
0.7255614758038988 0.5001298095728541
0.5138888823944612 0.6458306349138974
0.4140734691550796 0.148214775292411
0.17791445224744895 0.6900945467117767
0.6275451516637047 0.07240947344617332
0.4829038758834192 0.45504550167420454
0.0648355001722909 0.6140193080808147
0.11184719843587554 0.5879816993152398
0.7794516911586309 0.07264164501204617
0.08689739059909196 0.4336003468293326
0.9252920710820458 0.663164338786431
0.4759343316327236 0.06878241531911145
0.8002317878984724 0.29359838368690894
0.9686837713426661 0.10992656333245243
0.947647347438271 0.19003981136758608
0.6707510697083217 0.23943701784590332
0.8653447329180304 0.5699203188427115
0.9794488340137992 0.24776429578440795
0.9471326179864172 0.6647446165934483
0.23960245786747403 0.4143835243598455
0.2500373928113315 0.7241725466731541
0.46699071824292226 0.056767439288843535
0.21218804668500213 0.0764807332408759
0.22278501464556877 0.6768483632875297
0.9848013280143171 0.08037180694745172
0.760363895846689 0.13343904541095575
0.6441392583331318 0.8784676867652521
0.7432167830712846 0.7841156059557852
0.6690830071130744 0.2615338118271724
0.7063269897029125 0.468021204313138
0.38495779823891296 0.07923201991210815
0.2266402571140551 0.805523206298574
0.38787454907765473 0.8417748504840581
0.851724161005927 0.7761315865043541
0.5255927476932949 0.17961264476927363
0.8941170109608834 0.644495424355612
0.425523365073305 0.3358647564146173
0.4059168591857347 0.7038557386859565
0.5642940041053259 0.6995631618220717
0.15472673645639778 0.4121805404300425
0.953179549091985 0.6612465429958121
0.9477264943119288 0.22486647376932778
0.5985897151554649 0.03395257886458758
0.7598139254559853 0.1536727488211811
0.0641453298910395 0.24428586226079463
0.5370682170221148 0.31294210914276355
0.03246887893986061 0.59185784361495
0.7709802544900926 0.918791439469536
0.6319836293808061 0.043695307009711915
0.6848940452090102 0.4977279319771466
0.269539481230223 0.6141310819409749
0.9897726164648675 0.7158036401600554
0.5619006376303346 0.5602397800633201
0.13730481082654933 0.7967168710286436
0.4442622379498047 0.780300617279432
0.7232490670606877 0.9570210576624862
0.5405857437956412 0.6584730752533183
0.51662452839387 0.0043748848167435295
0.028741614195721965 0.1969185490733587
0.417383756266279 0.8987083767464326
0.08681617564802657 0.06321637188048346
0.9261075389206559 0.8035955573738984
0.6961533261551311 0.5521294003923294
0.33061189572580063 0.3912535463113449
0.49068389957429726 0.9958297858682899
0.15903069993469998 0.7821940661750175
0.3265814095839348 0.6687137059421187
0.2563536310790455 0.9409271117973774
0.5276489660819794 0.96649772949544
0.11411573318540236 0.7269949414272348
0.6295593659337706 0.6492965061995555
0.46205952401299233 0.7396000426025242
0.02799381780928334 0.4111821967196201
0.6950616401210099 0.51099270734591
0.7012662287001639 0.4873250182552509
0.009046694436645408 0.155007372775968
0.9821092957138622 0.10469353446983187
0.04304881977838848 0.19851344307615082
0.5237979821659702 0.6504851779986769
0.23631440553823269 0.18490393861168775
0.7148421289870617 0.27261767608164855
0.7840382978574347 0.29741783429382873
0.548363258585737 0.8735697662602901
0.9680525147973376 0.9123613902496606
0.044950706963502673 0.6056693051029145
0.5880378233201902 0.9063870155118365
0.6962333828115264 0.35187704901925465
0.4412173587434094 0.8414992419170557
0.9937785287933611 0.6941437210687953
0.9759430114457919 0.4941656803692924
0.21627845215123687 0.4358634337339671
0.1777968639612142 0.5939154513560656
0.8610292496399647 0.09321989155235011
0.45729483489492506 0.19036351627165105
0.48100874155958095 0.16654846582646554
0.3604230881867887 0.08335319664050989
0.2849356895901829 0.38941743345457325
0.07562862798219672 0.2967067357826372
0.20105318497736646 0.2408964979252497
0.7215463792731769 0.0035789675804345222
0.003930605745329441 0.1913166686870329
0.3263373824397846 0.14932842937165347
0.5757878859921597 0.903780236155612
0.21400328426208026 0.6243660826084774
0.3327021315250962 0.7684223576241733
0.6808655945847744 0.07153982044826579
0.5562849979137983 0.21983035211700686
0.31340247124490994 0.5507893313536338
0.9435060122431758 0.27853084921243276
0.9658997477661566 0.3659551626190176
0.2842198213672267 0.22866422479718884
0.6023204578544104 0.20779125149801225
0.6623704202351357 0.10045171492125426
0.47277245433512083 0.1607777724749757
0.3125981646584539 0.013893410450936061
0.26223880700291535 0.5102831910976657
0.31849272868269085 0.5525941921144004
0.6956682904320453 0.9434457543729391
0.6056789626247463 0.6313407451243045
0.6892494991777571 0.09200120925521427
0.9426502107079648 0.7570752393658926
0.2701859635451742 0.4437701587297085
0.7229140680737891 0.8169320073684847
0.20310450506420796 0.3608797741043921
0.7244324595796814 0.4130900559779025
0.9380779485581812 0.3381375921185943
0.25728375786407276 0.34540036935250695
0.7101037642407584 0.5737967394612433
0.2431913226405953 0.7930580019096991
0.6463964912056024 0.17000936383139642
0.025334295272154028 0.3586310519945326
0.47375972302094893 0.08357890895421982
0.2609686514620553 0.04332418130983484
0.5081369999782352 0.10906121337301267
0.030711695938259176 0.36930605183223997
0.6143435965337132 0.8594501540320116
0.22787562667006855 0.41278860232912984
0.6819731325914846 0.5993882543125224
0.3902001479941779 0.9590565466080625
0.34606455995888963 0.8988898219420303
0.17993837857519335 0.22132297976000714
0.6252165009846427 0.025350508929654403
0.35134730004696757 0.5864924634766671
0.024795911338679977 0.9339667991665517
0.6288409579791363 0.20301803453908418
0.8943606312316446 0.25344803349835754
0.3250786592255339 0.7272646934206659
0.5487153188039677 0.9107487721922922
0.1559697275679699 0.14173459488681162
0.04420076580627308 0.6902641335506969
0.3422655378907624 0.6558571214765825
0.2823354654146961 0.13282125598951167
0.12553374485054136 0.4794849780177064
0.2795767152788 0.5600256698023547
0.4070880250775972 0.33572194616308715
0.8452801007161324 0.23479933096209082
0.803432706633338 0.4043995887431857
0.5408976101830012 0.8886708367914775
0.7872840122522833 0.7389446287193626
0.11592214390419597 0.9791039306414528
0.8706539382343965 0.8299112601123098
0.74940783880452 0.4177513066353493
0.028916702404506056 0.6207721353922964
0.014158984962342025 0.4857685961988347
0.16489829688323532 0.728672985842655
0.4130766999041209 0.570529929749205
0.05480478628084451 0.3701604449853606
0.18238306714952746 0.3242206523393809
0.19092012944395242 0.358657003761371
0.5263929317488234 0.17238520481257402
0.3810848780284406 0.15864674231878806
0.36033274427484185 0.3576030671509993
0.5865999184270261 0.5026160569707647
0.3880537454081683 0.6804135249212566
0.6954880564973014 0.9903920372368309
0.9421305913402276 0.6458364077748955
0.24627151121780155 0.19391542057589994
0.6392779868019827 0.5412303460863737
0.8872197630644423 0.9003912420065572
0.7755287062008065 0.9325110787012896
0.5782469013647624 0.3687121663993742
0.5977873553749473 0.43370623092472527
0.09596779046507042 0.5804933014190448
0.6065855690858657 0.34363269446841516
0.10130441075033247 0.36644202529998116
0.763133202725818 0.9721028774024145
0.6348608962567353 0.05754167757033479
0.4038744941438799 0.842774394132012
0.6539371473776068 0.9398672615033621
0.28586687790516985 0.2338872406228838
0.17397099202524235 0.5058791169736516
0.6840815901174793 0.6401551414635418
0.9754829200559463 0.6486577581732158
0.3459902958836838 0.797859495603757
0.30817160238608055 0.02091592692066091
0.3573366120143062 0.6333037270894926
0.7628513398348731 0.3953201760386198
0.16572754919842603 0.6379474822033409
0.9822713328874899 0.7309579253683958
0.9313354380020764 0.6355266769253318
0.00773220601019875 0.16375738372917348
0.20938443910513516 0.7364572806668184
0.15975994893137635 0.7144220219753639
0.8515368501398632 0.9715114354702843
0.5290271519670668 0.26941245173383765
0.08845937791730885 0.7370310146126424
0.08738258309911795 0.49555741710007317
0.5634352206550903 0.8151741852600487
0.4752412806831656 0.5314114231682379
0.48875404326320804 0.0446278585195643
0.4639245076138443 0.1957630869767042
0.7030077866924924 0.6565893281254171
0.0027727848966956348 0.4811808038825591
0.9798071225819114 0.4892931758498058
0.283561968504046 0.428342864637943
0.15570986901672867 0.653983552924287
0.7361031058968239 0.16573196106951693
0.7948936466138619 0.8476728161355751
0.9426111307251375 0.5733314657794155
0.02355222524213052 0.3288782992371784
0.5367436280474724 0.8515739524747579
0.2542496110048693 0.7016890891576717
0.2985740316115191 0.39474560607287823
0.3576061009155691 0.9040868755255773
0.13833298565672725 0.24636835640013954
0.9487099320379386 0.8606313503705889
0.943482072086975 0.04427639270849992
0.23427346211478395 0.1912162914018487
0.9441796352211544 0.18879655794886174
0.7940274600919062 0.3750432703907127
0.5538987788126644 0.9827449737632117
0.597142381247803 0.47801694686481233
0.9961332696768483 0.1371178679910945
0.016161014479671554 0.4784595521767294
0.06186291008147804 0.18122683457630484
0.9781384437098011 0.27766254051804573
0.1763443367966564 0.7878472579248379
0.1675791809520133 0.2509532166425916
0.6681479872271137 0.6820925553757324
0.7297284027867057 0.7970748235888729
0.644188544558169 0.33012348390861823
0.46104564958061034 0.06453168094897799
0.6217957276194515 0.32992367261646405
0.025150995739837256 0.16326526183394718
0.3166035380822656 0.5045599234466731
0.0025487564166084553 0.38858391638028666
0.2918105990373685 0.7781774000521742
0.9241457959514316 0.19313970576935313
0.03238942033358372 0.0921340103726771
0.15876643839332938 0.12521791215742528
0.05599832532709548 0.795090250113673
0.4455388956095381 0.6247064612680744
0.4481688557130099 0.20334300707951125
