10 2 100 3
950 962 776 772 866 820 1041 1078 643 612
966 1250 1425 1376 658 1334 1403 642 1444 570
566 593 647 1508 734 1415 568 928 677 859
1289 568 1243 1331 1453 1431 1198 1491 1009 608
1392 626 908 1098 937 673 1436 1143 977 928
626 1480 522 1521 1046 816 1089 773 1168 1046
1352 935 1082 590 1496 781 1014 1508 961 1008
637 1317 1171 756 1486 648 560 1101 531 765
1177 525 1033 767 575 741 1394 1441 833 1215
1210 791 1246 1275 1051 1384 919 1100 603 1112
7 4
1 3
0.9211672275818665 0.9944001070118449 0.8998623225302858 0.3204228491370326 0.1182893758162015
0.298058564163701 0.3148100077292235
0.39746919322004715 0.5164175712057129
0.3085690206153555 0.8824090378955844
0.8679741551741407 0.7934558370031217
0.5250796863875409 0.3985370842886822
0.37049788803332984 0.45732359753332474
0.5584820531697943 0.7931908373879295
0.6658330351741923 0.9165851960413212
0.22956282288974084 0.030041392483429297
0.6708042796362998 0.3566934353951232
0.5448966407475713 0.04066461080101558
0.6296768656245473 0.03204097693035557
0.12170954295057168 0.4853925287080012
0.82966686439777 0.8659999351588048
0.043892004837847276 0.8829737878354793
0.9575071965464421 0.416172738498898
0.370582084601363 0.18547707372241695
0.515609515503618 0.5474100673211575
0.1803872758585272 0.6214193702544646
0.87495286573093 0.6549641006687448
0.7619757147118469 0.4851845797463521
0.8837444822831075 0.6473691752773629
0.027338226035976243 0.037690102801060554
0.8241709736231428 0.7476149096061449
0.9786696259047232 0.09164532667072955
0.9917568141125406 0.6056416571330112
0.4377404490142984 0.44165152290156184
0.6732870019890116 0.440489495719226
0.06917099798768866 0.6000153152915422
0.09291724305970961 0.5821307970232767
0.27445559133669595 0.6848197330758463
0.12434808740817616 0.6506988057982517
0.08092379807431493 0.9732011503530371
0.1614297280258865 0.13770395807428004
0.7818620079125433 0.062190292945367265
0.3378132144324806 0.39134501552507794
0.4413356994236328 0.08886194717116402
0.1054671875586557 0.6869690877619636
0.11382884522308578 0.7286379594292889
0.5392629314888155 0.7143048965063854
0.4259429524532552 0.5115376006655195
0.288811514006174 0.6129572849641993
0.4843303218747026 0.6791400432141699
0.2859371636467447 0.11691803766126374
0.9193289109486193 0.10552681745736714
0.8163060270730182 0.7089692321155161
0.7675061131944207 0.6729081512135167
0.739996736279287 0.6387544109188805
0.7993505375444663 0.8131978614418713
0.17500585504210875 0.8520764787140023
0.5001872022648994 0.5314035694589683
0.6100776194516047 0.3204985851687048
0.7454941556454855 0.1627494526825597
0.7821201443512404 0.9092225122612456
0.7673955868181581 0.21512979377292996
0.22528457282239178 0.39625492944219864
0.15896115887977835 0.9543222437770744
0.6304404197847029 0.8295058593241602
0.9756029529352315 0.22289738310963503
0.940800277167495 0.2673891670436339
0.6009174415443903 0.1263321076819519
0.19352571715246158 0.6039623207347069
0.1711941007298674 0.3132996077856105
0.2412440449318769 0.09588622893538878
0.5977258436295345 0.4927396408320641
0.4719400613368059 0.8272124238903102
0.8884242872581811 0.38195360977461323
0.6655704521733783 0.27335782423366073
0.1839423042733217 0.1812154536251982
0.12872615142627497 0.665698050314036
0.06399437069828706 0.14596290673271395
0.9155044487338793 0.6027246138334681
0.5291701496032519 0.19914708643507306
0.7576364163100626 0.523153126593519
0.8849330202377614 0.7535912914001586
0.9199317903136519 0.9060529808544269
0.35443952958415914 0.14159560262066462
0.4496710949928959 0.947023281049935
0.6341494426703964 0.9485057387520643
0.4525083711576825 0.32954678708912466
0.9030957385397576 0.429806674759603
0.8479525085505999 0.9161917827901587
0.661687904948147 0.34851125702044183
0.5046910753886944 0.7059260405278371
0.9647874702924835 0.28188625762706065
0.15018419878005207 0.4692814831885972
0.09165714463496522 0.3706001464876165
0.11784247245827895 0.7036836417619159
0.9954074736120853 0.6594119064757995
0.00464696489308003 0.6841420734497701
0.637796163322019 0.23315954649629855
0.08020913196257906 0.7188018041613902
0.47914075145837853 0.22515282053288987
0.08953163793490071 0.2682880929541971
0.33379300661504807 0.9112217690819175
0.2705886099209516 0.9847293822230438
0.3908007642983331 0.45604613086207224
0.6975648538777413 0.4027322439184755
0.6967349401840375 0.28004472700290917
0.993968262088267 0.6388793228414047
