10 2 100 5
1216 671 645 1210 1045 746 858 827 1027 525
1184 969 381 365 325 672 1321 976 1317 764
1196 477 1007 1119 749 1374 1226 426 722 547
1097 622 389 1397 959 481 1328 563 336 720
1270 347 962 848 959 407 332 324 485 344
2197 2372 796 495 584 699 963 1147 1226 468
2359 1607 1511 598 919 687 571 335 1389 1178
1495 1952 1707 1970 1085 1181 632 652 569 432
1485 1619 1938 1462 568 567 1431 1134 857 968
2273 2471 1459 1467 1236 1373 1125 592 1083 1059
1 8
5 2
0.7685452707409445 0.32859481920540107 0.3066535540708303 0.7211540754442898 0.4232313379832341
0.027557951455969842 0.43878700391404
0.9118816363847646 0.5691567204712209
0.9613198957120725 0.06656091262897723
0.8816509413593465 0.8462469031529769
0.4777139944329938 0.9185596325772623
0.8401179225420086 0.5146769750172644
0.29632938924783514 0.6912751905140897
0.11156054765997969 0.18238775063141577
0.4261669692907799 0.3454978895262153
0.3218342018175582 0.9961076197513197
0.9128127807630719 0.3011052591681236
0.9968186674514807 0.36429169094659297
0.669193182641149 0.09463185476982017
0.8077125666307194 0.5248270732614984
0.22997914245518647 0.16353075819752227
0.1966074599489549 0.6684936495358045
0.35203022049807364 0.5247872202639339
0.7447029500472182 0.3670071914487567
0.8944716755462023 0.875332575647001
0.25134016174064966 0.780367402404988
0.7188239355561223 0.6625047999418983
0.27825605448115165 0.7276052339146115
0.032636425026883575 0.8188663239209628
0.7551381213899169 0.004573630448313271
0.691895830233245 0.5552924044312957
0.8045299255066027 0.8974279702475161
0.738401862586574 0.5341227122886045
0.04117942612049319 0.6307660606083159
0.7110742921776441 0.6263431811252465
0.2329242733012884 0.8724501042519499
0.8603206997097923 0.8422999200697374
0.5739466538831046 0.5005376262980463
0.9753501959752708 0.30157855006962775
0.3998688202292535 0.3189440059085651
0.00509452978013325 0.37087561037100647
0.16540946250645394 0.15281779214313418
0.6184668161392379 0.9216201790788507
0.5321466307513469 0.3566952373621193
0.19017390909417276 0.5490786659227189
0.7774144944827241 0.7590952742109269
0.298946113550961 0.6253965144050875
0.9946525130339401 0.7609176666773758
0.8144767764889445 0.6764376615961183
0.4056250221925777 0.5128825988482659
0.1420149165730753 0.31048128222328386
0.11229264280529527 0.2039212786643163
0.8978512895545219 0.747463789998541
0.8293405510020495 0.3700974409868123
0.6101482708937818 0.30084136187506716
0.15979121947710473 0.6943674981216084
0.040134500504931836 0.17047452603006663
0.7964757493099717 0.8985555591161032
0.038693147998965616 0.5486696478938955
0.4729138187869164 0.6357254598385969
0.7120501137023225 0.7644313157595353
0.7508576100902973 0.5638098446293174
0.2801781766870455 0.733197481961898
0.21256256546160457 0.7344398490187098
0.8624059209413095 0.9512273821542319
0.10915328870341545 0.38206662482735587
0.055055373899701276 0.49660319254176466
0.6299893831486589 0.9627885689194549
0.688043951164276 0.15389133290630364
0.3289121769099861 0.07575837657672224
0.5205461138404763 0.923382484205113
0.5685622934165533 0.34939349353800164
0.42282808780374603 0.7490866159782346
0.8839523752178313 0.781026731977551
0.7103292573583193 0.9659155455359316
0.3211257641735714 0.7324406868741749
0.34472732442056797 0.277730697683497
0.9556484857179905 0.5317175588500815
0.7056871129689388 0.42098378492052846
0.667857258846662 0.21253389260620614
0.9053268850197833 0.9407660215930855
0.18269491894377277 0.4272528581110764
0.045502019358369505 0.6469958167934677
0.6080499681418181 0.6175312730258222
0.14473617858207333 0.9537980743519572
0.9150219299427771 0.2350239996588539
0.11679210435067233 0.31651293380473255
0.9415209447856367 0.9847390650338448
0.3642932533145844 0.14819678535090008
0.07151661115601038 0.07477004757751304
0.07279589900590433 0.09866739275964931
0.6400247125928133 0.33796179731482145
0.35636195400350457 0.3569470981913596
0.7810083865614104 0.10480677011151851
0.9331092137295316 0.5417922691210943
0.4846798817033926 0.18580754791771636
0.3592519039264077 0.9486458509758255
0.13465068759157184 0.18672539284717327
0.5164554902235452 0.4303333288801383
0.15773350270140907 0.38759053367220764
0.6484225791308993 0.7772903476116639
0.2070014863743712 0.5485300768199923
0.5769463073417935 0.27916780628569304
0.15087674708322685 0.21255751516951094
0.5751610238530269 0.5348839463104524
0.9803514487940834 0.8496561998179253
