10 8 100 4
612 1241 1143 1084 809 817 820 905 1318 796
1283 957 806 865 1338 814 1236 1043 921 1306
1002 697 1091 827 954 676 717 1067 781 688
1050 1013 645 1205 749 1322 924 1266 1210 846
1180 997 818 1018 859 1228 949 1040 1179 904
1350 868 947 847 1171 1118 748 1117 1061 672
1113 1351 902 994 783 859 1359 1206 740 610
1349 1166 1314 1288 1263 1207 834 842 1200 1241
712 1274 1359 1004 1033 1134 932 798 734 578
1296 1277 583 780 916 1073 1020 837 804 1320
7 7
2 9
7 4
0 1
9 1
0 2
9 6
8 5
0.6845009977666887 0.8611551548445247 0.8739521665153756 0.9508973365435553 0.30697897242690764
0.5412265943433665 0.9242466367319455 0.5485623493661564 0.8209383902318599 0.4474112541223728
0.9277679284722526 0.4786093287174584 0.4446991918711567 0.9500091539032589 0.31368050243925605
0.8862678233781682 0.4249650518965699 0.8788460744026734 0.6259452102213622 0.481944567390001
0.8898494206452014 0.5567987601163915 0.6971386206062442 0.3999505907542736 0.13102671024906487
0.8751782603647689 0.6038678499401031 0.9058128488323671 0.49830770989000517 0.25434769671496077
0.8022400240394316 0.4746386136390118 0.7131746741103694 0.9998335003028072 0.3471317235406549
0.4897999306638787 0.33508526503741964
0.4111232080280969 0.002844725418440497
0.4022760252969477 0.17145807625794784
0.10570588214830923 0.9965030580368266
0.267661989399991 0.8996631920638922
0.05840054518127524 0.34046157358100704
0.7845990679127077 0.14606791519786744
0.4478445950912633 0.7697147175080592
0.1719732074331639 0.9431476993509755
0.5904386536218309 0.3291274266657507
0.9315673528749973 0.13479256749886304
0.9762722160558246 0.43093817692389824
0.22876550526206807 0.5741338060556138
0.40796160490722233 0.9178645033969977
0.6552258497817991 0.8824972292132616
0.7025340943533975 0.1940190752442743
0.6425600189451266 0.4201429680273614
0.1505334842611752 0.9703469703599683
0.9282438735948753 0.03758732739794168
0.18956310842751756 0.2123614557863367
0.3129300872222829 0.7766524761152778
0.14208121993804568 0.7423292314068488
0.8210336915040823 0.9108736235525965
0.33878177035458856 0.006892742101402671
0.8892912004160622 0.2665411627223282
0.1729086862539293 0.48643748029598677
0.34369128692176143 0.05540388219224157
0.9643783824134795 0.6908272422832678
0.3289062295000691 0.21477022834525905
0.7288797574221861 0.2540107030561731
0.9313101293703965 0.6294690465974389
0.2325455490944437 0.39997582111539853
0.8791440785823088 0.9702476827641164
0.23330139498417068 0.7995766811435545
0.5001714249528149 0.8023877248066265
0.20822175686652855 0.06415270691459818
0.805397535186344 0.7834727402938015
0.7244400136261164 0.2164033255128539
0.8324559015696575 0.5621181427713546
0.5061085694176359 0.41071282357962713
0.4048568218477935 0.04322223680631865
0.37697642285940636 0.27283523080875693
0.8934920194469671 0.06950725273164915
0.16645880643599686 0.2370657306796209
0.35558544943081594 0.4691722496194486
0.6344765383450526 0.08745800084855282
0.7677073235373759 0.8415064010397162
0.21095775872005706 0.7834046681907751
0.3201775105885518 0.9550686932717909
0.8764133794820639 0.0810507810490928
0.9653832013782184 0.10130732992022029
0.9098673406462068 0.4973858878338253
0.15438445904586207 0.47700380413444976
0.34895053683404686 0.46293378289547693
0.7701454631910141 0.013335696617347903
0.700784493272876 0.36528880774126216
0.570490045598361 0.603219188171918
0.27694834895227793 0.03582525043244278
0.8532875512697518 0.7691840217510468
0.6006762251322055 0.7996835428204163
0.32980070912970993 0.16000659453176747
0.28721706803810143 0.12693323146548297
0.47435490667132796 0.030804464941727394
0.876506394112406 0.6381236926906755
0.7064386082699656 0.26081092852731125
0.1705734350518644 0.43466166087721425
0.9499631996603786 0.803312519211161
0.22960101037522795 0.26546585480643303
0.4890546089585608 0.8454389432563107
0.8049937669911349 0.909441823185899
0.9542799910948425 0.5210497781911712
0.41749175445965503 0.31664485335892856
0.17647818709913587 0.6800013070343931
0.9576385409930703 0.8171634143741608
0.9797162349242006 0.6632331176591912
0.30005715329244675 0.48646758140884794
0.08083782915874149 0.5347246738809341
0.48464454013909863 0.9371636215211598
0.6191849469065089 0.48248567249475016
0.792407780263771 0.660961975080878
0.18476624366436378 0.2695533139306481
0.5382634327406346 0.2928022826891028
0.7296657416192809 0.249963695201322
0.76504120562062 0.13786739039378304
0.3165861282426936 0.35734279550586123
0.4009810940644549 0.5711901971003102
0.11160810088033823 0.5562143631294729
0.46588558867637864 0.5907511978848952
0.455277748487249 0.6574687595194686
0.1512072404178395 0.005884804241577557
0.3470181109097077 0.4253366510451826
0.8720378163579405 0.09877271327974091
0.8749159318275497 0.5503804128408527
0.04636502798618314 0.289305341564321
0.3385128473579726 0.698826088184026
0.8729492990638366 0.21117155520198128
0.4787790299348924 0.2257285465850376
0.8090831690885691 0.21727651863143205
0.20949990325798118 0.5191411940815107
0.99522950174541 0.1307629271356292
0.31844295470812134 0.2971957440164843
0.6592794459994704 0.7358158440452363
0.31496273062987346 0.8631288749264483
0.1327809511528666 0.5599640484301962
0.9853072537690941 0.43349618940677215
0.07498706520722065 0.12166351248515683
0.3683786675915941 0.5396142729411599
0.09981828156337702 0.19447401326016256
0.9743734007642662 0.05489123548482633
0.2406365012057643 0.7894630707500252
0.007937302015997849 0.11393106422731014
0.1990654255374007 0.7180223778329162
0.0004158723503999706 0.041263968604262624
0.15892236830204265 0.6643755538612952
0.043047142396269944 0.12632563387084383
0.5696115347694808 0.5805173012820422
0.5095174320668392 0.29526996255306015
0.16408237304522788 0.8771620545139958
0.9844132482421513 0.1396164315168309
0.24599180099064588 0.3292585735805562
0.02866450458177261 0.14515646964436257
0.6939175855089972 0.7968867314614552
0.8832255379824847 0.16464584528150894
0.2922349104778019 0.7653235595622003
0.547195761698819 0.8274503656107843
0.695929930162452 0.6710109965553495
0.9031120414702711 0.6928305988920807
0.8795701281953219 0.07894048002058418
0.432908258250047 0.2700608761980976
0.10684016155066489 0.37880615416207086
0.6863639605314142 0.6651647871272619
0.5130136113541353 0.5916702787633923
0.424967155749296 0.05947245561263581
0.41867722501108573 0.12288301231090637
0.7014866524352299 0.5722668128166568
0.07921862793414935 0.23407592243819209
0.7263471496747931 0.5342103021452755
0.8605705274541406 0.062323271124219426
0.9413952565805193 0.6918833161289388
0.10972082385473869 0.9860824204618515
0.31271146038583053 0.5987795767795194
0.13229838183312737 0.7199118019128583
0.027195031386694435 0.852017089383384
0.04619010230847964 0.1480231491169881
0.43746324265486036 0.627640683428583
0.5050929456953823 0.9325373500992145
0.8405468414029644 0.47870653518214756
0.5544448159994946 0.15607331769747512
0.8514885074538081 0.6812005105323808
0.01318127666461022 0.29481066825142643
0.13573320472133577 0.3178117515088372
0.5789469964485028 0.6641864414697767
0.6786291714256021 0.4737675545933353
0.9798477316377447 0.814538560981255
0.874859417944343 0.8869736928210632
0.049543367203807254 0.3895677806057807
0.1783871373598398 0.9022746210571471
0.8599439958510233 0.8076876127873225
0.33609140053260367 0.37262213094112284
0.02518727225241202 0.5351946127053573
0.20616681345671362 0.4287087322751657
0.16915032250109774 0.758326749881242
0.855270175641224 0.5450366826013717
0.43767267336791016 0.346196127670942
0.9433841244226733 0.6335285248931604
0.32548113884800434 0.5555824809899308
0.6187938800597774 0.2633305025369621
0.8445085973317175 0.24132943272987717
0.5130493938014125 0.42249807845214127
0.3102000636164599 0.7217632938380223
0.13130518974236427 0.18146271502031275
0.941844657326169 0.12450210726884414
0.18437831735235144 0.19923340299132564
0.22863319327459974 0.14233719903051445
0.20106932367971586 0.49364098358061326
0.5047343399684832 0.034383384247726356
0.16671837410537615 0.5398158493106266
0.3339528624721564 0.3937914231230659
0.326875017502398 0.5445949168795883
0.2672880773268984 0.8335810942037476
0.2895601019208096 0.765754226860311
0.04789269854314693 0.4191626849778769
0.15815048736314763 0.9561786697988037
0.6140110246362303 0.48791286255667
0.2482870970621991 0.6327537261435319
0.111048272823429 0.876582723467646
0.7139094006946982 0.38873218378923236
0.0011837214933143603 0.3283332379186572
0.9416095929213406 0.9448286211495631
0.5657503958513417 0.9388475021757858
0.6530633200475529 0.25814262370577756
0.4535896117380631 0.4046715725402028
0.7980638568881688 0.6905698615306761
0.6729524112178153 0.22496185687393266
0.6696103981295474 0.4514283298733657
0.9830328968147359 0.0008195259803618349
0.7676709639481412 0.21315688221448914
0.41164565108088236 0.567775944673526
0.8601744123765069 0.7960711992953855
0.5910055193077468 0.28128684180902086
0.9359262461211251 0.25441071286789385
0.864122086021377 0.05492702785335357
0.7338641217164992 0.9047888135599038
0.9223128946158545 0.5085447443681812
0.6792579751047612 0.44903141710584316
0.09132249785239188 0.9551181775761828
0.8687248612698906 0.1452042485381142
0.9645607377702989 0.2589925868528036
0.8402010095003509 0.11007870488969762
0.7470682952117833 0.07494772382981196
0.08810750822425173 0.6941968501865834
0.2266056517099262 0.9411907007944296
0.696772008720645 0.18169926482884513
0.16916756143390588 0.9985864627445591
0.7766806550998644 0.5784139971762832
0.6123097481125992 0.5137194480840939
0.36203474123805934 0.2023030903385319
0.32450747973575234 0.5069843081305301
0.3457250680248616 0.44974139091374066
0.29614744463623577 0.9211212660268555
0.8442182790130477 0.19434902090518102
0.7050904248412062 0.7646067813832051
0.8961027761137856 0.1470810285568267
0.22631577646319467 0.6027910756399275
0.14304608998544532 0.43203640472823546
0.9591935766470123 0.11111233242465679
0.5342197046047372 0.8562485276036247
0.12429970279756297 0.7740140339738917
0.3025991977972198 0.40287490007552207
0.336270070476961 0.015136098175164037
0.7303545090629489 0.6725340607662587
0.269310126575695 0.9561014619635582
0.017008040040626504 0.09082783807447337
0.09829333401519924 0.70428157737937
0.40904363686506273 0.9086159688637849
0.5135477390033252 0.9419411396962063
0.21379494064091165 0.8873186541706113
0.8168452570473788 0.3971406402826274
0.6155960768352939 0.8234904427958321
0.5340435357545728 0.09058286093893053
0.4183898806160504 0.1348004993936005
0.19140200764818993 0.9088719252588688
0.13144419095470217 0.9689378769090011
0.6579372459266983 0.6711804658682798
0.7100625655174644 0.891487053125096
0.7588609622018438 0.8974933738512012
0.8237048234229136 0.629567599473857
0.24444758935945976 0.30214463645223133
0.8375393458119176 0.6563963936527006
0.3578330280783091 0.6797491999751062
0.11032085625155097 0.4440690748517053
0.018411290410712766 0.34975479998336545
0.4324252377942679 0.2659243479493496
0.27246557243396574 0.030347252611526265
0.27475098053465596 0.06510920662249253
0.7919208981880597 0.8019253524236611
0.7098209238547357 0.7360996261330413
0.5166886673474089 0.0018713440487139188
0.3982540063889146 0.9540032174481228
0.18892938417829708 0.0861628601649731
0.37915578156454544 0.17831627236136383
0.17269081182858548 0.5474891184026822
0.5527343833330256 0.4178325921584909
0.29788855157008176 0.6078792575217999
0.7222203858034824 0.8681090049234108
0.9382773955182364 0.4102874921842177
0.7691642903609441 0.5713922855882863
0.1688043954283942 0.2828795942501434
0.4316648298850916 0.26308319138245473
0.6114898702648464 0.04306174302005772
0.2778699728691074 0.8704169969547522
0.32192641322108995 0.2805635737074186
0.3487535212329953 0.1447482832053939
0.46459580107907494 0.9116942996084765
0.15021029336363068 0.6356064952434644
0.9452723672153531 0.5742101515874314
0.04191824831758417 0.28422555570363994
0.6303424206779107 0.527385458684505
0.17781046391685584 0.9323266629839353
0.7412909593436121 0.46989311717553295
0.3491467410055855 0.4347400389855165
0.5654188454422049 0.4351092723765242
0.12115788392131654 0.2127508124496753
0.24243892179707105 0.8916739502013762
0.5848867725407538 0.14042987884644198
0.06366793227564038 0.7587237431357716
0.04636337579817362 0.3172866754295771
0.9569422372655201 0.6330962068766368
0.5904850070923668 0.7086018533550225
0.7983235046369626 0.6460935611648453
0.3763146999390916 0.3838616344379928
0.7679000881648379 0.7589972813069055
0.7887268020055533 0.2387480461540168
0.825600556133832 0.08350631927609475
0.6289873484944417 0.9352591621687256
0.7095305840221227 0.698639949363222
0.7259649861568473 0.674634301219452
0.5758839303066459 0.03186965277103915
0.8259672137391243 0.7870928045924788
0.023562328473468286 0.3930595705860658
0.9631205272974392 0.5600797093128982
0.04394473161062051 0.014864863732244382
0.4793598460225945 0.8977911161822503
0.9476188062424173 0.4007424815879579
0.44761813228059744 0.5580453508943133
0.432495527676076 0.545856535690779
0.10329100285072368 0.6234401424388809
0.7372975096407428 0.6359623852367109
0.2569642982077065 0.3269408822746347
0.989728397662107 0.9348535885360838
0.14252103395582827 0.344580443629938
0.6075870073771361 0.35103364564445183
0.7745414520241314 0.764937725329363
0.47425949187847793 0.1981669320181243
0.442888246679807 0.8652890195257781
0.5161696983422159 0.7544218866933399
0.045129359053518 0.2769648643977174
0.11958836796549965 0.21680554445310385
0.9800169594050054 0.2198963409713608
0.7241385729938672 0.9693790899918593
0.387835652139376 0.0850864732222234
0.22208852902302922 0.1766233399579169
0.28319037667268265 0.9996358505677423
0.8983363417902108 0.6289688771360247
0.29389793493071004 0.10915634581937517
0.1823386509216427 0.39991124250911225
0.19340084598022944 0.5734590168949725
0.16101296547363853 0.09905726604531817
0.5134421150480741 0.1986243284652649
0.9091496322623625 0.8778877865199883
0.29628930444946233 0.8512556221785981
0.45418187812815725 0.10914644097497384
0.25767718935915274 0.7496669114208483
0.621397957287549 0.02652132145269448
0.9124005694918444 0.6545518966833648
0.27905329751733743 0.9627403489847008
0.9940142367973839 0.16328443684264315
0.8054922114759073 0.7194329639120949
0.0488286114033063 0.2013895433348556
0.1298396014092238 0.03830477752500738
0.29346461266800006 0.3582727267491539
0.5399574130493188 0.842330623211931
0.12963635581743738 0.7291373621958572
0.25344379829309993 0.7026900191320267
0.6141551201061035 0.1820345675339219
0.7211419297265702 0.28257216625693293
0.020924537958914247 0.6922129849337386
0.30310087752264314 0.08934174058054078
0.2099996643939821 0.8410236242511484
0.6755952255960473 0.31946273814388015
0.8033815163774112 0.7604140510661535
0.7783455407354727 0.9829792067816021
0.49366535506172715 0.7557242088409177
0.09521254331822715 0.3348601530605051
0.9533227987773114 0.6735272334049678
0.34485806973796573 0.421552909432815
0.5872432899993321 0.5298339479668179
0.7876970900304956 0.20321005377805834
0.8437814743942453 0.9661724290364337
0.014782977839467026 0.9186148710530064
0.3600087200270281 0.11339790624574819
0.5234383306719899 0.20332402885056755
0.6845798826696405 0.22161078082125485
0.5787903744033351 0.4010204804517927
0.7145927843575324 0.5638933495815754
0.8797629805616181 0.9271656654836351
0.30166010796761467 0.07621059110834749
0.10527431298665801 0.9654597028476777
0.8556742528000194 0.197548028031022
0.8082584978751848 0.028880939852322873
0.011902074752379033 0.5777124835023328
0.7414635625061967 0.7349855596801202
0.2516113508957405 0.5734701462120968
0.6331275429554954 0.22696813647069902
0.07971405380477847 0.7987273392324505
0.7873339583881314 0.5001023235494528
0.45778823563287396 0.3313427984255033
0.0655417565186045 0.7836969515896037
0.6176934472446209 0.6628398912661213
0.3140595683861689 0.7918259866662776
0.41107736688646823 0.4062420956849826
0.8834767630388796 0.8223154613468218
0.9729691070229181 0.7158952351792638
0.6388358953266926 0.9589269161449887
0.485568570901594 0.22088408688790384
0.9706124652165371 0.23413166031956756
0.04663728334175721 0.3197063395071398
0.6387099599253798 0.004068157220694868
0.9715589653013965 0.10121255806144913
0.9698399492834919 0.23488863133766746
0.5009596047130516 0.7494005257925187
0.5945813969186962 0.7222452216592876
0.3821881225728472 0.7420632797900646
0.41042957556666027 0.6379116619376697
0.6432676937631909 0.202785749650767
0.7461808581239664 0.008222536956590032
0.5555571789413354 0.48880315801918206
0.648121603263363 0.9050088658675619
0.16959369089885956 0.44619846556865084
0.2755769124013909 0.5302044669616097
0.8394900496159354 0.042968394189859094
0.3479086021552402 0.593783937310884
0.9931783842519968 0.26392679835027066
0.7365416707849892 0.986452319208259
0.4020379991459202 0.7062136335495202
0.9038566538328277 0.4651638558223763
0.7339359108257548 0.9558229410080397
0.6956507361635329 0.19333457279641864
0.8633353232899399 0.221977720299525
0.2815857273757487 0.05241326124020662
0.2598071970090794 0.20128360077169427
0.09754329740157752 0.6702035326198605
0.2946242201484266 0.95954308340225
0.24234315616581603 0.8885446416725766
0.45521611397136175 0.8820513979771587
0.26343530326692965 0.3275197105187375
0.5957469618071256 0.1369762164150452
0.49591499359943225 0.8687419051525613
0.9029416581920937 0.8403416843963705
0.9396651761357124 0.1545405026703841
0.26891895114150954 0.2514681747416623
0.860388550932695 0.9654608303415653
0.61427747705732 0.34334115774779916
0.576712106604711 0.8383097194140257
0.74458371345746 0.2855903739768375
0.9119034020383694 0.18910034351715965
0.06707116743706032 0.34695822295665457
0.27017957324799013 0.6956900796461363
0.41990756309942845 0.6683477591351337
0.3262006609980346 0.3874977681883527
0.44465735241358684 0.02773572009253944
0.17479614798503196 0.9344836197068895
0.01001296182132827 0.09735031423710083
0.06399391675525612 0.7428352763494344
0.7691036203874122 0.7484888170348312
0.7526188572763235 0.9553932588903935
0.700098621777278 0.7155768693727826
0.12886008906008772 0.9900220541368963
0.755629956876944 0.6638931280970592
0.43053075821907494 0.05156426008168258
0.8743750879132641 0.8872149496119071
0.7669605347306112 0.48369960923628996
0.2608240374628257 0.22509547895272686
0.7827378346552212 0.05621762557573051
0.4444241811408962 0.9280512187880701
0.6916173677116135 0.22581608186598623
0.12306054785355136 0.30727694952336093
0.6226075525643675 0.715635949493316
0.7969955253696144 0.4054277543002578
0.8085889855640707 0.9900218332304722
0.39467174892267853 0.2809631183640726
0.43193978871962857 0.983973897266055
0.350608961892086 0.6325375799365425
0.6607846671637208 0.30641168067706115
0.43197665099385474 0.8325454229502147
0.51524710844093 0.7676126203232434
0.30366767228699665 0.1968836941817469
0.5638634345378799 0.3068687599205169
0.8055998036863368 0.8561430956909972
0.16448427566660162 0.44181146895264645
0.05388161501244082 0.10669769635782878
0.6908023697604668 0.9816370404416861
0.5138089182388257 0.6758543056431618
0.4877637511643509 0.8221419736565536
0.16409104173188105 0.043576047249154204
0.20930463685362866 0.32601246867334366
0.9214157100298543 0.18694999884312247
0.256500477364467 0.13502851797758608
0.5059554900523586 0.43118111964836703
0.027166678589573667 0.11346681372987888
0.8215862690312521 0.49621821080177364
0.624637934248466 0.048033720146236636
0.047502069020532556 0.9867140717323102
0.4265536953813176 0.5769411540632956
0.47641269370125094 0.5736596303679313
0.7782736780151016 0.6950849938591932
0.7995985863400246 0.8653447166956432
0.7721989443471307 0.1849524499308257
0.678092064140237 0.43954256545932524
0.9428210932176797 0.07098017771668275
0.5121745282486603 0.640503626366502
0.16211076817540082 0.4494390149214562
0.7178497575742395 0.942757672205286
0.39747583709390466 0.35274234725235076
0.6999107578784705 0.6071895643211498
0.18908676116578627 0.025482358266466498
0.8505606878908132 0.37021798797638317
0.7453066295922812 0.4009871777808163
0.1215492773823752 0.5047899287186288
0.09527154176760932 0.04812900267038289
0.041731444498698256 0.9101350171644784
0.01042965614659952 0.7038614751921328
0.4807376731935491 0.29915501272450995
0.19827776106896522 0.6929039646720183
0.6241259352670865 0.3485919737280132
0.5488557849260021 0.9642037715502767
0.6384357077646248 0.09930690094835493
0.5090045601704607 0.38601754291235224
0.7804512956536804 0.7955461283474778
0.5373415394466596 0.15000952680183843
0.024757777715769924 0.7267926229763055
0.1566892436626719 0.8888386164580862
0.46775230465149753 0.11718363936011644
0.6947251988775065 0.36679453999924694
0.07196965462215443 0.4573304643289928
0.3906516031953675 0.897098590278786
0.4898956524949907 0.44795309262077776
0.7614579624522906 0.1500799385938545
0.5703918049304453 0.5871260537162815
0.7423848451457704 0.20477178686732755
0.8092095722794201 0.6042169782671174
0.9154193814945166 0.018765320523081996
0.36403469567792435 0.6728641941836999
0.35989319577329115 0.37761808807573094
0.08752130173610073 0.8310583493897175
0.31562353748307515 0.22712855093373063
0.6520589976071298 0.7912211365307795
0.6799346743885821 0.03368131335741609
0.0049379774757414285 0.8644285753787919
0.876996912581631 0.40393097848258774
0.5752758245706024 0.8347926988324839
0.8244130456722791 0.9126040525517651
0.9130268798773216 0.7071790769863462
0.9878324845987483 0.06990240053452212
0.7122234635732656 0.11639496124157556
0.11898280382835313 0.07573610404094966
0.9989474870833879 0.7017038485580112
0.8661049906554903 0.34736804244717656
0.4519903787178874 0.21792125182593858
0.07625179483048905 0.3175826733920031
0.21752673610729611 0.28193526940747127
0.3300864825745975 0.5984516304196235
0.3591233070134363 0.3429569424003527
0.7985046304980377 0.8459327429152392
0.054970697811909996 0.5164533805177995
0.16317225163404658 0.011874840386502772
0.6772086145112168 0.5731684083014568
0.8242430939507752 0.03328429797958066
0.6732622096237948 0.38099411694318985
0.7075486226075973 0.9618669355173537
0.5605721306477112 0.9513910618622541
0.6312185965389037 0.8777066156860052
0.33407453899749195 0.10568506471816597
0.582729147298936 0.02077311497560652
0.22304591065348656 0.3383524630195791
0.6760479783167457 0.4568417096302615
0.18235118991793642 0.9247568118268166
0.08557380363595768 0.8504777639666814
0.9815493790981489 0.10172409246868308
0.03472201890312032 0.32071739995209714
0.4984982184216302 0.4268689026761656
0.7308324621980153 0.7039170943460618
0.5664902045257194 0.974038807719162
0.5025811857553748 0.08610603058643118
0.010406429028645192 0.6589396326935193
0.348899988970764 0.8630236321243434
0.29242761105610837 0.7084116727965395
0.2821801116360192 0.22881072317202888
0.801662219522465 0.994311874431888
0.7694543569584302 0.12311503915558775
0.5492901923645426 0.4228306471858718
0.5703557431279211 0.3043156195600274
0.06737803651479912 0.4456188480303074
0.5828359392774192 0.8977896379301995
0.6045454322941455 0.9478668005803963
0.7191114084661521 0.9518501464016678
0.2014681448664879 0.8073468573732114
0.26336524949218476 0.5526900792175247
0.7390168241860395 0.687095871991861
0.39450594727914656 0.917122076389048
0.9319981770567192 0.5494418785809128
0.6856027258525568 0.9738118960436484
0.7955907201882719 0.7690028895148462
0.5878898548386848 0.005946420990090129
0.9651290265649599 0.978706321227542
0.3891703424862092 0.8070709609182622
0.9235438714025299 0.8154295166282268
0.20452167084565742 0.33291277198522207
0.043691843593519186 0.07302068214937685
0.3614358250953027 0.7065970798020165
0.810912676623873 0.34095188188901204
0.856253530415805 0.2788755314142144
0.4371088685316422 0.1844488405054323
0.9142919985388775 0.035880355697428756
0.5078581056657583 0.2666768499299099
0.32271775638206557 0.23617504139182133
0.7663554063302562 0.2063513426918906
0.11141973733584565 0.5652685324742606
0.12262403221637586 0.3842039405423854
0.5245268905505505 0.7938828493938914
0.8439665807440806 0.8577664594419867
0.33495997032877756 0.30791105406919894
0.22830471914063644 0.7303879866734442
0.7774696098628437 0.5003269390037648
0.2215804372192327 0.7481969463591718
0.4711059408579201 0.3543133869462871
0.14878159790949708 0.15074271331512734
0.5705428968230082 0.01965387210161329
0.8145917327881769 0.7779943268892449
0.2049680027085763 0.9893054526440188
0.6414356497886329 0.08574110105597788
0.025395877317820448 0.6193467021804804
0.7269748555429765 0.6825457686495255
0.3892185780629498 0.7960738503072706
0.02998568085037978 0.653519929827546
0.4643639038715315 0.19071372283411003
0.11432202507563494 0.4303176148720387
0.21793411166786347 0.8908595167925255
0.60127086244817 0.37231662971861446
0.7092047862779693 0.5266352503289635
0.20785364644390358 0.4031708635676752
0.6283852745520007 0.11536257577705467
0.1886432873207231 0.6030106470268362
0.2233413193877425 0.5573725749197718
0.6534889080942274 0.13197982696854216
0.6326796042602811 0.4172566780453555
0.1712978441471844 0.5250785600894778
0.3056138239598114 0.9070225658111293
0.12331451409143401 0.6578737639242254
0.8922998799531512 0.4218372604698988
0.6095172164620293 0.1745265838580352
0.05456114989648375 0.9695525492697112
0.8834398267000734 0.08596814835000832
0.5710411917166363 0.3241590018961358
0.7208311870784596 0.5468571563706122
0.30389298933037545 0.2784555615767601
0.1972347989658303 0.6475462755273149
0.10053789865350904 0.4985568735610444
0.7546401508656735 0.41306965090239744
0.013823964292803526 0.2812454414136538
0.49908831285879596 0.7064289411602735
0.7898418753590217 0.9473321073028067
0.05403831472064358 0.11882194379252575
0.4542805285500866 0.36202633240726234
0.05942318391928647 0.8543549744477597
0.3035400503892056 0.6988978198436606
0.9625148740470504 0.22872443319899238
0.04485583813346494 0.7579793763226526
0.9720754737535751 0.04774383201468102
0.9773023269793031 0.6790530746090548
0.489730327729881 0.743666801867428
0.7910966308121028 0.6600108077762634
0.40994292679942745 0.7823960672671324
0.6314794434440087 0.9990137569541544
0.15818527846080688 0.6311166721202743
0.5022990755482115 0.6508860980666689
0.29349337730623115 0.22681416589046588
0.714904983014681 0.5167476006146576
0.2739026355196825 0.015511597813914646
0.14187924191974188 0.8885119292645771
0.5885322088574849 0.8242237834572375
0.8280188725015618 0.15360161365108094
0.9872094341956581 0.10052226922280094
0.6931894051324423 0.22568316525332133
0.38927910898827145 0.7869135590319367
0.3192949280469366 0.14340513903774044
0.33643176028727484 0.37129967844484435
0.7601317016730951 0.8774227539562631
0.994738541302973 0.3923881444063402
0.8717973680988476 0.5241076482931721
0.9431145978483775 0.24625984439354243
0.9847898144908971 0.13586041039619978
0.8664194357601254 0.7359161785348438
0.8526058603751752 0.9271273468376386
0.8259829841894799 0.6403169726854878
0.5662566498806276 0.873219294485339
0.11602636746314077 0.3978532734889655
0.7658823819059182 0.8953136781853188
0.994178516972628 0.8044694600002007
0.8327895737649664 0.9971776751295041
0.024032136003946825 0.846447962272459
0.8573527300124806 0.2045320680749807
0.9424102325168588 0.21486280378850942
0.9356667736971072 0.7378459051032076
0.30178374556995613 0.901570771899119
0.9181686949579599 0.8306037580972583
0.8314062648726996 0.8636465135959024
0.08808334656548955 0.6145039582680918
0.6784470825158542 0.7691425600281483
0.4887384527088501 0.5233480363491887
0.26940997238402 0.943287512679243
0.7890735673128357 0.7751579177703543
0.6282964892638376 0.7042161164870389
0.9801637157703111 0.7960698688292638
0.39872245300555154 0.5190452863708015
0.2454333094625334 0.4067448351322409
0.03149405191546428 0.7420029857644961
0.9991358749691817 0.3855057426837376
0.26895913548348127 0.19375186777208975
0.06850014525819947 0.3226247827879829
0.2586705808446501 0.2352191669565149
0.12617428352919502 0.9922326408128519
0.8706256601065168 0.8762935541180898
0.04264710367580227 0.8362563494385746
0.9601041539656454 0.1666747523369283
0.21698846496594926 0.9419972816652367
0.6570340238766641 0.04849473996499243
0.4683451665689151 0.7943729702800049
0.9030056257296784 0.6421577322646583
0.1886666970077988 0.7588456875564684
