10 2 100 4
568 646 769 960 1261 1484 1556 1612 1606 1447
507 702 839 1098 1303 1508 1681 1742 1727 1576
556 759 890 1113 1415 1619 1770 1844 1771 1633
576 735 854 1151 1298 1577 1672 1731 1740 1612
518 689 856 1028 1256 1463 1613 1553 1605 1441
528 576 712 932 1064 1256 1344 1420 1393 1202
427 519 696 727 885 1048 1078 1126 1097 1066
476 513 597 693 733 795 935 880 865 771
336 425 513 486 639 704 715 674 698 600
414 409 449 463 530 547 539 539 521 515
1 6
7 8
0.9976234927762062 0.30483146162672803 0.6321498883330916 0.6079942670379039 0.4252629237817258
0.8321765989652039 0.46926127807334694
0.660356295839825 0.9010930494117944
0.6798466500540192 0.6892372112698244
0.5236390906435138 0.6557581743222043
0.9694408435792454 0.8109478434301642
0.4913627828504843 0.0882339063490849
0.6227929565969474 0.8926753400816476
0.4480442724361391 0.5375300416864419
0.7787362628368835 0.8293091359224065
0.6122156391195914 0.8313344248807353
0.8884042398694723 0.9432843439602974
0.915417537494079 0.7607933224686536
0.7218947043308623 0.33843443134164297
0.9842466792458808 0.08538978518961904
0.7787842608653537 0.970754612109858
0.17066904218365786 0.3074094466884021
0.13212183508093034 0.6554929257856539
0.4328128322097089 0.08192926318361393
0.3490288997723636 0.18157435249536902
0.2177136844502261 0.6677688509119084
0.8323382944941493 0.6217024410727332
0.5370528030885708 0.6743652326622009
0.4740427591151162 0.828402698773848
0.01786403844214335 0.016976292746088584
0.4832302619264439 0.14945816408109214
0.6103449335345994 0.45295464273996133
0.10430053846090348 0.6515720937898513
0.43646575165127444 0.3438795966214756
0.21728883651074682 0.3619973360161506
0.3483528926724133 0.3148706717957641
0.6467504996224136 0.14436332844756739
0.44095717678502844 0.2542800067097366
0.3568414931015509 0.9279278382295033
0.7082337023095151 0.4600233846741191
0.5039228542769976 0.3971005486807875
0.19234231848794137 0.9950984647507732
0.2908942166500035 0.002226605392988912
0.3216626573997228 0.6274528795316321
0.970388778714959 0.5852474161414443
0.44778669950789785 0.3849042077997298
0.8180111940174193 0.4420434087744338
0.24604659294463072 0.18611476939981553
0.1697653121756315 0.5219165932019083
0.9751592387251167 0.9124864921224534
0.04542499778874132 0.8327801393053886
0.9284282284461918 0.9251697682915343
0.9598178887839195 0.8043937038996305
0.8306483271773122 0.40605881062059956
0.9475693778333716 0.9450116579730365
0.18181750349663828 0.9034837458067144
0.39852630241725273 0.7218474923132112
0.9189505527884394 0.8190760061735298
0.2515727215036416 0.4173377823659612
0.8610555255962546 0.867675210677552
0.3059484127592229 0.0106996745155572
0.15185415777685884 0.7570375054889578
0.49845734713312195 0.7872931457443662
0.04311512826497088 0.9383882400529506
0.3350731133104865 0.3686382583725314
0.5137212175737136 0.19404061746823298
0.1267622246185125 0.8943135488951108
0.6239918940132505 0.3468081989400784
0.4252024414959701 0.44785921527475026
0.11489315352915641 0.7773375128799187
0.35879441534897016 0.9973626264992712
0.22341004948671594 0.02677483667094105
0.8651528973917617 0.384277974333874
0.24791538274396485 0.1759321342328133
0.12923714395170927 0.9626130387442393
0.5535573864949852 0.19188105548993328
0.6026301259653621 0.8328451566628448
0.6514518698457894 0.9689519944565983
0.09162049501849201 0.6314466275278556
0.4668202036276978 0.9622792803175935
0.6051547889179201 0.0596368284445421
0.1278208339514313 0.6482303404777867
0.3749421197331535 0.5013119576137692
0.4511211240734223 0.9826951084905666
0.6024005604595126 0.7570244843978642
0.9161038774557306 0.8515847043805342
0.903763947968669 0.13482053771012836
0.7427153273480556 0.3443072994820984
0.005466861335792883 0.5724933166581008
0.6550314590435238 0.3445916767184787
0.9112426731293406 0.05950159452777948
0.6879063468979054 0.7300625022600007
0.7653585498359725 0.11695553949936954
0.8771804379780761 0.024420466485409076
0.80573436603252 0.8700065719739964
0.7680957269476154 0.8322592284636083
0.7475377795758908 0.6816140004067286
0.9349226765850442 0.24003797737224097
0.19023594516445907 0.07114229574836872
0.7031909356084958 0.825879531548616
0.06454145973684544 0.17914253100394872
0.15781002560422253 0.5679151331817025
0.5328437806026654 0.10458473496746823
0.22419665113511367 0.18707041719922346
0.4850747428248905 0.2847210467880297
0.18925500027943976 0.84180208413531
