? 3 603 644 273 
? 3 95 640 149 
? 3 91 682 89 
? 3 608 383 572 
? 3 325 126 365 
? 3 336 625 440 
? 3 513 799 231 
? 3 12 401 215 
? 3 634 125 596 
? 3 556 261 664 
? 3 427 30 727 
? 3 281 496 143 
? 3 217 19 737 
? 3 348 435 561 
? 3 313 117 214 
? 3 300 40 661 
? 3 103 33 274 
? 3 155 614 213 
? 3 473 108 637 
? 3 589 85 64 
? 3 211 551 67 
? 3 131 203 757 
? 3 181 742 268 
? 3 463 566 540 
? 3 158 147 34 
? 3 775 289 130 
? 3 522 616 620 
? 3 512 652 410 
? 3 584 384 110 
? 3 660 790 796 
? 3 482 458 127 
? 3 260 760 369 
? 3 687 170 746 
? 3 177 733 329 
? 3 583 430 106 
? 3 536 651 355 
? 3 650 61 444 
? 3 766 210 328 
? 3 175 532 741 
? 3 726 105 335 
? 3 101 559 3 
? 3 192 409 592 
? 3 502 141 535 
? 3 398 372 71 
? 3 5 468 374 
? 3 297 381 607 
? 3 255 526 238 
? 3 487 793 711 
? 3 441 486 450 
? 3 49 601 311 
? 3 636 784 312 
? 3 670 56 41 
? 3 47 754 528 
? 3 426 93 72 
? 3 639 136 456 
? 3 76 148 314 
? 3 259 43 172 
? 3 287 244 362 
? 3 428 366 447 
? 3 206 412 613 
? 3 771 691 128 
? 3 688 294 159 
? 3 199 646 663 
? 3 59 202 679 
? 3 587 755 515 
? 3 270 7 567 
? 3 350 681 599 
? 3 546 246 495 
? 3 293 308 302 
? 3 492 787 648 
? 3 344 425 568 
? 3 304 104 624 
? 3 781 218 509 
? 3 517 354 292 
? 3 555 191 446 
? 3 397 494 307 
? 3 617 785 152 
? 3 156 408 558 
? 3 740 252 474 
? 3 673 725 195 
? 3 759 600 471 
? 3 323 94 731 
? 3 557 264 442 
? 3 201 419 680 
? 3 99 132 792 
? 3 516 570 623 
? 3 10 9 665 
? 3 693 560 256 
? 3 562 605 123 
? 3 2 465 632 
? 3 178 511 205 
? 3 65 702 247 
? 3 190 399 666 
? 3 653 626 371 
? 3 745 197 228 
? 3 77 338 377 
? 3 449 481 519 
? 3 124 207 432 
? 3 223 37 180 
? 3 66 38 712 
? 3 514 96 282 
? 3 277 111 611 
? 3 554 53 290 
? 3 783 145 533 
? 3 337 367 675 
? 3 756 717 736 
? 3 216 324 356 
? 3 576 429 154 
? 3 776 655 541 
? 3 714 176 373 
? 3 415 309 794 
? 3 674 137 499 
? 3 315 451 417 
? 3 490 739 547 
? 3 380 434 762 
? 3 676 29 704 
? 3 258 361 193 
? 3 73 257 565 
? 3 455 368 719 
? 3 574 772 645 
? 3 633 4 763 
? 3 97 706 208 
? 3 728 413 602 
? 3 382 342 751 
? 3 662 226 44 
? 3 39 460 604 
? 3 88 184 697 
? 3 406 595 140 
? 3 102 250 518 
? 3 22 48 545 
? 3 475 705 649 
? 3 245 722 638 
? 3 387 786 153 
? 3 586 79 266 
? 3 171 618 163 
? 3 683 585 627 
? 3 122 782 453 
? 3 657 169 303 
? 3 521 198 411 
? 3 209 221 54 
? 3 138 578 452 
? 3 459 461 720 
? 3 548 778 120 
? 3 15 118 723 
? 3 322 669 743 
? 3 764 115 593 
? 3 580 735 385 
? 3 186 51 457 
? 3 713 504 98 
? 3 497 78 724 
? 3 438 237 564 
? 3 709 537 573 
? 3 581 448 116 
? 3 166 296 414 
? 3 113 476 295 
? 3 168 422 758 
? 3 165 241 510 
? 3 275 484 591 
? 3 577 470 167 
? 3 272 317 394 
? 3 204 439 467 
? 3 236 594 501 
? 3 391 749 265 
? 3 318 11 520 
? 3 251 466 462 
? 3 248 671 690 
? 3 777 107 352 
? 3 769 641 500 
? 3 239 220 619 
? 3 534 212 529 
? 3 531 699 729 
? 3 588 189 553 
? 3 396 590 597 
? 3 628 395 339 
? 3 83 647 340 
? 3 13 183 62 
? 3 285 684 503 
? 3 659 129 622 
? 3 14 276 162 
? 3 225 542 327 
? 3 491 703 227 
? 3 485 20 279 
? 3 305 797 390 
? 3 635 269 692 
? 3 443 243 498 
? 3 734 788 326 
? 3 52 454 527 
? 3 478 489 69 
? 3 530 765 718 
? 3 254 45 549 
? 3 493 798 27 
? 3 480 1 615 
? 3 345 370 46 
? 3 767 286 82 
? 3 331 423 523 
? 3 694 606 321 
? 3 479 389 472 
? 3 17 695 708 
? 3 405 31 658 
? 3 299 346 74 
? 3 416 732 121 
? 3 598 343 631 
? 3 50 424 280 
? 3 187 609 696 
? 3 144 242 477 
? 3 672 92 538 
? 3 284 139 232 
? 3 667 319 445 
? 3 16 716 753 
? 3 418 464 233 
? 3 200 36 57 
? 3 353 301 229 
? 3 18 400 376 
? 3 25 75 21 
? 3 795 629 642 
? 3 791 563 379 
? 3 55 81 146 
? 3 421 358 582 
? 3 119 234 789 
? 3 393 179 112 
? 3 298 316 524 
? 3 63 68 388 
? 3 685 621 70 
? 3 357 86 235 
? 3 698 142 525 
? 3 349 744 375 
? 3 8 773 32 
? 3 507 188 571 
? 3 488 686 310 
? 3 230 253 185 
? 3 341 262 752 
? 3 157 378 182 
? 3 508 404 249 
? 3 363 360 730 
? 3 28 90 283 
? 3 710 610 347 
? 3 173 320 271 
? 3 569 700 386 
? 3 780 42 774 
? 3 747 135 263 
? 3 768 80 174 
? 3 164 677 668 
? 3 267 483 779 
? 3 87 26 160 
? 3 433 84 364 
? 3 109 222 151 
? 3 196 748 436 
? 3 6 359 689 
? 3 291 543 575 
? 3 60 431 240 
? 3 330 24 630 
? 3 392 715 35 
? 3 133 100 23 
? 3 334 550 161 
? 3 539 701 420 
? 3 579 656 150 
? 3 738 58 402 
? 3 654 643 288 
? 3 750 437 407 
? 3 770 219 552 
? 3 0 224 278 
? 3 306 403 506 
? 3 333 721 114 
? 3 707 194 761 
? 3 351 612 678 
? 3 544 332 469 
? 3 603 796 790 
? 3 644 273 384 
? 3 584 410 95 
? 3 512 640 149 
? 3 130 289 34 
? 3 91 147 682 
? 3 89 608 383 
? 3 572 463 325 
? 3 126 365 742 
? 3 336 181 757 
? 3 625 440 203 
? 3 513 799 231 
? 3 64 12 401 
? 3 215 634 125 
? 3 596 556 261 
? 3 664 427 30 
? 3 727 589 281 
? 3 496 143 108 
? 3 217 19 737 
? 3 33 348 435 
? 3 561 313 103 
? 3 117 40 214 
? 3 372 300 398 
? 3 661 141 592 
? 3 409 274 155 
? 3 614 213 473 
? 3 192 3 559 
? 3 637 85 101 
? 3 335 105 726 
? 3 741 532 175 
? 3 211 551 67 
? 3 766 444 131 
? 3 61 650 536 
? 3 268 106 430 
? 3 583 177 566 
? 3 540 158 170 
? 3 687 775 369 
? 3 522 616 620 
? 3 652 760 260 
? 3 110 660 482 
? 3 127 458 447 
? 3 366 428 362 
? 3 244 287 172 
? 3 43 259 314 
? 3 148 76 746 
? 3 733 567 456 
? 3 329 136 651 
? 3 355 599 639 
? 3 72 93 426 
? 3 528 210 328 
? 3 754 47 41 
? 3 56 670 312 
? 3 492 784 636 
? 3 311 601 49 
? 3 450 486 441 
? 3 624 711 793 
? 3 487 502 292 
? 3 238 526 255 
? 3 535 607 381 
? 3 297 374 468 
? 3 5 71 617 
? 3 307 156 494 
? 3 397 446 191 
? 3 740 474 555 
? 3 195 354 517 
? 3 471 509 218 
? 3 781 104 731 
? 3 557 304 568 
? 3 425 344 648 
? 3 787 302 308 
? 3 293 495 246 
? 3 546 99 681 
? 3 350 623 7 
? 3 270 515 755 
? 3 587 665 679 
? 3 693 202 59 
? 3 663 646 123 
? 3 199 159 294 
? 3 688 632 128 
? 3 691 771 613 
? 3 412 206 65 
? 3 702 205 190 
? 3 511 178 399 
? 3 653 465 2 
? 3 626 605 371 
? 3 562 256 560 
? 3 197 228 338 
? 3 9 449 10 
? 3 570 519 124 
? 3 207 516 223 
? 3 792 132 37 
? 3 180 680 419 
? 3 201 442 712 
? 3 514 96 264 
? 3 282 277 94 
? 3 323 111 600 
? 3 611 554 290 
? 3 759 783 725 
? 3 673 145 252 
? 3 558 408 152 
? 3 367 785 675 
? 3 756 717 736 
? 3 216 337 324 
? 3 533 356 576 
? 3 429 154 776 
? 3 655 250 53 
? 3 541 714 176 
? 3 373 415 38 
? 3 309 794 66 
? 3 674 137 662 
? 3 499 315 451 
? 3 432 417 490 
? 3 739 547 728 
? 3 380 481 706 
? 3 434 377 77 
? 3 772 762 676 
? 3 745 29 704 
? 3 258 361 666 
? 3 193 247 73 
? 3 257 565 138 
? 3 221 455 368 
? 3 719 574 645 
? 3 198 303 633 
? 3 4 763 97 
? 3 453 208 413 
? 3 602 382 342 
? 3 751 122 627 
? 3 585 226 683 
? 3 44 163 618 
? 3 39 266 460 
? 3 79 586 153 
? 3 604 88 184 
? 3 697 406 595 
? 3 140 102 518 
init_score 158433
final_score: 131627
times: 44095
update: 118
accept: 9
!
127 458 603 790 796 
127 796
127 458
603 796
790 796
110 273 384 644 660 
110 384
110 660
273 644
273 384
584 
34 89 91 95 130 147 149 158 289 383 410 512 522 540 566 608 616 620 640 652 682 775 
34 775
34 289
34 147
89 608
91 682
95 640
95 410
130 289
130 616
147 540
147 682
149 289
158 540
158 566
383 608
410 512
512 620
522 616
608 682
616 620
620 652
126 268 325 365 463 572 742 
126 365
268 742
325 365
325 463
365 742
463 572
181 203 336 757 
181 757
181 336
203 757
440 
513 625 
513 625
67 131 211 231 551 799 
67 131
67 211
67 799
211 551
231 799
12 105 125 215 261 335 401 556 596 634 726 
12 215
12 125
105 335
105 596
215 401
215 634
261 556
335 726
556 634
556 596
30 85 281 427 589 637 664 727 
30 727
30 427
85 637
281 727
427 664
589 727
589 637
108 143 217 496 
108 143
108 217
143 496
192 
19 33 141 155 213 274 313 348 435 473 561 614 737 
19 155
33 348
33 155
141 561
155 274
213 473
213 614
274 614
313 561
348 435
348 737
435 561
103 661 
103 661
40 117 214 300 
40 300
40 214
117 214
5 
71 372 398 
71 372
372 398
238 255 292 297 374 381 409 468 486 487 502 526 535 592 607 624 711 793 
238 292
238 526
238 487
255 526
255 502
255 535
297 374
297 381
374 468
381 607
381 535
409 592
486 711
487 711
502 592
624 793
711 793
441 
3 559 
3 559
41 47 49 56 64 72 93 101 175 210 304 311 312 328 344 426 444 450 492 528 532 601 636 670 741 754 766 784 
41 754
41 56
47 532
47 56
49 304
49 601
56 670
56 312
64 741
72 426
93 426
93 210
101 784
101 312
175 532
175 328
210 328
210 766
311 601
311 784
311 450
312 741
344 636
444 766
492 670
528 766
636 784
61 246 599 639 650 
61 650
61 246
246 639
599 639
106 355 430 536 583 651 
106 583
106 536
355 651
430 583
536 651
136 567 
136 567
43 76 148 170 172 177 244 259 260 314 329 362 366 369 428 447 456 587 646 663 679 687 733 746 760 
43 259
43 172
43 679
76 148
76 587
76 456
148 746
170 687
172 663
177 746
177 329
244 362
244 687
259 314
260 760
260 366
362 428
362 369
362 646
366 428
366 447
456 733
587 679
646 663
482 691 771 
482 771
691 771
65 178 205 206 412 511 613 
65 178
65 613
178 511
205 511
206 412
412 613
128 294 632 688 
128 688
294 688
294 632
123 159 199 
123 199
159 199
2 465 653 
2 465
465 653
59 202 287 665 693 
59 202
59 287
202 693
202 665
7 9 10 256 270 371 449 515 560 562 605 623 626 755 
7 270
7 10
7 623
9 10
9 449
9 560
256 562
256 626
270 515
371 626
515 755
560 562
562 605
350 516 570 792 
350 570
516 792
516 570
99 132 180 
99 132
99 180
201 293 302 308 419 442 495 546 680 681 787 
201 419
201 442
293 495
293 302
302 787
308 495
308 419
419 680
495 546
546 681
94 104 218 277 282 323 425 471 509 557 568 648 731 781 
94 323
94 731
104 218
218 781
218 509
277 731
277 282
323 471
425 568
471 781
557 731
557 568
568 648
554 611 
554 611
195 555 
195 555
252 354 474 517 600 673 725 740 759 783 
252 740
354 517
474 740
517 600
600 759
673 725
725 783
725 740
759 783
191 397 446 617 
191 446
397 446
397 617
145 
307 408 494 558 
307 494
307 408
408 558
53 152 154 156 216 250 290 324 337 356 367 429 475 533 545 576 655 675 717 736 756 776 785 
53 290
53 655
152 156
154 545
154 429
154 776
156 785
216 337
216 736
216 675
250 655
324 576
324 337
337 533
356 429
356 576
367 756
367 785
475 545
655 776
675 717
675 756
88 111 140 176 184 541 595 697 714 
88 697
111 541
140 595
140 697
176 184
184 697
541 714
595 714
38 66 96 137 264 309 373 415 460 499 514 662 674 712 794 
38 712
38 309
66 137
66 794
96 514
96 264
137 674
137 499
264 373
309 794
373 415
415 460
514 712
662 674
37 223 315 432 451 
37 223
37 451
223 432
315 451
124 207 208 342 380 417 434 481 490 519 547 706 728 739 
124 207
124 519
208 728
208 706
342 728
380 739
380 481
380 728
417 490
434 481
490 547
490 519
547 739
29 77 338 377 645 704 762 772 
29 77
29 704
77 338
338 377
645 772
704 762
762 772
197 228 745 
197 745
228 745
73 138 190 193 247 257 258 361 368 399 455 565 574 578 666 676 702 
73 193
73 257
138 578
138 565
190 247
190 666
193 247
247 702
257 565
258 361
258 399
361 455
368 455
368 574
399 666
574 676
54 209 221 452 461 719 720 778 
54 221
54 209
54 452
209 461
209 719
461 720
720 778
15 169 198 411 521 
15 411
169 198
198 521
198 411
4 97 303 413 453 633 657 763 782 
4 633
4 97
4 763
303 763
413 453
453 782
453 763
657 782
322 382 602 723 751 
322 723
382 751
382 602
723 751
115 122 226 585 627 669 743 764 
115 764
122 627
226 585
585 627
627 743
669 743
743 764
44 593 683 
44 683
593 683
735 
39 163 618 
39 618
163 618
79 153 171 266 586 604 
79 586
79 266
153 586
153 604
171 266
518 
51 102 406 457 504 713 786 
51 457
51 786
102 786
102 406
457 504
457 713
22 48 245 387 638 722 724 
22 387
22 48
245 722
387 638
638 722
722 724
237 564 649 705 
237 564
564 705
649 705
537 573 709 
537 709
573 709
78 305 438 448 497 581 797 
78 497
78 438
78 448
305 797
448 581
448 797
390 
20 
98 116 166 
98 166
116 166
113 279 296 414 
113 414
279 296
296 414
165 168 186 225 227 295 327 385 422 476 485 491 542 758 
165 758
168 422
168 225
186 385
186 295
186 422
225 327
227 485
227 476
295 476
327 542
327 491
422 758
162 
14 129 167 204 241 272 275 276 285 470 484 503 510 577 580 591 622 659 684 
14 622
129 510
129 241
129 622
167 470
167 272
167 204
204 684
275 484
275 591
276 622
285 684
285 503
470 577
484 580
510 659
577 591
591 659
11 13 83 183 236 265 317 318 339 340 391 394 439 467 501 594 647 749 
11 318
13 340
13 183
83 439
83 647
83 340
183 317
236 467
236 391
265 318
317 394
318 749
339 439
391 594
391 749
439 467
501 594
118 251 466 520 628 
118 520
251 520
251 466
466 628
248 396 462 588 729 
248 462
396 462
462 729
588 729
107 120 212 239 352 529 531 534 548 641 671 690 777 
107 690
120 548
212 529
212 534
212 641
239 548
239 641
352 777
352 531
529 531
671 690
690 777
459 
500 769 
500 769
31 220 405 619 658 708 
31 658
220 619
405 708
405 619
658 708
17 299 321 346 389 472 479 695 699 
17 472
299 346
321 479
321 346
389 479
389 472
472 695
479 699
74 121 416 606 694 732 
74 416
121 732
121 694
416 732
606 694
631 
189 331 343 423 523 553 590 597 598 
189 553
189 523
189 343
331 597
331 423
343 598
553 590
590 597
46 50 62 82 92 144 187 242 280 286 345 370 395 424 477 609 615 672 696 767 
46 345
46 370
50 424
62 615
82 280
82 395
92 672
144 696
144 767
187 609
187 280
242 370
242 477
242 767
280 424
286 609
345 615
477 672
609 696
1 
480 
27 139 232 254 493 538 549 798 
27 798
27 538
139 538
232 549
254 549
493 798
493 549
16 45 52 69 319 326 445 454 478 489 527 530 635 667 703 718 765 788 
16 788
45 718
52 445
52 326
69 530
69 478
69 489
319 667
319 478
326 635
326 454
454 527
489 703
527 703
635 788
667 765
718 765
26 87 200 233 243 269 418 443 464 498 692 716 734 753 
26 87
87 233
200 233
233 464
243 498
243 443
243 418
269 692
418 464
418 753
443 692
498 734
716 753
36 57 164 267 483 668 677 779 
36 57
57 164
164 677
267 483
267 677
267 668
668 779
174 263 301 353 768 
174 768
174 353
263 768
301 353
42 135 229 747 774 780 
42 747
135 780
135 229
747 774
774 780
18 320 376 386 400 569 700 
18 400
18 700
320 376
376 569
386 700
569 700
173 271 
173 271
21 25 75 283 284 347 610 629 710 795 
21 795
21 284
25 75
75 610
283 629
283 710
347 610
610 710
629 795
28 249 360 363 563 642 791 
28 642
249 360
360 363
363 563
563 791
642 791
55 81 146 182 358 378 379 404 421 508 582 
55 379
81 146
81 358
146 378
146 508
182 378
358 421
379 508
379 404
421 582
119 234 789 
119 234
119 789
179 262 393 
179 393
262 393
8 32 63 68 112 185 188 230 253 298 310 316 341 375 388 507 524 571 621 685 686 752 773 
8 685
8 773
8 375
32 773
63 686
63 230
68 388
112 316
112 298
185 341
185 298
188 507
230 298
230 253
310 686
316 524
341 752
388 685
507 571
507 773
571 686
621 685
70 357 
70 357
86 349 525 744 
86 349
349 744
349 525
58 142 235 402 698 738 
58 402
142 698
142 738
235 698
402 738
150 161 420 539 550 579 654 656 701 
150 579
150 656
161 539
161 550
420 579
539 654
579 701
654 701
23 100 334 
23 334
100 334
288 643 
288 643
35 715 
35 715
488 
0 24 60 90 133 157 219 224 240 278 306 330 392 403 407 431 437 506 543 552 575 630 730 750 770 
0 224
0 552
24 330
24 224
60 575
60 543
60 506
90 575
133 392
133 437
157 240
219 770
219 552
224 278
240 330
278 306
306 403
392 630
403 431
407 770
407 630
431 506
437 750
575 730
6 114 194 291 333 351 359 436 612 689 707 721 748 761 
6 436
6 359
114 721
114 291
194 707
291 689
291 707
333 721
351 612
351 761
359 689
436 748
707 761
332 544 678 
332 544
544 678
80 84 109 134 151 160 196 222 364 433 469 505 
80 364
84 364
84 109
84 433
109 469
134 160
151 222
151 196
160 433
196 469
469 505
Score = 338609
