? 11 479 213 693 762 307 390 201 572 547 508 635 
? 11 246 465 584 266 306 627 222 655 317 243 264 
? 11 339 493 303 663 152 323 316 427 696 570 750 
? 11 687 589 553 312 653 481 131 328 58 276 158 
? 11 604 601 590 232 449 267 594 769 639 114 172 
? 11 370 180 636 507 147 249 523 279 756 86 94 
? 11 101 582 31 591 516 126 506 711 699 532 206 
? 11 539 176 17 619 122 115 760 622 701 583 371 
? 11 80 717 515 275 13 757 141 596 724 18 705 
? 11 764 148 702 38 480 88 258 544 440 768 488 
? 11 182 133 569 581 109 149 779 28 56 660 428 
? 11 671 727 670 400 188 712 184 631 725 489 749 
? 11 322 545 2 598 680 509 752 75 471 369 473 
? 11 748 221 191 625 682 446 698 153 732 626 151 
? 11 617 298 66 332 474 708 578 528 87 763 340 
? 11 85 84 573 646 524 144 483 738 415 575 792 
? 11 175 796 178 40 16 315 574 736 283 208 689 
? 11 475 37 93 410 501 654 723 432 396 33 541 
? 11 104 719 207 293 686 297 714 346 445 650 73 
? 11 280 490 55 704 620 288 638 123 531 382 349 
? 11 557 197 579 656 611 210 418 790 65 138 277 
? 11 456 477 550 407 142 81 359 231 341 677 36 
? 11 588 722 4 216 472 41 439 245 343 530 53 
? 11 168 374 285 71 50 535 600 733 460 623 455 
? 11 150 773 224 25 713 431 667 675 301 325 194 
? 11 438 154 19 319 450 259 556 389 7 83 787 
? 11 43 271 555 580 448 335 342 262 302 169 24 
? 11 548 443 167 497 458 716 363 193 720 433 203 
? 11 511 67 376 684 721 145 397 195 533 761 268 
? 11 256 146 225 785 137 357 373 384 652 737 336 
? 11 441 633 602 190 782 496 420 794 32 174 408 
? 11 499 470 287 227 358 564 726 117 351 426 95 
? 11 742 758 487 609 157 143 799 592 223 218 552 
? 11 657 789 15 399 710 734 120 252 103 54 681 
? 11 171 597 491 331 463 202 253 730 640 196 310 
? 11 647 204 538 364 467 112 618 775 270 697 97 
? 11 565 630 649 78 637 185 385 26 605 417 296 
? 11 383 89 454 419 425 786 68 409 500 694 568 
? 11 0 63 798 214 260 562 421 797 110 543 217 
? 11 593 503 244 5 311 127 51 665 205 558 282 
? 11 100 759 486 540 404 108 791 57 755 567 774 
? 11 781 520 3 124 350 179 688 99 251 116 754 
? 11 272 765 661 360 436 395 560 186 6 519 522 
? 11 128 289 49 242 60 177 234 237 462 514 729 
? 11 731 387 386 770 91 534 215 241 162 265 644 
? 11 529 740 673 1 299 778 324 691 437 160 793 
? 11 674 485 551 424 502 338 337 212 8 527 9 
? 11 504 595 239 585 381 512 700 352 648 220 746 
? 11 743 662 459 510 690 140 414 189 537 672 199 
? 11 747 571 406 546 398 300 238 72 355 466 771 
? 11 14 776 320 230 518 291 513 47 354 411 136 
? 11 442 304 308 155 616 613 30 96 257 248 447 
? 11 587 706 679 76 79 135 106 495 353 102 247 
? 11 476 290 372 173 61 121 484 314 29 42 105 
? 11 326 183 469 692 683 209 45 235 90 498 599 
? 11 549 606 766 429 624 464 561 392 378 615 468 
? 11 59 377 405 795 744 164 634 494 69 330 430 
? 11 718 11 368 453 273 728 577 12 347 365 74 
? 11 321 745 77 295 642 113 521 187 559 333 226 
? 11 10 263 388 269 676 20 329 64 294 685 614 
? 11 236 309 753 772 525 44 250 621 554 367 344 
? 11 666 659 542 739 709 366 641 784 707 603 228 
? 11 356 345 34 334 391 669 563 129 434 715 305 
? 11 380 348 375 274 107 46 198 658 219 278 361 
? 11 159 170 678 783 452 668 394 444 229 664 780 
? 11 211 751 517 741 645 318 651 35 313 327 27 
? 11 52 281 451 586 62 735 629 23 457 22 163 
? 11 643 132 362 284 233 125 119 118 92 610 576 
? 11 413 286 21 505 82 482 166 412 401 402 139 
? 11 423 435 48 416 254 70 612 161 703 292 39 
? 11 181 536 130 393 788 403 200 461 492 566 240 
? 11 628 632 608 526 98 165 422 478 156 767 261 
? 11 479 213 693 762 307 760 390 201 17 572 547 
? 11 699 508 635 246 465 126 516 591 584 86 266 
? 11 306 627 147 507 222 655 317 243 180 370 639 
? 11 264 232 339 158 328 493 303 663 152 323 316 
? 11 427 750 570 696 598 687 589 553 2 312 653 
? 11 481 131 322 58 276 725 631 604 601 590 449 
? 11 188 267 670 594 769 428 114 172 660 636 779 
? 11 581 249 133 523 279 182 488 756 768 94 101 
? 11 582 31 544 258 88 506 702 711 764 532 724 
? 11 206 539 176 596 619 122 757 13 115 622 701 
? 11 583 80 371 738 483 717 515 275 144 524 646 
? 11 573 141 18 178 705 148 16 84 38 480 85 
? 11 574 440 340 763 87 569 528 109 149 578 708 
? 11 474 28 56 332 66 298 617 151 671 727 626 
? 11 400 732 153 712 184 445 489 698 446 682 749 
? 11 625 191 221 748 473 369 545 471 75 752 620 
? 11 509 680 123 531 288 349 197 579 704 55 490 
? 11 611 280 210 73 650 346 65 714 297 686 277 
? 11 456 550 293 207 142 719 81 104 541 341 33 
? 11 396 36 432 723 654 501 410 93 4 37 475 
? 11 472 41 689 208 283 736 530 315 168 40 796 
? 11 285 175 50 600 792 460 575 415 773 150 455 
? 11 25 623 713 431 733 535 675 301 325 194 438 
? 11 71 154 374 19 53 319 343 259 556 245 439 
? 11 216 722 7 588 83 787 43 271 555 580 448 
? 11 335 342 677 262 302 231 359 443 167 497 407 
? 11 477 363 138 193 433 790 418 203 511 67 376 
? 11 684 721 656 557 382 195 638 533 761 268 397 
? 11 145 204 256 146 310 720 225 785 137 253 357 
? 11 716 458 548 373 384 24 169 652 737 331 336 
? 11 441 633 171 602 389 190 782 496 420 794 450 
? 11 32 174 408 499 470 287 227 552 358 564 726 
? 11 117 351 426 667 95 742 224 758 503 487 609 
? 11 157 143 799 592 223 218 657 789 15 399 710 
? 11 734 421 120 252 260 103 54 681 798 597 63 
? 11 0 491 463 500 409 68 202 730 640 196 647 
? 11 605 538 364 467 112 618 775 630 270 565 97 
? 11 697 49 289 128 522 649 519 78 6 637 185 
? 11 186 385 560 26 417 296 383 395 89 436 454 
? 11 419 661 765 272 754 425 116 786 251 694 99 
? 11 688 179 568 350 124 3 781 774 214 57 562 
? 11 791 404 797 110 540 543 217 486 100 558 205 
? 11 665 51 127 593 5 244 311 793 160 437 691 
? 11 282 324 759 778 299 1 108 673 740 529 644 
? 11 755 567 265 162 520 241 215 414 534 91 770 
? 11 386 387 360 731 729 514 462 237 234 177 60 
? 11 355 242 466 72 776 230 513 238 300 398 546 
? 11 47 406 571 747 199 354 411 136 672 537 189 
? 11 140 690 510 459 662 613 30 743 96 746 257 
? 11 248 220 648 587 352 700 76 512 381 79 585 
? 11 135 106 239 595 504 9 353 527 102 8 247 
? 11 212 337 338 290 502 173 424 551 61 485 121 
? 11 674 484 314 29 105 326 183 469 692 372 683 
? 11 209 45 235 476 90 498 599 495 549 606 766 
? 11 429 679 624 706 464 561 392 447 616 155 378 
? 11 615 308 468 59 304 442 405 795 744 634 494 
? 11 69 430 718 11 368 453 273 291 518 320 14 
? 11 771 577 728 12 347 365 330 444 74 321 745 
? 11 164 77 658 198 295 642 377 113 521 380 187 
? 11 559 333 226 129 10 669 263 388 269 391 676 
? 11 20 329 64 294 685 614 356 236 641 309 739 
? 11 753 772 525 44 250 621 554 367 42 344 402 
? 11 401 412 666 659 21 542 576 709 92 118 119 
? 11 366 784 707 233 603 284 228 345 34 334 362 
? 11 132 643 563 434 715 305 22 457 23 735 62 
? 11 348 586 375 274 107 46 451 281 219 278 361 
? 11 159 170 678 783 452 668 394 327 313 229 664 
? 11 651 645 751 780 211 192 517 255 741 607 318 
? 11 379 695 35 27 52 134 111 777 261 767 156 
? 11 478 422 165 629 98 526 608 632 163 628 240 
? 11 566 492 461 200 403 788 393 130 536 181 125 
? 11 39 292 703 161 612 70 610 254 413 286 416 
? 11 479 213 80 693 583 762 307 701 622 760 115 
? 11 390 122 619 201 17 176 539 572 206 547 724 
? 11 532 699 508 711 635 506 246 465 126 516 591 
? 11 584 31 582 101 94 86 756 266 306 279 523 
? 11 627 249 147 507 222 655 317 243 636 180 370 
? 11 172 114 639 769 594 267 264 449 232 590 601 
? 11 339 604 158 276 58 328 493 131 481 653 312 
? 11 303 663 553 152 323 589 316 687 427 750 570 
? 11 696 598 680 509 620 752 704 75 2 471 545 
? 11 369 473 748 221 191 625 322 749 682 446 698 
? 11 489 445 725 631 184 712 153 732 188 400 626 
? 11 714 297 670 727 671 428 151 617 298 660 66 
? 11 332 56 541 28 779 474 708 578 149 109 581 
? 11 528 569 133 87 182 488 763 410 768 37 340 
? 11 440 544 258 574 88 85 315 480 38 84 702 
? 11 16 148 764 705 178 18 175 596 141 573 646 
? 11 524 757 144 13 275 515 717 483 738 371 150 
? 11 455 25 415 623 575 460 792 733 600 535 50 
? 11 325 194 438 71 285 796 374 19 40 168 53 
? 11 530 343 736 259 556 245 439 283 208 689 41 
? 11 472 475 216 4 722 93 501 654 588 723 432 
? 11 43 271 555 36 335 396 677 33 341 302 104 
? 11 231 359 81 443 719 497 142 207 293 407 550 
? 11 477 456 363 277 686 138 193 65 433 346 790 
? 11 650 418 203 73 210 376 280 684 611 490 55 
? 11 721 656 579 197 557 349 382 288 531 123 195 
? 11 638 533 761 268 397 775 618 145 112 67 467 
? 11 511 204 256 146 310 720 225 785 137 640 253 
? 11 357 716 458 202 167 548 373 384 24 169 652 
? 11 737 262 331 336 342 448 580 491 441 633 787 
? 11 83 171 602 7 389 190 252 782 496 420 120 
? 11 794 450 32 174 734 319 408 710 499 470 287 
? 11 227 789 657 154 552 358 564 218 726 117 351 
? 11 301 426 675 667 431 157 95 713 742 224 758 
? 11 773 244 5 503 487 593 609 665 143 799 592 
? 11 223 558 100 217 543 15 540 399 110 797 404 
? 11 421 791 562 57 260 103 54 681 214 798 597 
? 11 781 3 350 63 0 568 179 688 463 694 500 
? 11 409 68 786 116 425 754 272 661 419 454 730 
? 11 196 436 89 383 296 647 417 605 26 385 538 
? 11 364 186 185 637 6 78 649 522 630 270 289 
? 11 565 97 49 697 242 355 72 60 177 234 128 
? 11 237 519 462 300 514 546 406 560 747 729 395 
? 11 731 360 387 765 386 770 91 534 189 414 215 
? 11 251 140 690 99 241 510 459 124 520 162 774 
? 11 265 567 746 755 644 529 740 673 108 700 512 
? 11 381 1 239 595 299 778 504 527 486 759 324 
? 11 282 691 205 338 502 437 160 424 793 51 127 
? 11 311 674 29 484 121 326 485 61 551 183 173 
? 11 692 372 683 290 209 337 45 235 476 212 247 
? 11 8 90 102 353 9 498 599 495 549 106 135 
? 11 585 606 79 76 429 352 679 624 706 587 464 
? 11 648 561 392 220 447 248 257 96 743 30 613 
? 11 662 616 155 378 615 308 468 537 59 304 672 
? 11 442 405 136 795 411 744 354 199 571 47 494 
? 11 430 398 718 238 368 273 513 291 518 230 320 
? 11 776 14 771 466 577 780 728 12 347 453 11 
? 11 365 664 229 330 69 444 74 394 668 452 783 
? 11 634 678 321 745 164 77 170 361 219 658 198 
? 11 46 295 274 375 348 642 377 113 521 380 187 
? 11 559 333 305 226 434 129 10 563 669 263 388 
? 11 269 391 676 20 329 64 294 685 614 334 356 
? 11 228 603 707 784 766 236 641 366 309 709 739 
? 11 753 772 525 542 44 250 659 621 469 554 367 
? 11 666 105 42 344 314 139 402 423 401 412 435 
? 11 166 482 82 48 505 21 416 286 413 254 576 
? 11 610 70 612 161 703 92 118 292 119 39 125 
? 11 181 536 130 393 788 233 403 284 345 200 461 
? 11 34 362 492 132 566 240 628 643 163 632 608 
? 11 715 526 22 98 457 23 629 735 62 165 422 
? 11 478 586 156 107 767 451 261 777 281 111 278 
? 11 159 134 52 27 327 313 35 695 379 651 318 
? 11 479 371 213 80 693 738 583 762 717 307 701 
? 11 622 760 515 115 275 390 13 757 122 619 201 
? 11 141 596 17 176 539 572 206 547 724 18 532 
? 11 699 508 705 764 711 148 635 702 38 506 246 
? 11 465 480 126 516 88 258 544 591 584 31 582 
? 11 101 440 94 768 86 756 488 266 182 306 279 
? 11 523 133 627 249 569 528 581 109 149 147 507 
? 11 222 779 655 28 317 243 56 636 180 370 660 
? 11 172 114 639 428 769 594 671 727 670 626 267 
? 11 400 264 188 449 232 601 590 712 339 604 184 
? 11 631 158 725 276 489 446 682 58 749 328 493 
? 11 322 131 481 748 653 545 312 2 303 75 663 
? 11 553 152 323 589 316 687 427 750 570 598 696 
? 11 680 638 195 123 531 288 382 509 620 349 557 
? 11 752 197 579 704 656 471 721 55 490 369 611 
? 11 473 684 280 376 210 73 221 191 625 203 418 
? 11 650 698 790 445 346 433 65 153 732 193 138 
? 11 714 297 686 277 363 456 477 550 407 293 207 
? 11 142 151 617 298 497 66 719 443 332 81 359 
? 11 231 104 541 302 341 474 33 677 708 396 578 
? 11 335 36 555 87 271 43 432 723 588 763 654 
? 11 501 410 93 722 4 216 37 475 340 472 41 
? 11 689 208 283 439 245 556 259 736 343 574 85 
? 11 530 315 53 168 84 16 40 19 178 374 796 
? 11 285 175 71 438 194 573 325 50 535 646 524 
? 11 600 733 792 144 460 575 623 415 483 25 455 
? 11 150 773 758 224 503 742 487 609 713 95 157 
? 11 143 431 799 592 223 667 675 426 301 351 117 
? 11 726 218 564 358 552 154 657 789 227 15 287 
? 11 470 499 399 710 408 319 734 174 32 450 794 
? 11 421 120 420 496 782 252 260 190 103 54 681 
? 11 389 7 602 171 798 83 787 597 633 441 63 
? 11 0 491 580 448 342 336 331 262 737 652 463 
? 11 169 24 384 373 548 167 500 409 68 202 458 
? 11 716 357 253 730 640 196 137 785 225 720 310 
? 11 146 256 647 605 204 538 364 511 467 67 112 
? 11 145 618 775 397 630 268 270 565 761 97 533 
? 11 697 242 355 72 49 60 177 289 234 128 237 
? 11 522 649 519 78 462 6 637 300 514 546 185 
? 11 186 406 385 560 26 747 729 417 296 383 395 
? 11 89 436 731 360 454 419 387 661 765 272 754 
? 11 425 116 386 786 770 91 534 189 414 215 251 
? 11 140 694 690 99 688 241 510 179 459 568 350 
? 11 124 3 520 781 162 774 214 265 567 746 755 
? 11 644 529 57 740 673 562 791 108 404 700 512 
? 11 797 381 1 110 540 239 595 299 778 504 527 
? 11 543 217 486 759 324 100 282 691 558 205 338 
? 11 502 437 160 665 424 793 51 127 311 593 674 
? 11 5 244 314 344 29 484 42 121 105 326 485 
? 11 61 551 554 183 469 173 621 692 372 683 250 
? 11 44 290 772 209 337 45 235 476 212 753 247 
? 11 8 90 102 353 9 309 498 599 495 549 106 
? 11 135 585 236 606 766 79 76 429 352 679 624 
? 11 706 587 464 648 561 614 392 220 447 248 257 
? 11 685 294 64 329 96 743 20 30 613 676 662 
? 11 269 616 388 155 263 10 226 378 615 333 559 
? 11 187 308 468 537 59 304 113 377 642 672 442 
? 11 405 136 795 295 411 744 354 199 77 164 745 
? 11 321 634 571 47 494 69 330 430 398 718 365 
? 11 238 11 368 453 347 273 513 291 12 518 230 
? 11 728 320 776 14 577 771 466 192 211 780 751 
? 11 517 255 741 645 607 318 651 379 695 664 35 
? 11 229 313 327 444 27 74 394 668 452 52 783 
? 11 678 134 170 159 361 278 111 219 281 658 198 
? 11 777 261 451 46 767 107 274 375 156 586 348 
? 11 478 422 165 62 735 629 23 457 521 380 98 
? 11 22 526 305 715 608 434 129 632 563 163 669 
? 11 643 391 628 240 566 132 492 362 334 34 461 
? 11 200 345 356 228 284 603 403 233 788 707 393 
? 11 784 130 536 181 125 39 641 366 119 292 118 
? 11 92 703 161 709 612 739 70 610 576 254 413 
? 11 286 525 542 416 21 505 48 659 82 482 166 
? 11 150 479 371 213 80 693 738 455 25 583 483 
? 11 415 762 717 307 701 622 760 623 575 515 460 
? 11 115 275 390 13 144 792 733 600 757 524 646 
? 11 122 535 619 50 325 573 201 141 194 596 17 
? 11 176 539 438 71 572 175 206 547 285 724 18 
? 11 796 532 699 508 374 178 19 705 764 711 40 
? 11 148 16 635 702 84 168 38 53 506 246 465 
? 11 480 126 315 530 516 85 88 574 343 736 258 
? 11 544 591 259 584 556 31 582 101 245 439 283 
? 11 440 208 689 41 472 340 475 37 216 4 94 
? 11 768 86 722 93 756 410 501 654 763 588 723 
? 11 488 266 182 306 432 43 279 271 87 523 133 
? 11 627 249 569 528 581 555 36 109 335 149 147 
? 11 507 578 396 708 222 677 33 474 779 655 28 
? 11 317 243 341 302 541 104 56 231 636 180 359 
? 11 81 332 443 370 719 66 497 660 298 617 172 
? 11 114 639 151 428 142 207 293 769 594 407 550 
? 11 671 477 456 727 363 670 277 686 297 714 626 
? 11 267 138 400 193 264 188 449 732 232 601 590 
? 11 153 712 339 604 184 65 631 433 725 158 346 
? 11 445 276 489 790 698 446 682 58 749 328 650 
? 11 493 418 322 203 131 625 191 221 481 73 210 
? 11 748 376 280 684 473 611 653 369 490 55 545 
? 11 721 471 312 2 303 75 663 553 152 656 704 
? 11 579 323 589 197 752 557 349 620 316 509 382 
? 11 687 427 288 531 123 750 195 638 570 680 598 
? 11 696 697 242 533 355 72 49 97 60 761 177 
? 11 565 289 234 270 268 630 397 775 128 618 237 
? 11 522 649 519 78 145 462 6 637 300 514 112 
? 11 67 546 467 511 185 186 406 364 538 385 560 
? 11 26 204 605 747 729 417 647 296 383 256 146 
? 11 310 720 225 785 137 395 89 436 731 196 640 
? 11 360 730 454 419 387 661 253 765 272 357 716 
? 11 754 425 116 458 386 786 770 91 534 202 68 
? 11 409 500 189 414 215 251 140 167 548 373 694 
? 11 384 24 169 690 99 463 652 688 241 510 737 
? 11 262 331 336 342 179 448 580 459 491 568 0 
? 11 63 350 124 3 520 781 441 633 597 787 83 
? 11 162 798 171 774 214 602 265 7 567 389 681 
? 11 746 54 755 103 190 260 644 252 529 782 57 
? 11 740 496 420 673 562 791 120 108 421 794 450 
? 11 404 32 174 700 734 319 512 408 797 381 1 
? 11 710 110 399 499 470 540 239 595 299 778 504 
? 11 287 15 227 789 657 527 154 552 543 217 486 
? 11 358 564 759 218 324 100 726 282 691 558 117 
? 11 351 205 338 301 426 502 675 437 667 160 223 
? 11 592 799 431 143 665 157 95 424 793 713 51 
? 11 127 609 311 593 487 742 674 503 224 5 758 
? 11 244 773 139 402 314 344 29 484 42 423 121 
? 11 401 412 105 326 435 485 666 367 61 551 554 
? 11 166 482 183 469 173 621 692 372 82 659 683 
? 11 48 250 505 21 416 44 542 290 525 772 286 
? 11 413 209 254 337 45 235 476 212 576 753 247 
? 11 610 70 739 8 612 90 709 161 703 102 92 
? 11 118 292 119 353 9 309 366 498 599 495 641 
? 11 39 125 549 106 181 135 585 236 536 130 606 
? 11 766 79 784 393 707 788 76 429 352 233 679 
? 11 403 624 603 706 587 284 228 464 356 648 345 
? 11 200 461 34 334 561 614 362 492 392 220 447 
? 11 248 132 257 685 294 64 566 329 96 743 20 
? 11 30 240 613 628 676 662 391 269 616 388 155 
? 11 643 263 669 163 563 10 632 129 434 608 226 
? 11 378 715 305 526 22 615 333 559 187 308 98 
? 11 380 468 521 457 537 59 304 113 377 23 629 
? 11 735 642 672 62 165 442 422 478 405 348 136 
? 11 586 156 375 795 274 107 295 767 46 451 261 
? 11 411 777 744 198 658 281 219 354 111 278 361 
? 11 199 159 170 77 164 745 321 134 678 634 783 
? 11 52 571 452 668 47 394 74 27 444 494 327 
? 11 69 313 330 430 398 229 35 664 718 365 238 
? 11 695 379 11 651 368 318 453 347 273 513 607 
? 11 291 12 645 741 518 230 255 517 751 728 320 
init_score -3.31399e+06
final_score: -3.93932e+06
times: 50351
update: 238
accept: 3
!
17 80 115 122 126 176 201 206 213 246 307 390 465 479 506 508 516 532 539 547 572 591 619 622 635 693 699 701 711 717 724 760 762 
17 539
17 201
80 717
115 622
115 122
122 619
126 516
126 246
126 506
176 206
176 539
176 619
201 572
206 724
213 479
213 693
246 465
307 760
307 762
390 762
465 635
506 711
508 699
508 547
516 591
532 724
532 711
547 572
622 701
693 762
701 760
701 717
31 94 101 544 582 584 
31 584
31 544
94 101
101 544
544 582
86 114 147 172 180 222 243 266 267 279 306 317 370 488 507 523 594 601 604 627 636 639 655 769 
86 306
86 488
114 172
147 507
147 222
172 639
172 370
180 370
180 243
222 655
222 627
243 317
266 306
267 594
267 604
267 601
279 488
279 523
306 627
317 655
370 636
594 769
594 639
2 58 131 152 158 232 264 303 312 316 322 323 328 339 427 449 481 493 570 589 590 653 663 687 696 750 
2 589
2 312
58 131
58 328
131 481
131 322
152 663
152 323
152 589
158 339
158 328
232 449
232 590
232 328
264 339
303 663
312 653
316 427
322 493
427 696
481 653
570 750
570 696
589 687
687 750
73 75 153 184 188 191 276 297 369 400 445 446 471 489 509 545 553 557 579 620 625 626 631 680 682 698 704 712 714 725 732 748 749 752 
73 625
75 752
75 553
75 471
153 732
153 184
184 712
184 489
188 400
188 712
191 625
191 748
191 749
276 749
297 714
369 471
369 545
400 626
445 698
445 732
446 489
446 682
446 749
509 752
509 680
545 748
557 579
579 752
620 704
631 725
704 752
712 725
714 732
670 671 727 
670 727
671 727
28 56 66 87 104 109 133 151 182 249 298 332 428 474 569 578 617 660 708 779 
28 779
28 56
28 474
56 660
66 298
66 151
87 109
104 151
104 332
109 578
109 249
133 569
133 182
249 569
298 660
298 617
428 617
474 708
578 708
37 38 84 85 88 149 258 340 432 440 528 530 581 702 756 763 768 
37 340
37 432
38 88
38 85
38 702
84 85
84 530
88 258
149 763
149 581
258 756
340 440
432 763
440 768
440 756
528 763
13 16 18 25 141 144 148 150 175 178 275 315 371 480 483 515 524 573 583 596 646 705 738 757 764 
13 757
13 275
16 178
16 315
18 141
18 148
25 150
25 483
141 596
141 573
144 646
144 515
144 524
148 764
148 480
175 573
275 515
315 480
371 583
483 738
515 583
573 646
583 738
705 764
50 415 455 460 535 575 600 623 733 792 
50 600
50 455
415 575
455 733
460 600
460 575
535 733
535 623
575 792
71 194 285 325 438 
71 438
71 285
194 325
194 438
19 40 53 168 343 374 574 736 796 
19 374
19 53
40 168
40 796
53 574
168 574
343 574
574 736
4 41 208 245 259 283 439 472 556 
4 472
4 439
4 41
41 208
208 283
245 439
245 259
259 556
36 43 93 216 271 302 335 341 410 475 501 555 588 654 677 689 722 723 
36 677
36 501
43 271
43 588
93 475
93 410
93 689
216 722
271 555
302 335
335 555
341 677
410 654
501 723
588 722
654 723
689 722
33 81 142 207 231 396 443 456 497 541 719 
33 541
33 396
33 207
81 443
81 231
81 396
142 719
142 456
207 719
443 497
55 65 138 193 203 210 221 277 280 288 293 346 349 359 363 376 382 407 418 433 477 490 531 550 611 638 656 684 686 721 790 
55 490
65 346
65 790
138 277
138 363
193 477
193 407
203 418
203 376
210 280
210 490
221 490
277 686
277 407
280 611
288 349
288 638
293 686
359 407
363 433
376 684
376 656
382 638
418 790
433 790
477 550
531 721
531 638
611 656
684 721
123 195 197 268 397 473 598 618 761 775 
123 195
123 197
195 775
197 598
197 473
268 761
268 397
397 775
618 761
112 145 467 533 
112 467
145 467
467 533
67 511 605 650 720 785 
67 511
67 605
511 650
605 720
720 785
137 225 310 
137 225
225 310
146 196 253 256 357 
146 357
146 253
196 357
196 256
24 167 169 202 331 336 373 384 448 458 548 652 716 737 
24 169
24 548
24 652
167 548
202 373
331 737
336 737
336 448
373 384
384 652
458 716
458 548
652 737
83 171 262 342 580 597 787 
83 787
83 171
171 597
262 580
262 342
580 787
7 54 120 190 389 408 420 441 450 496 499 602 633 782 794 
7 389
7 602
54 782
120 420
190 782
190 633
389 633
408 794
408 450
408 499
420 496
420 782
441 633
496 794
32 174 218 287 319 470 710 789 
32 319
32 218
32 789
174 710
174 470
218 287
287 470
5 15 95 117 154 223 224 227 244 301 351 358 426 431 552 564 593 657 667 675 713 726 742 758 773 
5 244
15 657
95 713
95 742
117 351
117 726
154 358
223 742
223 593
224 758
224 773
227 726
227 552
244 593
301 675
351 426
358 564
426 667
431 713
431 675
552 657
564 726
667 675
742 758
0 3 26 57 63 68 89 103 110 116 143 157 179 186 204 205 214 217 252 260 296 350 364 383 385 395 399 404 409 417 419 421 425 436 454 463 486 487 491 500 503 538 540 543 560 562 568 592 609 640 647 665 681 688 694 730 734 754 781 786 791 797 798 799 
0 568
0 63
3 781
3 350
3 179
26 560
26 385
57 791
57 260
63 798
68 500
68 786
89 436
89 296
103 260
103 252
110 797
116 754
116 786
143 799
143 609
157 799
179 568
179 688
186 560
204 647
205 543
205 486
214 798
217 543
252 681
252 798
296 417
364 538
364 647
383 395
383 419
385 417
395 454
395 436
399 421
399 734
404 791
404 797
409 500
419 754
421 562
425 786
425 730
463 694
486 665
487 609
491 798
500 694
503 665
503 609
540 797
540 543
560 647
562 791
592 799
640 730
688 694
185 649 
185 649
6 78 270 519 565 630 637 
6 78
6 637
78 519
270 630
519 630
519 565
49 60 72 97 242 289 355 697 
49 242
49 289
60 242
60 355
72 355
97 697
97 289
128 177 234 237 300 360 406 462 514 522 546 729 747 
128 522
177 234
234 237
237 462
300 546
360 729
406 747
406 546
462 514
462 522
514 546
729 747
386 387 534 661 731 
386 387
386 534
386 661
387 731
91 99 124 140 189 215 241 251 272 414 459 510 520 662 690 765 770 
91 414
91 770
99 251
99 241
124 520
140 189
140 690
189 414
215 251
215 272
272 765
459 510
459 662
510 690
520 662
765 770
265 567 
265 567
108 162 239 352 381 512 529 644 673 700 740 755 774 
108 673
108 352
162 644
162 774
239 381
352 700
381 512
512 700
529 644
529 740
644 755
673 740
1 51 61 100 121 127 160 282 299 311 324 338 424 437 485 502 527 558 595 674 691 759 778 793 
1 299
1 595
51 127
61 424
61 121
100 759
121 485
127 311
160 437
160 793
160 691
282 759
282 691
282 558
299 778
311 793
324 691
324 527
338 502
424 502
437 502
485 674
527 595
8 9 45 90 102 135 173 183 209 235 247 290 326 337 353 372 429 469 476 484 495 498 504 549 551 587 599 606 683 692 706 
8 102
8 247
9 102
9 504
45 235
45 476
45 90
102 476
135 495
135 429
135 353
173 551
173 692
183 326
183 469
209 235
209 683
247 337
290 337
353 587
372 551
469 683
469 692
484 551
495 498
498 549
504 706
549 606
549 599
587 706
76 79 106 212 464 585 624 679 
76 79
76 585
79 679
79 106
212 585
464 679
464 624
11 12 14 30 47 59 96 136 155 199 220 230 238 248 257 273 291 304 308 320 330 347 354 365 368 378 392 398 405 411 430 442 447 453 466 468 494 513 518 537 571 577 613 614 615 616 648 672 728 743 744 746 771 776 780 795 
11 453
11 430
12 728
12 347
14 320
14 776
14 771
30 613
30 616
47 398
47 571
59 468
96 743
96 613
96 257
136 442
136 672
155 616
155 378
199 354
199 571
220 248
220 648
230 776
230 513
238 398
238 513
248 257
257 447
273 368
273 453
273 291
291 518
304 468
304 442
308 468
320 518
330 430
347 453
347 365
354 411
354 744
378 615
392 447
392 614
405 795
405 442
430 494
466 771
468 615
537 672
577 728
577 780
613 746
744 795
52 69 74 229 321 444 452 634 664 668 695 718 783 
52 783
52 321
69 718
74 444
74 718
229 664
229 444
321 634
444 668
452 668
452 783
668 695
46 77 164 198 219 278 451 586 658 745 
46 451
77 164
77 278
198 658
198 278
198 745
219 451
451 658
451 586
10 107 113 129 226 263 295 333 375 377 380 434 521 559 563 642 715 
10 129
10 263
107 375
107 642
113 521
113 642
129 434
226 559
226 333
295 375
333 521
333 563
377 559
380 521
434 715
563 715
20 21 29 44 64 187 228 233 236 250 269 284 294 309 329 334 366 367 388 391 525 542 554 603 621 641 669 676 685 707 709 739 753 766 772 784 
20 269
20 329
21 753
21 542
29 554
44 772
44 250
44 753
64 294
64 329
187 676
187 388
228 603
228 707
233 707
236 309
236 766
250 621
269 391
269 676
284 784
284 603
294 685
309 641
334 685
334 707
366 641
366 784
366 739
367 621
367 554
391 669
525 772
709 739
709 753
42 48 70 82 92 105 118 119 125 139 161 166 181 254 286 292 314 344 393 401 402 412 413 416 423 435 482 505 576 610 612 659 666 703 
42 314
42 105
42 344
48 416
70 703
70 610
82 505
82 482
92 118
92 576
92 119
125 181
139 423
139 402
161 612
161 292
166 482
181 393
254 612
286 413
286 505
292 703
292 393
344 666
401 412
401 402
401 666
412 482
413 610
413 576
416 505
423 435
505 659
200 345 356 403 461 536 788 
200 461
200 788
200 403
345 356
356 788
403 536
39 130 132 362 561 
39 130
130 362
132 362
132 561
22 23 27 34 35 62 98 111 134 156 159 163 165 170 240 261 274 281 305 313 318 327 348 361 379 394 422 457 478 492 526 566 608 628 629 632 643 651 678 735 767 777 
22 526
22 457
22 305
23 735
23 629
23 457
27 313
27 678
34 566
35 379
35 318
35 313
62 735
62 274
98 526
111 777
111 134
156 478
156 422
156 767
159 281
159 170
163 632
163 643
163 628
165 422
165 629
170 678
240 628
240 566
261 777
274 348
281 361
313 394
318 651
327 394
348 361
492 566
526 608
608 632
767 777
192 211 255 517 607 645 741 751 
192 255
211 517
255 741
517 741
517 645
607 741
645 751
Score = 404711
