0 2
1 1
2 4
3 3
5 5
6 6
7 7
7 8
9 9
10 10
11 11
11 12
13 13
14 14
15 15
16 16
16 17
17 18
18 19
20 20
21 21
23 23
22 22
23 25
24 24
26 26
26 28
27 27
28 29
30 30
31 31
32 32
32 34
33 33
34 35
37 37
36 36
38 38
41 41
39 39
40 40
42 42
42 43
43 44
44 45
46 46
46 47
48 48
49 49
49 50
50 51
52 52
52 53
54 54
56 56
55 55
56 58
57 57
59 59
59 60
61 61
61 62
64 64
63 63
65 65
66 66
66 67
67 68
68 70
69 69
71 71
71 72
73 73
73 74
74 75
75 77
76 76
77 78
79 79
79 80
81 81
81 82
82 83
83 85
84 84
86 86
86 87
87 88
88 89
90 90
90 91
91 92
92 93
95 95
94 94
95 96
96 97
97 98
98 99
0 0
