0 7 45
0 22 15
2 21 15
2 20 15
2 19 15
2 18 15
2 17 15
2 16 15
2 15 15
2 14 15
2 13 15
2 12 15
2 11 15
2 10 15
2 9 15
2 8 15
6 7 15
1 7 16
1 7 17
1 7 18
1 7 19
1 7 20
1 7 21
1 7 22
1 7 23
1 7 24
1 7 25
1 7 26
1 7 27
1 7 28
1 7 29
1 7 30
1 7 31
1 7 32
1 7 33
1 7 34
1 7 35
1 7 36
1 7 37
1 7 38
1 7 39
1 7 40
1 7 41
1 7 42
1 7 43
1 7 44
0 11 11
1 11 12
1 11 13
3 11 14
2 12 14
2 13 14
2 14 14
2 15 14
2 16 14
2 17 14
2 18 14
2 19 14
2 20 14
2 21 14
5 22 14
-1
-1
-1
-1
-1
-1
-1
-1
-1
-1
-1
-1
-1
-1
-1
-1
-1
-1
0 37 12
2 36 12
2 35 12
2 34 12
2 33 12
2 32 12
2 31 12
2 30 12
2 29 12
2 28 12
2 27 12
2 26 12
2 25 12
2 24 12
6 23 12
1 23 13
1 23 14
4 23 15
-1
-1
-1
-1
-1
-1
-1
-1
-1
-1
0 3 38
1 3 39
1 3 40
1 3 41
1 3 42
1 3 43
1 3 44
3 3 45
2 4 45
2 5 45
2 6 45
-1
-1
-1
-1
-1
-1
-1
0 43 8
2 42 8
2 41 8
2 40 8
2 39 8
2 38 8
6 37 8
1 37 9
1 37 10
1 37 11
-1
-1
-1
-1
-1
0 24 42
2 23 42
2 22 42
2 21 42
2 20 42
2 19 42
2 18 42
2 17 42
2 16 42
2 15 42
2 14 42
2 13 42
2 12 42
2 11 42
2 10 42
2 9 42
6 8 42
1 8 43
1 8 44
4 8 45
0 23 19
3 22 19
1 22 18
1 22 17
1 22 16
0 34 36
2 33 36
2 32 36
2 31 36
2 30 36
2 29 36
2 28 36
2 27 36
2 26 36
2 25 36
6 24 36
1 24 37
1 24 38
1 24 39
1 24 40
1 24 41
0 43 2
1 43 3
1 43 4
1 43 5
1 43 6
1 43 7
0 3 32
1 3 33
1 3 34
1 3 35
1 3 36
1 3 37
0 39 9
6 38 9
1 38 10
1 38 11
4 38 12
0 12 30
2 13 30
2 14 30
2 15 30
2 16 30
2 17 30
2 18 30
2 19 30
2 20 30
2 21 30
2 22 30
4 23 30
1 23 29
1 23 28
1 23 27
1 23 26
1 23 25
1 23 24
1 23 23
1 23 22
1 23 21
1 23 20
0 39 37
2 38 37
2 37 37
2 36 37
2 35 37
3 34 37
0 14 34
2 13 34
3 12 34
1 12 33
1 12 32
1 12 31
0 44 38
2 43 38
2 42 38
2 41 38
2 40 38
3 39 38
0 43 34
1 43 35
1 43 36
3 43 37
5 44 37
0 16 37
2 15 37
3 14 37
1 14 36
1 14 35
0 39 3
2 40 3
2 41 3
4 42 3
6 42 2
0 38 17
3 37 17
1 37 16
1 37 15
1 37 14
1 37 13
0 19 30
0 15 42
0 18 19
1 18 20
1 18 21
1 18 22
1 18 23
1 18 24
1 18 25
1 18 26
1 18 27
1 18 28
3 18 29
5 19 29
0 11 16
1 11 17
1 11 18
3 11 19
2 12 19
2 13 19
2 14 19
2 15 19
2 16 19
2 17 19
0 9 49
2 8 49
3 7 49
1 7 48
1 7 47
1 7 46
0 48 2
2 47 2
2 46 2
2 45 2
2 44 2
0 13 48
2 12 48
2 11 48
2 10 48
6 9 48
0 7 37
0 26 21
2 25 21
3 24 21
1 24 20
5 24 19
0 35 19
2 36 19
2 37 19
4 38 19
1 38 18
0 22 23
2 21 23
2 20 23
3 19 23
1 19 22
1 19 21
1 19 20
5 19 19
0 17 47
2 16 47
2 15 47
2 14 47
6 13 47
0 21 48
2 20 48
2 19 48
2 18 48
3 17 48
0 45 5
6 44 5
1 44 6
1 44 7
4 44 8
0 10 43
2 11 43
2 12 43
2 13 43
2 14 43
4 15 43
0 25 26
4 26 26
1 26 25
1 26 24
1 26 23
1 26 22
0 6 41
1 6 40
1 6 39
1 6 38
6 6 37
0 18 24
0 21 38
2 20 38
2 19 38
2 18 38
2 17 38
3 16 38
0 1 42
4 2 42
1 2 41
1 2 40
1 2 39
6 2 38
0 0 36
1 0 37
1 0 38
1 0 39
1 0 40
1 0 41
3 0 42
0 16 16
2 15 16
2 14 16
2 13 16
2 12 16
0 43 42
4 44 42
1 44 41
1 44 40
1 44 39
0 26 16
1 26 17
1 26 18
1 26 19
1 26 20
0 29 23
2 28 23
3 27 23
1 27 22
5 27 21
0 23 31
2 22 31
2 21 31
2 20 31
3 19 31
0 14 23
3 14 24
2 15 24
2 16 24
2 17 24
0 42 47
4 43 47
1 43 46
1 43 45
1 43 44
1 43 43
0 14 13
2 13 13
3 12 13
1 12 12
5 12 11
0 4 28
6 3 28
1 3 29
1 3 30
1 3 31
0 47 44
2 46 44
3 45 44
1 45 43
1 45 42
1 45 41
1 45 40
1 45 39
5 45 38
0 8 27
1 8 28
1 8 29
3 8 30
2 9 30
2 10 30
2 11 30
0 2 48
3 1 48
1 1 47
1 1 46
1 1 45
1 1 44
1 1 43
0 36 0
1 36 1
1 36 2
3 36 3
2 37 3
2 38 3
0 32 39
2 31 39
2 30 39
2 29 39
2 28 39
2 27 39
2 26 39
6 25 39
1 25 40
1 25 41
4 25 42
0 10 20
1 10 19
1 10 18
1 10 17
6 10 16
0 42 12
4 43 12
1 43 11
1 43 10
1 43 9
0 24 36
0 30 28
3 29 28
1 29 27
1 29 26
1 29 25
1 29 24
0 27 48
2 26 48
2 25 48
2 24 48
2 23 48
2 22 48
0 32 48
2 31 48
2 30 48
2 29 48
2 28 48
0 40 44
1 40 45
1 40 46
3 40 47
2 41 47
0 35 28
2 34 28
2 33 28
2 32 28
2 31 28
0 36 32
3 35 32
1 35 31
1 35 30
1 35 29
0 47 13
2 46 13
2 45 13
2 44 13
2 43 13
3 42 13
0 27 12
0 17 11
2 16 11
2 15 11
6 14 11
1 14 12
0 30 0
2 31 0
2 32 0
2 33 0
2 34 0
2 35 0
0 27 2
2 28 2
2 29 2
4 30 2
1 30 1
0 31 11
2 30 11
2 29 11
2 28 11
6 27 11
0 34 14
1 34 15
1 34 16
1 34 17
1 34 18
3 34 19
0 31 4
2 30 4
2 29 4
2 28 4
3 27 4
1 27 3
0 49 47
2 48 47
3 47 47
1 47 46
1 47 45
0 36 23
3 35 23
1 35 22
1 35 21
1 35 20
0 15 8
1 15 9
3 15 10
2 16 10
5 17 10
0 29 37
3 29 38
2 30 38
2 31 38
5 32 38
0 19 43
2 18 43
6 17 43
1 17 44
1 17 45
1 17 46
0 33 44
6 32 44
1 32 45
1 32 46
1 32 47
0 19 35
2 18 35
2 17 35
6 16 35
1 16 36
0 24 8
2 23 8
2 22 8
2 21 8
2 20 8
2 19 8
2 18 8
2 17 8
2 16 8
0 6 17
1 6 16
1 6 15
6 6 14
2 7 14
2 8 14
2 9 14
4 10 14
1 10 13
1 10 12
6 10 11
0 36 6
2 37 6
2 38 6
4 39 6
1 39 5
1 39 4
0 4 20
2 5 20
4 6 20
1 6 19
1 6 18
0 46 32
2 45 32
2 44 32
6 43 32
1 43 33
0 13 39
1 13 40
3 13 41
2 14 41
5 15 41
0 31 34
3 31 35
2 32 35
2 33 35
5 34 35
0 41 31
1 41 32
1 41 33
3 41 34
2 42 34
0 35 41
2 34 41
2 33 41
3 32 41
1 32 40
0 21 27
4 22 27
1 22 26
1 22 25
1 22 24
0 22 3
2 23 3
2 24 3
2 25 3
4 26 3
6 26 2
0 48 37
2 47 37
3 46 37
1 46 36
1 46 35
1 46 34
1 46 33
0 0 30
1 0 31
3 0 32
2 1 32
2 2 32
0 49 29
2 48 29
2 47 29
6 46 29
1 46 30
1 46 31
0 16 27
2 15 27
2 14 27
2 13 27
6 12 27
1 12 28
1 12 29
0 47 26
1 47 27
3 47 28
2 48 28
5 49 28
0 43 23
2 42 23
2 41 23
2 40 23
2 39 23
2 38 23
2 37 23
0 49 41
2 48 41
6 47 41
1 47 42
1 47 43
0 43 16
2 42 16
2 41 16
2 40 16
2 39 16
6 38 16
0 31 16
2 30 16
2 29 16
2 28 16
2 27 16
0 46 49
2 47 49
2 48 49
4 49 49
1 49 48
0 7 22
0 20 6
2 21 6
4 22 6
1 22 5
1 22 4
0 13 5
1 13 6
1 13 7
3 13 8
2 14 8
0 18 1
1 18 2
3 18 3
2 19 3
2 20 3
2 21 3
0 4 13
1 4 14
1 4 15
1 4 16
3 4 17
2 5 17
0 37 46
2 38 46
4 39 46
1 39 45
6 39 44
-1
-1
-1
-1
-1
-1
-1
-1
-1
-1
-1
-1
-1
-1
-1
-1
-1
-1
-1
-1
-1
-1
-1
-1
-1
-1
-1
-1
-1
-1
-1
-1
-1
-1
-1
-1
-1
-1
-1
-1
-1
-1
-1
-1
-1
-1
-1
-1
-1
-1
-1
-1
-1
-1
-1
-1
-1
-1
-1
-1
-1
-1
-1
-1
-1
-1
-1
-1
-1
-1
-1
-1
