88 88
2 2
2 4
3 3
4 5
6 6
6 7
7 8
8 9
10 10
11 11
13 13
12 12
14 14
14 16
15 15
17 17
17 20
18 18
19 19
21 21
21 22
22 24
23 23
25 25
25 26
26 27
28 28
28 29
29 30
30 31
32 32
32 36
33 33
34 34
35 35
37 37
37 38
39 39
39 40
40 41
41 42
43 43
45 45
44 44
45 46
46 47
48 48
48 49
49 50
51 51
51 52
54 54
53 53
55 55
56 56
57 57
58 58
59 59
59 62
60 60
61 61
62 63
65 65
64 64
65 67
66 66
67 69
68 68
69 70
70 71
71 72
72 73
74 74
74 75
76 76
77 77
77 78
78 81
79 79
80 80
81 82
82 83
84 84
85 85
86 86
86 87
88 88
89 89
89 90
91 91
91 93
92 92
93 94
95 95
95 96
96 97
97 98
98 99
1 1
