? 9 693 612 455 410 331 435 66 598 556 
? 9 89 772 641 581 310 322 230 595 594 
? 9 186 302 582 527 430 22 99 468 407 
? 9 13 721 70 688 725 24 698 326 687 
? 9 416 132 729 541 231 780 750 544 73 
? 9 36 150 771 109 314 224 614 690 17 
? 9 482 434 588 242 398 689 42 477 307 
? 9 403 640 47 788 204 523 339 634 445 
? 9 344 67 673 487 503 605 347 128 165 
? 9 371 514 505 739 486 611 110 205 535 
? 9 268 627 769 168 414 764 359 580 785 
? 9 683 420 621 624 7 267 295 105 740 
? 9 83 29 389 512 483 300 160 233 273 
? 9 522 52 558 392 553 625 591 670 127 
? 9 271 141 79 656 717 370 402 92 491 
? 9 422 317 493 409 220 20 294 765 91 
? 9 12 752 699 192 320 395 172 136 701 
? 9 517 364 201 350 74 214 259 691 632 
? 9 120 103 2 4 84 9 488 63 757 
? 9 444 397 90 548 375 283 213 682 401 
? 9 658 48 423 133 469 164 77 499 777 
? 9 119 494 178 463 443 351 587 413 135 
? 9 702 790 304 426 446 722 724 243 601 
? 9 104 111 0 633 250 244 696 436 703 
? 9 367 796 15 210 452 791 405 16 610 
? 9 735 274 700 336 246 712 480 485 783 
? 9 377 644 87 704 316 498 720 608 495 
? 9 219 475 429 43 515 774 761 328 540 
? 9 694 80 81 140 742 615 223 187 106 
? 9 306 433 33 511 381 794 686 157 776 
? 9 155 245 177 27 263 755 296 584 312 
? 9 508 276 153 543 288 715 767 546 551 
? 9 279 793 457 298 58 345 107 723 125 
? 9 528 631 138 578 473 672 35 37 193 
? 9 6 563 504 492 272 471 62 101 760 
? 9 60 518 454 275 280 576 355 797 734 
? 9 340 665 21 539 568 412 315 189 419 
? 9 779 118 768 376 714 695 526 472 330 
? 9 502 131 585 88 200 743 19 747 290 
? 9 400 372 799 781 460 53 555 530 59 
? 9 228 466 137 292 8 736 199 122 574 
? 9 357 450 626 666 151 711 362 195 270 
? 9 583 554 174 207 675 161 500 766 533 
? 9 134 76 428 565 341 391 221 311 507 
? 9 123 18 253 303 620 418 57 753 603 
? 9 662 65 387 545 34 360 129 218 86 
? 9 599 592 249 679 638 252 240 188 1 
? 9 38 114 417 211 732 194 378 145 25 
? 9 564 349 542 509 31 745 646 323 385 
? 9 124 664 258 217 85 175 710 411 532 
? 9 562 744 490 93 354 623 226 247 630 
? 9 50 464 343 139 23 82 95 71 239 
? 9 229 342 232 496 55 299 235 730 222 
? 9 636 180 365 520 749 441 552 5 531 
? 9 197 225 236 431 639 374 561 707 130 
? 9 96 667 406 309 516 650 559 313 173 
? 9 51 770 513 237 260 384 28 547 198 
? 9 209 408 589 653 566 751 733 102 510 
? 9 147 616 183 379 282 448 185 674 78 
? 9 257 208 746 352 393 597 467 117 181 
? 9 356 44 346 440 212 524 655 525 353 
? 9 593 386 709 191 663 762 383 758 146 
? 9 660 669 61 179 534 49 324 14 115 
? 9 506 692 787 158 287 657 786 708 278 
? 9 557 156 637 363 332 538 404 716 647 
? 9 361 649 570 261 262 215 196 265 439 
? 9 697 121 462 569 269 394 358 731 286 
? 9 784 719 685 629 789 366 325 659 609 
? 9 705 148 782 149 590 442 470 382 154 
? 9 677 176 348 447 567 368 319 654 560 
? 9 775 600 305 285 112 216 479 255 264 
? 9 94 388 661 45 645 284 741 329 75 
? 9 681 763 474 461 396 613 415 536 671 
? 9 635 184 54 537 266 72 26 333 680 
? 9 706 586 617 642 421 497 619 684 338 
? 9 550 606 39 602 327 519 484 116 46 
? 9 41 437 678 643 142 577 798 241 628 
? 9 167 773 737 254 281 182 203 152 390 
? 9 618 476 596 380 297 651 489 604 190 
? 9 373 100 238 108 170 713 754 163 432 
? 9 575 56 458 10 69 98 424 607 399 
? 9 113 727 171 277 32 97 501 126 572 
? 9 425 529 478 289 652 166 369 648 453 
? 9 521 143 227 449 64 308 795 248 438 
? 9 335 169 459 728 206 456 293 718 465 
? 9 726 668 337 256 622 778 481 3 748 
? 9 234 159 549 792 11 756 162 144 68 
? 9 40 291 759 321 30 571 573 579 451 
? 9 693 67 612 455 410 331 403 435 66 
? 9 689 398 242 598 434 556 89 772 641 
? 9 581 310 17 322 230 595 109 594 186 
? 9 302 582 527 430 22 99 73 468 407 
? 9 13 721 70 688 725 24 698 687 326 
? 9 522 273 233 160 416 132 729 541 231 
? 9 780 750 483 512 544 389 36 150 83 
? 9 771 740 105 295 314 224 267 614 7 
? 9 690 482 624 621 420 683 580 588 764 
? 9 414 168 42 769 477 627 268 307 640 
? 9 47 788 535 205 204 110 486 739 523 
? 9 339 634 445 514 371 344 165 347 605 
? 9 487 673 503 128 4 2 103 120 632 
? 9 691 505 259 611 214 74 350 201 364 
? 9 517 701 359 136 172 395 320 192 699 
? 9 785 752 12 91 765 294 20 220 777 
? 9 409 493 463 317 422 491 92 402 29 
? 9 370 717 702 656 79 141 271 127 670 
? 9 591 625 553 392 300 558 52 601 243 
? 9 724 0 722 446 633 426 367 304 790 
? 9 796 15 210 452 135 405 16 413 587 
? 9 351 443 178 494 119 274 499 77 164 
? 9 469 133 712 423 48 485 658 401 682 
? 9 213 377 283 644 375 548 90 720 397 
? 9 444 757 63 488 9 515 84 761 774 
? 9 328 540 694 43 429 80 140 742 475 
? 9 219 615 223 187 495 608 106 306 433 
? 9 33 511 498 381 316 704 794 87 686 
? 9 783 480 157 776 246 155 336 245 700 
? 9 27 263 755 735 584 610 312 791 703 
? 9 436 153 696 543 244 250 715 767 111 
? 9 104 546 551 279 793 457 288 298 574 
? 9 58 276 345 107 723 125 528 508 631 
? 9 138 578 473 672 292 35 37 296 193 
? 9 137 6 563 504 492 177 272 59 471 
? 9 62 555 101 760 60 518 454 275 280 
? 9 576 355 797 734 340 665 21 539 568 
? 9 412 315 189 131 419 779 81 118 768 
? 9 376 714 620 695 526 472 330 502 123 
? 9 585 88 200 311 221 341 743 19 428 
? 9 76 134 533 766 500 747 290 400 161 
? 9 372 799 781 460 53 530 228 466 8 
? 9 736 554 199 122 357 450 151 258 664 
? 9 626 666 124 385 323 646 745 711 362 
? 9 509 195 270 542 583 349 564 145 378 
? 9 194 732 114 38 1 188 174 207 252 
? 9 675 679 249 592 599 86 218 129 565 
? 9 360 34 545 391 387 65 507 662 753 
? 9 18 253 303 57 418 639 561 431 236 
? 9 225 603 197 531 406 5 552 441 749 
? 9 520 365 180 636 222 730 235 299 51 
? 9 55 638 496 770 232 342 229 240 237 
? 9 239 71 95 82 23 139 384 343 198 
? 9 417 464 211 50 630 247 226 623 354 
? 9 93 490 744 25 562 532 411 710 733 
? 9 102 31 175 85 217 183 379 616 448 
? 9 147 78 257 510 746 751 566 393 653 
? 9 597 589 408 209 44 547 28 346 260 
? 9 440 513 524 655 173 525 353 593 313 
? 9 386 559 709 191 650 516 663 309 383 
? 9 758 146 667 96 130 707 534 374 49 
? 9 324 179 14 115 61 669 660 506 762 
? 9 692 787 158 287 657 786 212 708 278 
? 9 557 637 363 356 181 117 467 332 538 
? 9 352 404 716 647 361 649 570 208 261 
? 9 674 185 215 196 265 282 439 697 121 
? 9 462 569 269 394 604 358 731 286 262 
? 9 596 784 719 685 629 789 366 325 281 
? 9 659 609 705 773 798 148 142 782 149 
? 9 590 442 470 156 41 382 519 327 154 
? 9 677 176 348 447 567 368 421 617 319 
? 9 654 706 333 560 26 72 775 600 305 
? 9 285 537 112 671 216 479 461 681 255 
? 9 264 94 388 45 661 645 726 284 741 
? 9 329 465 718 293 456 75 763 474 396 
? 9 613 415 536 635 184 54 206 248 795 
? 9 308 266 449 227 143 680 586 642 648 
? 9 497 369 619 652 684 289 338 478 550 
? 9 606 39 425 572 602 126 484 116 46 
? 9 437 501 678 643 97 32 577 241 628 
? 9 167 171 727 737 607 254 424 98 69 
? 9 182 10 458 56 575 203 152 390 618 
? 9 476 380 297 754 713 651 489 190 170 
? 9 108 373 100 238 427 738 202 163 334 
? 9 301 432 251 676 318 451 579 399 573 
? 9 113 277 571 30 321 759 529 291 40 
? 9 166 68 144 453 521 162 64 438 756 
? 9 11 792 549 335 169 159 234 459 728 
? 9 673 693 67 344 612 445 455 410 634 
? 9 339 523 739 486 204 788 331 47 640 
? 9 403 307 435 66 477 42 689 398 242 
? 9 598 588 434 556 420 89 482 772 641 
? 9 581 310 17 690 614 224 322 230 314 
? 9 595 109 594 186 771 302 83 150 582 
? 9 527 36 430 22 99 73 544 750 468 
? 9 780 407 231 13 721 541 729 70 132 
? 9 688 725 416 24 698 687 160 326 52 
? 9 522 273 233 558 300 392 553 446 625 
? 9 591 670 127 483 512 389 271 141 79 
? 9 656 702 717 370 29 402 413 92 491 
? 9 422 740 317 463 493 105 494 119 409 
? 9 295 777 220 267 20 7 294 765 91 
? 9 12 752 624 133 621 683 785 580 699 
? 9 192 320 395 172 136 359 764 701 517 
? 9 414 168 364 201 350 769 627 268 74 
? 9 535 214 205 110 444 611 259 505 691 
? 9 632 120 103 514 371 2 165 4 128 
? 9 9 347 605 503 487 761 774 84 328 
? 9 515 43 429 488 742 475 63 219 757 
? 9 187 495 608 106 397 433 720 33 498 
? 9 381 90 548 316 704 794 375 87 644 
? 9 283 377 213 682 401 658 783 485 480 
? 9 48 157 423 712 469 164 776 246 336 
? 9 245 77 700 499 274 178 443 351 735 
? 9 587 584 610 312 16 405 135 791 452 
? 9 210 15 796 790 304 367 703 436 696 
? 9 426 543 244 250 633 722 767 0 724 
? 9 111 104 243 601 546 551 279 793 457 
? 9 715 288 298 574 58 153 276 345 122 
? 9 107 723 125 528 508 631 138 736 578 
? 9 473 672 292 35 37 296 193 755 263 
? 9 137 27 6 563 504 492 177 272 59 
? 9 471 62 155 530 555 101 760 60 686 
? 9 290 518 454 747 275 280 576 355 797 
? 9 734 340 511 665 21 743 539 568 412 
? 9 306 315 189 131 502 223 615 419 779 
? 9 140 81 80 118 768 694 376 540 714 
? 9 418 620 695 303 253 18 526 472 330 
? 9 123 662 507 585 65 88 200 311 221 
? 9 391 545 34 341 360 19 565 428 76 
? 9 134 129 533 766 500 86 599 249 400 
? 9 161 675 372 252 799 207 174 781 460 
? 9 1 53 38 228 466 732 194 145 8 
? 9 554 564 349 199 583 270 195 362 711 
? 9 745 357 323 450 151 666 626 664 258 
? 9 124 385 217 85 616 175 147 646 510 
? 9 31 102 509 733 542 710 411 532 562 
? 9 25 744 490 93 354 623 226 378 589 
? 9 247 630 408 50 211 464 417 114 209 
? 9 198 343 547 28 384 139 260 23 82 
? 9 95 188 71 239 237 240 229 513 342 
? 9 232 770 496 638 679 55 51 592 173 
? 9 299 218 235 730 222 313 636 559 180 
? 9 650 365 520 309 387 749 441 552 5 
? 9 406 531 197 667 603 96 225 236 707 
? 9 431 753 57 561 639 49 374 324 534 
? 9 130 179 14 115 61 669 660 146 758 
? 9 383 762 692 663 516 191 709 386 787 
? 9 158 287 657 593 353 786 525 655 524 
? 9 212 708 278 557 440 637 346 44 356 
? 9 181 117 467 597 538 653 393 352 566 
? 9 751 716 647 361 649 746 570 208 261 
? 9 257 78 674 185 448 215 196 265 282 
? 9 379 183 439 100 697 373 121 462 569 
? 9 269 394 190 604 651 358 731 286 262 
? 9 380 596 618 390 152 784 719 685 629 
? 9 404 789 182 366 325 281 254 659 609 
? 9 705 737 332 773 167 628 798 148 142 
? 9 782 363 149 590 442 470 156 437 41 
? 9 46 116 382 484 519 327 602 154 39 
? 9 606 550 677 176 348 338 684 447 619 
? 9 567 368 497 421 642 617 319 654 706 
? 9 680 333 560 26 72 775 266 600 305 
? 9 285 537 54 506 184 635 112 671 415 
? 9 613 216 479 396 461 474 763 681 75 
? 9 255 741 264 284 94 388 645 45 661 
? 9 726 668 337 256 329 465 718 293 456 
? 9 622 778 481 3 536 206 748 728 459 
? 9 234 159 169 335 549 792 11 756 438 
? 9 248 795 308 64 449 227 143 162 521 
? 9 586 453 648 144 369 68 166 652 289 
? 9 40 291 478 529 425 572 126 759 321 
? 9 501 678 643 97 32 577 30 571 241 
? 9 277 171 727 113 573 399 579 607 424 
? 9 98 69 10 458 56 451 318 676 251 
? 9 575 432 301 203 334 476 163 202 297 
? 9 673 487 503 605 347 693 128 67 165 
? 9 344 371 514 612 445 455 410 634 339 
? 9 523 632 691 505 739 486 611 110 204 
? 9 205 535 788 331 47 640 403 307 435 
? 9 268 627 66 477 769 201 42 168 689 
? 9 414 764 359 398 242 598 588 434 556 
? 9 580 785 683 420 621 89 624 482 772 
? 9 641 581 310 17 690 7 614 267 224 
? 9 322 230 314 295 595 409 105 109 594 
? 9 740 186 771 302 83 150 582 29 717 
? 9 527 656 36 430 22 99 389 73 544 
? 9 512 483 750 468 780 407 231 13 721 
? 9 541 729 70 625 132 688 553 392 725 
? 9 416 24 698 687 300 160 233 273 522 
? 9 52 326 601 243 104 111 558 724 0 
? 9 767 722 446 591 633 250 244 543 426 
? 9 696 670 127 436 271 703 367 304 141 
? 9 790 796 15 210 79 452 702 791 135 
? 9 370 405 16 312 402 413 610 92 491 
? 9 584 587 735 422 351 443 317 463 178 
? 9 493 494 119 777 274 220 499 20 700 
? 9 77 294 245 765 91 12 336 246 776 
? 9 752 164 469 133 712 423 157 48 480 
? 9 485 699 783 658 401 682 213 192 320 
? 9 395 172 377 136 283 644 87 375 701 
? 9 517 794 364 704 350 316 548 90 381 
? 9 498 33 720 433 74 397 214 444 259 
? 9 106 608 495 187 120 103 757 2 219 
? 9 63 475 742 4 488 429 9 43 515 
? 9 328 84 774 761 714 540 620 376 694 
? 9 695 768 118 80 81 140 526 472 330 
? 9 779 419 615 223 502 123 131 189 315 
? 9 306 585 88 200 311 221 412 568 539 
? 9 341 21 743 665 19 511 340 734 797 
? 9 355 428 76 576 134 533 766 280 500 
? 9 275 747 454 518 290 400 161 372 686 
? 9 799 60 781 760 460 101 53 555 530 
? 9 155 62 471 59 272 228 177 492 466 
? 9 504 563 6 27 137 263 755 193 296 
? 9 37 35 292 672 473 578 8 736 138 
? 9 631 554 508 528 125 723 107 199 122 
? 9 345 276 153 58 574 298 288 357 715 
? 9 457 793 450 151 279 551 546 258 664 
? 9 626 666 124 385 217 85 616 175 323 
? 9 147 646 510 745 31 711 362 102 509 
? 9 733 195 270 542 583 349 710 411 564 
? 9 532 562 25 744 490 145 93 354 623 
? 9 226 378 194 589 247 630 732 408 50 
? 9 211 464 417 114 209 198 38 343 547 
? 9 28 384 139 260 23 1 82 95 188 
? 9 71 174 239 207 237 240 252 675 229 
? 9 513 342 232 770 496 638 679 55 51 
? 9 249 592 173 599 86 299 218 235 129 
? 9 730 222 313 565 636 360 559 180 650 
? 9 34 365 545 391 520 309 387 65 749 
? 9 441 552 507 5 406 662 531 197 667 
? 9 603 96 225 236 707 431 753 18 253 
? 9 303 57 561 639 418 388 49 374 264 
? 9 324 534 130 179 14 115 61 669 479 
? 9 216 660 146 112 758 506 383 762 692 
? 9 663 285 305 516 191 709 600 386 787 
? 9 158 775 560 287 657 593 654 319 353 
? 9 786 525 655 524 368 567 447 212 348 
? 9 176 677 708 278 154 557 382 440 156 
? 9 470 637 590 149 363 346 782 44 356 
? 9 181 117 467 332 609 659 325 597 538 
? 9 653 393 352 789 566 751 404 716 647 
? 9 685 361 719 784 649 746 570 208 261 
? 9 257 262 78 674 731 185 448 215 196 
? 9 269 569 462 121 265 282 439 379 183 
? 9 238 100 697 373 108 427 170 394 738 
? 9 190 604 489 651 358 286 713 754 297 
? 9 380 596 202 163 476 334 618 390 152 
? 9 203 301 432 575 629 251 676 318 451 
? 9 56 458 10 182 366 69 98 281 424 
? 9 254 607 705 737 579 773 399 573 113 
? 9 727 171 167 277 628 241 798 571 30 
? 9 577 148 142 32 97 442 643 678 501 
? 9 321 759 437 41 46 116 484 126 519 
? 9 327 602 572 425 529 39 606 550 478 
? 9 291 40 338 289 684 652 619 166 68 
? 9 369 497 144 421 648 642 453 617 586 
? 9 521 706 680 162 143 333 227 26 72 
? 9 449 64 266 308 795 248 438 756 11 
? 9 792 549 335 169 159 234 459 728 748 
? 9 206 537 54 184 635 671 536 415 613 
? 9 3 396 481 461 474 763 778 681 622 
? 9 75 456 293 718 255 465 329 741 284 
? 9 761 774 84 673 487 328 503 605 515 
? 9 43 347 9 429 693 488 128 67 4 
? 9 742 475 165 344 63 219 2 371 514 
? 9 757 612 103 445 455 410 120 634 339 
? 9 187 495 523 632 691 608 106 505 739 
? 9 259 486 611 444 110 204 205 214 535 
? 9 788 331 47 397 640 403 74 307 433 
? 9 435 720 33 268 498 627 381 90 66 
? 9 477 769 548 316 350 704 201 42 364 
? 9 168 794 689 414 517 701 375 764 87 
? 9 644 283 359 136 377 398 172 395 242 
? 9 320 192 598 588 213 434 556 682 401 
? 9 658 783 699 485 480 580 48 157 785 
? 9 683 420 423 621 712 133 89 469 624 
? 9 164 752 482 776 246 772 641 336 12 
? 9 581 91 310 765 245 294 17 690 7 
? 9 77 614 700 20 499 267 220 224 322 
? 9 274 777 230 314 295 595 409 119 494 
? 9 105 109 493 594 178 463 317 740 186 
? 9 443 771 351 422 735 587 584 491 92 
? 9 610 302 83 413 402 150 582 312 29 
? 9 16 405 370 135 791 717 527 702 656 
? 9 452 79 210 36 15 796 790 141 304 
? 9 367 703 430 22 271 99 389 73 436 
? 9 544 512 483 127 750 670 696 426 543 
? 9 468 780 407 231 13 721 244 250 633 
? 9 541 729 70 591 625 132 446 688 722 
? 9 553 392 725 767 0 416 24 698 687 
? 9 724 300 160 558 233 273 522 111 52 
? 9 104 243 326 601 258 664 626 666 124 
? 9 546 551 279 385 217 85 616 151 450 
? 9 175 793 323 457 147 715 357 646 510 
? 9 745 288 31 298 711 362 102 574 509 
? 9 733 195 58 153 270 542 276 583 345 
? 9 122 199 107 723 349 710 125 411 528 
? 9 564 532 508 554 631 562 138 736 8 
? 9 578 25 744 473 490 672 145 93 292 
? 9 354 623 226 35 378 194 589 37 247 
? 9 296 193 755 630 263 732 137 27 408 
? 9 50 6 211 563 464 504 417 114 209 
? 9 466 492 198 177 228 38 343 547 28 
? 9 384 272 59 139 260 471 62 155 530 
? 9 23 555 53 1 82 101 95 460 188 
? 9 760 781 71 60 174 239 207 237 799 
? 9 240 252 686 372 675 229 161 513 400 
? 9 342 232 770 496 290 638 679 518 454 
? 9 55 51 249 747 592 173 275 599 86 
? 9 500 280 299 766 218 533 235 129 134 
init_score -1.60812e+06
final_score: -2.38163e+06
times: 36573
update: 383
accept: 12
!
344 371 410 445 455 612 634 693 757 
344 693
344 757
344 371
371 445
410 455
410 693
445 634
455 612
2 47 204 307 331 339 403 435 514 523 640 788 
2 204
2 514
47 640
47 788
204 788
307 640
331 403
339 523
339 514
403 640
403 435
42 66 242 398 434 477 689 
42 689
42 477
66 477
242 398
242 434
398 689
556 588 598 
556 598
588 598
785 
17 89 310 482 581 614 641 690 772 
17 614
17 581
89 641
310 641
482 772
581 772
614 690
641 772
109 224 230 314 322 595 
109 314
224 314
224 322
230 322
230 595
36 83 
36 83
186 527 582 594 
186 582
186 594
527 582
302 
150 771 
150 771
22 73 99 544 750 
22 99
22 73
73 750
544 750
430 
698 
780 
231 
13 407 
13 407
688 
132 416 541 
132 541
416 541
729 
70 468 721 
70 721
468 721
24 52 160 233 326 522 558 687 725 
24 687
24 725
52 558
52 233
160 687
160 558
326 522
522 558
141 271 273 300 389 392 426 446 483 512 553 591 670 
141 670
141 271
141 389
273 300
300 392
389 512
392 553
426 446
426 670
426 591
483 512
553 591
656 
29 79 92 127 370 402 413 491 702 717 
29 717
79 370
79 127
92 402
92 491
127 717
370 702
370 402
402 413
317 463 493 740 
317 740
317 493
463 493
178 
7 20 91 105 119 267 294 295 409 494 499 765 777 
7 267
7 765
20 294
20 499
91 294
91 765
105 295
119 494
119 777
267 295
295 409
499 777
133 420 469 621 683 752 
133 469
420 683
420 469
469 752
621 683
580 624 
580 624
136 172 192 320 359 395 699 
136 172
136 395
172 359
192 320
192 699
320 395
168 201 350 364 414 517 627 701 764 769 
168 414
168 769
201 364
201 350
201 414
364 517
414 764
517 701
627 769
74 268 
74 268
103 110 120 205 214 259 444 486 505 535 611 632 691 739 
103 120
110 535
110 486
120 632
120 611
205 535
214 486
259 739
444 611
486 505
505 691
632 691
632 739
165 503 605 
165 605
503 605
347 487 
347 487
4 67 128 
4 128
4 67
43 475 673 
43 475
43 673
9 84 742 
9 84
9 742
540 694 
540 694
515 761 
515 761
219 429 
219 429
63 488 
63 488
397 
106 608 
106 608
187 495 
187 495
33 90 316 381 433 498 548 704 720 794 
33 498
33 433
90 548
90 720
316 704
316 381
381 498
498 720
704 794
87 377 644 
87 644
377 644
213 283 375 682 
213 375
283 682
375 682
12 48 77 157 164 220 245 246 274 336 351 401 423 443 480 485 584 587 658 700 712 776 783 
12 246
12 164
48 658
48 423
48 164
77 700
77 220
157 480
245 336
245 700
246 336
274 700
274 587
336 776
351 443
401 658
423 712
423 485
443 587
443 584
480 783
480 712
422 735 
422 735
16 135 312 405 610 703 791 
16 405
135 405
312 791
312 610
405 791
405 703
625 
304 452 790 796 
304 790
304 452
452 796
0 15 104 210 244 250 367 436 543 633 696 715 722 724 767 
0 633
15 210
104 543
210 367
244 250
244 436
250 633
367 696
436 696
543 767
633 722
715 722
715 767
722 724
243 601 
243 601
58 111 279 546 551 793 
58 551
111 793
279 546
279 793
546 551
298 345 457 
298 457
298 345
276 288 
276 288
35 37 107 122 125 138 153 199 508 528 574 631 723 
35 125
37 138
107 508
107 528
107 723
122 199
125 631
125 508
138 631
153 574
199 723
199 574
473 578 672 
473 672
578 672
6 
27 193 263 296 755 
27 755
27 193
193 263
296 755
554 
563 
137 471 504 
137 504
471 504
155 177 492 
155 492
177 492
228 
62 272 
62 272
53 460 
53 460
60 101 454 518 686 760 
60 760
60 101
60 686
454 518
518 686
275 280 290 747 
275 280
275 747
275 290
21 340 341 355 511 568 576 665 734 797 
21 340
21 341
340 355
340 797
511 734
568 665
576 797
665 734
734 797
131 306 
131 306
412 539 
412 539
80 81 118 140 189 223 315 376 419 502 615 714 768 779 
80 140
80 615
80 81
118 376
118 714
140 768
189 419
223 615
315 502
315 779
376 768
419 502
768 779
328 774 
328 774
18 418 
18 418
65 123 225 330 472 526 603 620 662 695 
65 662
65 123
123 330
225 603
330 472
330 620
472 526
526 695
603 620
88 200 221 311 585 
88 200
88 221
200 311
311 585
545 
19 34 360 387 391 565 743 
19 743
34 360
34 387
360 565
387 391
391 743
76 129 428 592 766 
76 766
129 766
129 592
428 592
134 161 174 207 249 372 400 500 533 599 
134 599
134 500
161 207
174 400
174 207
249 599
372 400
400 500
500 533
555 781 799 
555 781
781 799
240 252 
240 252
1 
59 530 
59 530
38 145 194 292 466 732 
38 466
145 194
145 292
194 732
466 732
8 195 542 583 736 
8 195
8 736
195 542
195 583
270 349 
270 349
151 323 357 362 385 450 711 
151 450
151 323
323 385
357 450
362 711
385 711
124 
102 217 258 616 626 646 664 666 
102 217
102 646
217 616
258 664
626 664
646 666
664 666
31 85 147 175 411 509 510 710 733 745 
31 509
31 147
31 745
85 510
85 175
147 733
147 510
411 509
411 710
564 
93 226 247 532 562 744 
93 744
93 532
226 744
226 247
532 562
25 354 378 490 589 623 630 
25 490
25 623
354 378
354 490
378 630
589 623
50 114 209 211 408 417 
50 408
50 209
114 417
209 417
211 417
23 198 343 547 
23 343
23 198
23 547
28 71 82 95 139 188 229 237 239 260 342 384 464 513 675 
28 384
28 464
71 239
71 95
71 188
82 95
82 139
95 237
139 384
139 260
229 513
229 237
229 342
239 675
173 638 
173 638
55 232 496 679 
55 232
232 496
496 679
51 222 235 299 730 770 
51 730
51 770
222 299
235 730
299 730
86 218 365 
86 218
218 365
660 
180 197 309 386 441 507 520 636 650 
180 520
180 650
180 636
197 441
197 507
309 650
386 650
441 520
5 531 
5 531
406 552 749 
406 552
552 749
57 96 236 253 303 374 431 561 639 667 753 
57 639
57 303
96 667
96 374
236 431
236 753
253 303
303 753
374 431
374 561
61 130 179 
61 179
61 130
49 
14 115 324 534 669 
14 669
14 534
115 669
115 324
707 
146 383 663 758 762 
146 758
383 762
383 758
663 758
191 287 313 516 559 657 692 709 787 
191 709
287 657
313 709
313 559
516 709
516 787
657 787
692 787
158 
212 278 353 524 525 593 655 708 
212 655
212 278
212 524
278 708
353 655
525 593
525 655
44 346 356 440 557 786 
44 346
346 356
346 440
440 557
557 786
637 
117 181 467 
117 467
117 181
352 393 566 653 716 751 
352 716
393 751
566 751
653 751
716 751
78 121 196 208 215 257 261 265 282 361 404 439 448 570 597 647 649 674 746 
78 257
121 196
121 439
196 282
196 215
208 570
208 257
208 649
215 448
215 674
257 674
261 570
261 746
265 439
361 570
404 647
597 649
647 746
262 269 489 651 
262 269
262 651
489 651
183 185 190 297 379 394 462 569 697 713 731 
183 379
185 731
185 462
190 297
190 713
190 394
379 569
394 731
394 697
462 569
152 286 358 390 
152 390
286 358
286 390
182 281 325 366 380 476 538 596 618 685 719 784 789 
182 366
281 366
325 366
366 789
380 618
380 476
476 784
538 685
596 719
685 719
685 789
784 789
609 659 
609 659
254 
332 705 
332 705
97 167 737 773 798 
97 167
167 798
167 773
737 773
363 
142 148 156 442 590 782 
142 148
148 442
148 782
156 590
590 782
46 116 149 154 382 437 470 484 519 
46 484
116 484
116 519
116 470
116 437
149 382
149 470
154 382
602 606 
602 606
126 425 478 501 
126 425
425 478
478 501
176 338 447 550 677 684 
176 677
176 550
338 684
447 677
447 684
348 368 567 
348 368
368 567
319 421 617 
319 421
421 617
497 642 654 706 
497 706
642 706
642 654
333 560 680 
333 680
333 560
72 600 
72 600
26 305 775 
26 775
305 775
54 75 415 537 
54 415
75 537
415 537
45 94 112 184 216 255 264 266 284 285 396 461 474 479 506 613 635 645 661 671 681 741 763 
45 94
45 661
94 741
112 506
112 285
184 635
216 461
216 285
255 479
255 284
264 741
266 613
284 645
396 763
396 613
396 461
461 479
474 763
613 671
635 671
645 661
681 763
256 329 337 622 668 726 
256 337
256 622
329 622
337 668
622 726
388 
748 
3 11 64 159 169 206 234 248 293 308 335 438 449 456 459 465 481 536 549 718 728 756 778 792 795 
3 481
3 778
11 792
64 438
64 756
159 234
159 549
159 778
169 728
169 335
206 728
206 536
234 459
248 308
293 456
293 718
308 795
308 449
438 795
459 728
465 481
465 718
549 792
756 792
162 
68 143 144 227 521 586 648 
68 521
68 144
68 648
143 521
227 521
586 648
40 166 289 369 453 652 
40 453
166 453
166 652
289 369
369 652
291 
39 321 327 529 572 619 759 
39 327
39 619
321 759
327 572
529 572
529 759
41 
32 643 678 
32 678
32 643
171 607 
171 607
30 241 571 577 628 
30 571
241 577
571 628
577 628
573 579 
573 579
113 399 
113 399
10 98 277 424 458 727 
10 458
98 727
98 458
98 424
277 727
56 69 202 203 251 318 334 432 451 575 629 676 
56 251
56 69
202 676
202 334
203 575
203 629
251 676
251 432
318 676
318 451
432 575
738 
108 163 170 373 427 604 754 
108 754
108 373
163 754
170 427
170 373
604 754
100 238 
100 238
301 
Score = 402890
