? 9 391 11 513 94 640 145 488 494 337 
? 9 751 88 554 315 122 474 402 783 430 
? 9 51 786 172 62 250 130 749 662 692 
? 9 18 660 269 600 387 410 533 768 687 
? 9 300 135 296 113 291 339 198 312 366 
? 9 74 76 524 33 792 671 510 43 133 
? 9 236 54 50 735 29 576 333 788 35 
? 9 798 522 717 698 203 382 73 476 519 
? 9 116 568 345 469 675 4 156 200 214 
? 9 503 115 616 235 266 275 415 577 188 
? 9 87 486 41 371 501 495 309 372 679 
? 9 234 701 579 152 691 545 176 349 521 
? 9 377 548 608 7 588 709 253 593 448 
? 9 603 299 453 108 208 237 759 704 785 
? 9 590 143 417 536 752 392 119 601 635 
? 9 210 591 159 694 535 223 573 132 555 
? 9 215 180 259 44 683 226 688 772 756 
? 9 597 77 175 745 224 509 428 287 429 
? 9 190 23 610 378 728 787 217 37 685 
? 9 696 131 760 706 72 319 767 492 370 
? 9 755 707 128 757 634 65 705 57 747 
? 9 633 165 355 401 700 381 341 281 26 
? 9 599 231 557 338 719 776 290 17 527 
? 9 221 563 438 323 353 560 394 184 543 
? 9 538 107 595 500 257 112 12 721 780 
? 9 351 542 160 204 790 104 317 46 147 
? 9 540 398 24 775 243 256 677 478 733 
? 9 174 796 56 118 458 248 365 311 413 
? 9 274 606 729 444 49 537 652 589 436 
? 9 420 2 170 769 67 693 421 81 587 
? 9 649 28 40 734 388 39 153 343 264 
? 9 361 473 762 395 168 326 502 310 352 
? 9 454 505 518 738 427 303 196 434 632 
? 9 219 142 770 101 715 466 581 668 320 
? 9 206 483 643 327 368 459 661 669 602 
? 9 797 481 103 407 186 549 452 55 100 
? 9 657 731 416 529 129 141 306 144 506 
? 9 779 182 722 302 646 358 383 346 547 
? 9 629 627 570 262 99 329 121 604 441 
? 9 25 246 105 123 523 316 15 252 134 
? 9 489 161 774 795 546 763 561 373 674 
? 9 10 630 278 45 109 228 255 93 609 
? 9 539 670 357 655 297 162 477 66 425 
? 9 605 650 531 273 567 667 340 335 623 
? 9 636 406 211 648 288 487 712 544 292 
? 9 124 157 48 676 761 199 532 732 403 
? 9 419 240 422 242 193 271 664 279 91 
? 9 166 318 379 360 178 515 14 654 512 
? 9 83 70 585 350 572 720 784 225 673 
? 9 771 443 496 658 9 596 276 359 562 
? 9 737 789 534 456 471 637 569 699 385 
? 9 724 31 465 136 331 511 85 558 390 
? 9 445 263 508 285 163 672 1 386 550 
? 9 293 5 32 53 433 389 195 620 220 
? 9 743 663 22 27 173 726 463 472 753 
? 9 137 261 183 730 684 239 446 708 447 
? 9 516 330 431 686 374 414 656 470 181 
? 9 741 229 155 739 631 187 520 468 289 
? 9 432 138 149 336 177 8 409 260 642 
? 9 347 497 13 440 615 280 106 158 169 
? 9 460 21 127 86 773 716 765 305 528 
? 9 617 641 423 727 437 202 764 746 254 
? 9 455 38 150 120 711 653 295 205 405 
? 9 744 286 233 90 245 241 304 580 628 
? 9 59 682 461 20 376 30 258 647 625 
? 9 79 216 324 678 799 624 399 42 490 
? 9 362 485 213 703 480 354 232 598 19 
? 9 493 185 75 594 63 618 517 334 369 
? 9 622 82 613 282 34 564 64 367 690 
? 9 151 68 126 267 426 559 148 566 614 
? 9 125 189 16 80 575 69 52 451 680 
? 9 375 212 449 230 325 322 222 314 723 
? 9 58 139 645 47 272 393 111 140 578 
? 9 467 475 781 209 192 418 301 284 718 
? 9 247 498 179 265 442 218 553 435 78 
? 9 626 457 424 525 552 666 681 526 84 
? 9 584 251 565 244 313 97 348 450 754 
? 9 551 659 238 742 61 0 482 89 697 
? 9 586 462 197 791 766 621 638 277 689 
? 9 92 342 612 793 408 384 695 750 363 
? 9 484 639 298 439 321 194 60 308 710 
? 9 201 307 6 665 464 412 268 514 725 
? 9 479 714 249 270 556 404 582 154 411 
? 9 778 95 400 530 748 571 114 3 364 
? 9 171 110 397 396 71 644 499 146 713 
? 9 191 380 583 344 504 102 207 227 283 
? 9 328 782 592 777 619 736 794 574 491 
? 9 98 356 740 651 164 117 167 96 758 
? 9 568 391 11 519 73 513 94 203 698 
? 9 640 798 145 488 494 337 751 576 88 
? 9 554 54 236 315 122 792 474 402 783 
? 9 430 51 786 172 62 74 366 312 250 
? 9 130 339 113 749 662 692 18 660 533 
? 9 269 600 410 387 593 253 709 588 7 
? 9 768 687 300 608 135 296 291 548 198 
? 9 377 521 76 545 524 579 701 234 679 
? 9 33 372 309 495 501 371 671 510 43 
? 9 486 133 50 188 735 577 29 275 333 
? 9 788 266 235 616 115 35 522 717 503 
? 9 214 200 156 382 476 116 469 345 190 
? 9 429 287 428 509 675 224 745 4 175 
? 9 696 77 597 756 772 688 226 492 683 
? 9 44 415 259 180 215 87 555 132 573 
? 9 41 223 535 694 159 591 210 635 601 
? 9 119 392 752 536 152 691 176 417 143 
? 9 349 590 785 704 338 759 237 208 108 
? 9 453 299 603 448 563 527 17 290 438 
? 9 323 776 719 394 184 557 543 231 599 
? 9 26 281 341 381 500 700 112 401 355 
? 9 12 165 633 780 351 160 790 747 46 
? 9 147 57 540 24 705 775 65 634 757 
? 9 128 707 755 256 370 478 767 319 72 
? 9 706 760 131 685 37 217 365 787 728 
? 9 378 413 274 610 23 606 311 248 444 
? 9 49 537 652 458 118 436 56 2 796 
? 9 174 733 677 170 243 67 693 421 81 
? 9 587 649 28 40 398 317 104 39 204 
? 9 542 153 721 264 257 361 595 473 107 
? 9 538 762 395 168 326 502 560 352 353 
? 9 454 221 505 518 738 310 427 303 196 
? 9 105 246 434 632 604 343 219 142 770 
? 9 101 627 715 388 466 581 547 734 668 
? 9 320 383 206 483 722 182 643 327 368 
? 9 769 144 459 661 420 669 602 589 797 
? 9 481 729 103 407 452 186 712 549 288 
? 9 55 100 648 211 657 731 406 623 416 
? 9 529 129 141 567 306 531 650 506 605 
? 9 779 425 302 477 646 358 346 629 570 
? 9 255 262 99 228 329 121 45 278 441 
? 9 25 123 523 316 15 10 674 252 134 
? 9 373 489 561 763 795 161 276 596 9 
? 9 774 658 546 496 443 771 630 673 225 
? 9 784 572 585 70 83 512 654 14 515 
? 9 178 360 109 318 93 609 91 279 539 
? 9 670 664 357 271 193 655 297 162 66 
? 9 273 422 419 403 732 667 532 340 199 
? 9 335 761 636 676 48 157 124 487 292 
? 9 544 726 173 27 22 753 663 743 220 
? 9 620 684 195 389 240 433 53 242 32 
? 9 5 293 550 739 386 1 672 163 285 
? 9 508 166 263 445 379 390 558 85 511 
? 9 331 136 465 31 724 385 699 569 637 
? 9 471 350 720 456 260 534 789 737 562 
? 9 440 359 615 13 106 497 347 642 409 
? 9 158 8 169 177 336 21 127 149 138 
? 9 86 716 765 432 305 528 289 617 468 
? 9 423 727 437 764 520 746 187 254 631 
? 9 155 229 741 181 38 470 120 711 656 
? 9 653 414 374 686 431 744 330 516 233 
? 9 447 708 446 239 245 730 183 304 261 
? 9 137 580 472 463 59 682 628 461 20 
? 9 376 30 258 647 241 625 90 79 216 
? 9 286 324 678 799 405 624 399 42 205 
? 9 490 295 362 485 213 703 150 480 354 
? 9 232 598 455 19 493 202 641 185 75 
? 9 594 63 618 517 334 369 773 622 82 
? 9 613 282 34 564 64 367 460 690 151 
? 9 126 267 280 426 559 148 566 68 614 
? 9 125 189 16 80 575 197 586 69 52 
? 9 451 680 375 212 449 230 325 322 222 
? 9 314 238 659 723 58 551 139 645 47 
? 9 272 393 97 565 111 140 578 467 526 
? 9 475 781 209 192 626 418 301 284 718 
? 9 247 179 498 265 442 218 571 553 748 
? 9 530 435 78 457 778 424 525 552 411 
? 9 666 582 681 84 584 251 404 556 270 
? 9 249 244 313 348 450 268 412 754 307 
? 9 201 308 742 61 0 482 60 194 89 
? 9 697 298 639 462 484 791 766 363 621 
? 9 638 277 689 793 612 92 342 607 408 
? 9 507 384 695 611 750 702 294 541 332 
? 9 36 439 758 96 167 321 117 164 651 
? 9 740 356 98 710 6 491 574 665 464 
? 9 794 736 619 777 592 514 782 328 725 
? 9 479 283 714 227 207 102 154 504 344 
? 9 583 380 191 713 146 95 499 400 644 
? 9 568 116 391 11 519 476 73 513 382 
? 9 94 203 698 640 717 522 798 35 145 
? 9 488 788 494 333 337 751 576 29 88 
? 9 554 735 50 54 236 133 315 122 43 
? 9 510 671 792 33 474 402 783 430 51 
? 9 524 786 172 545 62 76 74 366 312 
? 9 250 198 130 339 291 113 296 135 300 
? 9 687 749 768 662 692 18 660 533 7 
? 9 269 600 410 387 253 448 593 290 709 
? 9 603 299 588 453 108 208 237 759 608 
? 9 338 548 704 599 26 377 785 590 521 
? 9 349 143 417 176 691 152 536 752 392 
? 9 119 579 701 601 635 210 591 159 234 
? 9 679 57 372 694 309 535 223 495 501 
? 9 371 41 573 132 486 555 87 188 577 
? 9 215 180 259 415 44 275 683 266 235 
? 9 492 226 616 115 688 772 319 706 756 
? 9 597 77 503 696 214 200 156 175 4 
? 9 745 224 675 509 428 469 610 345 287 
? 9 429 190 23 606 274 413 378 728 311 
? 9 787 365 217 248 444 49 537 37 458 
? 9 685 131 118 760 56 72 2 796 174 
? 9 733 767 478 677 370 256 755 243 707 
? 9 693 128 757 421 634 65 775 649 705 
? 9 24 28 40 398 540 147 46 747 317 
? 9 104 790 204 160 542 351 780 153 633 
? 9 721 165 12 355 401 264 112 700 257 
? 9 500 361 381 595 341 281 107 538 231 
? 9 543 557 184 395 168 326 394 560 719 
? 9 776 353 323 438 17 527 563 221 505 
? 9 454 518 738 352 310 15 427 316 523 
? 9 303 196 502 105 246 762 473 434 632 
? 9 604 343 219 262 142 770 570 101 627 
? 9 39 715 388 466 581 547 734 668 320 
? 9 383 587 206 81 646 483 722 182 643 
? 9 327 67 506 368 769 170 144 459 661 
? 9 420 436 669 602 129 589 652 797 481 
? 9 729 103 407 452 186 712 544 549 487 
? 9 288 55 100 648 211 157 657 48 676 
? 9 731 406 636 623 416 761 529 335 199 
? 9 340 141 532 667 732 403 567 422 306 
? 9 273 531 650 605 779 425 302 66 477 
? 9 358 162 297 655 193 271 357 670 539 
? 9 346 279 629 609 93 318 255 99 228 
? 9 109 329 121 360 45 278 515 654 512 
? 9 83 70 441 25 572 123 784 225 630 
? 9 10 674 252 134 771 373 489 443 561 
? 9 496 763 546 795 658 161 774 276 359 
? 9 596 9 615 440 13 562 497 737 789 
? 9 534 260 409 673 456 336 720 350 471 
? 9 637 585 569 699 149 385 14 724 138 
? 9 31 465 136 178 331 511 85 432 558 
? 9 390 379 445 289 468 263 166 508 91 
? 9 285 664 520 163 672 187 1 386 739 
? 9 229 550 293 470 656 5 32 242 53 
? 9 433 240 419 389 195 239 684 183 620 
? 9 220 743 124 663 753 472 22 292 27 
? 9 463 173 726 59 682 628 20 580 137 
? 9 376 30 261 304 258 241 730 245 625 
? 9 90 446 708 79 447 216 233 516 286 
? 9 330 799 744 405 399 42 205 490 431 
? 9 295 686 362 374 414 653 485 703 711 
? 9 120 150 480 38 181 741 354 232 598 
? 9 455 155 631 19 254 746 764 493 202 
? 9 437 727 423 641 185 617 528 594 63 
? 9 305 765 716 334 369 773 86 622 82 
? 9 127 613 282 34 21 564 64 177 367 
? 9 460 169 8 158 690 151 642 347 126 
? 9 106 267 280 426 92 689 559 148 277 
? 9 566 68 638 621 614 125 189 16 80 
? 9 766 575 197 586 69 52 451 680 517 
? 9 697 375 618 89 212 75 449 230 482 
? 9 0 742 325 322 222 314 238 659 723 
? 9 58 551 139 645 754 47 272 393 97 
? 9 313 565 111 251 584 140 84 578 467 
? 9 526 681 213 666 624 475 781 209 552 
? 9 525 457 192 626 678 324 418 78 435 
? 9 301 553 284 647 718 218 442 265 247 
? 9 461 179 498 114 3 571 364 171 110 
? 9 397 396 748 71 530 644 400 499 95 
? 9 146 713 191 380 778 583 424 344 504 
? 9 411 154 102 582 207 404 556 270 249 
? 9 227 714 283 244 479 725 328 782 348 
? 9 514 450 268 592 777 412 619 736 794 
? 9 464 665 574 491 6 307 201 710 308 
? 9 98 356 740 61 60 651 194 164 117 
? 9 321 167 96 758 439 298 36 639 462 
? 9 332 484 541 294 791 702 363 750 611 
? 9 345 469 568 116 391 11 675 519 476 
? 9 73 513 4 382 156 94 200 214 203 
? 9 503 698 640 717 522 798 35 115 616 
? 9 145 235 266 488 788 494 333 337 751 
? 9 275 415 576 29 577 88 554 735 188 
? 9 50 54 87 236 555 133 486 315 122 
? 9 41 43 510 671 371 501 495 792 309 
? 9 694 372 33 474 679 234 402 210 783 
? 9 601 430 51 701 579 524 786 752 152 
? 9 691 172 545 176 62 349 76 74 521 
? 9 366 312 250 377 198 130 339 548 291 
? 9 113 296 135 608 300 687 749 768 662 
? 9 692 18 660 533 7 269 588 600 410 
? 9 709 387 253 593 448 221 563 527 17 
? 9 290 603 299 438 453 323 353 108 208 
? 9 776 237 719 560 394 326 759 168 395 
? 9 338 184 557 543 704 231 599 538 26 
? 9 107 281 341 595 785 590 381 361 500 
? 9 257 700 143 112 264 401 355 417 12 
? 9 165 721 633 153 780 536 351 392 542 
? 9 119 160 204 790 104 635 317 591 159 
? 9 747 46 147 57 535 540 223 398 40 
? 9 28 24 705 649 775 573 132 65 634 
? 9 421 757 128 693 707 215 180 259 243 
? 9 44 755 683 256 370 677 478 492 767 
? 9 226 733 174 796 688 772 2 319 72 
? 9 706 56 756 597 760 77 118 131 696 
? 9 685 458 37 175 537 49 444 745 248 
? 9 217 365 787 311 224 728 509 378 428 
? 9 413 274 610 606 287 23 429 190 712 
? 9 186 549 288 452 407 55 100 648 211 
? 9 103 657 729 731 406 623 416 481 797 
? 9 529 652 589 129 602 669 141 436 420 
? 9 567 661 306 459 531 650 144 170 769 
? 9 368 506 605 67 327 643 779 425 182 
? 9 722 302 483 477 646 358 81 206 587 
? 9 383 320 668 734 346 547 581 466 388 
? 9 629 715 39 627 101 570 770 255 142 
? 9 262 219 99 228 329 121 343 604 45 
? 9 278 632 434 473 441 25 762 246 105 
? 9 123 502 196 303 523 316 427 15 10 
? 9 310 674 352 252 134 738 518 373 489 
? 9 561 454 763 795 161 505 359 276 596 
? 9 9 774 658 615 546 440 13 496 562 
? 9 443 497 737 789 534 260 771 409 630 
? 9 673 225 784 456 336 720 572 350 471 
? 9 637 585 70 569 83 512 699 149 654 
? 9 385 14 724 138 515 31 465 136 178 
? 9 331 511 85 432 360 558 109 390 379 
? 9 445 318 289 93 468 263 609 166 508 
? 9 91 279 285 539 670 664 357 520 163 
? 9 271 672 193 655 187 1 297 162 386 
? 9 739 229 550 293 66 470 656 5 32 
? 9 242 53 433 273 422 240 419 403 389 
? 9 732 667 532 340 199 195 239 335 684 
? 9 761 183 636 676 48 157 620 220 743 
? 9 124 663 753 472 22 487 292 544 27 
? 9 463 173 726 59 682 628 461 20 580 
? 9 137 376 30 261 304 718 258 647 284 
? 9 301 241 730 245 625 90 446 708 79 
? 9 447 216 233 516 286 324 678 192 330 
? 9 799 744 405 209 781 475 624 399 42 
? 9 205 490 431 295 686 362 374 414 653 
? 9 485 213 703 711 467 120 578 150 140 
? 9 480 38 181 741 354 232 598 455 155 
? 9 631 19 254 272 746 47 764 493 202 
? 9 645 139 58 723 437 727 314 222 423 
? 9 641 185 325 617 230 449 75 528 594 
? 9 63 212 618 375 305 517 765 716 334 
? 9 680 369 773 86 622 82 52 69 127 
? 9 613 282 34 21 575 564 64 177 367 
? 9 460 169 80 16 189 8 125 158 690 
? 9 614 151 642 68 347 566 126 148 106 
? 9 559 267 280 426 342 607 92 612 793 
? 9 689 408 277 507 384 695 611 750 638 
? 9 621 363 766 702 791 197 294 541 484 
? 9 332 462 639 36 586 298 439 758 96 
? 9 451 167 321 697 89 117 164 194 651 
? 9 60 482 0 61 740 742 322 356 98 
? 9 308 710 201 238 307 659 6 491 574 
? 9 665 464 551 794 736 619 754 412 777 
? 9 592 268 450 514 348 393 782 97 328 
? 9 313 725 479 244 283 714 227 565 249 
? 9 270 111 556 404 251 584 84 526 207 
? 9 681 582 102 666 154 411 504 344 552 
? 9 525 424 583 778 380 191 457 713 626 
? 9 146 418 78 95 435 499 400 644 530 
? 9 71 748 396 553 397 110 171 364 571 
? 9 190 429 23 287 345 606 610 274 469 
? 9 413 428 378 568 116 391 11 509 675 
? 9 519 728 224 476 311 73 787 365 217 
? 9 248 745 444 513 4 382 49 537 175 
? 9 37 156 94 200 458 214 685 203 696 
? 9 503 131 118 77 760 698 597 756 56 
? 9 706 72 640 717 522 319 2 772 688 
? 9 798 796 174 35 115 733 616 145 226 
? 9 767 492 478 677 235 266 370 256 488 
? 9 788 494 683 333 337 751 275 755 44 
? 9 415 576 243 259 180 215 29 577 88 
? 9 707 554 735 188 693 128 757 50 54 
? 9 87 236 555 421 634 133 486 315 65 
? 9 122 132 573 775 649 41 705 24 43 
? 9 510 28 671 371 501 495 40 398 223 
? 9 792 540 535 309 694 372 57 33 474 
? 9 679 147 46 234 402 747 159 591 317 
? 9 210 635 104 783 790 601 430 51 204 
? 9 160 701 579 524 786 119 542 392 752 
? 9 351 536 780 152 691 153 633 721 165 
? 9 12 172 545 176 417 355 401 264 62 
? 9 112 143 700 349 76 74 257 500 521 
? 9 361 381 366 590 785 312 595 250 341 
? 9 377 198 281 107 130 26 538 599 231 
? 9 339 704 548 543 291 113 557 296 135 
? 9 184 338 608 395 168 759 326 300 394 
? 9 687 560 719 237 776 749 768 662 208 
? 9 108 692 353 18 660 323 533 7 269 
? 9 453 588 438 299 603 600 410 709 387 
? 9 253 290 17 593 527 448 563 221 359 
? 9 276 596 9 505 774 161 658 615 795 
? 9 546 440 763 454 13 496 562 561 443 
? 9 497 489 737 373 518 738 789 534 260 
? 9 771 409 134 252 352 674 310 10 15 
? 9 427 630 673 225 316 784 523 456 303 
? 9 336 196 502 720 123 105 246 572 762 
? 9 25 350 441 471 637 585 70 569 83 
? 9 473 512 699 149 654 385 434 14 724 
? 9 138 515 31 465 136 178 632 278 331 
? 9 45 511 604 85 432 360 343 121 558 
? 9 329 109 390 228 99 379 219 445 262 
? 9 142 255 318 289 770 570 93 101 468 
? 9 263 627 39 609 166 715 629 508 91 
? 9 279 388 285 466 581 547 346 539 670 
? 9 664 357 520 163 734 271 672 193 655 
? 9 187 668 1 297 162 386 739 229 320 
? 9 550 383 587 206 81 358 646 477 293 
? 9 483 66 302 470 722 656 5 182 425 
init_score -3.49418e+06
final_score: -3.55503e+06
times: 45607512
update: 2740
accept: 700
!
0 1 2 3 4 5 6 7 8 9 10 11 12 13 14 15 16 17 18 19 20 21 22 23 24 25 26 27 28 29 30 31 32 33 34 35 36 37 38 39 40 41 42 43 44 45 46 47 48 49 50 51 52 53 54 55 56 57 58 59 60 61 62 63 64 65 66 67 68 69 70 71 72 73 74 75 76 77 78 79 80 81 82 83 84 85 86 87 88 89 90 91 92 93 94 95 96 97 98 99 100 101 102 103 104 105 106 107 108 109 110 111 112 113 114 115 116 117 118 119 120 121 122 123 124 125 126 127 128 129 130 131 132 133 134 135 136 137 138 139 140 141 142 143 144 145 146 147 148 149 150 151 152 153 154 155 156 157 158 159 160 161 162 163 164 165 166 167 168 169 170 171 172 173 174 175 176 177 178 179 180 181 182 183 184 185 186 187 188 189 190 191 192 193 194 195 196 197 198 199 200 201 202 203 204 205 206 207 208 209 210 211 212 213 214 215 216 217 218 219 220 221 222 223 224 225 226 227 228 229 230 231 232 233 234 235 236 237 238 239 240 241 242 243 244 245 246 247 248 249 250 251 252 253 254 255 256 257 258 259 260 261 262 263 264 265 266 267 268 269 270 271 272 273 274 275 276 277 278 279 280 281 282 283 284 285 286 287 288 289 290 291 292 293 294 295 296 297 298 299 300 301 302 303 304 305 306 307 308 309 310 311 312 313 314 315 316 317 318 319 320 321 322 323 324 325 326 327 328 329 330 331 332 333 334 335 336 337 338 339 340 341 342 343 344 345 346 347 348 349 350 351 352 353 354 355 356 357 358 359 360 361 362 363 364 365 366 367 368 369 370 371 372 373 374 375 376 377 378 379 380 381 382 383 384 385 386 387 388 389 390 391 392 393 394 395 396 397 398 399 400 401 402 403 404 405 406 407 408 409 410 411 412 413 414 415 416 417 418 419 420 421 422 423 424 425 426 427 428 429 430 431 432 433 434 435 436 437 438 439 440 441 442 443 444 445 446 447 448 449 450 451 452 453 454 455 456 457 458 459 460 461 462 463 464 465 466 467 468 469 470 471 472 473 474 475 476 477 478 479 480 481 482 483 484 485 486 487 488 489 490 491 492 493 494 495 496 497 498 499 500 501 502 503 504 505 506 507 508 509 510 511 512 513 514 515 516 517 518 519 520 521 522 523 524 525 526 527 528 529 530 531 532 533 534 535 536 537 538 539 540 541 542 543 544 545 546 547 548 549 550 551 552 553 554 555 556 557 558 559 560 561 562 563 564 565 566 567 568 569 570 571 572 573 574 575 576 577 578 579 580 581 582 583 584 585 586 587 588 589 590 591 592 593 594 595 596 597 598 599 600 601 602 603 604 605 606 607 608 609 610 611 612 613 614 615 616 617 618 619 620 621 622 623 624 625 626 627 628 629 630 631 632 633 634 635 636 637 638 639 640 641 642 643 644 645 646 647 648 649 650 651 652 653 654 655 656 657 658 659 660 661 662 663 664 665 666 667 668 669 670 671 672 673 674 675 676 677 678 679 680 681 682 683 684 685 686 687 688 689 690 691 692 693 694 695 696 697 698 699 700 701 702 703 704 705 706 707 708 709 710 711 712 713 714 715 716 717 718 719 720 721 722 723 724 725 726 727 728 729 730 731 732 733 734 735 736 737 738 739 740 741 742 743 744 745 746 747 748 749 750 751 752 753 754 755 756 757 758 759 760 761 762 763 764 765 766 767 768 769 770 771 772 773 774 775 776 777 778 779 780 781 782 783 784 785 786 787 788 789 790 791 792 793 794 795 796 797 798 799 
0 482
0 61
0 742
1 672
1 386
2 796
2 56
3 114
3 171
4 156
5 32
6 665
6 307
7 588
8 158
8 409
9 596
9 359
10 674
10 252
11 391
11 568
12 165
13 615
13 106
14 515
14 512
14 178
15 134
15 316
16 80
16 125
17 527
17 290
17 438
18 660
18 692
18 533
19 598
20 682
20 628
21 34
22 663
22 27
23 610
24 775
24 540
25 441
25 123
26 599
26 281
26 704
27 173
28 649
28 40
28 775
29 577
29 735
30 376
30 258
31 465
31 724
32 53
32 242
33 792
34 564
35 798
35 717
36 439
37 217
38 711
38 181
39 388
40 398
41 371
41 573
42 399
42 624
42 362
43 510
44 259
44 683
45 278
45 121
46 147
46 790
46 747
47 645
48 676
49 444
49 537
49 652
49 729
50 735
50 54
51 430
51 786
52 69
53 433
54 236
54 133
55 100
55 648
55 549
56 118
57 535
58 139
58 723
59 628
60 194
60 651
60 61
61 308
62 172
62 74
63 594
64 564
64 367
65 634
65 705
66 477
67 769
67 693
68 126
68 566
68 151
69 586
69 451
70 83
70 585
71 396
71 644
72 706
72 319
73 519
73 513
74 366
74 76
75 230
75 594
75 212
77 597
77 696
78 435
78 457
79 216
79 625
80 189
81 587
81 483
81 421
82 773
82 622
82 613
83 654
84 584
84 404
85 331
85 558
85 432
86 773
86 127
86 716
87 555
87 486
88 554
88 751
89 697
90 241
90 233
90 625
91 166
91 279
91 664
92 689
92 342
93 609
93 318
94 513
95 400
95 644
96 758
96 439
96 167
97 393
97 565
98 740
99 329
99 262
99 255
100 407
101 770
101 715
102 344
103 729
104 790
104 317
105 246
105 303
106 347
107 538
107 595
108 208
109 228
109 360
110 364
110 397
111 565
111 140
111 251
112 355
112 257
113 339
113 291
115 616
116 519
116 476
117 164
118 458
119 392
119 635
120 711
120 150
121 329
121 604
122 315
123 246
124 157
124 743
125 151
126 267
128 757
128 634
128 180
129 481
129 141
130 250
130 339
131 696
131 706
131 685
131 760
132 573
132 555
134 252
135 296
135 608
135 300
136 511
136 465
137 261
137 580
138 149
139 645
140 467
142 770
142 262
143 417
144 368
145 798
145 488
146 713
146 499
148 559
148 566
148 277
149 724
150 480
151 690
152 691
152 752
153 721
153 264
154 411
154 207
155 229
155 631
156 200
156 382
157 676
158 169
159 591
159 635
160 790
160 542
161 763
162 297
163 672
163 664
164 651
165 355
165 633
167 321
168 395
168 326
168 502
169 177
169 460
170 769
170 459
171 364
173 726
174 796
174 733
175 745
175 685
176 349
176 691
176 545
177 336
178 511
179 247
179 265
179 498
180 215
181 741
181 470
182 327
182 722
182 506
183 684
183 730
184 557
184 543
184 394
185 325
186 407
187 520
187 746
188 577
188 486
189 614
189 766
190 429
191 380
191 713
192 626
193 297
193 271
193 655
195 199
196 303
196 427
197 575
198 312
198 377
199 340
200 214
201 307
201 308
201 710
202 493
202 764
203 698
204 317
205 295
205 405
206 320
206 383
208 237
209 781
210 601
210 591
211 406
211 648
212 618
212 375
213 703
213 578
214 503
215 259
216 324
217 787
218 571
218 442
218 553
219 770
219 343
220 620
220 663
221 563
222 314
222 325
223 535
223 694
224 509
224 745
225 673
225 784
225 771
226 492
226 772
226 683
227 328
227 283
228 255
229 739
229 741
230 325
230 449
231 557
231 599
232 598
232 354
232 480
233 286
234 679
234 701
235 266
235 616
236 315
237 759
238 659
239 446
239 684
240 419
240 433
240 389
241 245
243 693
244 270
244 313
245 708
248 311
248 444
249 270
249 714
250 366
251 584
251 526
253 593
253 387
254 631
254 746
256 478
257 500
258 647
259 415
260 534
260 409
261 304
262 570
263 508
263 468
264 343
265 442
266 788
266 275
267 426
268 412
268 450
268 514
269 660
269 600
270 556
271 664
272 393
273 531
273 567
274 413
274 606
275 415
275 577
276 774
277 689
279 609
280 426
281 341
282 613
282 564
282 575
284 647
284 718
284 301
285 508
287 429
287 610
287 428
288 549
288 487
289 528
289 617
290 603
291 296
292 544
293 550
294 484
294 541
295 490
296 548
298 439
298 639
299 603
299 453
300 687
302 477
302 425
303 523
305 765
306 531
309 372
309 495
310 352
310 427
310 518
311 365
312 366
313 348
314 723
314 322
314 659
316 523
318 379
319 688
320 587
320 668
322 742
323 353
323 438
324 678
326 560
327 368
328 782
328 725
330 516
330 744
331 465
332 541
333 788
334 369
335 340
335 529
336 456
337 488
337 576
338 759
338 599
340 532
341 381
341 590
342 612
344 504
345 469
346 629
346 357
347 642
348 450
349 521
350 585
350 572
351 780
351 542
355 401
356 710
356 491
356 740
357 670
357 655
358 646
359 562
360 515
361 473
361 595
362 490
362 485
363 638
363 750
365 787
367 460
367 690
368 643
369 622
369 517
370 492
370 767
370 755
371 501
372 679
372 694
373 561
374 686
374 414
375 680
376 461
377 521
378 610
378 728
378 413
379 390
380 583
381 500
382 476
383 646
384 695
384 408
385 724
385 699
385 569
386 550
387 410
388 581
390 558
390 445
392 536
394 560
394 719
395 762
396 397
400 748
401 700
402 783
402 474
403 419
403 732
404 556
405 744
406 623
406 636
407 452
408 793
410 600
411 582
411 552
412 754
414 656
416 731
416 481
417 536
418 626
418 435
419 422
420 436
421 693
423 641
423 727
423 617
424 525
424 778
425 605
425 779
428 675
430 783
431 686
432 716
434 632
435 530
436 669
437 727
437 764
440 615
440 497
443 496
443 771
446 708
447 708
447 516
448 593
451 680
451 697
453 588
454 518
454 505
455 598
457 778
458 537
459 661
461 682
462 639
463 726
464 665
464 794
466 581
466 715
466 547
467 578
468 617
469 675
470 656
471 637
471 569
472 580
472 753
474 792
475 624
475 781
478 767
478 733
479 714
479 725
480 703
481 602
484 639
484 791
485 703
487 544
488 494
488 751
489 561
491 574
495 501
495 510
496 774
496 658
497 737
499 644
503 522
504 583
506 779
507 611
510 671
512 654
517 618
518 738
519 568
522 717
524 701
525 552
526 681
527 563
529 731
530 553
530 748
531 650
532 732
532 667
534 789
534 737
536 752
538 543
539 670
541 702
546 774
546 795
549 712
551 723
551 754
561 763
562 737
567 667
572 720
574 619
574 736
576 735
579 701
579 601
580 628
581 734
582 681
587 649
588 709
589 652
589 797
590 785
592 619
593 709
596 658
597 756
602 669
602 797
604 632
607 612
611 695
612 793
620 743
621 638
623 731
627 715
630 674
630 784
633 780
635 747
636 761
640 698
640 717
643 769
653 711
657 731
662 749
662 768
662 692
663 753
666 681
668 734
671 792
676 761
677 733
678 799
687 768
688 772
695 750
707 757
716 765
719 776
721 780
728 787
736 777
746 764
763 795
766 791
Score = 388405
