0 1
2 2
2 3
3 4
4 5
6 6
6 7
8 8
8 9
9 10
10 11
11 13
12 12
13 14
16 16
15 15
17 17
17 18
18 19
20 20
20 23
21 21
22 22
23 24
25 25
25 26
27 27
27 28
28 29
31 31
30 30
32 32
32 33
35 35
34 34
35 36
36 37
37 39
38 38
41 41
40 40
43 43
42 42
46 46
44 44
45 45
46 47
48 48
48 49
49 50
51 51
51 52
52 53
54 54
55 55
56 56
57 57
57 58
59 59
60 60
60 63
61 61
62 62
63 64
64 65
66 66
67 67
69 69
68 68
70 70
70 72
71 71
72 75
73 73
74 74
76 76
76 77
77 78
78 79
80 80
80 81
83 83
82 82
83 85
84 84
86 86
86 87
87 88
89 89
89 90
91 91
91 92
92 93
94 94
95 95
95 96
96 97
97 98
98 99
99 0
