? 8 561 175 648 330 289 727 734 58 
? 8 595 5 9 775 7 583 392 342 
? 8 585 399 523 234 325 459 768 213 
? 8 199 251 211 460 47 558 706 244 
? 8 22 96 631 570 532 675 412 120 
? 8 668 130 52 317 75 688 501 188 
? 8 347 739 431 619 64 151 490 601 
? 8 657 174 293 113 34 553 355 791 
? 8 358 653 3 154 457 365 93 356 
? 8 774 203 145 642 470 397 589 481 
? 8 282 81 656 163 160 112 42 777 
? 8 562 786 708 301 444 474 663 574 
? 8 78 37 254 472 633 364 635 141 
? 8 26 753 284 279 513 103 55 294 
? 8 421 92 155 30 299 754 401 328 
? 8 237 435 236 798 133 781 682 302 
? 8 482 467 661 693 181 205 195 111 
? 8 713 518 609 95 750 74 389 305 
? 8 82 652 128 51 157 28 573 568 
? 8 767 374 32 439 537 385 728 747 
? 8 615 114 451 697 745 500 193 695 
? 8 17 215 377 183 46 240 331 390 
? 8 660 173 773 388 179 376 510 344 
? 8 249 172 232 600 84 395 27 70 
? 8 224 102 270 18 749 182 662 176 
? 8 202 44 433 602 751 592 170 166 
? 8 149 797 2 527 162 418 167 250 
? 8 65 410 520 576 323 127 31 49 
? 8 124 292 368 239 534 654 303 494 
? 8 721 314 535 353 225 701 14 465 
? 8 43 674 68 258 204 681 57 492 
? 8 230 238 605 343 265 29 291 672 
? 8 634 665 752 38 326 373 545 496 
? 8 655 235 262 511 683 61 415 519 
? 8 8 253 702 91 426 718 622 541 
? 8 596 571 676 746 504 679 144 463 
? 8 488 217 345 725 498 673 414 13 
? 8 560 146 711 796 588 98 579 572 
? 8 35 267 539 39 207 233 755 48 
? 8 623 129 66 766 784 135 189 19 
? 8 726 184 483 497 90 730 322 440 
? 8 493 272 468 514 614 223 424 552 
? 8 229 268 147 332 169 707 502 694 
? 8 340 318 411 15 212 487 312 613 
? 8 636 177 165 566 196 764 769 491 
? 8 349 178 275 94 110 194 126 485 
? 8 121 274 626 41 448 24 80 507 
? 8 423 25 526 197 788 738 361 480 
? 8 87 478 264 782 132 136 243 115 
? 8 624 644 164 758 530 521 156 508 
? 8 680 73 620 584 778 723 11 677 
? 8 307 761 405 62 489 621 516 551 
? 8 522 86 67 590 386 12 598 1 
? 8 256 310 453 335 581 33 716 228 
? 8 762 650 398 473 252 271 476 547 
? 8 719 447 79 350 793 283 139 790 
? 8 591 69 59 649 300 543 512 432 
? 8 704 99 776 479 367 309 387 269 
? 8 277 334 380 214 363 610 354 744 
? 8 180 646 118 382 509 454 227 722 
? 8 259 638 246 295 60 794 222 569 
? 8 604 645 720 218 556 686 442 691 
? 8 700 611 297 477 248 594 664 678 
? 8 209 436 337 308 23 359 696 628 
? 8 420 339 471 422 77 666 425 692 
? 8 351 529 226 612 685 567 247 724 
? 8 742 580 484 158 608 278 550 20 
? 8 445 85 517 625 71 715 524 185 
? 8 36 757 641 586 394 671 281 438 
? 8 546 381 107 50 357 531 759 443 
? 8 640 741 286 190 629 771 88 597 
? 8 417 403 748 408 779 606 740 119 
? 8 255 506 450 712 538 16 186 416 
? 8 461 430 689 72 687 630 785 198 
? 8 732 563 97 458 466 639 731 717 
? 8 787 315 599 456 792 627 765 320 
? 8 280 582 499 306 441 171 288 142 
? 8 260 125 221 89 360 122 536 632 
? 8 106 273 515 206 705 4 789 117 
? 8 540 400 104 756 616 618 575 76 
? 8 285 383 105 760 670 409 109 637 
? 8 378 544 242 208 402 651 245 404 
? 8 324 559 348 555 737 201 83 168 
? 8 391 304 733 658 452 475 372 241 
? 8 329 134 384 690 464 407 469 617 
? 8 449 799 393 763 554 352 699 336 
? 8 455 647 276 437 525 710 486 698 
? 8 296 684 108 419 159 220 100 261 
? 8 21 565 533 643 362 549 446 341 
? 8 152 257 578 200 505 667 736 338 
? 8 54 263 429 313 148 714 298 123 
? 8 191 729 138 587 327 150 462 231 
? 8 10 427 548 564 56 45 669 735 
? 8 396 6 557 780 53 593 192 319 
? 8 161 216 603 137 413 266 210 311 
? 8 607 375 346 743 287 153 63 370 
? 8 577 772 783 709 503 369 116 140 
? 8 542 187 143 131 406 290 366 0 
? 8 770 428 795 371 333 219 703 321 
? 8 561 160 175 648 481 330 289 727 
? 8 734 589 397 58 642 595 203 5 
? 8 9 775 7 583 392 342 585 399 
? 8 365 523 234 154 325 653 459 358 
? 8 768 213 199 251 211 460 47 558 
? 8 355 553 706 34 244 22 96 657 
? 8 631 570 532 675 64 412 120 668 
? 8 431 739 130 347 188 52 317 75 
? 8 482 302 688 501 682 781 619 151 
? 8 490 601 236 435 328 174 293 754 
? 8 113 299 155 92 294 103 791 279 
? 8 284 26 635 364 3 457 93 78 
? 8 356 574 774 663 474 444 145 301 
? 8 708 786 470 777 282 81 656 112 
? 8 163 615 747 728 385 537 42 439 
? 8 562 32 374 767 568 573 37 254 
? 8 472 633 28 157 51 128 652 141 
? 8 82 305 389 753 74 513 55 421 
? 8 30 750 401 95 237 798 609 518 
? 8 133 713 111 195 749 205 182 181 
? 8 693 661 467 176 202 662 433 18 
? 8 602 270 751 102 592 224 166 797 
? 8 70 27 395 65 520 84 600 127 
? 8 232 172 49 249 344 510 376 179 
? 8 388 773 173 494 721 660 390 331 
? 8 225 240 46 183 674 377 68 258 
? 8 681 215 17 57 230 238 695 193 
? 8 500 745 697 451 114 29 672 634 
? 8 752 343 38 605 492 373 204 496 
? 8 43 465 655 14 701 353 535 314 
? 8 511 303 654 534 239 415 368 292 
? 8 124 519 31 323 576 410 250 8 
? 8 253 702 167 418 162 91 426 527 
? 8 718 2 622 541 149 596 170 676 
? 8 746 44 679 144 463 504 488 217 
? 8 345 725 498 673 571 414 13 560 
? 8 146 711 796 588 98 579 572 35 
? 8 267 539 636 39 207 233 755 340 
? 8 48 623 61 129 707 66 766 784 
? 8 683 135 262 189 235 19 726 545 
? 8 184 468 272 483 326 497 665 291 
? 8 90 265 730 322 440 493 680 514 
? 8 614 508 223 424 156 521 552 530 
? 8 229 268 147 332 169 164 502 624 
? 8 115 694 136 318 411 782 264 15 
? 8 87 212 361 487 312 613 197 177 
? 8 165 566 423 507 80 196 448 41 
? 8 764 769 491 626 349 274 178 275 
? 8 121 485 94 110 126 194 790 139 
? 8 283 793 350 79 447 719 24 547 
? 8 476 271 252 25 526 473 398 650 
? 8 762 228 716 581 335 453 788 310 
? 8 738 256 1 598 480 478 12 132 
? 8 243 386 590 67 86 522 644 551 
? 8 758 516 489 62 405 761 677 723 
? 8 584 620 73 686 442 556 218 720 
? 8 645 778 11 604 700 307 569 222 
? 8 794 60 295 246 638 259 621 678 
? 8 209 722 227 454 509 382 118 308 
? 8 646 180 744 354 610 363 214 380 
? 8 334 277 33 269 387 425 309 367 
? 8 479 776 99 704 432 512 543 300 
? 8 649 59 69 591 608 158 550 484 
? 8 20 445 580 742 724 85 71 524 
? 8 247 567 185 36 685 612 226 529 
? 8 351 692 586 666 394 77 422 671 
? 8 471 281 339 420 438 628 696 359 
? 8 23 107 50 357 531 759 443 640 
? 8 741 337 190 771 436 664 597 403 
? 8 748 594 248 477 606 297 740 119 
? 8 255 506 611 691 712 538 16 450 
? 8 186 416 461 430 779 689 408 72 
? 8 687 630 785 198 417 732 563 97 
? 8 88 458 466 639 629 731 286 717 
? 8 787 315 599 456 792 627 381 546 
? 8 765 320 280 582 306 441 171 641 
? 8 757 288 142 715 260 125 221 89 
? 8 360 122 625 536 517 632 106 273 
? 8 278 515 200 578 206 152 705 4 
? 8 789 117 540 21 400 261 104 756 
? 8 616 618 575 76 285 383 105 760 
? 8 499 670 437 409 109 637 378 336 
? 8 544 242 208 402 651 245 404 324 
? 8 393 559 348 555 737 201 617 83 
? 8 168 391 304 464 733 658 452 690 
? 8 475 372 241 329 161 319 134 192 
? 8 593 384 53 780 557 407 6 735 
? 8 469 449 799 763 10 554 352 699 
? 8 455 647 276 525 327 710 486 587 
? 8 138 698 296 729 684 108 419 159 
? 8 298 714 220 100 148 565 533 643 
? 8 429 362 549 446 341 736 257 667 
? 8 505 495 528 659 101 40 338 54 
? 8 263 316 379 434 321 703 313 219 
? 8 333 371 795 428 770 123 191 0 
? 8 366 290 406 131 143 187 542 140 
? 8 150 116 369 503 709 783 462 772 
? 8 231 427 577 370 548 564 63 56 
? 8 153 45 669 287 743 346 396 375 
? 8 561 160 163 112 656 175 81 282 
? 8 648 481 330 289 727 734 589 397 
? 8 470 58 642 595 145 203 5 9 
? 8 444 775 774 7 583 392 356 93 
? 8 342 585 399 365 457 523 234 154 
? 8 3 325 653 459 26 358 768 213 
? 8 199 251 211 279 460 47 558 791 
? 8 355 553 706 34 244 113 22 293 
? 8 96 174 328 657 435 631 601 570 
? 8 532 490 675 151 64 412 120 668 
? 8 619 431 739 130 347 188 501 52 
? 8 317 688 302 75 467 661 693 482 
? 8 662 181 182 205 749 270 195 111 
? 8 713 682 781 133 224 518 609 798 
? 8 236 237 95 401 750 754 299 30 
? 8 155 92 421 294 55 103 84 513 
? 8 74 284 232 753 389 305 82 249 
? 8 344 141 652 635 364 179 128 51 
? 8 157 28 633 472 254 37 78 574 
? 8 573 663 474 568 767 301 708 374 
? 8 786 32 562 215 17 439 777 42 
? 8 193 537 385 728 747 615 114 451 
? 8 29 697 745 672 500 343 605 695 
? 8 238 230 492 57 681 204 258 68 
? 8 377 674 43 465 655 14 701 183 
? 8 46 240 225 331 390 353 535 314 
? 8 660 721 494 511 303 654 173 773 
? 8 534 388 239 415 368 292 376 510 
? 8 124 519 49 172 31 127 323 600 
? 8 576 520 410 65 250 395 8 167 
? 8 418 162 27 527 718 70 2 622 
? 8 541 797 149 596 166 170 676 592 
? 8 102 751 602 18 433 44 202 176 
? 8 144 110 679 463 504 488 217 345 
? 8 746 725 178 498 673 491 571 414 
? 8 13 560 426 91 146 711 796 588 
? 8 98 579 572 35 267 702 177 539 
? 8 253 636 39 312 487 207 233 755 
? 8 411 340 48 623 694 61 129 707 
? 8 66 766 784 683 169 135 262 189 
? 8 235 19 496 726 545 614 514 184 
? 8 373 468 272 483 493 326 497 38 
? 8 752 665 634 291 90 265 730 73 
? 8 620 322 723 440 761 680 508 223 
? 8 424 156 521 62 552 530 489 229 
? 8 268 758 147 332 164 502 644 624 
? 8 115 590 386 243 136 318 132 782 
? 8 264 478 15 87 480 598 212 361 
? 8 256 613 738 788 453 335 716 228 
? 8 197 165 762 650 473 526 566 25 
? 8 423 252 271 507 80 196 24 448 
? 8 41 447 764 769 79 626 349 274 
? 8 350 793 275 121 283 139 485 790 
? 8 94 126 194 484 591 69 724 59 
? 8 649 300 247 567 543 719 685 612 
? 8 547 476 512 432 704 99 776 479 
? 8 529 351 367 309 398 425 387 269 
? 8 666 33 77 277 581 334 422 380 
? 8 214 310 339 420 363 610 696 1 
? 8 359 354 12 744 180 646 308 118 
? 8 67 86 522 337 382 509 454 227 
? 8 551 516 436 722 209 678 621 259 
? 8 638 246 594 477 295 405 60 794 
? 8 222 569 307 611 700 677 604 691 
? 8 11 778 645 720 218 584 556 442 
? 8 686 16 538 712 450 186 506 255 
? 8 119 740 297 416 606 461 430 779 
? 8 248 689 408 687 630 748 785 403 
? 8 198 417 732 563 597 664 88 458 
? 8 771 639 629 731 190 286 717 787 
? 8 741 640 443 759 531 315 599 456 
? 8 357 792 50 107 627 381 23 546 
? 8 765 320 280 628 438 582 281 471 
? 8 671 394 306 586 441 692 171 641 
? 8 757 226 288 36 185 142 524 715 
? 8 260 125 221 89 71 360 122 625 
? 8 536 517 85 742 632 580 106 445 
? 8 20 550 273 278 158 515 608 505 
? 8 200 578 257 206 152 705 4 789 
? 8 341 446 549 362 643 117 533 565 
? 8 540 21 400 261 104 756 100 616 
? 8 618 575 76 285 383 105 760 159 
? 8 499 419 108 684 670 296 698 486 
? 8 710 525 437 409 276 109 455 637 
? 8 378 336 544 242 208 352 402 651 
? 8 763 245 404 324 393 559 348 555 
? 8 737 201 466 799 97 449 617 83 
? 8 168 72 391 304 407 464 733 658 
? 8 452 690 475 384 134 372 241 329 
? 8 161 319 216 603 137 192 413 593 
? 8 266 210 53 780 311 557 607 375 
? 8 6 396 735 346 743 287 469 669 
? 8 45 153 56 63 564 548 370 577 
? 8 427 10 554 699 231 772 462 783 
? 8 709 503 369 116 150 140 542 647 
? 8 187 327 143 131 587 138 406 290 
? 8 729 366 0 191 123 770 298 714 
? 8 220 428 795 371 333 148 219 313 
? 8 703 321 434 379 429 316 263 54 
? 8 561 160 163 385 112 656 175 81 
? 8 282 42 648 777 481 330 289 727 
? 8 734 589 562 397 470 786 374 708 
? 8 301 58 642 595 145 203 5 9 
? 8 444 474 775 663 774 7 583 392 
? 8 574 356 78 93 342 585 399 37 
? 8 254 365 472 457 633 523 234 128 
? 8 154 3 364 635 325 141 653 459 
? 8 26 358 768 213 753 199 251 211 
? 8 284 279 460 47 513 558 791 103 
? 8 55 294 421 92 355 553 706 155 
? 8 34 244 30 299 113 22 754 401 
? 8 293 96 174 328 657 237 435 236 
? 8 631 798 601 570 532 490 675 151 
? 8 64 412 120 668 619 431 133 739 
? 8 130 781 682 347 188 501 52 317 
? 8 205 688 302 75 482 693 467 661 
? 8 176 202 662 44 181 182 749 433 
? 8 18 602 270 751 102 195 111 713 
? 8 592 224 676 170 166 518 596 149 
? 8 609 797 541 95 622 2 70 718 
? 8 527 27 750 162 418 167 8 395 
? 8 250 65 410 520 576 84 600 323 
? 8 74 127 232 31 172 389 305 49 
? 8 82 249 344 519 124 510 652 376 
? 8 292 179 51 368 157 28 415 239 
? 8 388 534 773 173 654 303 573 511 
? 8 494 721 660 314 535 353 568 390 
? 8 767 331 225 240 46 183 701 14 
? 8 655 465 43 674 377 32 68 258 
? 8 204 681 215 17 57 492 439 230 
? 8 238 695 193 605 537 343 500 672 
? 8 728 747 745 615 697 29 451 114 
? 8 730 265 90 322 291 634 665 752 
? 8 38 497 440 326 493 483 272 680 
? 8 468 373 184 514 614 545 726 508 
? 8 223 424 156 521 496 552 530 19 
? 8 235 189 229 262 268 147 135 332 
? 8 169 683 784 766 164 66 707 502 
? 8 624 129 61 115 694 623 48 136 
? 8 340 318 411 782 755 264 15 87 
? 8 212 361 233 207 487 312 39 613 
? 8 636 253 197 539 177 702 267 35 
? 8 165 572 579 98 588 566 423 796 
? 8 711 146 91 426 507 80 196 448 
? 8 41 560 13 764 769 414 571 491 
? 8 673 626 349 274 498 178 275 121 
? 8 725 485 746 345 217 488 504 94 
? 8 463 679 110 126 144 194 484 591 
? 8 69 724 59 790 139 283 649 793 
? 8 350 300 79 247 447 567 543 719 
? 8 24 685 612 547 476 512 432 271 
? 8 704 252 99 776 479 25 529 351 
? 8 367 526 309 473 398 650 762 425 
? 8 228 387 269 716 666 33 77 277 
? 8 581 335 334 422 380 214 453 788 
? 8 310 339 420 738 256 363 610 696 
? 8 1 598 480 359 478 354 12 744 
? 8 132 180 646 308 243 118 386 590 
? 8 67 86 522 337 644 382 509 454 
? 8 227 551 758 516 436 722 209 678 
? 8 621 489 259 638 62 246 594 477 
? 8 295 405 60 794 222 569 761 307 
? 8 611 700 677 604 691 11 723 778 
? 8 645 720 218 584 620 556 73 442 
? 8 686 329 16 241 372 538 712 475 
? 8 450 186 506 255 119 740 452 658 
? 8 733 297 416 606 461 430 304 779 
? 8 248 689 408 72 687 630 748 785 
? 8 168 403 198 417 732 563 597 664 
? 8 97 88 458 466 201 555 348 559 
? 8 771 324 404 245 639 629 731 651 
? 8 190 286 717 787 741 640 443 208 
? 8 759 242 531 315 599 456 637 357 
? 8 792 50 107 627 109 381 23 409 
? 8 546 765 320 280 628 670 438 582 
? 8 281 471 499 671 760 105 394 306 
? 8 383 285 586 441 692 575 171 618 
? 8 641 757 226 288 756 104 36 400 
? 8 185 142 540 524 715 117 260 125 
? 8 221 89 71 360 789 4 122 625 
? 8 536 517 85 705 742 632 580 106 
? 8 206 445 20 550 273 278 158 515 
? 8 608 505 495 200 667 528 578 659 
? 8 257 101 736 40 152 338 341 446 
? 8 54 549 362 263 316 429 643 379 
? 8 434 321 533 565 703 313 219 148 
? 8 21 333 261 100 371 616 795 428 
? 8 76 220 714 298 770 159 419 108 
? 8 123 684 191 0 366 729 290 296 
? 8 406 698 138 587 486 710 131 143 
? 8 327 525 437 187 276 647 542 140 
? 8 150 116 369 503 709 783 455 462 
? 8 378 336 772 544 231 699 352 554 
? 8 402 10 763 427 393 577 737 370 
? 8 799 548 449 564 63 617 56 83 
? 8 153 45 669 469 287 743 346 735 
? 8 396 6 375 391 407 464 607 557 
? 8 311 690 780 53 210 384 266 593 
? 8 561 114 451 29 697 615 160 745 
? 8 747 728 163 672 500 385 112 343 
? 8 656 175 537 81 282 605 193 42 
? 8 695 238 230 648 777 439 481 330 
init_score -4.15924e+06
final_score: -4.2165e+06
times: 108103
update: 93
accept: 6
!
3 5 7 9 22 26 30 34 47 52 55 58 64 75 81 84 92 93 95 96 103 111 112 113 120 130 133 145 151 154 155 160 163 174 175 181 182 188 195 199 203 205 211 213 224 234 236 237 244 251 270 279 282 289 293 294 299 302 317 325 328 330 342 347 355 356 358 365 392 397 399 401 412 421 431 435 444 457 459 460 467 470 481 482 490 501 513 518 523 532 553 558 561 570 583 585 589 595 600 601 609 619 631 642 648 653 656 657 661 662 668 675 682 688 693 706 713 727 734 739 749 750 754 768 774 775 781 791 798 
3 154
3 653
5 775
5 595
7 583
7 775
9 775
9 203
22 96
22 113
26 653
30 401
34 553
34 244
34 113
47 460
52 188
52 317
55 421
55 103
58 595
64 675
64 151
64 668
75 317
81 282
81 656
84 600
92 294
92 155
93 356
95 609
103 513
111 195
111 713
111 224
112 163
112 282
113 293
120 668
130 739
130 347
133 682
133 713
145 203
145 642
151 601
154 457
160 163
160 561
174 328
174 293
174 657
175 656
175 481
181 182
181 662
182 749
188 501
188 347
195 270
195 205
199 213
199 211
211 460
211 558
213 768
224 518
234 523
234 325
236 798
236 237
236 435
244 706
251 460
270 749
279 791
279 513
289 330
289 727
289 648
293 299
294 421
299 754
302 688
325 459
325 653
328 435
330 481
342 585
342 392
355 553
355 558
356 774
356 583
358 768
358 653
365 457
365 399
392 583
397 589
397 470
399 585
401 754
401 750
412 570
431 739
431 619
435 490
444 774
467 661
467 693
470 642
482 693
490 601
501 688
513 600
518 609
532 570
532 631
532 675
558 791
589 727
619 781
661 662
668 739
682 781
727 734
17 28 29 32 37 42 51 57 68 74 78 82 114 128 141 157 179 193 204 215 230 238 249 254 258 284 301 305 343 344 364 374 377 385 389 439 451 472 474 492 500 537 562 568 573 574 605 615 633 635 652 663 672 674 681 695 697 708 728 745 747 753 767 777 786 
17 215
17 439
28 157
29 672
32 374
32 562
37 254
37 78
42 777
42 385
51 157
51 179
51 128
57 492
57 681
57 238
68 258
68 377
74 753
78 574
78 573
82 305
82 344
82 652
114 745
128 635
128 633
141 389
141 635
193 537
193 695
193 439
204 681
230 238
230 695
238 605
249 344
254 472
258 681
284 753
301 708
301 374
301 568
343 605
343 672
364 635
377 674
385 728
385 537
389 652
389 753
451 697
472 633
474 663
474 568
500 745
562 777
568 767
574 663
615 728
697 745
708 786
728 747
745 747
14 43 46 183 240 331 390 465 494 655 701 721 
14 465
14 494
43 465
46 240
46 494
183 240
240 331
331 390
465 701
494 721
655 701
8 31 49 65 124 127 172 173 225 232 239 292 303 314 323 353 368 376 388 415 510 511 519 520 534 535 576 654 660 773 
8 65
8 576
8 323
31 127
31 49
49 510
49 172
49 124
65 520
124 519
124 292
127 323
173 773
173 660
225 660
232 520
239 534
239 415
292 368
292 415
303 654
303 353
314 535
314 353
353 660
376 510
388 773
511 654
534 654
167 250 395 410 
167 250
250 395
250 410
2 18 27 44 70 102 144 149 162 166 170 176 202 217 345 418 433 488 504 527 541 592 596 602 622 676 679 718 751 797 
2 527
18 102
27 70
44 433
44 202
44 679
70 797
102 751
144 504
149 166
149 797
149 596
162 527
162 418
166 170
170 592
170 676
176 202
217 488
217 345
433 602
488 504
504 679
527 718
541 622
541 596
592 751
602 751
622 718
13 35 91 94 98 146 177 207 253 267 414 426 463 485 491 498 539 560 571 572 579 588 636 673 702 711 725 746 796 
13 414
13 560
35 579
35 267
35 636
91 426
91 711
91 560
94 463
98 579
98 588
146 711
146 796
177 636
207 636
253 702
253 539
267 539
414 673
463 725
485 491
491 673
498 725
498 571
498 673
572 579
588 796
725 746
15 19 38 39 48 61 62 66 73 87 90 115 129 132 135 136 147 156 164 165 169 184 189 212 223 228 229 233 235 243 256 262 264 265 268 272 291 312 318 322 326 332 335 340 361 373 386 411 424 440 453 468 473 478 480 483 487 489 493 496 497 502 508 514 521 530 545 552 566 590 598 613 614 620 621 623 624 634 644 650 665 677 680 683 694 707 716 723 726 730 738 752 755 762 766 782 784 788 
15 87
19 235
19 496
38 634
39 487
39 233
48 623
48 340
61 683
62 530
62 489
66 766
66 707
73 620
87 212
87 361
90 730
90 265
115 624
115 502
129 707
129 623
132 782
132 136
135 169
136 243
147 332
147 169
147 268
156 521
156 530
164 624
164 644
165 566
169 707
169 502
184 726
184 373
189 262
189 229
212 312
223 424
223 514
228 716
228 762
229 268
235 262
243 386
256 738
256 598
256 453
264 782
264 478
265 291
272 468
272 483
272 493
291 634
312 487
312 613
318 411
322 730
326 497
326 373
335 716
335 453
340 411
340 694
361 480
386 590
411 755
424 552
424 521
440 493
468 614
473 762
478 480
480 598
483 497
496 545
497 665
508 521
508 680
514 614
545 726
566 716
590 644
620 723
621 644
634 752
650 762
665 752
677 680
677 723
683 784
738 788
766 784
25 41 59 69 79 80 110 121 126 139 178 194 196 197 247 252 271 274 275 283 300 349 350 423 447 448 484 507 526 567 591 626 649 719 724 764 769 790 793 
25 423
25 526
25 252
41 448
41 196
41 764
59 591
59 69
59 649
69 724
79 350
79 300
79 447
80 507
110 126
121 139
121 178
126 194
126 178
139 283
178 275
196 507
197 423
247 567
247 300
252 271
271 719
274 349
274 626
275 349
283 790
283 793
300 649
350 793
447 719
448 719
484 724
764 769
1 11 12 16 24 33 60 67 77 86 99 118 119 180 186 209 214 218 222 227 246 255 259 269 277 295 297 307 308 309 310 334 337 339 351 354 359 363 367 380 382 387 398 405 416 420 422 425 430 432 436 442 450 454 461 476 477 479 506 509 512 516 522 529 538 543 547 551 556 569 581 584 594 604 606 610 611 612 638 645 646 666 678 685 686 691 696 700 704 712 720 722 740 744 758 761 776 778 794 
1 363
1 12
11 778
11 761
11 686
12 354
16 538
24 547
24 543
33 277
33 581
60 222
60 405
67 86
67 522
67 118
77 666
77 422
99 776
99 704
99 479
118 180
119 740
119 297
119 611
180 646
186 450
209 678
209 436
214 334
214 310
218 778
218 720
218 556
222 794
222 569
227 454
227 436
246 638
246 594
255 506
255 740
259 638
259 678
269 387
277 334
295 794
297 606
307 569
307 761
308 646
308 337
309 367
309 398
310 363
334 380
339 420
351 529
351 479
351 425
354 744
359 696
363 610
367 776
380 422
380 420
382 509
387 666
387 425
416 461
416 740
420 696
430 461
432 512
432 704
442 584
450 712
450 506
454 551
454 509
476 547
477 594
477 606
509 522
512 547
516 551
516 758
538 712
556 584
604 720
604 700
611 700
611 691
612 685
612 704
645 778
646 744
678 722
4 20 21 23 36 40 50 71 72 76 83 85 88 89 97 100 104 105 106 107 108 109 117 122 125 142 152 158 159 168 171 185 190 198 200 201 206 208 221 226 242 245 248 260 261 273 276 278 280 281 285 286 288 296 304 306 315 320 324 336 341 348 352 357 360 362 378 381 383 391 393 394 400 402 403 404 407 408 409 417 419 437 438 441 443 445 446 449 455 456 458 464 466 471 486 499 505 515 517 524 525 531 533 536 540 544 546 549 550 555 559 563 565 575 578 580 582 586 597 599 608 616 617 618 625 627 628 629 630 632 637 639 640 641 643 651 664 670 671 684 687 689 692 698 705 710 715 717 731 732 733 737 741 742 748 756 757 759 760 763 765 771 779 785 787 789 792 799 
4 789
4 122
4 705
20 550
20 445
21 261
21 565
23 107
36 185
36 757
40 578
50 357
50 107
71 89
72 630
72 304
76 285
76 616
83 617
85 742
88 458
89 260
89 360
97 458
97 732
100 616
104 756
104 288
105 383
105 760
105 159
106 632
106 273
108 419
109 378
109 637
109 437
109 409
117 125
122 360
125 221
142 288
142 715
142 185
152 578
152 206
158 580
158 550
159 419
168 732
171 441
171 641
171 586
185 524
190 741
190 286
190 629
198 732
198 563
200 505
200 578
201 737
201 799
206 705
208 242
208 402
221 260
226 757
242 637
245 404
248 748
260 715
261 400
273 515
276 710
276 437
278 445
278 515
278 608
280 320
281 671
281 582
281 438
285 383
285 575
286 787
296 698
296 684
304 391
304 733
306 441
315 599
320 765
324 348
324 393
336 378
336 455
341 549
341 446
348 559
348 555
352 763
352 402
357 759
357 792
360 536
362 446
378 544
381 627
381 546
391 464
393 737
393 763
394 671
394 586
400 756
400 540
402 651
403 597
403 417
404 559
407 464
408 689
408 779
408 748
417 563
417 785
419 684
438 628
441 618
443 531
443 640
443 759
449 799
449 617
456 599
456 637
458 466
466 555
471 671
486 710
486 525
499 760
517 625
533 565
533 643
536 625
536 632
546 765
549 643
575 618
580 742
586 692
597 664
599 792
627 792
629 639
629 771
630 687
640 741
641 757
670 698
687 689
687 785
698 710
717 731
717 787
0 6 10 45 53 54 56 63 101 116 123 131 134 137 138 140 143 148 150 153 161 187 191 192 210 216 219 220 231 241 257 263 266 287 290 298 311 313 316 319 321 327 329 333 338 346 366 369 370 371 372 375 379 384 396 406 413 427 428 429 434 452 462 469 475 495 503 528 542 548 554 557 564 577 587 593 603 607 647 658 659 667 669 690 699 703 709 714 729 735 736 743 770 772 780 783 795 
0 191
0 290
0 366
6 735
10 427
10 554
45 669
45 287
53 593
53 780
53 384
54 263
54 338
56 669
56 564
63 370
63 153
101 659
101 338
101 667
116 369
116 150
116 462
116 542
123 191
123 298
123 770
131 143
134 384
137 603
138 587
138 729
138 406
140 542
140 187
143 187
148 313
150 327
153 287
161 319
192 593
192 319
192 413
210 266
210 413
210 311
216 603
219 313
219 333
220 714
231 462
231 699
241 329
241 372
257 736
263 429
263 316
287 743
290 406
298 714
311 607
316 434
321 434
321 703
327 587
327 647
333 703
333 371
346 743
346 375
369 709
370 577
371 795
372 475
375 607
379 434
384 690
396 735
396 669
413 603
427 577
428 795
428 770
452 658
452 690
469 735
475 690
495 528
503 709
528 659
548 564
554 699
557 780
667 736
709 783
772 783
Score = 244075
