? 3 142 409 86 
? 3 429 374 754 
? 3 196 189 625 
? 3 59 235 658 
? 3 453 121 406 
? 3 617 505 317 
? 3 4 679 495 
? 3 476 592 634 
? 3 283 581 354 
? 3 251 491 393 
? 3 719 729 740 
? 3 544 775 28 
? 3 383 213 553 
? 3 728 80 701 
? 3 668 122 345 
? 3 682 751 104 
? 3 358 88 184 
? 3 761 34 301 
? 3 672 168 609 
? 3 753 473 135 
? 3 503 369 378 
? 3 404 47 65 
? 3 792 443 630 
? 3 748 795 746 
? 3 341 78 211 
? 3 200 513 118 
? 3 411 273 291 
? 3 361 74 25 
? 3 446 657 29 
? 3 789 217 423 
? 3 498 340 69 
? 3 264 280 416 
? 3 36 99 60 
? 3 146 487 56 
? 3 435 434 140 
? 3 720 686 285 
? 3 126 42 294 
? 3 77 289 331 
? 3 62 707 706 
? 3 222 49 778 
? 3 396 788 551 
? 3 221 566 382 
? 3 611 536 155 
? 3 244 698 606 
? 3 26 32 526 
? 3 346 451 604 
? 3 777 216 725 
? 3 705 769 585 
? 3 293 14 182 
? 3 798 113 332 
? 3 456 588 381 
? 3 309 46 533 
? 3 171 250 249 
? 3 17 692 129 
? 3 281 783 115 
? 3 106 412 347 
? 3 651 572 82 
? 3 739 109 546 
? 3 1 589 465 
? 3 457 693 41 
? 3 20 424 522 
? 3 414 716 515 
? 3 348 633 227 
? 3 467 305 741 
? 3 660 392 351 
? 3 662 128 170 
? 3 727 367 573 
? 3 638 595 632 
? 3 223 507 708 
? 3 139 207 678 
? 3 766 758 712 
? 3 185 127 296 
? 3 138 626 209 
? 3 298 417 463 
? 3 11 96 52 
? 3 610 136 485 
? 3 219 469 260 
? 3 422 586 224 
? 3 241 670 441 
? 3 178 647 70 
? 3 7 762 530 
? 3 163 771 364 
? 3 488 206 612 
? 3 614 174 360 
? 3 262 484 313 
? 3 654 437 757 
? 3 759 172 797 
? 3 257 667 570 
? 3 81 534 391 
? 3 101 731 591 
? 3 481 702 521 
? 3 3 509 700 
? 3 648 400 237 
? 3 548 12 688 
? 3 236 620 713 
? 3 721 306 510 
? 3 37 242 734 
? 3 92 403 637 
? 3 694 337 116 
? 3 616 689 607 
? 3 45 64 265 
? 3 567 398 255 
? 3 274 676 233 
? 3 394 603 483 
? 3 596 33 418 
? 3 98 433 335 
? 3 23 212 529 
? 3 450 79 543 
? 3 247 145 784 
? 3 111 717 288 
? 3 197 103 311 
? 3 419 733 407 
? 3 16 232 67 
? 3 549 377 254 
? 3 225 384 75 
? 3 131 356 161 
? 3 154 425 229 
? 3 613 166 94 
? 3 319 144 2 
? 3 43 397 430 
? 3 385 790 72 
? 3 479 405 389 
? 3 38 525 618 
? 3 653 776 39 
? 3 371 190 448 
? 3 460 307 580 
? 3 432 323 639 
? 3 794 112 718 
? 3 540 300 284 
? 3 640 408 187 
? 3 10 785 722 
? 3 204 680 799 
? 3 55 84 697 
? 3 478 644 299 
? 3 344 445 709 
? 3 267 431 173 
? 3 329 156 259 
? 3 158 602 226 
? 3 459 499 390 
? 3 108 220 539 
? 3 180 656 704 
? 3 462 782 310 
? 3 376 322 673 
? 3 282 295 564 
? 3 550 261 159 
? 3 191 528 665 
? 3 287 258 165 
? 3 461 542 83 
? 3 477 266 270 
? 3 66 439 9 
? 3 565 436 427 
? 3 569 577 73 
? 3 763 514 210 
? 3 152 555 659 
? 3 598 24 365 
? 3 359 420 587 
? 3 141 271 574 
? 3 214 48 130 
? 3 366 114 455 
? 3 619 375 50 
? 3 342 19 786 
? 3 615 194 334 
? 3 519 520 531 
? 3 44 517 327 
? 3 472 175 413 
? 3 245 325 370 
? 3 447 349 355 
? 3 710 5 51 
? 3 97 314 773 
? 3 31 123 57 
? 3 646 215 650 
? 3 552 468 755 
? 3 623 395 352 
? 3 387 120 399 
? 3 438 636 629 
? 3 774 238 195 
? 3 253 691 621 
? 3 240 749 125 
? 3 421 538 100 
? 3 516 575 157 
? 3 199 560 684 
? 3 466 297 246 
? 3 512 582 671 
? 3 501 415 426 
? 3 744 714 338 
? 3 176 205 105 
? 3 793 442 649 
? 3 464 599 27 
? 3 186 452 198 
? 3 275 562 642 
? 3 318 13 738 
? 3 279 760 362 
? 3 661 454 768 
? 3 608 756 558 
? 3 35 690 40 
? 3 290 764 541 
? 3 532 110 137 
? 3 151 685 333 
? 3 22 524 326 
? 3 401 183 471 
? 3 54 590 669 
? 3 143 353 458 
? 3 58 380 489 
? 3 643 506 561 
? 3 132 91 63 
? 3 444 750 518 
? 3 687 486 248 
? 3 664 188 696 
? 3 153 490 635 
? 3 179 252 276 
? 3 0 192 71 
? 3 315 76 181 
? 3 500 703 85 
? 3 169 148 90 
? 3 167 449 218 
? 3 545 508 597 
? 3 557 652 160 
? 3 30 304 402 
? 3 677 622 747 
? 3 388 663 723 
? 3 119 699 584 
? 3 278 363 193 
? 3 343 134 765 
? 3 336 492 631 
? 3 480 18 302 
? 3 368 674 316 
? 3 475 568 559 
? 3 150 133 292 
? 3 579 21 624 
? 3 149 243 6 
? 3 379 537 93 
? 3 228 780 743 
? 3 767 177 655 
? 3 286 308 277 
? 3 497 628 535 
? 3 742 320 745 
? 3 124 68 321 
? 3 269 410 357 
? 3 231 372 164 
? 3 89 732 779 
? 3 675 715 583 
? 3 791 201 147 
? 3 234 328 681 
? 3 796 504 683 
? 3 208 787 730 
? 3 330 601 527 
? 3 547 600 373 
? 3 737 470 554 
? 3 511 695 263 
? 3 428 268 386 
? 3 239 770 578 
? 3 202 256 440 
? 3 563 735 736 
? 3 53 102 502 
? 3 576 645 339 
? 3 303 61 571 
? 3 711 593 230 
? 3 312 666 117 
? 3 87 272 162 
? 3 594 482 627 
? 3 605 726 496 
? 3 772 752 724 
? 3 324 523 493 
? 3 556 107 781 
? 3 474 350 203 
? 3 95 8 15 
? 3 142 409 416 
? 3 86 429 374 
? 3 264 340 754 
? 3 196 498 423 
? 3 189 625 59 
? 3 235 657 658 
? 3 453 121 406 
? 3 617 505 317 
? 3 4 679 495 
? 3 476 118 200 
? 3 211 592 634 
? 3 283 630 581 
? 3 792 65 47 
? 3 354 251 491 
? 3 393 719 729 
? 3 740 544 473 
? 3 775 28 383 
? 3 213 553 728 
? 3 80 701 668 
? 3 88 122 345 
? 3 682 751 104 
? 3 585 358 769 
? 3 705 184 761 
? 3 725 216 34 
? 3 301 604 672 
? 3 451 168 346 
? 3 609 753 526 
? 3 135 503 369 
? 3 32 26 606 
? 3 378 404 698 
? 3 244 443 155 
? 3 748 536 795 
? 3 746 341 78 
? 3 611 382 566 
? 3 221 513 551 
? 3 788 411 49 
? 3 222 273 291 
? 3 706 361 707 
? 3 74 62 289 
? 3 294 25 42 
? 3 446 29 686 
? 3 789 720 140 
? 3 217 435 146 
? 3 69 99 280 
? 3 36 82 572 
? 3 60 487 651 
? 3 56 434 347 
? 3 412 285 126 
? 3 106 77 331 
? 3 115 305 783 
? 3 281 129 692 
? 3 778 396 17 
? 3 249 250 171 
? 3 533 46 309 
? 3 381 588 632 
? 3 223 777 507 
? 3 456 332 113 
? 3 798 182 14 
? 3 293 712 207 
? 3 127 139 708 
? 3 296 138 595 
? 3 209 638 298 
? 3 573 367 727 
? 3 170 128 662 
? 3 11 351 96 
? 3 52 392 660 
? 3 741 136 467 
? 3 485 227 633 
? 3 224 348 515 
? 3 716 414 522 
? 3 241 424 20 
? 3 41 441 693 
? 3 457 465 589 
? 3 1 546 7 
? 3 109 739 163 
? 3 530 762 771 
? 3 70 364 647 
? 3 488 206 612 
? 3 178 670 360 
? 3 262 484 313 
? 3 437 757 759 
? 3 172 586 797 
? 3 422 260 469 
? 3 257 667 219 
? 3 81 391 101 
? 3 731 610 591 
? 3 481 463 3 
? 3 509 700 417 
? 3 648 237 12 
? 3 688 236 620 
? 3 713 721 306 
? 3 626 510 37 
? 3 242 185 734 
? 3 758 766 92 
? 3 678 403 637 
? 3 694 337 116 
? 3 616 689 607 
? 3 45 64 265 
? 3 430 567 398 
? 3 255 274 676 
? 3 144 548 400 
? 3 94 233 394 
? 3 603 521 356 
? 3 702 483 596 
? 3 33 418 98 
? 3 534 377 433 
? 3 335 570 23 
? 3 212 529 450 
? 3 654 79 174 
? 3 543 247 407 
? 3 614 145 784 
? 3 111 717 288 
? 3 197 103 311 
? 3 419 478 733 
? 3 697 55 16 
? 3 680 232 722 
? 3 640 67 549 
? 3 300 254 225 
? 3 384 75 794 
? 3 131 161 154 
? 3 425 639 229 
? 3 323 613 166 
? 3 580 319 2 
? 3 448 43 397 
? 3 385 371 790 
? 3 72 776 653 
? 3 525 389 479 
? 3 405 83 38 
? 3 542 461 165 
? 3 618 258 665 
? 3 39 528 191 
? 3 159 261 550 
? 3 190 564 295 
? 3 282 460 307 
init_score 138888
final_score: 113243
times: 52676
update: 106
accept: 13
!
69 86 142 264 280 374 409 416 429 
69 264
69 280
86 409
86 429
142 409
264 374
280 416
374 429
340 
29 59 189 196 217 235 423 498 625 657 658 754 789 
29 217
29 789
29 657
59 235
59 625
189 423
189 625
196 754
196 498
235 658
235 657
423 498
25 74 121 317 406 446 453 505 617 
25 74
74 317
121 453
121 617
317 505
317 617
406 446
446 617
4 118 200 273 291 361 411 476 495 679 
4 679
118 200
118 476
200 495
273 291
273 411
291 361
411 476
495 679
28 47 65 78 135 155 211 213 221 251 283 341 354 369 378 383 393 404 443 473 491 503 544 553 581 592 609 611 630 634 719 729 740 746 748 753 775 792 795 
28 775
28 473
28 753
47 65
47 378
47 354
65 792
78 611
78 795
135 473
155 443
211 746
211 592
211 221
213 383
213 553
213 775
251 354
251 491
283 581
283 634
283 592
341 746
341 795
369 503
369 378
378 404
393 491
393 719
443 748
473 544
544 729
592 630
609 753
630 748
630 792
719 729
729 740
14 34 80 88 104 122 168 182 184 207 216 293 301 345 358 451 585 668 672 682 701 705 725 728 751 769 798 
14 293
14 182
34 301
34 725
80 701
80 728
88 122
88 701
88 358
104 682
122 345
168 451
182 798
184 216
207 798
216 725
301 672
345 682
358 769
358 585
451 672
668 701
682 751
705 769
705 725
705 798
113 332 456 
113 332
332 456
46 223 309 346 381 507 588 604 632 761 777 
46 309
223 632
223 381
223 507
309 381
309 588
346 604
588 777
604 777
761 777
26 32 526 533 
26 32
26 533
526 533
17 49 129 171 222 244 249 250 382 396 513 536 551 566 606 638 692 698 778 788 
17 566
49 222
129 396
129 692
129 778
171 606
171 250
222 778
244 698
244 536
244 249
249 250
250 638
382 551
382 566
382 536
396 788
513 551
551 788
42 62 77 115 126 140 227 281 285 289 294 305 331 347 412 434 467 522 633 686 706 707 720 783 
42 294
42 126
62 281
77 289
77 294
77 227
115 331
115 783
115 305
126 285
140 686
227 633
281 783
285 686
289 331
305 467
347 434
347 412
412 522
434 720
686 720
706 707
707 783
56 435 487 651 
56 487
56 651
435 487
1 7 36 60 70 82 99 109 146 465 488 530 546 572 589 612 647 739 762 771 
1 465
1 546
7 739
7 762
36 99
60 146
60 572
70 647
70 762
82 572
82 109
99 572
109 739
465 589
488 612
488 647
530 762
530 771
546 612
178 441 457 
178 441
441 457
20 41 81 101 106 136 172 219 224 241 260 348 360 392 414 422 424 469 485 515 586 654 660 670 693 716 741 757 797 
20 41
20 424
41 693
81 101
101 660
106 348
136 485
136 741
172 260
172 797
172 586
219 485
219 469
224 586
241 716
260 469
348 515
360 670
360 654
392 660
414 716
414 424
422 797
515 716
586 757
654 757
660 741
670 693
3 11 37 52 92 96 127 128 138 139 170 185 209 237 242 296 298 306 351 367 403 417 463 509 510 573 595 610 626 637 648 662 678 700 708 712 721 727 758 766 
3 509
11 96
37 242
52 96
52 351
92 678
92 637
96 610
127 296
127 185
127 712
127 139
128 170
128 727
128 662
138 296
138 595
138 510
139 708
170 463
185 242
209 595
209 626
237 648
237 721
237 573
298 573
306 721
351 662
367 727
367 573
403 637
417 700
509 700
626 721
648 700
678 766
712 758
758 766
45 64 116 236 255 265 337 430 607 616 620 688 689 694 713 734 790 
45 64
45 689
45 265
64 430
116 616
116 337
236 688
236 620
236 713
255 265
265 620
337 694
337 790
607 689
616 689
694 734
43 397 398 567 
43 397
397 567
398 567
12 94 144 154 229 233 274 394 400 425 521 548 603 676 
12 548
94 144
144 274
154 394
154 425
229 425
233 400
233 394
274 676
394 603
400 548
521 603
548 676
33 98 131 225 391 418 481 483 534 591 596 702 731 
33 418
33 596
98 418
98 534
98 225
131 483
391 534
391 731
481 591
483 596
591 731
591 702
23 257 335 549 570 667 
23 257
257 667
335 570
335 549
570 667
212 437 759 
212 437
437 759
79 174 247 262 313 407 450 484 529 543 614 
79 543
174 247
174 262
247 614
247 543
262 484
313 529
313 484
407 543
450 529
50 103 111 145 163 197 206 288 299 311 364 419 478 644 717 784 
50 299
103 717
103 311
111 145
145 784
163 197
197 288
206 784
206 364
288 717
288 364
299 644
311 419
419 644
419 478
55 84 267 431 697 733 
55 84
55 697
267 431
267 697
697 733
10 16 173 204 232 259 680 722 785 799 
10 259
10 785
16 680
16 232
173 799
204 785
232 722
680 799
722 785
67 187 284 408 602 640 
67 640
187 408
187 602
284 640
408 640
539 
226 459 
226 459
254 377 433 
254 377
377 433
300 540 
300 540
75 112 180 384 656 704 718 
75 384
112 718
180 656
384 718
656 704
656 718
794 
161 310 356 462 
161 310
161 356
310 462
166 323 432 613 639 
166 613
166 432
323 639
323 613
2 319 322 376 580 
2 319
2 376
319 580
322 376
190 191 261 282 295 307 448 460 528 564 673 
190 564
190 191
261 564
261 528
282 295
282 460
295 564
307 460
448 460
448 673
371 385 
371 385
39 72 258 618 653 665 776 
39 665
39 776
72 653
258 665
618 776
653 776
38 165 389 461 525 542 
38 542
38 525
165 461
389 525
461 542
83 266 405 468 477 479 650 
83 477
83 405
266 477
405 479
468 650
477 650
57 287 646 
57 646
287 646
9 31 66 123 159 270 436 439 550 565 
9 66
9 159
31 436
66 270
123 439
159 550
270 439
270 565
436 565
5 73 97 108 152 210 220 245 349 355 370 427 447 514 555 569 577 659 763 773 782 
5 355
5 73
5 97
73 514
108 220
108 555
152 782
210 763
210 782
245 370
245 659
349 355
355 447
370 447
427 569
514 763
555 659
569 577
569 773
577 763
24 390 499 598 
24 598
390 499
499 598
158 175 359 365 
158 365
175 359
359 365
44 48 130 141 214 271 420 517 574 587 
44 517
44 271
48 214
48 130
141 271
141 574
214 574
420 587
574 587
114 156 194 329 334 366 455 520 531 709 
114 366
114 455
156 334
156 329
194 366
334 520
334 366
455 709
520 531
19 375 615 619 786 
19 786
375 615
375 619
615 786
344 445 
344 445
13 27 105 176 186 198 205 275 279 318 338 342 362 442 452 464 519 599 649 661 714 738 744 760 793 
13 318
13 464
27 186
27 599
105 793
105 176
186 452
198 452
198 275
205 442
205 738
279 760
279 738
338 714
342 452
362 661
362 760
442 793
464 599
464 649
519 714
649 793
661 744
714 744
35 40 90 110 137 151 327 413 415 426 454 472 501 512 532 541 558 582 671 684 690 756 768 
35 40
40 690
40 90
110 532
110 137
137 151
151 684
327 472
327 582
413 512
415 426
415 671
454 768
501 671
501 756
512 541
512 690
532 541
558 756
582 690
582 671
756 768
246 297 325 466 
246 466
297 466
297 325
22 51 100 157 199 314 326 333 421 516 524 538 560 575 710 
22 524
22 421
51 538
51 710
51 314
100 516
100 538
157 560
199 560
199 710
314 421
326 524
333 516
516 575
183 401 471 
183 401
183 471
54 120 125 195 215 238 240 253 352 353 387 399 438 561 590 621 629 636 643 669 691 749 774 
54 590
54 749
120 387
125 749
195 238
195 774
195 253
215 352
240 621
253 691
352 387
353 669
387 399
399 438
399 643
438 636
561 643
590 669
590 691
621 691
629 774
629 636
63 91 286 395 444 552 623 755 
63 91
63 444
91 755
286 444
395 755
552 623
623 755
132 177 486 506 518 655 687 743 750 
132 506
177 655
486 687
506 687
518 750
518 687
655 750
655 743
188 248 664 696 
188 664
248 664
664 696
58 93 228 380 489 
58 489
58 228
93 228
380 489
6 149 153 179 243 379 458 490 537 635 
6 243
6 379
6 149
153 635
179 490
179 635
379 490
458 635
490 537
21 143 252 276 624 
21 624
143 276
252 276
252 624
0 
71 150 192 292 475 559 568 579 
71 192
71 475
150 568
192 579
292 579
475 559
559 568
76 181 302 315 316 368 
76 302
76 181
181 315
302 368
316 368
18 85 148 169 500 685 703 
18 500
85 169
85 500
148 169
169 703
685 703
167 290 449 492 631 764 
167 449
167 492
290 764
449 764
492 631
30 119 134 160 193 202 218 239 256 278 304 336 343 363 388 402 440 508 545 557 562 578 584 597 608 622 642 652 677 699 723 747 765 770 
30 304
119 584
119 699
119 723
134 343
160 278
160 652
193 557
193 363
193 652
202 256
218 545
218 608
239 440
239 578
256 440
278 584
304 723
304 402
336 765
343 557
343 597
388 723
388 622
402 677
508 545
508 597
545 765
562 642
562 677
578 770
622 747
747 770
53 61 87 102 117 162 208 230 263 268 272 303 312 328 330 339 373 386 428 470 482 496 502 504 511 527 547 554 563 571 576 593 594 600 601 605 627 645 663 666 681 683 695 711 726 730 735 736 737 787 796 
53 736
53 102
53 735
61 571
61 303
87 117
87 272
117 666
162 272
162 482
162 594
208 730
230 593
263 695
263 511
268 386
268 428
268 663
312 711
312 787
328 681
330 601
330 527
330 730
339 645
339 554
373 547
373 571
386 736
428 695
470 737
470 554
496 726
502 576
504 796
504 683
511 645
527 600
547 601
547 711
563 735
571 737
576 645
593 711
594 627
605 726
605 627
666 683
681 726
683 787
772 
89 107 133 147 164 201 231 234 269 321 324 357 372 410 480 493 523 556 583 674 675 715 724 732 752 779 781 791 
89 164
89 231
107 493
107 556
133 732
133 674
147 201
147 480
201 791
201 234
231 357
231 781
269 410
269 357
321 410
324 724
324 675
324 779
372 410
372 732
493 523
556 779
583 791
583 715
674 779
675 715
724 752
8 15 68 95 124 203 277 320 350 474 497 535 628 641 742 745 767 780 
8 15
8 535
8 95
15 641
68 124
95 203
124 780
203 350
277 497
320 745
320 742
350 474
497 628
497 767
535 742
535 628
745 780
308 494 
308 494
Score = 470416
