0 27 34
0 44 9
2 43 9
2 42 9
2 41 9
2 40 9
2 39 9
2 38 9
2 37 9
2 36 9
2 35 9
2 34 9
2 33 9
2 32 9
2 31 9
2 30 9
2 29 9
2 28 9
6 27 9
1 27 10
1 27 11
1 27 12
1 27 13
1 27 14
1 27 15
1 27 16
1 27 17
1 27 18
1 27 19
1 27 20
1 27 21
1 27 22
1 27 23
1 27 24
1 27 25
1 27 26
1 27 27
1 27 28
1 27 29
1 27 30
1 27 31
1 27 32
1 27 33
-1
-1
-1
-1
-1
-1
-1
-1
-1
-1
-1
-1
-1
-1
-1
-1
-1
-1
-1
-1
-1
-1
-1
-1
-1
-1
-1
-1
-1
-1
-1
-1
-1
-1
-1
-1
-1
-1
-1
-1
-1
-1
-1
-1
-1
-1
-1
-1
-1
-1
-1
0 17 3
-1
-1
-1
1 17 4
1 17 5
1 17 6
1 17 7
3 17 8
2 18 8
2 19 8
2 20 8
2 21 8
2 22 8
2 23 8
2 24 8
2 25 8
2 26 8
2 27 8
2 28 8
2 29 8
2 30 8
2 31 8
2 32 8
2 33 8
2 34 8
2 35 8
2 36 8
2 37 8
2 38 8
2 39 8
2 40 8
2 41 8
2 42 8
2 43 8
5 44 8
-1
-1
-1
-1
-1
-1
-1
-1
-1
-1
-1
-1
-1
-1
-1
-1
-1
-1
-1
-1
-1
-1
-1
-1
-1
-1
-1
-1
-1
0 9 40
2 10 40
2 11 40
2 12 40
2 13 40
2 14 40
2 15 40
2 16 40
2 17 40
2 18 40
2 19 40
2 20 40
2 21 40
2 22 40
2 23 40
2 24 40
2 25 40
2 26 40
4 27 40
1 27 39
1 27 38
1 27 37
1 27 36
1 27 35
-1
-1
-1
-1
-1
-1
-1
-1
-1
-1
-1
-1
-1
-1
0 12 3
2 13 3
2 14 3
2 15 3
2 16 3
-1
-1
-1
-1
-1
-1
-1
-1
-1
-1
-1
-1
-1
-1
0 24 36
2 25 36
4 26 36
1 26 35
6 26 34
-1
-1
-1
-1
-1
-1
-1
-1
-1
-1
-1
-1
0 30 13
2 31 13
2 32 13
2 33 13
2 34 13
2 35 13
2 36 13
2 37 13
2 38 13
2 39 13
2 40 13
2 41 13
2 42 13
2 43 13
4 44 13
1 44 12
1 44 11
1 44 10
-1
-1
0 17 43
2 16 43
2 15 43
2 14 43
2 13 43
2 12 43
2 11 43
2 10 43
3 9 43
1 9 42
1 9 41
-1
-1
-1
0 47 6
2 46 6
6 45 6
1 45 7
1 45 8
4 45 9
-1
-1
-1
-1
0 27 11
-1
-1
-1
-1
-1
-1
0 19 46
2 18 46
3 17 46
1 17 45
1 17 44
-1
-1
-1
0 19 36
2 20 36
2 21 36
2 22 36
2 23 36
-1
-1
0 11 37
2 10 37
6 9 37
1 9 38
1 9 39
-1
0 12 8
1 12 7
1 12 6
1 12 5
1 12 4
-1
-1
0 3 15
2 4 15
2 5 15
2 6 15
2 7 15
2 8 15
2 9 15
2 10 15
2 11 15
4 12 15
1 12 14
1 12 13
1 12 12
1 12 11
1 12 10
1 12 9
0 22 43
2 21 43
2 20 43
2 19 43
2 18 43
0 7 1
1 7 2
3 7 3
2 8 3
2 9 3
2 10 3
2 11 3
0 43 14
2 44 14
2 45 14
2 46 14
4 47 14
1 47 13
1 47 12
1 47 11
1 47 10
1 47 9
1 47 8
1 47 7
0 45 27
2 44 27
3 43 27
1 43 26
1 43 25
1 43 24
1 43 23
1 43 22
1 43 21
1 43 20
1 43 19
1 43 18
1 43 17
1 43 16
1 43 15
0 37 2
1 37 3
1 37 4
3 37 5
2 38 5
2 39 5
2 40 5
2 41 5
2 42 5
2 43 5
2 44 5
2 45 5
2 46 5
5 47 5
0 8 34
1 8 35
3 8 36
2 9 36
2 10 36
5 11 36
0 40 26
1 40 27
3 40 28
2 41 28
2 42 28
2 43 28
2 44 28
4 45 28
0 38 29
4 39 29
1 39 28
1 39 27
6 39 26
0 4 21
3 3 21
1 3 20
1 3 19
1 3 18
1 3 17
1 3 16
0 26 30
2 25 30
6 24 30
1 24 31
1 24 32
1 24 33
1 24 34
1 24 35
0 32 2
2 33 2
2 34 2
2 35 2
2 36 2
0 31 31
2 30 31
2 29 31
6 28 31
1 28 32
1 28 33
4 28 34
0 6 24
2 5 24
3 4 24
1 4 23
1 4 22
0 49 28
2 48 28
2 47 28
3 46 28
5 46 27
0 1 24
3 1 25
2 2 25
2 3 25
2 4 25
2 5 25
4 6 25
0 4 11
6 3 11
1 3 12
1 3 13
1 3 14
0 15 40
0 21 2
2 20 2
2 19 2
2 18 2
6 17 2
0 30 43
2 29 43
2 28 43
2 27 43
2 26 43
2 25 43
2 24 43
2 23 43
0 22 29
2 23 29
2 24 29
2 25 29
5 26 29
0 44 4
2 45 4
2 46 4
2 47 4
5 48 4
1 48 5
4 48 6
-1
-1
-1
-1
-1
-1
-1
-1
-1
-1
-1
-1
-1
-1
-1
-1
-1
-1
-1
-1
-1
-1
-1
-1
-1
-1
-1
-1
-1
-1
-1
-1
-1
-1
-1
-1
-1
-1
-1
-1
-1
-1
-1
-1
-1
-1
-1
-1
-1
-1
-1
-1
-1
-1
-1
-1
-1
-1
-1
-1
-1
-1
-1
-1
-1
-1
-1
-1
-1
-1
-1
-1
-1
-1
-1
-1
-1
-1
-1
-1
-1
-1
-1
-1
-1
-1
-1
-1
-1
-1
-1
-1
-1
-1
-1
-1
-1
-1
-1
-1
-1
-1
-1
-1
-1
-1
-1
-1
-1
-1
-1
-1
-1
-1
-1
-1
-1
-1
-1
-1
-1
-1
-1
-1
-1
-1
-1
-1
-1
-1
-1
-1
-1
-1
-1
-1
-1
-1
-1
-1
-1
-1
-1
-1
-1
-1
-1
-1
-1
-1
-1
-1
-1
-1
-1
-1
-1
-1
-1
-1
-1
-1
-1
-1
-1
-1
-1
-1
-1
-1
-1
-1
-1
-1
-1
-1
-1
-1
-1
-1
-1
-1
-1
-1
-1
-1
-1
-1
-1
-1
-1
-1
-1
-1
-1
-1
-1
-1
-1
-1
-1
-1
-1
-1
-1
-1
-1
-1
-1
-1
-1
-1
-1
-1
-1
-1
-1
-1
-1
-1
-1
-1
-1
-1
-1
-1
-1
-1
-1
-1
-1
-1
-1
-1
-1
-1
-1
-1
-1
-1
-1
-1
-1
-1
-1
-1
-1
-1
-1
-1
-1
-1
-1
-1
-1
-1
-1
-1
-1
-1
-1
-1
-1
-1
-1
-1
-1
-1
-1
-1
-1
-1
-1
-1
-1
-1
-1
-1
-1
-1
-1
-1
-1
-1
-1
-1
-1
-1
-1
-1
-1
-1
-1
-1
-1
-1
-1
-1
-1
-1
-1
-1
-1
-1
-1
-1
-1
-1
-1
-1
-1
-1
-1
-1
-1
-1
-1
-1
-1
-1
-1
-1
-1
-1
-1
