? 14 314 682 45 666 10 629 80 561 502 449 60 570 496 640 
? 14 713 448 731 189 771 501 711 533 82 539 54 581 796 195 
? 14 243 453 388 76 543 766 210 385 206 756 227 87 411 316 
? 14 551 302 433 586 246 305 775 339 296 462 112 509 417 667 
? 14 697 426 637 387 736 304 608 609 752 578 69 749 794 147 
? 14 318 5 565 777 167 274 3 216 368 285 506 718 700 332 
? 14 254 152 492 8 597 234 47 421 688 372 701 423 287 311 
? 14 292 106 294 645 603 723 313 632 276 157 746 461 557 747 
? 14 541 88 182 564 369 93 226 81 381 325 547 239 22 258 
? 14 24 275 504 724 288 359 278 669 726 361 574 523 420 511 
? 14 679 375 481 94 515 30 271 21 407 677 554 409 616 442 
? 14 99 20 604 378 59 626 418 256 734 610 744 374 684 532 
? 14 186 553 213 344 364 430 26 642 389 678 755 757 107 795 
? 14 558 489 482 680 61 163 741 260 63 221 150 789 50 158 
? 14 137 580 605 164 465 467 708 205 399 295 104 650 651 716 
? 14 567 400 583 780 7 2 691 416 199 674 355 68 225 759 
? 14 762 745 307 769 105 447 685 740 694 742 89 28 140 593 
? 14 139 721 122 67 263 658 402 793 475 458 686 698 34 606 
? 14 460 517 117 72 587 333 410 27 56 214 699 668 300 491 
? 14 485 563 223 600 133 250 484 601 627 630 65 154 665 412 
? 14 622 115 98 620 231 219 471 176 377 180 17 184 540 663 
? 14 470 456 343 451 693 29 334 183 38 566 383 191 454 422 
? 14 44 353 486 717 562 591 129 615 37 286 464 758 255 41 
? 14 100 337 577 232 306 480 750 320 171 336 438 347 392 179 
? 14 518 319 560 208 707 437 790 338 797 656 647 241 283 384 
? 14 146 428 675 512 727 556 200 272 625 4 236 367 143 222 
? 14 204 207 623 71 413 466 362 435 602 390 291 19 641 579 
? 14 690 35 487 249 373 521 138 612 277 738 356 764 264 70 
? 14 613 262 360 230 406 155 346 73 380 497 123 715 473 64 
? 14 31 169 505 488 729 495 341 240 572 503 683 74 130 692 
? 14 445 440 40 83 594 12 132 522 192 190 528 11 681 792 
? 14 499 101 160 212 32 323 500 788 193 131 653 170 52 103 
? 14 773 419 251 695 455 646 124 657 703 18 585 350 414 753 
? 14 110 396 96 770 269 779 354 654 507 36 782 732 531 431 
? 14 303 783 424 725 308 245 25 628 42 342 119 765 452 760 
? 14 595 648 696 534 194 358 573 772 702 13 633 326 382 584 
? 14 366 536 120 127 141 631 395 220 90 607 519 624 102 403 
? 14 108 279 298 398 218 113 472 196 371 722 576 550 652 309 
? 14 655 706 787 111 619 514 761 575 0 493 270 280 538 284 
? 14 217 733 728 429 257 235 439 592 781 46 330 513 349 614 
? 14 798 268 51 530 436 97 552 617 215 662 643 197 739 425 
? 14 720 784 267 545 322 709 177 444 463 357 670 114 312 544 
? 14 469 39 735 224 282 149 33 301 582 659 148 109 78 468 
? 14 730 737 273 590 432 676 546 559 49 244 671 79 714 446 
? 14 660 14 181 92 16 370 542 15 459 664 774 710 535 799 
? 14 134 751 118 128 229 252 478 568 53 386 203 348 151 66 
? 14 705 75 85 261 228 649 317 537 43 520 121 57 434 289 
? 14 555 767 477 791 310 494 156 527 248 345 237 281 719 427 
? 14 327 508 479 198 144 611 145 188 259 476 743 174 687 636 
? 14 6 516 153 166 178 569 397 136 84 599 596 168 768 571 
? 14 48 297 247 635 748 363 242 673 704 634 299 490 526 95 
? 14 529 394 524 185 209 639 365 55 62 404 401 510 125 290 
? 14 441 763 525 135 162 393 315 165 379 415 293 9 351 172 
? 14 618 589 644 335 329 328 86 159 457 175 116 340 498 324 
? 14 483 321 754 161 77 405 58 1 331 265 352 443 661 778 
? 14 238 638 776 201 187 376 253 785 91 233 408 474 549 588 
? 14 211 548 672 621 598 173 142 450 202 23 689 391 266 712 
? 14 69 578 314 752 682 45 387 666 10 629 80 561 697 417 
? 14 502 449 60 112 462 570 496 433 640 551 316 713 448 385 
? 14 731 189 543 771 501 388 711 243 82 533 539 54 581 369 
? 14 564 796 182 195 88 541 747 557 453 76 461 632 313 766 
? 14 603 645 210 294 206 106 311 287 423 701 756 372 227 87 
? 14 688 411 47 421 234 597 302 586 152 246 254 332 305 775 
? 14 700 339 296 718 506 285 368 216 3 509 274 167 777 565 
? 14 667 318 147 426 637 736 304 608 794 609 749 616 409 554 
? 14 677 407 21 5 271 30 515 94 481 375 679 511 420 553 
? 14 523 344 364 574 361 492 8 726 669 278 359 288 724 504 
? 14 275 292 24 723 276 258 157 746 22 239 547 325 381 81 
? 14 226 93 61 163 680 482 489 558 795 107 63 757 789 755 
? 14 158 137 678 164 389 642 26 430 213 186 532 205 399 684 
? 14 104 374 651 744 567 610 734 400 780 256 418 626 59 378 
? 14 674 355 68 225 759 604 745 307 685 20 99 442 89 28 
? 14 140 742 694 721 740 447 122 105 769 67 658 762 402 793 
? 14 475 458 199 686 698 34 416 691 2 7 583 460 716 117 
? 14 650 72 295 587 333 410 27 56 699 708 467 668 465 300 
? 14 491 605 580 485 563 223 600 133 250 50 484 150 221 260 
? 14 627 741 630 665 622 412 115 98 620 154 231 65 219 471 
? 14 176 377 180 17 184 540 601 663 470 456 343 451 283 693 
? 14 29 334 183 790 437 214 38 566 383 191 454 517 518 606 
? 14 179 422 44 353 486 392 717 562 591 129 263 615 37 286 
? 14 464 758 139 593 255 41 100 337 577 232 123 306 497 380 
? 14 480 750 320 171 336 155 438 347 70 764 356 738 277 612 
? 14 319 560 138 208 707 373 338 797 656 647 487 241 384 146 
? 14 35 428 675 19 291 512 435 362 71 727 623 207 556 200 
? 14 272 625 4 103 236 52 170 367 143 653 131 193 222 788 
? 14 500 204 413 32 212 466 160 602 390 101 499 681 641 579 
? 14 528 690 190 192 132 12 249 83 40 521 440 445 692 130 
? 14 74 264 613 262 360 572 230 406 341 495 346 729 488 505 
? 14 73 715 169 31 64 473 194 534 696 648 772 595 760 452 
? 14 765 119 342 42 628 240 25 366 245 536 308 725 120 424 
? 14 127 783 503 683 303 90 431 531 519 624 732 403 782 108 
? 14 36 507 279 594 654 354 779 269 770 96 522 396 110 753 
? 14 472 414 350 585 11 792 18 703 657 124 323 646 455 695 
? 14 309 251 419 514 773 575 0 493 761 619 280 538 284 111 
? 14 787 733 706 728 655 652 429 550 439 592 576 722 781 46 
? 14 371 196 330 513 113 349 218 51 530 398 298 436 102 617 
? 14 607 220 662 395 643 631 141 739 425 720 784 709 177 584 
? 14 444 382 326 357 633 13 702 573 358 670 114 312 544 469 
? 14 39 735 224 463 282 149 322 545 267 33 301 197 582 215 
? 14 659 148 552 109 97 78 468 730 737 273 268 798 590 432 
? 14 614 676 546 559 49 244 671 79 714 446 660 14 181 92 
? 14 235 257 370 542 15 459 217 664 774 710 535 270 799 134 
? 14 751 118 128 48 229 252 478 568 16 53 136 386 203 348 
? 14 151 516 66 705 75 85 261 228 649 317 537 43 476 520 
? 14 121 259 57 434 289 555 767 477 791 479 310 494 156 527 
? 14 248 345 237 281 719 161 754 483 324 498 340 427 327 508 
? 14 198 457 159 144 86 328 329 644 611 9 145 188 379 315 
? 14 743 174 687 125 636 401 404 6 55 209 185 524 394 153 
? 14 166 529 178 569 299 397 84 599 704 596 242 363 168 768 
? 14 571 748 297 247 786 126 712 635 266 391 689 23 202 450 
? 14 673 142 634 173 598 490 526 95 621 672 548 211 588 549 
? 14 639 474 408 233 365 91 62 785 253 376 510 290 441 763 
? 14 525 135 187 162 201 393 165 415 776 638 293 351 172 238 
? 14 778 661 443 352 618 589 265 335 331 175 1 116 58 405 
? 14 69 578 314 752 609 682 608 304 45 736 387 666 10 629 
? 14 637 426 80 561 697 667 417 502 449 509 60 285 112 506 
? 14 462 296 339 570 775 305 496 246 586 433 302 640 551 316 
? 14 713 411 87 227 756 448 106 206 385 210 766 731 189 543 
? 14 771 76 501 388 711 453 747 243 195 796 564 581 54 539 
? 14 82 533 369 93 226 182 81 88 541 381 325 547 239 22 
? 14 557 461 746 157 258 276 632 313 723 603 645 24 294 292 
? 14 311 755 287 423 701 275 504 372 688 724 288 359 421 47 
? 14 278 669 678 234 389 726 597 8 492 361 574 152 364 344 
? 14 523 254 332 213 700 553 186 420 511 718 368 216 3 274 
? 14 679 375 481 94 167 515 30 777 271 59 565 5 21 407 
? 14 677 318 554 409 147 20 616 794 749 28 442 742 694 99 
? 14 740 685 447 105 769 67 307 658 745 604 762 402 759 225 
? 14 68 355 674 378 626 199 686 416 691 418 2 256 7 780 
? 14 583 400 734 610 567 744 716 651 374 117 650 104 295 684 
? 14 399 587 205 532 410 27 708 467 430 668 465 26 642 300 
? 14 491 164 605 580 485 563 137 158 50 484 789 150 221 757 
? 14 63 260 107 741 630 795 558 489 482 680 163 61 622 412 
? 14 665 115 98 620 154 231 65 219 471 176 377 180 17 184 
? 14 540 627 601 663 470 512 250 133 456 600 223 343 451 283 
? 14 693 29 797 334 183 790 699 437 214 56 38 707 208 566 
? 14 333 383 191 72 454 517 518 460 606 179 422 44 353 486 
? 14 392 717 562 34 591 698 129 347 458 438 475 793 336 263 
? 14 320 480 122 306 615 37 286 232 464 721 758 139 593 577 
? 14 255 140 41 89 100 64 337 31 169 715 123 497 380 750 
? 14 73 171 505 488 729 346 495 155 341 406 230 572 360 262 
? 14 613 70 264 764 356 738 130 277 692 612 445 319 560 440 
? 14 138 521 40 373 338 249 12 656 132 647 487 192 241 190 
? 14 384 146 35 690 528 579 641 428 681 675 19 499 291 390 
? 14 602 160 435 362 466 212 413 71 727 623 207 204 556 788 
? 14 200 272 222 193 131 653 625 143 4 367 236 103 52 170 
? 14 773 761 514 619 419 251 111 500 655 309 695 455 646 323 
? 14 124 657 32 550 576 703 722 101 18 792 11 585 371 350 
? 14 414 472 753 110 396 113 522 218 96 770 269 779 354 654 
? 14 594 83 398 298 279 507 36 108 782 403 102 732 624 519 
? 14 531 431 607 90 303 74 683 503 631 783 141 127 424 120 
? 14 725 308 536 245 366 25 240 628 42 584 342 119 326 765 
? 14 452 760 595 772 648 696 358 473 534 194 670 573 114 312 
? 14 544 469 735 702 13 633 357 382 463 444 282 177 709 149 
? 14 322 545 267 33 784 720 425 739 197 643 582 395 662 220 
? 14 215 617 148 552 109 97 436 468 530 51 730 737 273 268 
? 14 798 590 432 614 349 676 559 513 49 244 671 330 79 714 
? 14 196 660 46 781 14 181 592 439 92 235 257 429 652 728 
? 14 542 15 706 459 733 787 217 284 664 538 280 710 535 270 
? 14 493 799 134 0 751 575 118 128 48 229 571 768 774 252 
? 14 596 370 478 568 599 16 84 53 136 386 203 569 178 348 
? 14 166 153 446 151 516 546 6 66 705 75 687 85 261 228 
? 14 649 174 317 537 743 43 476 78 520 121 259 188 145 659 
? 14 611 57 434 289 555 144 767 301 477 791 198 479 310 508 
? 14 494 327 156 427 527 224 248 345 39 237 281 719 161 754 
? 14 77 321 483 324 405 498 58 340 116 1 175 457 159 331 
? 14 86 328 329 335 644 265 589 618 352 443 661 778 238 172 
? 14 351 9 293 638 776 415 379 165 315 393 201 162 187 135 
? 14 525 763 441 290 125 636 510 376 401 253 404 785 62 55 
? 14 91 365 233 408 474 639 209 549 185 588 211 548 524 394 
? 14 672 621 529 95 526 490 299 598 397 173 634 142 704 673 
? 14 242 363 450 168 202 23 689 748 391 266 297 635 247 712 
? 14 749 69 578 314 752 609 682 794 608 304 45 736 387 666 
? 14 10 629 637 426 147 80 561 697 318 667 417 5 565 777 
? 14 515 167 502 481 375 679 449 274 509 3 216 368 60 285 
? 14 112 506 462 718 296 339 570 700 775 305 496 332 254 246 
? 14 152 586 361 433 302 640 492 8 597 551 316 234 713 421 
? 14 47 411 688 87 227 372 756 701 423 287 311 448 292 106 
? 14 206 294 385 24 210 645 603 766 723 731 313 632 276 189 
? 14 543 771 157 746 461 76 501 388 711 453 557 239 547 747 
? 14 243 541 88 195 182 796 564 369 581 54 539 82 533 61 
? 14 163 680 482 489 93 226 558 81 795 381 325 22 630 741 
? 14 107 260 258 63 757 221 150 789 484 50 755 158 275 504 
? 14 137 724 288 359 563 278 669 485 580 678 605 164 389 491 
? 14 300 642 726 26 465 668 430 574 467 364 708 344 523 213 
? 14 27 553 186 410 532 205 420 511 587 399 684 295 104 650 
? 14 117 374 651 716 744 567 610 734 400 583 780 7 256 2 
? 14 418 691 416 94 30 686 199 626 271 59 378 674 355 21 
? 14 68 407 225 759 677 402 762 604 745 554 658 409 307 67 
? 14 769 105 447 685 20 740 616 99 694 742 442 28 100 89 
? 14 41 140 255 337 577 593 139 758 721 464 232 286 37 615 
? 14 123 306 497 122 380 480 750 320 263 171 336 793 155 475 
? 14 438 347 458 129 698 591 34 562 717 70 764 392 486 353 
? 14 356 738 44 422 179 606 460 518 517 277 454 612 72 319 
? 14 560 191 383 138 333 566 208 707 38 56 214 437 373 699 
? 14 790 183 334 338 797 29 656 647 693 487 241 283 384 451 
? 14 343 146 35 223 600 456 428 133 250 675 19 291 512 470 
? 14 663 435 362 601 71 727 627 623 207 556 540 184 200 17 
? 14 272 180 377 176 471 219 65 625 4 231 154 620 98 115 
? 14 665 412 622 103 236 52 170 367 773 761 514 619 143 419 
? 14 251 653 131 111 193 222 788 500 655 309 204 695 455 646 
? 14 323 124 413 657 32 212 550 466 160 602 576 703 722 390 
? 14 101 499 18 792 681 11 585 371 350 414 472 753 641 579 
? 14 528 690 110 396 190 113 192 522 132 218 96 770 12 249 
? 14 269 779 354 654 594 83 398 298 279 40 507 36 521 108 
? 14 440 782 403 445 102 732 624 692 519 531 130 431 607 90 
? 14 303 74 683 503 631 783 141 127 424 264 120 725 613 308 
? 14 262 245 536 360 366 25 572 240 230 406 341 628 495 346 
? 14 729 42 584 488 342 505 119 73 326 765 452 715 169 31 
? 14 760 595 64 772 648 696 358 473 534 194 670 573 114 312 
? 14 281 544 469 39 345 248 735 702 13 224 633 357 382 463 
? 14 444 282 177 156 709 149 322 494 545 267 33 784 720 310 
? 14 791 477 301 425 767 555 739 289 434 197 643 582 395 662 
? 14 57 220 215 659 617 148 552 109 97 121 520 78 436 468 
? 14 43 537 317 530 649 51 228 730 737 261 273 85 75 268 
? 14 798 66 590 432 614 349 676 546 559 513 49 151 244 671 
? 14 330 79 714 446 196 660 46 348 781 14 181 592 439 53 
? 14 92 235 16 257 429 568 652 370 728 542 15 706 252 459 
? 14 733 787 217 284 664 774 538 280 710 535 270 493 229 128 
? 14 799 134 0 118 751 575 786 126 712 247 635 297 266 391 
? 14 48 748 689 571 768 23 202 168 450 363 242 673 596 704 
? 14 142 478 599 84 136 634 173 386 397 598 299 490 526 203 
? 14 569 178 95 529 621 672 166 153 394 524 548 211 588 185 
? 14 549 209 639 474 408 233 516 365 91 55 62 6 785 404 
? 14 253 401 376 510 636 125 290 705 687 441 763 174 525 135 
? 14 187 162 743 201 476 393 315 165 259 379 415 776 638 188 
? 14 293 145 9 351 172 238 778 611 661 443 352 618 589 265 
? 14 644 335 329 328 86 144 331 159 457 198 479 508 175 327 
? 14 1 116 427 340 527 58 498 405 324 483 321 77 237 719 
? 14 749 28 69 578 442 314 742 694 99 752 609 682 794 616 
? 14 608 740 304 20 45 736 685 387 666 447 10 629 637 105 
? 14 769 67 426 147 80 307 409 561 658 554 697 745 604 762 
? 14 318 667 402 677 759 225 407 417 68 21 5 355 674 565 
? 14 378 59 271 626 777 199 686 30 515 167 94 416 691 418 
? 14 502 481 2 256 7 780 583 375 400 679 734 449 274 509 
? 14 610 3 216 567 744 716 651 368 60 285 374 117 112 650 
? 14 506 462 718 104 295 684 296 399 587 511 420 205 339 532 
? 14 410 570 186 553 700 27 213 775 305 496 332 254 523 344 
? 14 708 364 467 246 152 574 430 668 586 361 433 465 302 26 
? 14 640 492 8 597 726 551 642 300 491 389 316 164 605 234 
? 14 678 580 485 713 669 278 421 47 563 359 288 411 724 688 
? 14 87 227 372 137 504 275 756 701 423 287 158 755 311 50 
? 14 448 484 292 106 206 294 385 24 210 789 645 603 150 766 
? 14 723 731 313 221 757 632 276 63 189 543 258 771 260 157 
? 14 746 107 741 630 461 76 501 388 711 453 557 22 239 547 
? 14 747 325 243 381 541 795 88 81 558 195 182 796 226 93 
? 14 564 369 489 482 581 680 54 163 539 82 533 61 103 236 
? 14 622 412 665 52 115 170 98 620 367 773 761 154 514 231 
? 14 4 619 143 625 419 65 251 653 219 131 471 111 176 193 
? 14 222 377 180 272 17 200 788 184 500 655 309 540 556 204 
? 14 695 455 646 323 207 623 124 627 727 71 601 413 657 32 
? 14 212 550 466 362 435 160 663 602 576 703 470 722 512 390 
? 14 101 291 499 19 18 675 792 681 250 133 428 11 585 371 
? 14 350 414 472 753 641 456 600 223 579 528 690 35 110 146 
? 14 343 396 451 384 283 190 113 241 192 487 693 647 522 132 
? 14 656 218 96 29 770 797 12 249 269 338 334 183 790 779 
? 14 354 654 594 699 83 398 373 437 298 214 279 56 40 38 
? 14 507 707 208 36 566 333 521 138 108 383 440 191 560 319 
? 14 782 403 445 102 732 72 612 454 624 692 519 277 531 130 
? 14 431 607 517 518 90 460 606 179 422 303 74 44 683 503 
? 14 738 356 353 631 486 783 392 764 141 127 424 264 70 717 
? 14 120 725 562 613 34 308 262 536 245 591 360 698 129 366 
? 14 458 347 25 438 572 240 230 406 475 341 155 628 495 793 
? 14 346 729 42 584 336 488 342 505 119 171 263 320 73 326 
? 14 750 480 380 122 497 306 123 765 615 37 286 452 232 464 
? 14 715 721 758 169 31 760 139 593 577 337 595 64 255 772 
? 14 648 140 696 473 358 41 534 194 89 100 161 754 670 573 
? 14 114 312 719 281 544 237 469 39 345 248 735 702 77 321 
? 14 13 224 633 357 483 324 405 498 382 58 527 463 340 427 
? 14 444 116 282 177 1 156 327 709 149 322 494 545 267 33 
? 14 175 784 508 720 310 479 198 791 477 457 301 159 425 331 
? 14 767 144 555 86 328 329 335 644 739 265 589 289 434 618 
? 14 352 197 643 582 443 395 662 57 661 611 220 778 238 215 
? 14 172 351 9 659 145 617 293 148 552 109 188 638 776 97 
? 14 415 379 259 121 165 315 520 78 393 436 476 201 468 43 
? 14 743 537 317 162 187 135 525 174 530 649 763 441 51 228 
? 14 730 737 261 273 85 687 75 705 290 125 268 798 66 590 
? 14 636 432 510 376 401 614 253 349 404 676 785 6 546 62 
? 14 55 91 365 559 513 516 49 233 151 408 244 671 330 79 
? 14 474 714 639 446 209 196 549 185 588 211 548 660 524 394 
? 14 153 166 672 621 46 529 348 781 95 178 14 181 569 203 
? 14 526 490 299 598 397 592 439 386 173 634 136 53 84 92 
? 14 235 16 257 599 429 568 478 142 652 704 370 728 542 15 
? 14 706 596 252 459 733 787 673 242 217 284 664 774 363 538 
? 14 280 710 535 450 168 202 270 493 23 768 571 689 748 229 
? 14 48 128 799 391 266 297 635 134 247 0 118 751 712 575 
init_score -3.35616e+06
final_score: -3.95877e+06
times: 55103
update: 219
accept: 5
!
10 45 60 69 80 274 296 304 314 368 387 417 426 449 462 496 502 561 570 578 608 629 637 666 682 697 700 736 749 752 794 
10 561
10 697
45 666
60 449
60 496
69 578
80 561
80 629
274 700
274 368
296 462
296 700
296 570
304 736
304 387
304 752
314 752
314 578
387 608
417 502
417 697
426 637
449 502
462 496
608 629
608 666
637 736
666 682
736 794
749 794
76 87 106 112 189 206 210 227 234 246 302 305 316 339 385 388 411 433 448 501 543 551 586 640 645 711 731 766 771 775 
76 388
87 227
87 234
106 227
106 645
112 586
189 771
189 731
206 210
206 385
206 645
210 766
227 411
234 316
246 302
246 339
302 551
305 775
305 339
316 640
385 448
385 731
388 501
433 640
501 771
501 711
543 771
551 640
586 775
453 747 796 
453 747
747 796
54 195 243 564 
54 564
195 564
195 243
369 539 
369 539
82 182 226 381 533 581 
82 533
82 381
182 226
226 381
381 581
81 88 93 239 325 461 541 557 632 746 795 
81 795
88 541
93 325
239 541
239 632
325 795
461 557
461 746
541 557
632 795
22 258 
22 258
24 47 157 164 275 276 278 287 288 292 294 311 313 359 372 421 423 504 603 669 678 688 701 713 723 724 755 756 
24 723
24 292
47 421
47 713
157 723
157 313
164 678
275 287
276 603
276 294
278 669
278 359
287 724
287 755
288 359
288 724
288 421
294 311
311 756
313 423
372 756
372 701
372 504
421 688
423 603
504 688
669 678
8 152 186 254 285 332 344 361 364 389 420 492 511 523 553 574 597 726 
8 492
8 389
152 254
152 361
186 553
186 344
254 332
285 332
344 574
361 492
361 726
364 574
420 511
420 553
492 597
523 726
523 574
3 21 28 30 94 147 167 216 271 318 375 407 442 481 506 509 515 554 565 626 667 677 679 718 777 
3 216
3 718
3 509
21 407
21 147
28 442
30 94
30 271
30 626
147 565
147 318
167 777
167 515
271 515
318 667
375 679
375 481
375 509
407 677
442 554
481 515
506 718
554 677
565 777
5 20 67 99 105 139 225 307 409 447 604 609 616 658 685 694 740 742 745 762 769 
5 609
20 616
20 740
67 447
67 658
99 742
105 769
105 685
105 225
139 762
139 658
225 745
307 745
409 685
409 740
447 769
604 745
609 616
685 694
694 742
2 7 59 68 117 199 256 295 355 374 378 399 400 416 418 567 583 587 610 651 674 686 691 716 734 744 759 780 
2 7
2 691
7 583
59 378
68 759
68 355
117 295
199 416
199 686
199 674
256 418
256 734
295 587
374 744
378 674
399 716
399 587
400 780
400 583
416 691
567 651
567 716
610 744
610 651
610 734
674 759
734 780
684 
26 27 104 205 213 300 410 430 465 467 491 532 642 650 668 708 
26 642
26 430
27 410
27 708
104 205
205 532
205 650
213 642
300 491
300 465
410 650
465 467
465 642
467 708
467 668
50 137 150 158 221 484 485 563 580 605 757 789 
50 158
50 484
137 158
137 580
150 221
150 789
150 484
485 605
485 563
580 605
757 789
61 63 98 107 115 154 163 231 260 412 471 482 489 558 620 622 630 665 680 741 
61 680
63 260
98 620
98 115
107 741
107 630
115 412
115 471
154 260
154 471
163 489
231 620
260 741
412 622
412 665
482 489
482 680
482 558
558 630
547 
65 219 
65 219
17 29 34 38 44 56 72 133 176 179 180 183 184 191 208 214 223 250 283 333 334 343 353 377 383 392 422 437 451 454 456 458 460 470 486 512 517 518 540 566 579 600 601 606 627 663 693 698 699 707 717 790 
17 176
17 377
29 693
29 334
34 698
38 437
38 566
44 422
44 353
56 699
56 333
72 383
133 250
133 600
176 180
179 422
179 518
180 540
183 334
183 790
184 627
184 540
191 707
191 454
208 707
214 699
223 600
223 343
250 470
283 693
283 579
333 383
343 451
343 456
353 486
353 606
383 566
392 717
437 707
437 790
451 693
454 518
458 717
460 606
470 663
486 717
512 663
517 606
601 627
601 663
698 717
31 37 41 64 73 89 100 122 123 129 140 169 171 232 240 255 263 286 306 320 336 337 341 346 347 380 402 406 438 464 475 480 488 495 497 562 577 591 593 615 715 721 729 750 758 793 
31 715
31 169
31 64
37 464
37 615
41 255
73 495
89 140
100 577
122 402
122 263
123 497
123 380
123 715
129 347
129 591
140 255
171 750
171 336
232 758
232 306
232 577
240 341
240 729
255 593
263 721
286 615
286 593
306 480
320 480
320 336
337 577
346 729
346 406
347 438
380 488
402 793
464 758
475 793
475 591
488 729
495 729
497 750
562 591
593 721
11 12 35 40 70 101 130 132 138 146 155 160 190 192 212 230 241 249 262 264 277 319 338 356 360 373 384 428 435 440 445 466 487 499 521 528 560 572 602 612 613 647 656 675 681 690 692 738 764 797 
11 681
11 192
12 132
35 690
35 241
40 440
70 264
70 764
101 428
101 160
130 692
132 384
132 249
138 521
138 560
146 241
155 572
160 466
190 249
192 528
212 602
230 360
230 572
241 487
241 797
262 360
262 613
264 613
277 612
277 738
319 560
338 656
338 373
356 738
356 764
373 521
384 487
428 675
435 602
440 445
445 521
445 692
466 602
466 499
499 681
528 690
612 692
647 656
647 797
4 18 19 32 52 71 96 103 111 124 131 143 170 193 200 204 207 222 236 251 272 291 309 323 350 362 367 371 390 413 414 419 455 472 500 514 550 556 576 585 619 623 625 641 646 653 655 657 695 703 722 727 761 773 779 788 792 
4 625
18 792
18 703
19 792
32 390
52 170
52 103
71 623
71 291
96 414
96 779
103 236
111 619
111 655
124 455
131 653
131 193
131 143
143 367
170 773
193 788
193 222
200 272
200 556
200 222
204 623
207 556
207 727
207 623
251 419
251 514
272 625
291 362
309 646
309 655
323 455
323 500
350 414
350 585
350 472
362 390
371 472
390 413
419 773
455 695
500 788
514 761
550 576
576 722
576 703
585 641
619 761
641 792
646 695
646 657
657 703
36 74 83 90 102 108 110 113 120 127 141 218 269 279 298 303 308 354 396 398 403 424 431 503 507 519 522 531 594 607 624 631 654 683 725 732 753 770 782 783 
36 507
36 782
36 83
74 683
74 431
83 594
90 303
90 607
102 403
102 624
108 403
108 507
110 522
110 269
113 396
120 127
120 725
127 631
127 783
127 141
218 354
218 269
269 770
279 298
279 507
298 398
303 631
308 725
354 654
396 770
424 783
424 503
431 531
503 683
519 624
519 607
522 753
594 654
732 782
25 42 119 194 245 326 342 358 366 452 473 505 536 573 584 595 628 633 648 696 760 765 
25 245
25 366
25 628
42 119
42 584
119 342
119 765
194 633
326 584
342 505
358 573
366 536
452 760
452 765
473 648
505 628
573 760
595 696
595 760
633 696
648 696
13 114 149 177 267 282 312 357 382 444 463 469 534 544 670 702 735 772 
13 534
13 702
13 382
114 312
114 670
149 282
177 444
177 463
267 444
267 282
312 469
357 469
357 382
444 702
469 544
534 772
544 735
14 15 33 46 51 78 97 109 121 148 151 181 197 215 220 235 244 257 268 273 322 330 348 349 395 425 429 432 436 439 446 513 530 545 546 552 568 582 590 592 614 617 643 652 660 662 676 709 714 720 728 730 737 739 781 784 798 
14 660
14 46
14 781
15 235
15 429
33 709
33 545
46 592
51 530
51 268
78 590
78 121
97 109
97 436
109 552
109 148
151 676
151 244
181 660
181 348
197 582
197 643
215 582
215 617
220 395
235 568
244 546
257 652
257 728
268 730
273 737
273 798
322 709
330 513
330 781
349 513
349 614
395 662
425 720
425 739
429 652
429 439
432 714
432 546
436 530
439 592
446 714
545 720
552 617
590 737
614 798
643 662
643 739
676 798
720 784
730 798
217 270 280 284 459 493 538 542 664 706 733 787 
217 664
217 733
270 664
280 664
284 787
284 493
284 538
459 664
459 542
493 733
706 787
799 
0 16 48 53 92 95 118 128 134 136 178 196 203 229 242 252 370 386 478 535 569 571 575 599 710 751 768 774 
0 575
0 710
16 370
16 92
48 229
48 571
53 386
92 478
95 599
95 136
118 128
118 751
128 229
134 751
134 535
136 386
178 569
196 203
203 569
203 386
242 478
252 774
252 370
478 599
535 774
535 710
571 768
6 49 79 85 153 166 516 559 671 705 
6 516
49 85
49 671
79 153
79 559
85 705
153 166
516 559
559 671
125 261 468 687 
125 687
261 468
468 687
66 
228 476 537 743 
228 537
476 537
476 743
43 75 317 520 649 
43 520
43 317
75 520
520 649
57 116 144 145 156 188 198 224 259 281 289 301 310 327 345 427 434 477 479 494 508 527 555 611 659 767 791 
57 434
57 659
116 345
116 527
144 555
145 611
145 188
156 494
188 259
198 479
198 508
224 281
281 345
289 434
289 555
289 611
301 310
301 767
327 508
327 427
427 527
477 791
477 479
494 791
555 767
767 791
1 39 58 77 86 159 161 175 237 248 321 324 328 340 405 457 483 498 644 719 754 
1 175
39 719
58 405
77 321
77 405
86 644
159 457
159 175
159 644
161 754
175 324
237 719
237 248
248 498
248 483
321 483
321 754
324 340
328 644
340 498
9 172 238 265 293 329 331 335 351 352 415 443 589 618 661 778 
9 351
9 293
172 351
172 661
238 778
238 661
265 352
293 415
329 335
331 335
335 589
352 443
352 589
443 661
589 618
162 165 315 379 393 638 
162 379
162 638
162 315
165 379
393 638
135 174 187 201 253 290 376 401 404 441 510 525 636 763 776 785 
135 201
135 187
174 636
174 441
187 763
187 525
201 776
253 376
253 785
290 763
290 441
376 510
401 510
401 404
404 636
55 62 91 185 209 211 233 365 394 408 474 524 529 548 549 588 598 621 639 672 
55 62
62 365
91 233
91 365
185 209
185 524
209 639
211 588
211 672
211 549
233 408
394 524
394 529
408 474
474 639
548 588
549 639
598 672
621 672
23 84 142 168 173 202 299 363 391 397 450 490 526 596 634 673 689 704 748 
23 689
23 202
84 299
142 173
168 363
173 490
202 450
202 748
299 634
363 596
391 689
397 634
397 490
450 673
526 704
526 634
596 748
673 704
126 247 266 297 635 712 786 
126 266
126 786
247 635
247 297
266 635
712 786
Score = 462611
