? 9 143 437 484 551 540 189 384 748 624 
? 9 494 467 231 489 794 604 107 575 729 
? 9 675 515 759 432 488 42 703 194 589 
? 9 214 23 454 593 84 370 124 139 235 
? 9 305 14 147 126 519 641 456 408 742 
? 9 537 94 56 16 658 541 555 673 646 
? 9 594 178 583 257 26 603 344 210 606 
? 9 731 682 549 770 315 15 495 500 447 
? 9 431 744 411 563 308 355 741 70 141 
? 9 480 644 412 407 40 590 30 183 440 
? 9 162 247 676 97 552 137 792 392 713 
? 9 730 157 669 466 22 567 348 750 487 
? 9 609 114 739 681 686 499 291 496 718 
? 9 435 612 557 497 660 394 172 68 452 
? 9 732 58 82 167 751 684 7 258 125 
? 9 688 46 783 505 778 723 601 761 229 
? 9 208 120 78 361 293 351 340 99 37 
? 9 483 786 113 668 269 518 607 789 108 
? 9 117 749 784 614 54 130 241 724 470 
? 9 86 740 785 771 358 482 591 115 502 
? 9 316 220 485 131 628 360 400 758 62 
? 9 754 365 182 399 689 511 89 441 535 
? 9 602 225 301 5 711 279 798 462 350 
? 9 327 317 719 460 222 708 190 702 52 
? 9 116 630 146 29 592 561 654 103 687 
? 9 343 433 77 76 223 150 280 265 156 
? 9 720 455 560 468 747 303 69 324 418 
? 9 185 121 181 655 799 188 777 653 451 
? 9 118 616 479 283 457 534 715 765 234 
? 9 712 522 558 175 239 620 650 436 623 
? 9 445 319 353 737 209 102 256 179 85 
? 9 647 442 581 270 671 66 664 254 236 
? 9 95 493 240 300 572 372 579 248 57 
? 9 574 449 554 3 524 174 74 409 53 
? 9 132 191 520 545 249 0 24 325 474 
? 9 578 267 774 186 289 597 34 386 111 
? 9 149 517 402 530 105 180 219 764 83 
? 9 383 396 212 377 507 311 25 21 696 
? 9 546 261 79 768 28 610 334 663 193 
? 9 716 619 780 367 465 72 63 263 490 
? 9 410 381 338 389 199 397 700 44 629 
? 9 532 342 665 268 369 705 198 238 637 
? 9 164 596 773 296 373 197 204 133 417 
? 9 232 772 691 123 8 734 12 35 677 
? 9 438 202 539 368 548 226 2 207 752 
? 9 45 255 288 292 714 382 755 414 213 
? 9 525 11 717 330 657 625 425 694 570 
? 9 64 706 264 608 725 299 10 285 216 
? 9 510 796 652 252 461 242 218 336 430 
? 9 335 428 472 41 529 33 356 326 756 
? 9 782 320 152 398 448 176 769 246 463 
? 9 201 192 486 762 656 679 318 443 195 
? 9 736 290 635 391 475 100 127 59 349 
? 9 678 284 638 55 49 253 91 503 568 
? 9 314 573 321 743 6 163 426 738 626 
? 9 429 211 745 791 60 571 528 27 531 
? 9 205 251 245 564 421 375 649 104 309 
? 9 587 155 278 366 170 775 787 446 565 
? 9 585 294 704 347 793 154 492 371 413 
? 9 521 378 110 93 790 109 661 39 323 
? 9 781 262 166 547 599 473 187 388 230 
? 9 36 98 250 158 722 217 227 512 580 
? 9 670 611 427 763 92 586 140 168 491 
? 9 357 295 643 767 20 595 405 148 277 
? 9 142 337 376 458 550 683 726 710 32 
? 9 119 352 797 80 508 459 237 617 444 
? 9 622 228 523 727 43 173 266 476 598 
? 9 71 329 526 128 544 662 416 88 287 
? 9 666 779 339 136 75 633 733 271 169 
? 9 513 685 453 73 196 380 760 690 728 
? 9 221 306 177 753 618 341 699 9 419 
? 9 286 160 259 406 19 4 47 498 363 
? 9 434 345 81 171 648 605 272 659 331 
? 9 50 275 312 553 129 621 481 692 233 
? 9 151 224 735 640 667 387 61 588 477 
? 9 48 577 527 144 566 615 569 543 1 
? 9 403 385 746 165 134 556 632 642 634 
? 9 439 464 96 651 379 135 310 757 506 
? 9 600 273 584 695 90 636 721 533 516 
? 9 298 795 362 680 538 67 672 501 698 
? 9 18 145 627 450 13 374 354 645 17 
? 9 87 420 184 422 766 401 471 122 302 
? 9 707 112 701 243 415 281 536 65 359 
? 9 332 582 404 504 276 514 346 274 307 
? 9 260 709 38 693 478 31 631 101 542 
? 9 364 322 206 390 395 244 576 509 200 
? 9 788 559 159 613 297 697 333 562 674 
? 9 639 203 469 424 106 393 153 51 776 
? 9 143 431 437 484 495 551 540 189 384 
? 9 731 606 210 344 748 26 624 494 178 
? 9 467 231 489 646 555 794 604 107 575 
? 9 729 675 537 515 759 742 408 432 488 
? 9 42 703 194 589 139 214 23 124 454 
? 9 593 84 370 660 497 557 612 718 496 
? 9 235 291 499 686 305 14 147 126 681 
? 9 739 114 519 641 348 22 456 466 157 
? 9 730 94 792 137 97 676 247 162 56 
? 9 16 658 541 673 594 183 583 30 590 
? 9 40 257 407 603 412 682 644 549 480 
? 9 770 141 315 15 355 308 500 447 563 
? 9 744 411 108 789 607 518 741 269 724 
? 9 70 668 113 786 483 37 99 340 351 
? 9 293 361 440 78 120 208 229 761 552 
? 9 601 62 392 713 723 669 567 750 487 
? 9 778 505 783 46 688 609 89 125 258 
? 9 7 684 751 167 82 58 732 435 452 
? 9 68 172 394 462 327 798 279 708 711 
? 9 702 5 301 225 602 630 535 441 146 
? 9 511 689 399 182 29 592 365 754 758 
? 9 400 360 628 103 687 131 485 220 316 
? 9 502 433 115 591 482 358 223 771 280 
? 9 785 265 156 740 560 86 470 747 241 
? 9 130 54 614 784 749 303 117 69 418 
? 9 324 185 181 655 799 188 777 468 653 
? 9 451 455 118 616 720 479 283 457 534 
? 9 715 150 234 712 522 76 175 239 77 
? 9 436 623 445 343 319 737 209 102 256 
? 9 85 654 561 647 442 581 270 66 664 
? 9 254 236 95 116 493 240 300 52 190 
? 9 372 222 460 719 579 317 350 57 248 
? 9 574 449 554 3 524 133 174 74 409 
? 9 572 53 132 191 520 545 238 249 671 
? 9 0 24 268 325 474 578 267 774 179 
? 9 186 289 597 34 353 386 650 620 111 
? 9 149 517 72 558 402 765 530 105 619 
? 9 716 193 180 219 764 83 28 383 396 
? 9 79 212 377 507 311 121 25 21 696 
? 9 546 261 706 768 570 425 610 334 625 
? 9 663 780 367 465 63 525 263 490 410 
? 9 755 381 382 338 389 292 288 199 397 
? 9 700 44 45 629 752 532 342 207 2 
? 9 665 369 705 548 198 637 164 596 773 
? 9 296 373 438 35 197 12 204 734 417 
? 9 232 8 123 691 772 762 486 192 677 
? 9 463 202 539 368 769 176 448 398 226 
? 9 152 320 756 326 356 33 529 41 472 
? 9 255 714 428 335 430 336 414 213 11 
? 9 461 717 330 657 252 652 694 796 510 
? 9 64 264 285 608 725 299 205 531 10 
? 9 27 528 571 60 791 745 211 216 155 
? 9 429 626 170 738 787 426 163 6 565 
? 9 743 242 321 573 314 218 568 503 492 
? 9 91 378 253 93 49 55 638 284 678 
? 9 782 661 349 59 262 388 127 100 246 
? 9 475 391 201 635 290 736 195 443 217 
? 9 318 679 656 512 580 670 227 611 722 
? 9 158 250 92 140 168 98 357 36 767 
? 9 230 187 595 473 599 547 166 781 323 
? 9 39 109 277 142 337 790 110 521 413 
? 9 550 710 371 154 793 347 704 32 119 
? 9 294 352 585 446 459 775 617 444 366 
? 9 278 587 309 104 649 375 421 564 228 
? 9 245 251 727 43 173 266 476 598 523 
? 9 71 329 526 128 544 622 662 416 88 
? 9 237 287 666 779 339 136 508 80 75 
? 9 797 633 733 271 169 513 685 453 726 
? 9 683 73 458 196 376 380 760 690 728 
? 9 221 306 177 753 618 341 699 148 9 
? 9 419 405 20 286 643 295 160 491 259 
? 9 406 586 763 427 47 498 363 434 345 
? 9 4 81 19 698 171 501 648 67 605 
? 9 272 659 331 50 275 312 553 129 621 
? 9 481 692 233 151 224 735 640 667 387 
? 9 721 61 588 695 477 48 577 527 273 
? 9 144 566 600 506 615 569 543 1 403 
? 9 385 379 746 165 134 556 464 632 642 
? 9 634 439 307 96 346 514 276 651 504 
? 9 404 135 582 332 310 757 359 536 281 
? 9 415 243 584 701 707 90 122 636 471 
? 9 533 516 298 795 766 362 680 422 184 
? 9 538 420 87 672 18 645 354 374 145 
? 9 627 313 450 423 13 215 161 282 328 
? 9 138 304 776 17 51 153 393 106 424 
? 9 469 203 639 674 562 401 333 697 297 
? 9 613 159 559 302 112 788 200 509 576 
? 9 244 395 390 65 206 322 364 542 101 
? 9 143 744 431 437 484 447 500 495 551 
? 9 540 15 315 189 770 384 549 682 731 
? 9 606 210 344 748 603 26 257 40 624 
? 9 583 494 178 467 231 183 594 489 646 
? 9 673 555 541 658 16 56 794 604 107 
? 9 575 94 730 729 675 537 515 759 742 
? 9 408 466 456 348 432 641 488 42 519 
? 9 703 194 589 681 126 147 14 305 291 
? 9 235 139 214 23 124 454 593 497 84 
? 9 370 660 394 172 68 452 557 612 435 
? 9 732 718 496 58 301 82 167 225 751 
? 9 499 686 684 7 258 739 114 125 89 
? 9 609 688 46 783 505 778 487 750 22 
? 9 567 669 723 157 713 392 62 792 137 
? 9 601 552 97 761 676 247 162 229 208 
? 9 120 628 131 502 115 78 440 361 293 
? 9 351 30 482 340 99 590 37 483 407 
? 9 786 113 412 644 740 480 668 141 70 
? 9 724 269 741 355 308 54 614 518 607 
? 9 789 563 749 108 411 324 69 185 117 
? 9 303 181 784 188 130 241 747 470 468 
? 9 86 560 451 455 616 720 283 156 457 
? 9 265 785 280 150 234 771 223 522 358 
? 9 76 175 591 77 433 316 220 485 445 
? 9 343 687 103 737 102 360 654 400 758 
? 9 561 442 754 365 592 581 29 182 399 
? 9 689 511 146 66 441 535 630 116 602 
? 9 493 52 5 702 190 711 708 222 460 
? 9 279 719 317 798 327 462 350 57 248 
? 9 574 449 554 3 579 232 524 417 133 
? 9 174 74 372 409 572 197 373 53 132 
? 9 191 300 240 95 520 773 545 236 254 
? 9 664 164 238 249 671 0 270 24 268 
? 9 665 325 474 578 267 342 774 647 532 
? 9 85 44 179 186 256 289 597 209 389 
? 9 34 353 338 319 623 436 263 386 650 
? 9 620 239 111 149 517 72 558 402 712 
? 9 780 765 715 530 534 105 619 716 193 
? 9 180 479 219 764 83 610 118 28 653 
? 9 777 383 396 79 212 799 377 655 507 
? 9 311 121 21 418 725 25 696 546 608 
? 9 285 261 264 706 768 64 570 510 694 
? 9 425 334 625 252 663 657 330 717 461 
? 9 367 11 465 63 525 213 490 414 410 
? 9 336 755 381 382 714 292 288 199 397 
? 9 255 700 472 45 629 41 752 33 207 
? 9 356 2 326 756 369 152 705 226 398 
? 9 448 548 769 198 637 596 368 539 296 
? 9 202 438 677 35 12 192 204 486 734 
? 9 762 8 123 691 772 656 679 318 227 
? 9 217 443 195 722 158 250 736 290 635 
? 9 201 391 475 98 36 463 246 100 127 
? 9 388 187 599 547 166 262 781 59 176 
? 9 349 320 661 782 678 284 638 55 529 
? 9 49 790 93 253 378 521 413 91 492 
? 9 428 347 503 704 335 430 568 294 218 
? 9 314 573 321 242 743 585 565 6 446 
? 9 163 426 787 738 170 652 626 796 366 
? 9 278 429 155 216 211 649 745 791 60 
? 9 571 564 528 27 245 251 10 531 205 
? 9 299 43 173 266 476 523 228 71 329 
? 9 421 375 526 128 104 309 587 544 622 
? 9 662 416 444 617 237 287 775 666 459 
? 9 779 339 136 508 80 75 797 733 169 
? 9 352 119 32 793 154 685 371 710 453 
? 9 726 683 550 458 196 110 376 380 337 
? 9 142 690 728 221 306 177 277 753 618 
? 9 109 341 699 148 39 323 9 419 405 
? 9 473 595 20 286 230 767 643 295 357 
? 9 491 259 168 406 140 586 92 763 427 
? 9 611 670 580 512 498 363 47 434 345 
? 9 627 4 81 19 18 698 171 160 501 
? 9 672 648 67 605 272 659 538 331 50 
? 9 275 680 312 553 362 129 621 795 298 
? 9 481 516 692 760 233 151 224 533 735 
? 9 640 73 667 387 721 513 61 588 695 
? 9 477 48 577 271 633 527 584 273 144 
? 9 566 600 506 615 569 543 757 1 135 
? 9 403 385 88 379 746 651 96 165 134 
? 9 556 464 632 598 642 634 439 727 260 
? 9 709 307 38 274 693 346 514 276 478 
? 9 31 631 504 404 101 582 542 364 332 
? 9 310 322 359 206 65 390 536 281 415 
? 9 395 243 244 576 509 701 200 788 112 
? 9 707 90 302 122 559 636 159 471 613 
? 9 297 697 333 401 562 674 639 203 766 
? 9 469 424 422 184 106 420 393 87 153 
? 9 51 17 776 304 138 645 328 282 161 
? 9 143 411 744 431 437 563 484 447 500 
? 9 495 551 540 308 355 741 15 315 189 
? 9 70 141 770 480 384 549 644 682 731 
? 9 412 606 210 344 748 603 407 26 257 
? 9 40 590 624 30 583 494 178 467 231 
? 9 183 440 594 489 646 673 555 541 658 
? 9 16 56 162 247 676 794 604 107 97 
? 9 575 552 137 792 392 94 713 730 729 
? 9 675 537 157 515 759 723 669 742 408 
? 9 466 456 567 22 348 750 432 641 487 
? 9 488 42 519 703 194 609 125 589 114 
? 9 739 681 126 258 147 684 14 305 686 
? 9 499 167 291 235 496 139 718 214 23 
? 9 435 124 454 593 612 557 497 68 84 
? 9 370 660 350 394 172 462 327 452 798 
? 9 317 719 279 460 222 708 732 711 190 
? 9 702 5 58 301 82 52 225 751 493 
? 9 7 602 116 630 535 441 89 688 46 
? 9 66 146 511 783 505 778 689 399 182 
? 9 29 581 592 365 754 62 442 601 561 
? 9 758 400 654 761 360 229 208 102 120 
? 9 628 737 103 687 131 343 445 485 220 
? 9 316 502 433 115 78 77 361 293 591 
? 9 175 351 76 482 340 99 358 522 37 
? 9 223 771 234 150 280 785 483 265 786 
? 9 457 156 283 113 740 720 616 668 455 
? 9 451 560 86 468 470 724 747 269 241 
? 9 130 54 614 188 518 607 784 789 181 
? 9 749 108 303 117 185 69 324 25 418 
? 9 21 696 121 546 311 507 655 377 799 
? 9 212 261 706 79 396 383 768 777 570 
? 9 653 28 118 425 610 334 83 764 625 
? 9 219 479 180 663 193 716 619 105 534 
? 9 530 715 765 780 712 367 465 402 558 
? 9 72 517 63 525 149 111 239 620 650 
? 9 386 263 490 410 755 436 623 319 381 
? 9 382 353 338 34 389 209 292 288 597 
? 9 289 199 397 256 700 186 179 44 85 
? 9 45 629 752 532 647 774 342 267 207 
? 9 578 474 325 2 665 268 24 369 270 
? 9 705 0 548 671 198 249 238 637 164 
? 9 596 664 254 236 545 773 520 95 240 
? 9 296 300 191 132 53 373 438 35 197 
? 9 572 12 409 204 372 74 734 174 133 
? 9 417 524 232 579 8 123 3 554 449 
? 9 574 248 57 691 772 656 679 318 227 
? 9 217 762 443 195 722 158 250 736 290 
? 9 486 635 192 201 391 475 98 677 36 
? 9 463 246 202 100 127 388 187 539 599 
? 9 547 368 166 769 262 781 59 176 448 
? 9 398 226 349 152 320 661 782 678 756 
? 9 326 356 284 638 33 55 529 49 41 
? 9 790 93 253 472 378 521 413 255 714 
? 9 91 492 428 347 503 704 335 430 568 
? 9 336 414 294 218 314 213 573 321 242 
? 9 743 585 11 565 6 461 717 330 446 
? 9 163 657 426 787 252 738 170 652 626 
? 9 694 796 366 278 429 510 155 216 64 
? 9 211 649 745 264 791 60 571 564 285 
? 9 528 27 245 608 251 10 531 205 299 
? 9 725 727 43 173 266 634 476 642 598 
? 9 632 523 228 71 329 421 375 134 165 
? 9 526 128 104 309 587 544 622 746 662 
? 9 416 88 385 403 444 617 237 287 775 
? 9 666 459 779 339 1 136 569 615 508 
? 9 566 144 80 75 527 797 633 733 271 
? 9 48 169 352 61 119 32 513 793 154 
? 9 685 371 710 453 726 387 683 550 667 
? 9 73 458 640 735 196 110 224 151 376 
? 9 380 233 337 760 142 692 690 728 221 
? 9 306 177 277 753 618 109 341 699 621 
? 9 148 39 323 9 312 275 331 419 405 
? 9 659 272 473 595 605 20 286 648 230 
? 9 767 643 295 357 160 491 259 168 406 
? 9 140 586 171 92 19 763 81 4 427 
? 9 611 670 345 434 580 512 47 498 363 
? 9 313 450 423 627 145 13 374 354 215 
? 9 161 282 328 645 18 698 138 304 776 
? 9 501 672 17 51 67 153 87 393 420 
? 9 538 106 184 50 422 680 424 469 553 
? 9 362 129 766 795 203 298 481 639 674 
? 9 516 562 401 333 697 297 613 533 471 
? 9 159 721 636 559 122 302 90 707 112 
? 9 788 200 588 695 701 509 576 477 577 
? 9 244 584 243 395 415 273 281 536 390 
? 9 600 65 506 206 359 322 543 757 310 
? 9 332 364 542 582 101 135 404 504 379 
? 9 631 31 478 651 276 514 346 693 96 
? 9 324 143 411 69 185 117 744 303 108 
? 9 431 749 437 563 181 789 484 447 784 
? 9 500 495 551 607 518 188 614 54 540 
? 9 308 355 130 241 741 269 747 724 15 
? 9 470 468 86 560 315 189 70 451 455 
? 9 141 770 668 616 480 384 720 549 740 
? 9 644 682 731 412 606 113 210 283 156 
? 9 344 457 748 603 786 407 265 26 483 
? 9 785 280 150 234 771 257 40 223 37 
? 9 590 522 624 358 99 340 482 76 30 
? 9 351 583 494 175 591 293 361 178 467 
? 9 231 183 77 440 78 594 115 489 433 
? 9 502 316 220 485 445 646 343 673 131 
? 9 555 687 103 737 541 658 628 120 102 
? 9 208 16 229 56 162 247 360 676 794 
? 9 604 107 761 654 97 400 758 575 561 
? 9 552 601 137 792 442 62 754 392 94 
? 9 713 730 729 365 592 675 581 537 29 
? 9 157 515 759 182 723 399 669 742 408 
? 9 466 456 567 22 348 750 432 641 487 
? 9 689 778 488 505 783 42 511 146 519 
? 9 703 66 46 688 194 609 89 441 535 
? 9 125 589 114 739 681 630 126 116 258 
? 9 147 602 7 493 684 14 305 686 499 
? 9 751 225 167 291 52 82 301 235 58 
? 9 5 702 190 711 496 139 718 732 214 
? 9 708 23 222 460 435 279 124 454 719 
? 9 593 612 317 557 497 798 452 68 327 
? 9 84 462 370 172 660 394 350 656 772 
? 9 691 679 57 248 574 318 449 227 554 
? 9 217 3 123 8 762 579 443 195 722 
? 9 158 232 250 524 736 417 133 290 174 
? 9 734 74 372 486 635 204 192 201 409 
? 9 12 572 197 391 475 35 98 677 438 
? 9 373 36 53 463 246 132 202 100 191 
? 9 127 388 300 296 240 187 539 95 520 
? 9 773 599 545 236 254 664 547 368 596 
? 9 164 637 238 249 198 166 769 262 781 
? 9 671 548 59 176 448 398 0 226 705 
? 9 349 270 152 369 320 661 782 678 756 
? 9 24 326 268 665 2 356 325 474 578 
? 9 284 638 207 55 33 267 342 774 647 
? 9 529 532 49 752 41 629 45 790 85 
? 9 44 179 93 253 186 472 378 521 700 
? 9 413 255 256 397 199 289 597 288 292 
? 9 209 714 91 389 34 492 428 338 353 
? 9 382 381 319 347 623 503 704 436 755 
? 9 335 430 568 336 410 414 294 218 490 
init_score -3.76766e+06
final_score: -4.09333e+06
times: 66071
update: 168
accept: 6
!
143 437 484 744 
143 744
143 437
437 484
130 189 315 384 431 495 500 540 551 644 770 
130 500
189 384
189 770
189 540
315 770
431 495
495 551
495 500
540 551
644 770
355 682 731 
355 682
682 731
22 26 42 97 107 126 178 183 194 210 231 247 257 344 348 407 432 440 456 467 487 488 489 494 515 519 537 541 555 575 583 589 594 603 604 606 624 641 646 658 675 676 703 729 748 759 794 
22 641
22 487
26 603
26 748
26 624
42 703
42 488
97 676
97 658
107 604
107 794
126 641
178 583
178 489
183 583
183 440
194 589
210 606
210 344
231 604
247 676
257 603
257 407
344 603
348 456
348 488
348 519
432 515
440 594
456 487
467 494
467 489
489 646
494 624
515 759
519 537
537 675
537 729
541 555
541 646
555 658
575 729
589 703
604 676
675 759
675 794
14 23 68 84 114 124 139 172 214 235 291 370 394 408 435 452 454 496 497 557 593 612 660 681 718 732 739 742 
14 291
14 114
23 214
23 454
68 394
68 557
84 370
84 593
114 739
124 593
124 139
139 235
172 394
172 452
235 291
291 718
408 742
435 496
435 732
435 612
454 593
496 718
497 557
497 660
557 612
681 739
739 742
58 167 301 499 
58 499
58 167
167 301
82 225 686 751 
82 751
82 686
225 751
7 46 89 125 147 258 305 505 609 684 
7 258
46 125
46 505
89 505
125 609
125 258
147 609
147 305
258 684
688 778 783 
688 778
778 783
16 56 62 78 94 115 120 131 137 157 162 208 229 293 361 392 466 485 502 552 567 591 601 628 669 713 723 730 750 761 792 
16 730
56 208
56 730
62 601
78 361
78 115
78 502
94 567
115 485
120 229
120 628
131 628
131 485
137 792
137 162
157 713
157 466
162 552
208 229
229 761
293 361
293 591
392 713
466 567
466 723
552 761
567 750
601 761
669 750
713 792
15 30 37 40 54 69 70 86 99 108 113 117 141 181 185 241 269 303 308 324 340 351 411 412 418 447 451 455 468 470 480 483 518 549 560 563 590 607 614 668 724 740 741 747 749 784 786 789 
15 308
30 590
30 351
37 99
37 483
40 590
40 412
54 724
54 784
54 241
69 303
69 324
70 141
70 668
70 269
86 470
99 351
99 340
108 749
108 411
113 549
117 303
117 749
141 480
181 185
181 418
185 324
241 470
241 747
269 741
269 724
308 741
411 563
412 480
447 563
451 468
455 468
455 560
480 549
483 786
518 607
560 747
607 614
607 789
614 784
668 740
749 789
76 77 102 103 150 156 175 220 223 234 256 265 280 283 316 343 358 360 433 445 457 482 522 561 616 654 673 687 720 758 771 785 
76 358
77 175
77 433
102 256
103 687
103 256
103 561
150 265
150 234
156 283
156 720
175 522
220 316
220 433
220 687
223 280
223 358
234 522
234 457
265 280
280 771
283 457
316 673
343 445
343 433
358 482
360 654
360 758
561 654
616 720
771 785
5 29 52 66 116 146 182 365 399 441 442 493 511 535 581 592 602 630 647 689 702 754 
5 702
29 592
29 365
52 702
52 493
66 116
116 493
116 630
146 511
182 399
182 365
365 754
399 689
441 630
441 511
441 535
442 581
442 647
511 689
535 602
581 592
3 53 57 74 95 132 133 174 190 191 197 222 232 240 248 279 300 317 327 350 372 373 409 417 449 460 462 520 524 554 572 574 579 708 711 719 798 
3 574
3 524
53 197
53 191
53 132
57 574
74 409
74 524
95 300
132 409
132 240
133 174
133 232
174 524
190 460
190 372
197 373
222 719
222 460
222 708
232 417
240 300
240 520
248 554
279 711
317 719
317 327
327 798
327 350
372 572
409 572
449 574
449 554
460 579
462 798
708 711
164 236 238 249 254 270 545 664 
164 238
236 254
238 249
249 270
249 545
254 664
270 664
0 24 34 85 179 186 209 267 268 289 325 342 389 400 474 532 578 597 665 671 700 737 773 774 
0 671
0 24
24 325
34 597
85 179
85 400
179 774
179 737
186 289
186 700
209 737
267 342
267 474
267 774
268 665
268 474
289 597
289 389
325 578
325 474
342 532
532 700
671 773
21 25 28 63 64 72 79 83 105 111 118 121 149 180 188 193 212 219 239 252 261 264 285 311 319 330 334 338 353 377 383 386 396 402 425 436 461 479 507 517 530 534 546 558 570 608 610 619 620 623 625 650 652 653 655 657 663 694 696 706 712 715 716 717 725 764 765 768 777 799 
21 25
21 311
25 696
28 610
63 72
64 264
64 694
72 149
72 402
79 212
79 383
79 768
83 764
83 219
83 118
105 530
105 619
111 517
111 650
118 653
121 507
121 799
121 655
149 386
180 219
180 479
188 799
193 716
193 663
212 377
239 620
252 657
252 625
261 706
264 706
264 285
311 507
319 623
319 353
330 717
330 657
334 610
334 425
338 461
377 507
383 396
386 461
402 517
425 625
425 694
436 623
436 650
479 534
517 558
530 765
534 715
546 696
558 712
570 768
608 696
608 725
610 764
619 716
620 650
652 694
653 777
706 768
712 715
715 765
2 11 33 41 44 45 152 199 207 213 255 263 288 292 326 336 356 367 369 381 382 397 398 410 414 448 465 490 525 529 629 705 714 752 755 756 769 780 
2 369
2 207
11 263
11 525
33 356
33 41
41 752
41 529
44 397
44 629
45 752
45 629
152 756
152 398
199 288
199 397
207 752
213 414
255 292
263 490
263 780
288 292
292 714
326 756
326 356
336 414
367 465
369 705
381 382
382 755
382 714
398 448
398 769
410 490
410 755
414 755
465 780
8 12 35 36 98 100 123 158 187 192 195 198 201 202 204 217 226 227 246 250 290 296 318 368 388 391 438 443 463 475 486 539 547 548 596 599 635 637 656 677 679 691 722 734 736 762 772 
8 123
8 734
12 438
12 734
35 438
35 677
36 98
36 391
100 246
100 388
123 762
123 691
158 250
158 736
158 217
187 599
192 486
192 201
195 443
195 290
195 635
198 368
198 637
198 596
201 475
201 635
202 677
202 539
204 734
217 227
217 318
226 368
246 463
250 722
290 736
296 539
318 656
318 679
368 539
388 547
391 475
463 475
486 762
547 599
548 637
691 772
166 781 
166 781
6 49 55 59 91 93 127 176 218 242 253 262 284 294 314 320 321 335 347 349 378 413 428 430 446 472 492 503 521 565 568 573 585 638 661 678 704 743 782 790 
6 565
6 446
49 55
49 253
49 93
49 472
55 638
59 262
59 349
91 492
91 378
93 378
127 262
176 320
218 430
218 568
242 321
262 661
284 638
284 678
294 704
294 573
314 573
314 568
314 321
320 782
321 743
335 430
347 704
349 678
378 413
413 521
428 430
492 704
503 568
521 790
565 585
565 743
678 782
649 
155 163 170 211 216 278 366 426 429 510 626 738 787 791 796 
155 366
155 170
155 429
163 426
170 626
211 791
211 216
278 366
366 787
426 738
510 796
626 791
738 787
791 796
10 27 43 60 71 104 128 136 173 205 228 237 245 251 266 287 299 309 329 339 375 416 421 444 459 476 508 526 528 531 544 564 571 587 617 622 662 666 727 745 775 779 
10 27
10 299
27 528
43 173
43 266
60 745
60 571
71 329
104 309
104 375
128 526
128 544
136 339
136 508
205 299
228 421
228 476
237 339
237 617
237 416
245 251
245 528
245 564
266 329
266 727
287 666
309 587
329 476
339 666
375 421
416 662
416 622
421 564
444 617
459 775
528 531
528 745
544 662
587 622
617 775
666 779
4 9 18 19 20 32 39 47 61 75 80 81 92 109 110 119 140 142 148 154 160 168 171 177 196 230 259 277 286 295 306 323 337 341 345 352 357 363 371 376 380 405 406 419 427 434 453 458 473 491 498 512 513 550 580 586 595 611 618 643 645 670 683 685 690 698 699 710 726 728 753 760 763 767 793 797 
4 19
4 81
9 419
9 148
18 698
18 645
19 406
20 405
20 286
20 595
32 119
39 323
39 109
47 498
47 434
61 75
61 513
75 797
80 797
81 171
92 140
109 277
110 550
110 337
119 352
119 793
140 168
140 586
142 337
148 699
148 277
154 793
154 371
160 259
160 286
168 491
171 698
177 306
177 760
196 458
196 380
230 357
259 406
286 295
295 491
295 643
306 618
341 699
341 753
345 434
345 645
352 797
357 767
363 434
371 710
376 380
380 690
405 419
427 611
427 763
453 685
453 726
458 683
473 595
512 580
550 683
580 670
586 763
611 670
643 767
683 726
690 760
699 728
710 726
728 760
1 48 50 67 73 88 96 129 134 144 151 165 169 221 224 233 271 272 273 275 298 310 312 331 359 362 379 385 387 403 464 477 481 501 516 527 533 538 543 553 556 559 566 569 577 584 588 598 600 605 615 621 632 633 640 642 648 651 659 667 672 680 692 695 733 735 746 757 795 
1 600
1 543
48 588
50 331
50 538
67 501
73 735
88 385
88 746
96 651
96 556
129 553
129 621
134 165
144 273
144 566
144 527
151 224
151 233
151 533
165 556
169 387
169 733
221 233
224 667
233 692
271 633
271 733
272 605
272 659
273 584
273 359
275 312
275 331
298 795
298 516
310 757
310 359
310 600
331 659
362 553
362 680
362 795
379 746
379 651
379 543
385 403
387 667
464 556
477 588
477 577
477 733
481 692
481 516
501 648
501 672
527 633
538 680
556 632
559 667
569 615
588 695
598 632
600 615
605 648
632 642
640 735
640 667
31 38 101 260 274 276 307 332 346 364 439 478 506 514 523 542 582 631 634 693 709 
31 631
31 478
38 274
101 542
101 582
101 631
260 709
274 307
274 693
276 346
307 709
307 439
332 582
332 506
346 514
346 693
364 542
439 634
478 693
523 634
65 135 206 322 395 404 504 
65 206
65 395
65 404
135 404
206 322
404 504
243 
112 200 244 281 390 415 509 536 576 788 
112 576
200 788
200 509
244 509
244 390
281 415
281 536
390 536
509 576
701 
13 17 51 87 90 106 122 138 145 153 159 161 184 203 215 282 297 302 304 313 328 333 354 374 393 401 420 422 423 424 450 469 471 562 613 627 636 639 674 697 707 721 766 776 
13 354
13 450
13 282
17 153
17 87
51 153
87 420
90 707
106 393
106 469
122 636
122 707
122 471
138 304
138 328
145 374
153 776
153 393
159 302
159 297
161 215
161 328
161 423
184 420
184 422
203 639
203 469
215 282
297 471
302 613
304 776
313 423
333 562
333 401
333 697
354 374
354 627
422 766
424 469
562 639
613 697
636 721
639 674
Score = 317035
