0 24 38
0 47 3
2 46 3
2 45 3
2 44 3
2 43 3
2 42 3
2 41 3
2 40 3
2 39 3
2 38 3
2 37 3
2 36 3
2 35 3
2 34 3
2 33 3
2 32 3
2 31 3
2 30 3
2 29 3
2 28 3
2 27 3
2 26 3
2 25 3
6 24 3
1 24 4
1 24 5
1 24 6
1 24 7
1 24 8
1 24 9
1 24 10
1 24 11
1 24 12
1 24 13
1 24 14
1 24 15
1 24 16
1 24 17
1 24 18
1 24 19
1 24 20
1 24 21
1 24 22
1 24 23
1 24 24
1 24 25
1 24 26
1 24 27
1 24 28
1 24 29
1 24 30
1 24 31
1 24 32
1 24 33
1 24 34
1 24 35
1 24 36
1 24 37
-1
-1
-1
-1
0 3 32
1 3 33
1 3 34
1 3 35
1 3 36
1 3 37
3 3 38
2 4 38
2 5 38
2 6 38
2 7 38
2 8 38
2 9 38
2 10 38
2 11 38
2 12 38
2 13 38
2 14 38
2 15 38
2 16 38
2 17 38
2 18 38
2 19 38
2 20 38
2 21 38
2 22 38
2 23 38
0 43 4
2 44 4
2 45 4
2 46 4
4 47 4
0 28 39
2 27 39
2 26 39
2 25 39
3 24 39
0 48 7
1 48 6
1 48 5
1 48 4
5 48 3
0 29 34
6 28 34
1 28 35
1 28 36
1 28 37
1 28 38
0 8 25
2 7 25
2 6 25
2 5 25
2 4 25
6 3 25
1 3 26
1 3 27
1 3 28
1 3 29
1 3 30
1 3 31
0 45 9
2 46 9
2 47 9
4 48 9
1 48 8
0 4 28
1 4 29
1 4 30
1 4 31
4 4 32
0 32 38
2 31 38
2 30 38
6 29 38
4 29 39
0 44 21
4 45 21
1 45 20
1 45 19
1 45 18
1 45 17
1 45 16
1 45 15
1 45 14
1 45 13
1 45 12
1 45 11
1 45 10
0 12 41
2 13 41
2 14 41
2 15 41
2 16 41
2 17 41
2 18 41
2 19 41
2 20 41
2 21 41
2 22 41
2 23 41
2 24 41
2 25 41
2 26 41
2 27 41
4 28 41
1 28 40
0 10 28
2 9 28
3 8 28
1 8 27
1 8 26
0 40 24
2 41 24
2 42 24
2 43 24
4 44 24
1 44 23
1 44 22
0 26 42
2 27 42
2 28 42
2 29 42
2 30 42
2 31 42
4 32 42
1 32 41
1 32 40
1 32 39
0 39 3
0 47 25
2 46 25
2 45 25
2 44 25
2 43 25
2 42 25
2 41 25
3 40 25
0 39 8
1 39 7
1 39 6
1 39 5
1 39 4
0 4 22
1 4 23
3 4 24
2 5 24
2 6 24
2 7 24
5 8 24
0 46 29
4 47 29
1 47 28
1 47 27
1 47 26
0 38 12
4 39 12
1 39 11
1 39 10
1 39 9
0 42 27
1 42 28
3 42 29
2 43 29
2 44 29
2 45 29
0 33 42
1 33 41
1 33 40
1 33 39
5 33 38
0 31 5
1 31 6
1 31 7
3 31 8
2 32 8
2 33 8
2 34 8
2 35 8
2 36 8
2 37 8
2 38 8
0 42 33
3 41 33
1 41 32
1 41 31
1 41 30
1 41 29
1 41 28
6 41 27
0 36 32
2 35 32
2 34 32
2 33 32
2 32 32
2 31 32
2 30 32
6 29 32
1 29 33
0 48 20
6 47 20
1 47 21
1 47 22
1 47 23
1 47 24
0 23 45
2 24 45
2 25 45
4 26 45
1 26 44
1 26 43
0 7 42
2 8 42
2 9 42
2 10 42
2 11 42
4 12 42
0 7 37
2 6 37
3 5 37
1 5 36
1 5 35
1 5 34
1 5 33
1 5 32
1 5 31
1 5 30
1 5 29
5 5 28
0 2 45
2 3 45
2 4 45
2 5 45
2 6 45
4 7 45
1 7 44
1 7 43
0 44 14
1 44 13
1 44 12
1 44 11
1 44 10
6 44 9
0 0 26
2 1 26
4 2 26
1 2 25
6 2 24
4 3 24
1 3 23
6 3 22
0 47 12
2 48 12
4 49 12
1 49 11
1 49 10
1 49 9
1 49 8
5 49 7
0 2 40
1 2 41
1 2 42
1 2 43
1 2 44
0 36 25
2 37 25
2 38 25
4 39 25
6 39 24
0 32 12
2 33 12
2 34 12
2 35 12
2 36 12
2 37 12
0 13 48
2 14 48
2 15 48
2 16 48
2 17 48
2 18 48
2 19 48
2 20 48
2 21 48
2 22 48
4 23 48
1 23 47
1 23 46
0 44 0
1 44 1
3 44 2
2 45 2
2 46 2
5 47 2
0 8 47
3 8 48
2 9 48
2 10 48
2 11 48
2 12 48
0 40 18
1 40 19
1 40 20
1 40 21
1 40 22
1 40 23
0 22 41
0 32 30
3 32 31
2 33 31
2 34 31
2 35 31
5 36 31
0 30 44
2 31 44
2 32 44
4 33 44
1 33 43
0 9 32
4 10 32
1 10 31
1 10 30
1 10 29
0 13 37
2 12 37
2 11 37
2 10 37
2 9 37
2 8 37
0 47 33
2 46 33
2 45 33
2 44 33
2 43 33
0 27 6
2 28 6
2 29 6
4 30 6
6 30 5
0 22 8
4 23 8
1 23 7
1 23 6
1 23 5
1 23 4
1 23 3
6 23 2
2 24 2
2 25 2
2 26 2
2 27 2
2 28 2
2 29 2
2 30 2
2 31 2
2 32 2
2 33 2
2 34 2
2 35 2
2 36 2
2 37 2
2 38 2
5 39 2
0 35 6
2 34 6
2 33 6
3 32 6
5 32 5
0 21 12
4 22 12
1 22 11
1 22 10
1 22 9
0 17 11
3 17 12
2 18 12
2 19 12
2 20 12
0 18 47
2 17 47
2 16 47
2 15 47
2 14 47
6 13 47
0 9 21
1 9 22
1 9 23
1 9 24
4 9 25
0 49 0
2 48 0
2 47 0
2 46 0
2 45 0
0 20 5
1 20 6
1 20 7
3 20 8
2 21 8
0 15 34
2 14 34
6 13 34
1 13 35
1 13 36
0 17 31
2 16 31
6 15 31
1 15 32
1 15 33
0 37 16
1 37 17
3 37 18
2 38 18
2 39 18
-1
-1
-1
-1
-1
-1
-1
-1
-1
-1
-1
-1
-1
-1
-1
-1
-1
-1
-1
-1
-1
-1
-1
-1
-1
-1
-1
-1
-1
-1
-1
-1
-1
-1
-1
-1
-1
-1
-1
-1
-1
-1
-1
-1
-1
-1
-1
-1
-1
-1
-1
-1
-1
-1
-1
-1
-1
-1
-1
-1
-1
-1
-1
-1
-1
-1
-1
-1
-1
-1
-1
-1
-1
-1
-1
-1
-1
-1
-1
-1
-1
-1
-1
-1
-1
-1
-1
-1
-1
-1
-1
-1
-1
-1
-1
-1
-1
-1
-1
-1
-1
-1
-1
-1
-1
-1
-1
-1
-1
-1
-1
-1
-1
-1
-1
-1
-1
-1
-1
-1
-1
-1
-1
-1
-1
-1
-1
-1
-1
-1
-1
-1
-1
-1
-1
-1
-1
-1
-1
-1
-1
-1
-1
-1
-1
-1
-1
-1
-1
-1
-1
-1
-1
-1
-1
-1
-1
-1
-1
-1
-1
-1
-1
-1
-1
-1
-1
-1
-1
-1
-1
-1
-1
-1
-1
-1
-1
-1
-1
-1
-1
-1
-1
-1
-1
-1
-1
-1
-1
-1
-1
-1
-1
-1
-1
-1
-1
-1
-1
-1
-1
-1
-1
-1
-1
-1
-1
-1
-1
-1
-1
-1
-1
-1
-1
-1
-1
-1
-1
-1
-1
-1
-1
-1
-1
-1
-1
-1
-1
-1
-1
-1
-1
-1
-1
-1
-1
-1
-1
-1
-1
-1
-1
-1
-1
-1
-1
-1
-1
-1
-1
-1
-1
-1
-1
-1
-1
-1
-1
-1
-1
-1
-1
-1
-1
-1
-1
-1
-1
-1
-1
-1
-1
-1
-1
-1
-1
-1
-1
-1
-1
-1
-1
-1
-1
-1
-1
-1
-1
-1
-1
-1
-1
-1
-1
-1
-1
-1
-1
-1
-1
-1
-1
-1
-1
-1
-1
-1
-1
-1
-1
-1
-1
-1
-1
-1
-1
-1
-1
-1
-1
-1
-1
-1
