0 10 42
0 16 39
2 15 39
2 14 39
2 13 39
2 12 39
2 11 39
6 10 39
1 10 40
1 10 41
-1
-1
-1
-1
-1
-1
-1
-1
-1
-1
-1
-1
-1
-1
-1
-1
-1
-1
-1
-1
-1
-1
-1
-1
-1
-1
-1
-1
-1
-1
-1
-1
-1
-1
-1
-1
-1
-1
-1
-1
-1
-1
-1
-1
-1
-1
-1
-1
-1
-1
-1
-1
-1
-1
-1
-1
-1
-1
-1
-1
-1
-1
-1
-1
-1
-1
-1
-1
-1
-1
-1
-1
-1
-1
-1
-1
-1
-1
-1
-1
-1
-1
-1
-1
-1
-1
-1
-1
-1
-1
-1
-1
-1
-1
-1
-1
-1
-1
-1
-1
-1
-1
-1
-1
-1
-1
-1
-1
-1
-1
-1
-1
-1
-1
-1
-1
-1
-1
-1
-1
-1
-1
-1
-1
-1
-1
-1
-1
-1
-1
-1
-1
-1
-1
-1
-1
-1
0 32 31
-1
-1
-1
-1
-1
-1
-1
-1
-1
-1
-1
-1
-1
-1
-1
-1
-1
-1
-1
-1
-1
-1
-1
-1
-1
-1
-1
-1
-1
-1
-1
-1
-1
-1
-1
-1
-1
-1
-1
-1
-1
-1
-1
-1
-1
2 31 31
2 30 31
2 29 31
2 28 31
2 27 31
2 26 31
2 25 31
2 24 31
2 23 31
2 22 31
2 21 31
2 20 31
2 19 31
2 18 31
2 17 31
6 16 31
1 16 32
1 16 33
1 16 34
1 16 35
1 16 36
1 16 37
1 16 38
-1
-1
-1
-1
-1
-1
-1
-1
-1
-1
-1
-1
-1
-1
-1
-1
-1
-1
-1
-1
-1
-1
-1
-1
-1
-1
-1
-1
-1
-1
-1
-1
-1
-1
-1
-1
-1
-1
-1
-1
-1
-1
-1
-1
-1
-1
-1
-1
-1
-1
-1
-1
-1
-1
-1
-1
-1
-1
-1
-1
-1
-1
-1
-1
-1
-1
-1
-1
-1
-1
-1
-1
-1
-1
-1
0 5 42
-1
-1
2 6 42
2 7 42
2 8 42
2 9 42
-1
-1
-1
-1
-1
-1
-1
-1
-1
-1
-1
-1
-1
-1
-1
-1
-1
-1
-1
-1
-1
-1
-1
-1
-1
-1
-1
-1
-1
-1
-1
-1
-1
0 34 35
2 33 35
3 32 35
1 32 34
1 32 33
1 32 32
-1
-1
-1
-1
-1
-1
-1
-1
-1
-1
-1
-1
-1
-1
-1
-1
-1
-1
-1
-1
-1
0 8 46
2 9 46
4 10 46
1 10 45
1 10 44
1 10 43
-1
-1
-1
-1
-1
-1
-1
-1
-1
-1
-1
-1
-1
0 32 9
1 32 10
1 32 11
1 32 12
1 32 13
1 32 14
1 32 15
1 32 16
1 32 17
1 32 18
1 32 19
1 32 20
1 32 21
1 32 22
1 32 23
1 32 24
1 32 25
1 32 26
1 32 27
1 32 28
1 32 29
1 32 30
-1
0 39 36
2 38 36
2 37 36
2 36 36
2 35 36
3 34 36
-1
-1
-1
-1
-1
-1
-1
0 1 41
3 1 42
2 2 42
2 3 42
2 4 42
-1
-1
-1
-1
-1
0 37 42
2 38 42
4 39 42
1 39 41
1 39 40
1 39 39
1 39 38
1 39 37
-1
0 44 43
2 43 43
2 42 43
2 41 43
2 40 43
2 39 43
2 38 43
3 37 43
0 0 35
1 0 36
1 0 37
1 0 38
1 0 39
1 0 40
3 0 41
0 32 4
1 32 5
1 32 6
1 32 7
1 32 8
-1
0 35 2
2 34 2
2 33 2
6 32 2
1 32 3
0 5 48
2 6 48
2 7 48
4 8 48
1 8 47
0 38 32
1 38 33
1 38 34
3 38 35
5 39 35
0 5 37
1 5 38
1 5 39
1 5 40
1 5 41
0 36 28
1 36 29
1 36 30
1 36 31
3 36 32
2 37 32
0 35 24
1 35 25
1 35 26
1 35 27
3 35 28
0 31 25
1 31 24
1 31 23
1 31 22
1 31 21
1 31 20
1 31 19
1 31 18
1 31 17
1 31 16
1 31 15
1 31 14
1 31 13
1 31 12
1 31 11
1 31 10
6 31 9
0 28 27
2 29 27
2 30 27
4 31 27
1 31 26
0 33 39
1 33 40
1 33 41
3 33 42
2 34 42
2 35 42
2 36 42
0 25 9
2 26 9
2 27 9
2 28 9
2 29 9
4 30 9
6 30 8
4 31 8
1 31 7
1 31 6
1 31 5
6 31 4
0 19 10
2 20 10
2 21 10
2 22 10
2 23 10
2 24 10
4 25 10
0 31 42
4 32 42
1 32 41
1 32 40
6 32 39
0 14 9
3 14 10
2 15 10
2 16 10
2 17 10
2 18 10
0 39 45
2 40 45
2 41 45
2 42 45
2 43 45
4 44 45
1 44 44
0 37 48
2 38 48
4 39 48
1 39 47
1 39 46
0 11 11
2 12 11
4 13 11
1 13 10
6 13 9
0 12 15
3 11 15
1 11 14
1 11 13
1 11 12
0 7 10
3 7 11
2 8 11
2 9 11
2 10 11
0 7 3
1 7 4
1 7 5
1 7 6
1 7 7
1 7 8
1 7 9
0 2 46
1 2 47
3 2 48
2 3 48
2 4 48
0 5 7
1 5 8
1 5 9
3 5 10
2 6 10
0 34 46
1 34 47
3 34 48
2 35 48
2 36 48
0 37 9
2 36 9
2 35 9
2 34 9
2 33 9
0 40 7
2 39 7
2 38 7
6 37 7
1 37 8
0 40 40
1 40 39
1 40 38
1 40 37
5 40 36
0 1 5
1 1 6
3 1 7
2 2 7
2 3 7
2 4 7
0 10 1
2 9 1
2 8 1
6 7 1
1 7 2
0 7 34
2 6 34
6 5 34
1 5 35
1 5 36
0 34 20
1 34 21
1 34 22
1 34 23
3 34 24
0 41 49
2 40 49
2 39 49
2 38 49
3 37 49
0 22 12
2 21 12
2 20 12
3 19 12
1 19 11
0 38 21
2 37 21
2 36 21
3 35 21
5 35 20
0 15 19
2 14 19
2 13 19
3 12 19
1 12 18
1 12 17
1 12 16
0 10 7
1 10 8
1 10 9
3 10 10
5 11 10
0 20 19
2 19 19
2 18 19
2 17 19
2 16 19
0 26 3
6 25 3
1 25 4
1 25 5
1 25 6
1 25 7
1 25 8
0 24 26
3 24 27
2 25 27
2 26 27
2 27 27
0 30 12
2 29 12
2 28 12
2 27 12
2 26 12
2 25 12
2 24 12
2 23 12
0 40 1
2 39 1
2 38 1
2 37 1
2 36 1
6 35 1
0 3 13
2 2 13
2 1 13
3 0 13
1 0 12
1 0 11
1 0 10
1 0 9
1 0 8
1 0 7
1 0 6
6 0 5
0 5 18
2 4 18
3 3 18
1 3 17
1 3 16
1 3 15
1 3 14
0 0 18
3 0 19
2 1 19
2 2 19
2 3 19
2 4 19
4 5 19
0 36 17
2 35 17
6 34 17
1 34 18
1 34 19
0 5 23
4 6 23
1 6 22
1 6 21
1 6 20
1 6 19
5 6 18
0 33 15
3 33 16
2 34 16
2 35 16
5 36 16
0 23 16
3 22 16
1 22 15
1 22 14
1 22 13
0 45 4
2 44 4
2 43 4
2 42 4
2 41 4
6 40 4
1 40 5
1 40 6
0 28 32
1 28 33
1 28 34
1 28 35
1 28 36
1 28 37
3 28 38
2 29 38
2 30 38
2 31 38
2 32 38
5 33 38
0 27 36
1 27 35
1 27 34
1 27 33
6 27 32
0 20 37
2 19 37
2 18 37
6 17 37
1 17 38
4 17 39
0 5 0
1 5 1
1 5 2
3 5 3
2 6 3
0 42 29
2 41 29
2 40 29
2 39 29
2 38 29
3 37 29
5 37 28
0 47 41
2 46 41
2 45 41
6 44 41
1 44 42
-1
-1
-1
-1
-1
-1
-1
-1
-1
-1
-1
-1
-1
-1
-1
-1
-1
-1
