? 13 675 513 761 790 505 145 731 48 544 506 785 222 539 
? 13 627 737 665 765 373 297 712 339 22 667 533 214 37 
? 13 320 1 767 295 56 725 597 264 708 452 257 277 433 
? 13 194 632 471 392 14 36 301 705 450 454 526 12 276 
? 13 793 636 305 727 688 322 239 177 540 118 329 659 270 
? 13 436 610 557 397 165 192 387 463 249 317 247 715 679 
? 13 60 372 285 560 375 8 349 796 657 135 545 331 419 
? 13 57 303 114 24 440 209 216 519 713 83 728 646 787 
? 13 61 112 697 74 15 629 102 573 296 534 466 29 428 
? 13 799 364 577 677 685 33 424 103 58 340 510 236 254 
? 13 596 562 368 232 602 359 172 475 456 691 343 200 695 
? 13 682 73 228 795 207 398 42 556 453 311 377 792 647 
? 13 634 508 353 591 162 334 415 388 92 258 723 668 179 
? 13 699 613 615 570 54 231 426 642 511 333 323 106 371 
? 13 361 648 274 178 585 186 710 473 352 755 65 711 780 
? 13 385 474 30 28 224 703 131 100 722 603 465 576 70 
? 13 746 238 137 23 290 593 407 132 624 105 497 565 568 
? 13 546 754 618 759 71 730 417 666 351 158 518 379 564 
? 13 721 293 410 507 625 363 530 718 558 769 554 747 680 
? 13 51 315 484 672 644 347 698 490 594 528 420 701 356 
? 13 248 660 605 643 431 502 654 246 589 566 49 777 9 
? 13 197 32 212 338 91 778 115 157 88 661 150 53 789 
? 13 607 434 692 527 640 525 482 595 275 671 772 687 637 
? 13 555 485 515 494 488 266 550 611 569 416 17 481 404 
? 13 164 523 693 751 287 652 738 683 674 445 537 126 251 
? 13 435 395 409 478 163 741 362 341 704 307 117 269 702 
? 13 503 773 7 313 649 541 169 394 159 107 651 180 709 
? 13 429 18 328 87 204 237 468 252 201 548 154 406 770 
? 13 366 229 489 55 206 520 575 413 616 724 619 563 298 
? 13 332 743 749 272 202 13 130 271 664 655 786 676 47 
? 13 580 148 121 662 782 783 690 581 302 753 501 383 455 
? 13 758 155 509 784 213 529 408 442 578 543 21 744 235 
? 13 374 567 223 639 226 289 39 41 726 120 700 166 81 
? 13 355 300 499 719 714 225 160 696 156 227 464 243 211 
? 13 522 498 94 346 308 141 439 40 280 641 739 524 2 
? 13 138 590 255 598 263 77 350 153 6 444 175 110 720 
? 13 479 532 72 588 358 354 745 405 678 336 205 342 559 
? 13 133 669 771 684 681 791 592 195 776 46 748 496 304 
? 13 794 483 732 438 10 116 582 694 149 267 650 245 458 
? 13 139 493 512 396 622 601 191 324 531 752 391 617 134 
? 13 421 283 414 418 288 736 449 220 240 176 294 549 477 
? 13 173 196 318 96 760 447 278 104 779 146 390 461 542 
? 13 124 459 330 101 199 500 84 538 325 402 309 612 3 
? 13 4 79 143 44 161 62 25 460 369 367 572 215 316 
? 13 151 628 20 457 630 93 599 281 686 443 171 775 658 
? 13 82 69 432 437 85 399 348 635 327 123 64 335 653 
? 13 184 189 486 521 380 256 491 221 604 125 52 763 147 
? 13 168 43 742 587 584 241 97 740 412 337 425 645 469 
? 13 633 321 109 514 734 19 99 365 113 504 210 384 26 
? 13 63 261 389 233 768 401 411 167 198 142 50 90 467 
? 13 781 561 606 75 253 312 86 609 170 378 492 487 551 
? 13 403 11 95 326 441 190 259 547 27 122 140 757 446 
? 13 638 764 34 476 427 59 583 788 495 423 656 462 188 
? 13 219 631 357 670 376 314 306 284 244 472 579 218 76 
? 13 129 310 600 750 182 279 586 260 360 574 400 614 242 
? 13 480 381 68 217 689 535 707 623 152 451 67 735 265 
? 13 5 273 299 382 766 756 119 663 262 552 183 319 203 
? 13 187 706 208 45 716 370 797 127 626 35 798 286 291 
? 13 111 774 38 393 144 536 181 174 717 128 292 516 621 
? 13 80 16 89 345 0 344 729 517 66 673 98 448 282 
? 13 386 250 31 230 470 430 762 571 185 108 733 234 193 
? 13 675 513 349 8 761 560 285 679 790 505 247 145 731 
? 13 192 48 397 557 544 506 785 222 539 329 540 627 737 
? 13 665 765 373 297 712 454 705 339 632 22 667 533 277 
? 13 214 37 320 1 767 295 56 725 597 264 236 708 452 
? 13 58 257 103 424 685 433 677 577 364 799 428 29 466 
? 13 194 471 534 392 14 36 301 573 450 526 12 276 102 
? 13 793 636 305 727 629 15 688 74 322 239 697 177 118 
? 13 61 787 659 270 436 728 83 610 713 165 216 387 463 
? 13 440 249 317 24 303 715 57 419 331 60 372 135 375 
? 13 796 657 668 723 545 258 92 388 415 114 334 162 642 
? 13 591 353 209 508 634 647 792 377 519 648 311 646 112 
? 13 453 556 42 398 207 795 228 73 682 695 200 28 296 
? 13 343 691 456 475 33 172 359 602 232 368 562 596 254 
? 13 340 510 238 23 593 407 746 70 576 465 132 624 603 
? 13 722 100 131 703 497 224 565 546 30 71 730 474 666 
? 13 385 780 158 518 711 65 755 564 352 473 710 186 410 
? 13 585 178 625 274 361 371 106 323 333 511 558 426 51 
? 13 484 231 54 672 570 615 613 699 179 528 594 490 248 
? 13 698 605 347 644 643 431 315 654 246 680 589 747 554 
? 13 566 769 49 718 530 363 777 9 507 293 32 212 338 
? 13 721 91 778 157 379 88 661 351 417 150 53 759 618 
? 13 789 754 607 568 692 527 640 525 105 482 595 671 687 
? 13 637 555 290 137 515 494 488 485 266 616 772 275 575 
? 13 550 611 569 520 416 434 17 481 366 404 164 523 693 
? 13 751 468 287 652 115 738 683 674 445 429 197 537 126 
? 13 251 435 395 409 478 649 163 741 362 773 502 341 660 
? 13 704 269 356 307 701 420 543 117 442 702 408 503 529 
? 13 7 313 541 169 394 159 107 651 180 758 709 18 328 
? 13 87 455 753 302 204 237 252 201 548 154 406 770 229 
? 13 489 55 206 782 121 148 676 786 413 724 664 619 563 
? 13 271 130 13 202 298 272 332 749 743 590 138 2 739 
? 13 641 655 40 439 47 580 141 662 308 346 94 498 783 
? 13 522 211 243 464 696 690 225 581 719 501 499 383 300 
? 13 355 81 166 700 155 120 726 509 41 784 213 39 226 
? 13 639 223 567 374 235 578 744 21 149 694 582 458 116 
? 13 10 438 493 512 732 483 794 289 304 531 752 391 496 
? 13 748 46 776 195 592 283 791 681 714 684 771 669 160 
? 13 418 133 736 156 227 559 294 342 205 336 678 405 745 
? 13 354 358 588 72 532 479 96 720 110 175 444 280 6 
? 13 524 447 153 278 350 77 263 104 598 255 146 779 461 
? 13 124 330 101 760 199 538 318 196 173 325 612 477 549 
? 13 176 240 220 79 143 449 288 161 62 414 421 25 460 
? 13 369 367 134 617 215 324 316 191 601 628 622 396 20 
? 13 139 599 281 245 686 650 171 267 775 443 658 82 93 
? 13 69 630 457 432 437 85 399 348 151 635 327 123 64 
? 13 572 335 653 184 189 486 521 380 256 491 221 604 125 
? 13 44 52 763 147 168 4 3 43 309 402 742 587 584 
? 13 241 84 97 500 412 337 425 459 645 469 542 321 390 
? 13 109 514 633 734 19 99 740 365 113 218 579 504 210 
? 13 384 26 63 261 389 233 768 401 411 167 198 142 670 
? 13 462 50 656 90 467 781 561 606 75 253 583 312 86 
? 13 609 764 27 547 170 378 492 487 551 403 11 95 326 
? 13 441 45 190 259 122 140 187 757 203 446 638 34 476 
? 13 427 59 319 552 788 663 119 756 495 766 382 299 273 
? 13 5 265 423 735 67 451 188 219 631 357 623 376 535 
? 13 689 314 306 381 284 244 242 472 574 76 260 129 279 
? 13 182 750 310 78 136 600 268 620 608 586 553 422 193 
? 13 360 234 400 733 614 108 185 480 571 762 68 430 217 
? 13 470 230 31 250 386 282 448 98 673 66 707 517 729 
? 13 152 344 0 345 89 16 80 621 262 183 516 292 128 
? 13 717 174 181 536 144 393 38 706 774 111 291 286 208 
? 13 675 513 796 349 8 375 761 560 285 372 60 679 790 
? 13 715 505 247 145 317 249 731 463 387 192 48 165 397 
? 13 557 610 544 506 785 436 222 270 539 659 329 118 540 
? 13 177 627 737 239 322 665 688 765 629 373 297 727 305 
? 13 636 793 276 712 12 526 454 450 705 301 36 14 392 
? 13 534 339 471 632 194 22 667 433 533 277 257 214 37 
? 13 320 1 767 58 295 56 452 708 725 597 264 236 510 
? 13 238 340 254 596 562 368 232 602 359 103 172 424 33 
? 13 685 677 577 364 799 428 475 456 29 224 466 691 343 
? 13 296 28 573 200 695 682 102 73 228 795 207 398 42 
? 13 15 74 556 755 697 453 112 61 787 646 311 728 648 
? 13 83 713 519 216 511 377 792 647 634 508 209 440 353 
? 13 591 642 24 162 334 114 303 415 388 92 258 57 419 
? 13 331 545 135 613 723 668 179 657 528 699 594 490 248 
? 13 698 605 615 570 347 644 672 54 231 484 315 51 246 
? 13 426 680 747 554 769 558 333 323 106 718 371 361 530 
? 13 363 274 625 178 585 9 507 410 293 32 212 186 710 
? 13 721 473 352 564 157 379 88 661 65 711 518 158 780 
? 13 385 351 666 417 474 730 71 759 618 754 30 546 568 
? 13 692 565 497 525 105 703 131 100 722 603 687 624 132 
? 13 637 465 576 70 746 407 593 290 23 137 515 494 298 
? 13 563 488 485 266 724 616 555 413 772 671 275 575 550 
? 13 595 611 569 482 520 640 527 416 434 17 607 55 481 
? 13 366 770 404 789 164 154 523 53 150 693 751 252 468 
? 13 287 652 115 738 204 683 778 674 91 445 338 429 197 
? 13 709 537 651 777 126 251 435 169 395 409 478 649 49 
? 13 163 566 589 741 7 362 773 654 502 341 431 643 660 
? 13 704 269 356 117 307 701 420 543 578 442 702 408 503 
? 13 235 529 374 567 639 39 313 213 784 541 41 509 726 
? 13 394 159 120 155 107 700 180 758 166 18 355 328 300 
? 13 87 455 383 499 501 753 302 719 237 581 225 690 696 
? 13 201 464 548 243 406 211 783 229 498 94 489 346 206 
? 13 308 782 662 121 148 141 580 47 439 676 786 40 655 
? 13 641 739 664 619 271 130 13 138 202 590 272 332 749 
? 13 743 255 779 598 104 263 2 77 350 278 153 447 524 
? 13 6 280 444 175 110 720 96 479 532 72 588 358 318 
? 13 354 173 745 405 678 336 205 477 342 549 294 176 522 
? 13 220 559 227 156 449 736 133 418 160 669 771 684 714 
? 13 414 681 791 283 421 592 195 776 46 81 748 617 496 
? 13 391 752 531 304 191 289 226 396 794 483 732 223 512 
? 13 493 438 10 116 458 245 582 744 21 650 694 149 267 
? 13 775 171 443 686 281 599 93 139 69 630 457 20 437 
? 13 85 622 628 601 399 348 151 635 316 123 64 324 215 
? 13 572 335 134 653 367 369 460 184 189 486 521 25 380 
? 13 491 62 161 221 604 288 125 44 52 143 79 763 147 
? 13 240 168 4 3 612 43 309 402 742 325 196 538 241 
? 13 84 97 500 199 760 101 337 330 459 124 469 542 461 
? 13 321 390 109 146 514 633 310 645 734 425 19 412 129 
? 13 99 740 76 365 113 218 579 472 504 210 384 584 26 
? 13 244 284 587 63 261 389 306 233 314 768 401 411 167 
? 13 198 142 670 631 219 188 462 50 656 256 90 423 467 
? 13 495 781 561 788 606 75 253 583 59 427 476 312 327 
? 13 34 86 609 764 638 446 757 140 122 27 432 547 259 
? 13 190 170 378 492 82 487 441 658 326 551 403 11 370 
? 13 95 716 797 127 45 626 35 798 208 286 291 111 774 
? 13 706 187 38 393 203 144 536 181 174 717 128 319 292 
? 13 516 183 552 262 621 663 119 756 80 766 382 299 273 
? 13 5 16 265 89 345 735 67 451 0 344 152 357 729 
? 13 623 517 707 66 376 535 673 98 448 282 386 689 250 
? 13 31 230 470 217 430 68 762 381 571 480 185 108 242 
? 13 614 733 400 234 574 360 193 422 260 553 586 279 608 
? 13 657 675 513 796 349 8 723 375 761 560 285 135 545 
? 13 372 60 331 419 679 57 790 715 505 247 303 145 114 
? 13 24 317 591 249 440 209 731 463 387 216 192 48 165 
? 13 519 397 713 557 610 83 544 506 785 728 436 222 270 
? 13 311 539 659 646 787 61 112 329 118 540 177 697 627 
? 13 737 239 322 74 665 688 15 765 629 373 297 228 727 
? 13 305 636 793 102 276 712 12 526 454 695 450 705 573 
? 13 301 296 36 14 392 534 339 471 632 194 466 29 22 
? 13 667 428 799 364 577 677 433 685 33 533 424 103 277 
? 13 257 214 37 320 1 767 58 295 56 232 340 452 708 
? 13 510 725 597 236 264 515 238 254 596 562 368 137 23 
? 13 602 290 359 593 407 746 70 576 465 637 132 624 687 
? 13 172 603 722 100 131 703 105 525 497 475 456 224 565 
? 13 691 692 568 343 546 28 30 200 754 682 618 759 71 
? 13 730 474 417 73 666 795 207 398 351 385 780 42 158 
? 13 518 711 65 556 755 661 88 379 157 564 352 473 453 
? 13 721 710 186 212 32 293 410 507 9 585 178 625 274 
? 13 363 648 530 361 371 718 106 323 333 511 377 558 769 
? 13 792 647 634 554 508 747 353 642 162 334 680 415 388 
? 13 426 92 258 246 51 315 484 231 54 672 644 347 570 
? 13 615 605 698 248 490 613 594 668 699 179 528 543 420 
? 13 701 307 117 356 269 442 702 408 503 704 660 643 431 
? 13 529 341 502 654 773 362 7 741 589 313 566 163 49 
? 13 649 478 541 409 395 169 394 159 435 251 126 777 107 
? 13 651 180 537 758 709 197 429 18 328 87 338 455 445 
? 13 91 674 753 778 683 302 204 738 115 237 652 287 468 
? 13 252 751 201 693 150 53 548 523 154 164 789 406 404 
? 13 770 366 229 481 489 55 206 607 17 434 782 416 527 
? 13 640 520 121 148 482 569 611 595 550 575 275 671 676 
? 13 772 786 413 555 616 724 664 266 619 485 488 563 271 
? 13 130 13 202 298 494 272 332 749 743 255 779 598 590 
? 13 104 263 138 2 77 350 278 153 447 524 739 6 641 
? 13 280 444 175 110 655 720 40 96 479 532 439 47 72 
? 13 588 358 580 141 318 354 173 745 405 678 662 308 336 
? 13 205 346 477 94 342 549 294 176 498 783 522 211 243 
? 13 220 559 464 227 156 449 736 133 696 418 160 690 225 
? 13 669 771 684 581 714 414 719 681 791 283 421 592 501 
? 13 499 195 776 383 46 300 355 81 748 166 617 496 391 
? 13 700 155 752 531 120 304 726 509 41 784 213 191 39 
? 13 289 226 396 639 794 483 732 223 567 374 512 493 438 
? 13 10 235 116 458 578 245 582 744 21 650 694 149 267 
? 13 775 171 443 551 686 658 487 281 82 599 93 139 492 
? 13 378 69 170 630 457 432 20 437 85 622 628 601 399 
? 13 348 151 86 635 316 327 123 312 64 324 215 253 75 
? 13 572 335 606 134 653 561 367 781 369 460 184 189 486 
? 13 521 25 467 380 90 256 491 62 50 161 221 604 288 
? 13 125 44 52 142 143 167 79 763 147 240 168 401 768 
? 13 4 3 233 612 43 309 402 742 389 63 587 325 196 
? 13 538 26 584 384 241 504 84 97 500 740 199 99 760 
? 13 412 101 337 19 425 330 459 734 124 645 469 633 542 
? 13 461 321 390 109 514 146 78 136 310 600 268 750 182 
? 13 620 608 279 586 553 129 260 422 76 193 365 360 574 
? 13 234 113 400 218 579 733 472 614 242 210 108 244 284 
? 13 185 480 261 571 381 762 68 430 217 470 306 230 314 
? 13 31 250 689 386 282 448 98 673 535 376 411 66 707 
? 13 517 198 623 729 670 357 631 219 188 152 462 344 0 
? 13 451 67 656 735 345 89 423 265 16 5 273 299 382 
? 13 766 495 80 756 119 663 621 262 788 552 183 516 292 
? 13 319 583 59 128 427 476 34 717 174 181 536 144 609 
? 13 764 638 446 203 393 38 757 187 706 140 774 122 111 
? 13 27 291 286 547 208 259 190 798 35 626 45 127 797 
? 13 657 675 513 796 349 528 179 8 699 668 723 594 375 
? 13 761 613 560 490 285 248 698 605 615 570 347 644 135 
? 13 545 672 372 54 231 484 315 60 51 331 246 419 679 
? 13 57 258 92 426 790 388 715 505 415 680 247 303 145 
? 13 114 334 162 24 642 317 591 249 353 747 440 209 731 
? 13 508 463 554 634 647 387 792 769 558 377 511 216 333 
? 13 192 48 323 165 519 106 718 371 361 397 713 557 610 
? 13 83 544 506 785 530 648 363 728 436 274 625 178 222 
? 13 270 585 311 9 539 659 507 410 293 646 787 32 61 
? 13 212 186 112 710 329 721 118 453 540 473 177 352 564 
? 13 697 627 737 239 157 379 88 322 661 755 556 74 665 
? 13 65 711 518 688 15 765 158 42 629 780 373 385 351 
? 13 398 297 207 795 228 666 727 305 73 636 417 793 102 
? 13 276 712 474 730 71 12 759 618 526 682 454 695 450 
? 13 754 705 200 573 30 301 28 546 296 36 14 392 534 
? 13 343 339 568 471 692 632 691 565 194 466 224 29 22 
? 13 667 456 475 497 428 525 105 799 703 364 577 677 433 
? 13 685 33 533 131 100 722 603 424 172 687 103 277 624 
? 13 257 132 214 37 637 320 1 465 576 767 70 746 58 
? 13 407 593 359 290 295 602 23 137 56 232 368 562 596 
? 13 254 340 452 708 238 510 725 597 515 236 264 743 749 
? 13 332 272 255 779 598 494 298 590 104 263 202 138 2 
? 13 13 77 350 130 271 278 563 488 485 619 266 664 153 
? 13 724 447 616 524 739 555 6 413 641 280 444 175 110 
? 13 655 720 40 96 786 772 676 671 479 275 532 439 47 
? 13 72 575 550 595 588 358 611 569 482 580 141 148 121 
? 13 520 318 354 173 640 745 527 405 416 678 662 782 434 
? 13 17 308 336 607 206 55 205 346 489 477 94 342 549 
? 13 294 176 481 498 229 366 783 522 211 770 404 406 243 
? 13 789 164 154 523 220 548 53 559 464 150 227 156 449 
? 13 693 201 736 133 751 252 696 418 160 690 468 225 669 
? 13 771 684 287 581 652 714 414 237 719 115 738 204 681 
? 13 791 302 683 778 283 753 421 592 501 499 195 674 91 
? 13 445 776 383 46 455 338 87 300 328 355 18 429 81 
? 13 748 197 709 166 617 758 537 496 180 391 700 651 107 
? 13 777 155 752 531 126 120 251 435 159 304 394 726 509 
? 13 169 395 41 409 541 478 784 649 213 49 163 191 566 
? 13 313 39 289 226 589 396 639 794 741 483 7 362 773 
? 13 732 223 567 654 374 502 341 512 493 438 529 431 643 
? 13 10 235 660 704 503 408 702 442 116 269 356 458 578 
? 13 117 245 582 744 21 650 694 307 701 420 543 149 370 
? 13 11 267 775 171 403 95 443 551 686 326 658 441 716 
? 13 487 281 82 797 599 93 139 127 492 45 378 626 69 
? 13 35 170 630 798 190 259 208 547 286 457 291 432 20 
? 13 437 27 85 111 122 774 140 706 622 187 757 38 628 
? 13 601 393 399 203 446 638 764 609 144 536 348 151 86 
? 13 181 174 717 635 316 34 327 123 312 64 476 324 427 
? 13 128 59 583 215 319 253 292 516 183 75 572 552 335 
? 13 606 134 788 262 621 653 663 561 367 119 756 781 80 
? 13 495 766 369 460 184 382 189 299 486 521 273 5 25 
? 13 467 16 380 265 423 90 89 345 256 491 735 656 67 
? 13 451 0 62 344 50 462 161 152 221 188 604 219 631 
? 13 288 357 125 670 729 44 52 142 623 198 143 167 517 
? 13 707 79 66 376 411 535 763 673 98 147 448 240 168 
? 13 401 282 386 689 250 31 768 4 3 314 233 230 306 
? 13 470 217 612 43 430 68 762 309 402 742 381 571 389 
? 13 261 63 480 587 185 325 196 284 244 538 108 26 584 
? 13 384 210 241 504 242 614 472 733 84 579 218 97 400 
? 13 113 234 500 574 360 365 193 76 422 740 199 260 99 
? 13 129 760 412 101 337 553 19 425 586 330 459 734 279 
? 13 608 620 182 750 124 645 268 600 469 310 633 542 461 
init_score -1.73391e+06
final_score: -3.07796e+06
times: 32987
update: 550
accept: 15
!
513 675 
513 675
8 54 285 372 375 560 
8 560
8 375
54 375
285 560
372 560
349 
60 145 505 679 761 790 
60 679
60 761
145 679
505 790
679 790
247 715 
247 715
48 249 440 731 
48 249
48 731
249 440
317 463 
317 463
192 387 
192 387
118 222 329 397 506 519 539 544 557 659 728 785 
118 539
118 329
118 659
222 539
222 785
397 557
506 544
519 728
544 785
544 557
659 728
436 
688 
177 
239 540 627 629 
239 627
239 629
540 627
322 665 737 
322 665
665 737
305 636 727 793 
305 727
305 793
636 727
36 373 705 712 765 
36 705
373 765
705 712
712 765
276 526 
276 526
297 
14 301 392 450 454 
14 392
301 392
301 454
450 454
29 682 
29 682
194 471 
194 471
22 339 632 
22 632
339 632
58 277 433 533 667 
58 277
277 533
433 533
533 667
1 37 320 
1 320
1 37
214 
257 767 
257 767
725 
452 708 
452 708
264 
56 295 597 
56 597
56 295
236 
238 340 
238 340
232 254 510 
232 254
254 510
368 
562 596 
562 596
172 359 602 
172 602
359 602
103 
364 424 428 577 677 685 799 
364 677
364 799
424 428
428 577
577 799
677 685
33 296 456 466 534 603 691 
33 456
33 603
296 456
296 534
296 466
456 691
73 
343 475 
343 475
12 28 200 573 
12 573
28 200
28 573
102 695 
102 695
42 207 398 795 
42 795
42 207
398 795
74 697 711 755 
74 697
697 711
711 755
15 61 112 453 556 646 787 
15 61
61 787
112 787
112 453
453 556
646 787
83 216 270 311 377 610 634 647 648 713 792 
83 216
83 713
216 634
270 311
270 610
311 648
377 792
377 647
610 713
634 792
92 165 258 388 
92 388
92 165
258 388
24 209 323 333 334 508 511 591 
24 209
24 334
209 511
323 511
323 333
508 511
508 591
415 642 
415 642
162 
57 135 179 303 331 419 545 615 668 
57 331
57 419
135 545
135 331
179 668
179 615
303 419
545 668
51 231 246 248 315 347 426 484 490 502 528 570 613 644 657 660 672 698 699 723 796 
51 315
51 484
51 426
231 484
231 570
246 315
248 490
248 528
347 698
347 644
484 672
490 698
502 660
570 699
613 699
644 660
657 796
657 723
672 698
699 723
554 769 
554 769
353 
371 558 718 
371 558
558 718
114 
106 361 
106 361
680 
747 
363 
777 
507 710 
507 710
9 212 293 625 
9 293
9 212
293 625
178 186 410 
178 410
186 410
237 
88 274 352 473 564 585 661 721 
88 564
274 473
274 585
352 473
473 564
564 721
661 721
65 157 158 379 385 518 666 780 
65 518
65 666
157 379
158 518
158 385
379 518
385 780
228 
351 417 
351 417
71 730 759 
71 730
71 759
30 618 692 
30 692
30 618
474 546 754 
474 546
546 754
565 568 
565 568
131 224 482 497 640 703 722 
131 722
131 703
224 722
224 482
482 640
497 703
100 687 
100 687
105 624 
105 624
70 132 290 407 465 746 
70 746
70 465
70 407
132 465
290 407
23 137 266 271 485 488 555 563 576 593 637 
23 593
23 637
137 637
266 488
266 555
271 563
271 485
485 488
555 637
576 637
202 298 
202 298
413 569 616 
413 616
413 569
671 772 
671 772
520 575 
520 575
515 
550 595 611 
550 611
595 611
275 525 
275 525
17 
416 527 
416 527
55 206 366 434 481 607 
55 206
206 481
206 366
434 607
434 481
404 
164 523 693 
164 523
523 693
53 150 
53 150
154 
468 
674 
252 751 789 
252 751
751 789
32 
287 652 
287 652
683 738 
683 738
91 115 778 
91 778
91 115
197 338 429 445 537 
197 537
197 445
338 445
429 537
169 651 709 
169 709
651 709
126 251 395 530 
126 251
251 395
395 530
409 435 
409 435
49 163 362 478 649 
49 362
163 478
163 362
478 649
566 589 
566 589
7 
594 
605 654 741 773 
605 654
605 741
741 773
269 356 431 643 704 
269 704
356 704
356 643
431 643
117 307 701 
117 307
307 701
420 
442 578 702 
442 578
442 702
341 408 503 543 
341 408
408 503
503 543
21 
374 493 512 529 
374 529
374 493
493 512
39 41 213 226 509 726 784 
39 226
41 213
41 784
213 226
213 726
509 726
18 107 120 155 159 166 180 394 541 700 758 
18 758
107 180
107 159
120 155
120 700
120 394
155 758
159 541
166 700
180 758
87 204 300 383 455 499 501 581 719 
87 455
87 204
300 383
300 499
383 455
383 501
501 719
581 719
302 753 
302 753
225 328 355 690 
225 690
225 328
328 355
681 
201 211 243 406 464 498 522 548 
201 548
211 243
243 464
243 522
406 548
406 498
498 522
40 94 141 148 229 308 346 489 580 662 770 782 
40 580
40 308
94 346
94 229
141 346
141 308
148 662
308 782
489 782
489 770
662 782
121 
439 
47 676 786 
47 786
676 786
130 641 655 739 
130 641
641 739
641 655
494 
724 
13 138 590 619 
13 138
13 590
13 619
332 749 
332 749
272 
743 
664 
278 524 
278 524
255 598 
255 598
77 104 779 
77 104
104 779
2 263 
2 263
153 447 
153 447
350 
6 358 444 
6 444
358 444
72 96 110 173 175 280 318 479 532 588 720 
72 280
72 588
72 479
96 532
96 720
110 720
173 532
173 318
173 588
175 280
745 
294 336 477 
294 336
336 477
176 205 342 354 405 549 678 783 
176 549
205 405
205 342
205 783
354 405
354 678
549 678
156 227 696 
156 227
156 696
449 559 
449 559
220 
418 736 771 
418 736
736 771
133 160 669 684 714 
133 160
133 684
160 669
669 714
421 
592 791 
592 791
414 
46 195 496 
46 195
46 496
617 748 
617 748
81 134 531 752 776 
81 776
134 531
134 776
531 752
289 304 391 483 601 639 732 794 
289 794
289 639
304 391
304 732
483 794
601 732
732 794
313 
223 235 567 
223 567
235 567
245 
10 396 438 
10 438
396 438
116 582 744 
116 582
582 744
149 267 650 694 
149 650
149 694
267 694
458 
93 171 775 
93 775
171 775
139 281 
139 281
443 599 686 
443 599
599 686
20 69 85 399 432 437 457 
20 437
69 432
85 399
399 457
432 457
437 457
191 
64 123 151 215 316 348 622 628 635 
64 123
123 635
151 316
215 348
316 622
348 635
622 635
622 628
283 
335 367 460 572 
335 572
335 460
367 572
189 324 
189 324
25 50 256 369 380 486 521 
25 369
50 256
256 486
256 380
369 521
486 521
62 125 147 221 288 491 604 
62 125
125 288
125 221
147 604
221 604
221 491
79 143 161 
79 143
79 161
4 43 44 52 168 240 763 
4 43
4 44
43 52
43 168
52 763
168 240
3 325 538 612 
3 612
325 538
538 612
472 
309 402 
309 402
241 500 
241 500
196 
542 
26 99 101 124 199 760 
26 199
26 99
101 124
124 760
124 199
330 337 459 461 
330 459
330 461
337 459
109 146 321 390 469 645 
109 645
109 321
146 469
146 390
469 645
620 
514 633 
514 633
19 412 425 734 
19 425
412 425
425 734
136 
84 97 113 384 504 584 
84 97
84 113
113 504
113 384
504 584
63 76 210 218 244 261 284 365 389 579 587 742 
63 261
63 587
76 579
210 579
210 244
210 218
218 365
244 284
365 389
389 742
587 742
740 
198 
233 
282 
768 
401 
152 
142 167 
142 167
411 
357 631 
357 631
188 462 
188 462
262 
90 184 467 653 
90 653
90 467
184 653
299 423 656 670 
299 423
423 656
656 670
292 
312 327 
312 327
75 253 561 606 781 
75 253
75 606
561 606
561 781
59 319 
59 319
495 
144 174 
144 174
86 
203 609 638 
203 638
609 638
38 
630 
286 
764 
27 190 259 547 
27 547
27 190
259 547
170 
82 378 403 487 492 658 
82 658
82 492
378 492
403 487
487 492
626 
11 551 716 
11 551
11 716
35 95 127 326 370 441 797 798 
35 798
95 326
127 797
127 798
326 797
326 441
326 370
122 
45 187 208 706 
45 208
187 706
187 208
111 774 
111 774
140 181 446 536 757 
140 757
140 446
181 536
181 757
717 
291 
393 
128 
34 183 427 476 516 583 621 788 
34 476
34 583
34 788
183 516
183 427
427 476
516 621
80 
119 273 382 552 663 756 766 
119 766
119 382
119 756
273 552
273 663
552 766
5 265 451 
5 451
265 451
345 
67 219 735 
67 735
219 735
16 89 
16 89
0 344 535 
0 344
0 535
517 623 729 
517 729
517 623
376 673 707 
376 707
673 707
66 98 230 250 306 314 386 448 689 
66 448
98 448
230 250
230 448
250 386
306 314
306 689
314 386
31 
470 
217 381 
217 381
68 108 185 430 480 762 
68 430
68 108
108 762
185 480
185 762
571 
574 
242 614 733 
242 614
614 733
234 400 
234 400
360 
553 
193 260 279 422 
193 422
193 279
260 279
182 268 310 600 750 
182 310
268 750
268 600
310 750
78 
129 
586 608 
586 608
Score = 277292
