? 10 739 555 121 426 629 334 696 46 318 102 
? 10 512 175 304 534 754 509 274 755 172 232 
? 10 451 15 498 161 795 592 700 108 112 278 
? 10 750 418 197 80 686 346 742 749 39 372 
? 10 332 692 726 704 91 206 414 230 88 294 
? 10 541 655 382 582 335 519 87 621 395 767 
? 10 673 525 615 352 523 222 99 771 273 475 
? 10 53 201 113 710 25 356 177 309 257 250 
? 10 120 747 208 188 557 531 376 353 496 793 
? 10 423 779 623 435 255 194 103 290 158 321 
? 10 465 622 663 427 413 214 207 385 233 265 
? 10 609 292 275 469 55 583 668 599 783 786 
? 10 717 106 24 678 22 339 381 173 457 30 
? 10 549 150 144 714 228 236 141 569 18 685 
? 10 330 21 487 295 472 547 430 799 797 155 
? 10 373 269 220 311 737 384 377 768 612 486 
? 10 52 42 43 285 419 772 789 366 37 368 
? 10 501 604 241 239 444 118 75 190 386 477 
? 10 181 500 774 92 323 337 248 371 26 354 
? 10 520 510 488 69 156 54 310 20 27 524 
? 10 95 538 388 698 702 712 34 17 90 14 
? 10 581 563 728 237 642 242 396 764 778 473 
? 10 491 610 327 703 8 707 470 530 166 124 
? 10 68 420 639 192 624 777 405 211 450 705 
? 10 298 468 389 752 482 89 537 351 464 595 
? 10 403 613 499 515 687 751 528 600 548 280 
? 10 331 551 550 688 45 664 715 369 478 647 
? 10 657 162 324 588 556 10 28 559 407 168 
? 10 291 367 225 521 218 697 142 746 706 119 
? 10 213 370 111 554 425 459 656 57 152 539 
? 10 243 792 35 495 146 350 441 283 585 328 
? 10 591 238 390 788 82 77 259 254 719 394 
? 10 798 545 336 338 93 258 507 193 209 763 
? 10 743 392 49 733 578 29 41 529 757 114 
? 10 115 66 580 708 725 643 364 251 203 560 
? 10 134 86 268 732 718 791 533 467 16 196 
? 10 544 59 654 568 73 516 319 634 636 463 
? 10 562 630 279 402 378 652 641 787 380 170 
? 10 101 738 71 586 645 154 492 33 199 731 
? 10 308 363 40 650 776 535 176 438 679 157 
? 10 695 296 690 47 511 522 796 756 333 574 
? 10 773 345 281 260 340 543 775 180 506 348 
? 10 785 320 183 648 282 490 674 398 302 64 
? 10 602 358 147 447 357 317 301 127 590 256 
? 10 289 74 387 713 397 6 769 272 504 493 
? 10 50 365 245 393 65 462 70 262 343 97 
? 10 38 761 404 123 11 132 160 709 23 579 
? 10 456 138 480 759 315 44 76 401 694 229 
? 10 107 616 104 12 139 406 649 305 758 9 
? 10 443 187 149 637 780 790 677 699 267 693 
? 10 240 163 611 412 518 249 96 432 765 361 
? 10 362 526 98 566 680 165 741 31 620 83 
? 10 429 125 626 701 416 270 212 221 329 448 
? 10 494 618 722 383 723 659 417 191 306 277 
? 10 284 51 665 421 532 748 81 48 391 122 
? 10 573 437 94 408 326 300 527 159 571 720 
? 10 561 503 671 666 481 234 576 781 297 461 
? 10 452 721 542 596 312 458 575 216 349 606 
? 10 198 474 4 436 431 3 784 440 253 593 
? 10 109 644 126 745 570 261 78 400 681 341 
? 10 355 61 130 552 782 631 0 675 484 62 
? 10 223 572 204 313 766 322 627 536 422 224 
? 10 716 202 375 200 424 136 110 409 479 174 
? 10 497 5 553 145 247 128 288 276 140 646 
? 10 359 730 217 129 736 605 303 762 215 325 
? 10 619 131 684 682 635 231 195 13 36 454 
? 10 19 164 564 640 1 770 676 577 584 587 
? 10 794 186 471 662 266 179 399 252 669 117 
? 10 314 342 711 670 185 483 137 505 169 360 
? 10 683 410 442 689 133 632 740 178 638 433 
? 10 210 116 617 415 227 428 540 100 143 32 
? 10 546 287 691 434 658 263 661 316 651 205 
? 10 453 607 379 7 597 171 84 299 286 148 
? 10 567 598 56 608 724 589 135 58 508 517 
? 10 735 445 466 558 219 734 446 167 455 449 
? 10 105 514 85 226 271 60 660 672 628 72 
? 10 513 244 151 489 153 307 235 633 614 601 
? 10 63 653 293 625 460 2 476 246 502 753 
? 10 79 744 411 374 760 439 667 184 344 729 
? 10 739 555 121 53 426 629 334 696 46 318 
? 10 102 512 175 523 352 304 534 754 509 274 
? 10 755 172 395 232 451 15 498 161 582 795 
? 10 592 700 108 230 112 91 278 750 418 197 
? 10 80 686 346 742 749 39 275 372 332 609 
? 10 692 265 233 214 726 704 413 206 663 414 
? 10 88 294 465 541 655 382 321 158 335 103 
? 10 519 194 87 255 621 623 767 779 673 423 
? 10 353 525 531 615 557 188 222 747 99 771 
? 10 257 273 475 309 177 201 356 113 710 737 
? 10 384 25 311 220 269 373 612 250 797 155 
? 10 799 430 120 547 472 295 487 21 208 330 
? 10 685 18 569 141 236 228 714 376 144 150 
? 10 549 496 793 435 30 368 457 173 381 339 
? 10 22 290 678 24 106 717 786 783 622 599 
? 10 427 668 488 207 583 385 292 55 469 20 
? 10 310 27 524 95 54 156 69 388 698 712 
? 10 510 520 354 581 26 371 248 337 323 237 
? 10 92 774 500 242 396 181 477 386 190 75 
? 10 118 444 239 241 604 501 610 37 366 789 
? 10 772 419 285 8 43 42 470 52 530 166 
? 10 486 124 68 639 192 768 777 377 211 450 
? 10 405 705 624 298 420 752 482 537 351 464 
? 10 595 707 403 613 703 515 687 327 751 528 
? 10 600 548 491 473 331 778 764 551 642 550 
? 10 688 45 728 664 715 563 647 14 657 162 
? 10 90 324 588 17 34 556 702 10 28 559 
? 10 407 168 538 291 367 225 521 218 142 697 
? 10 746 706 16 119 213 370 111 554 425 459 
? 10 656 57 152 478 369 539 243 792 35 725 
? 10 495 114 280 41 146 578 499 350 441 283 
? 10 585 328 591 89 238 390 788 82 389 93 
? 10 468 77 338 259 798 254 719 394 731 545 
? 10 336 492 258 507 193 154 645 586 71 738 
? 10 209 101 170 763 743 392 49 380 641 652 
? 10 733 29 402 630 529 757 115 66 580 708 
? 10 634 643 364 251 203 560 134 86 268 732 
? 10 718 791 533 467 544 196 387 74 289 256 
? 10 590 59 127 301 654 317 357 568 447 147 
? 10 73 358 602 516 319 64 302 398 636 463 
? 10 674 562 490 282 648 279 183 320 785 348 
? 10 378 180 775 340 281 345 787 773 574 333 
? 10 756 522 511 47 690 157 695 679 33 199 
? 10 438 176 776 650 308 40 363 9 758 535 
? 10 305 296 649 406 139 12 104 616 107 229 
? 10 694 267 401 240 611 76 796 44 96 315 
? 10 759 480 138 456 361 579 260 543 23 506 
? 10 709 160 620 132 11 123 404 761 38 97 
? 10 343 262 70 462 65 393 245 212 365 50 
? 10 493 504 272 769 6 397 713 191 417 659 
? 10 723 277 383 722 284 618 494 448 329 221 
? 10 270 748 416 701 626 48 391 122 125 437 
? 10 94 326 429 83 300 527 159 31 741 165 
? 10 680 566 98 526 561 362 503 765 432 249 
? 10 518 412 234 163 781 693 699 297 677 790 
? 10 461 780 452 721 637 149 187 443 542 596 
? 10 312 458 575 216 349 606 198 474 4 576 
? 10 436 431 3 481 666 784 440 253 671 593 
? 10 720 109 644 571 126 745 570 408 261 573 
? 10 78 400 681 81 341 532 355 61 130 552 
? 10 782 421 665 631 51 0 484 62 223 572 
? 10 204 306 433 313 766 322 627 536 422 224 
? 10 178 716 202 675 632 375 200 424 136 110 
? 10 409 442 479 174 497 5 553 410 145 360 
? 10 247 128 288 276 140 646 359 505 730 137 
? 10 483 217 129 736 605 303 117 762 669 215 
? 10 325 619 131 684 682 662 635 231 195 13 
? 10 36 454 19 164 564 186 794 640 587 1 
? 10 584 770 676 577 226 85 471 455 266 167 
? 10 446 179 734 399 219 466 252 445 735 314 
? 10 342 711 517 58 670 135 589 185 608 56 
? 10 598 286 299 171 169 7 683 205 316 263 
? 10 689 434 691 133 740 32 143 100 227 415 
? 10 617 116 638 189 603 210 264 347 428 565 
? 10 540 594 485 67 182 546 287 727 729 658 
? 10 344 661 184 651 667 439 760 453 607 374 
? 10 379 411 597 744 84 79 148 567 724 753 
? 10 502 246 476 508 2 460 625 558 293 449 
? 10 653 105 514 63 601 614 633 235 307 153 
? 10 739 113 555 121 201 53 426 629 334 696 
? 10 475 273 46 318 102 771 99 512 175 222 
? 10 523 352 304 615 534 754 509 525 274 755 
? 10 172 673 779 767 395 232 621 451 87 194 
? 10 519 335 15 498 161 582 382 655 795 541 
? 10 592 700 294 88 108 230 112 414 206 91 
? 10 278 750 704 418 726 197 80 265 692 686 
? 10 346 332 742 749 372 39 20 275 469 55 
? 10 292 609 233 385 583 207 214 413 488 510 
? 10 668 427 599 663 622 337 323 465 783 786 
? 10 321 717 106 158 24 678 290 103 22 339 
? 10 381 444 173 255 457 368 37 30 435 623 
? 10 423 793 496 549 150 353 144 376 531 714 
? 10 228 236 557 141 569 18 685 330 188 208 
? 10 21 487 295 472 547 747 120 430 799 797 
? 10 155 250 257 612 309 373 269 177 220 311 
? 10 356 25 384 737 710 450 211 377 405 777 
? 10 705 768 624 192 639 420 68 124 486 752 
? 10 166 530 52 470 42 537 707 43 8 703 
? 10 515 285 419 327 772 789 366 610 501 604 
? 10 241 239 118 491 75 190 473 386 477 331 
? 10 778 764 551 181 396 242 500 642 774 92 
? 10 237 45 728 715 563 248 371 26 581 14 
? 10 354 90 520 588 17 34 712 556 702 698 
? 10 388 69 156 54 407 168 538 95 225 524 
? 10 27 218 310 142 697 746 706 16 467 533 
? 10 521 367 291 119 213 718 559 28 370 10 
? 10 111 554 425 324 459 656 57 162 657 647 
? 10 152 478 369 539 243 792 560 664 688 550 
? 10 35 725 495 114 280 41 548 600 528 146 
? 10 751 687 578 499 613 403 350 441 595 283 
? 10 585 464 328 351 49 591 89 238 390 788 
? 10 82 482 389 93 468 77 338 298 259 545 
? 10 798 254 394 719 363 308 650 776 176 731 
? 10 438 199 33 157 336 690 492 258 47 507 
? 10 511 193 154 645 586 756 71 738 209 101 
? 10 170 763 743 392 574 380 773 787 641 281 
? 10 652 733 775 180 378 348 785 29 320 183 
? 10 402 279 630 648 529 282 490 757 562 674 
? 10 115 463 66 580 708 636 398 302 634 643 
? 10 364 319 516 602 251 203 73 147 447 568 
? 10 134 86 357 317 268 654 732 791 301 59 
? 10 256 74 544 196 191 417 713 397 387 6 
? 10 723 289 769 383 722 590 272 504 618 127 
? 10 493 448 50 365 212 245 270 393 416 65 
? 10 701 358 626 462 125 64 70 262 343 97 
? 10 38 761 404 123 429 83 11 132 620 160 
? 10 165 709 506 23 362 543 340 260 579 345 
? 10 361 456 138 765 480 759 333 315 432 96 
? 10 249 44 796 518 76 522 611 240 401 267 
? 10 694 677 229 107 790 616 780 104 12 139 
? 10 406 649 296 149 305 695 679 443 535 40 
? 10 758 9 542 596 312 458 575 216 187 637 
? 10 721 452 461 198 297 699 474 693 781 163 
? 10 576 234 412 436 431 3 481 666 784 671 
? 10 503 561 526 593 720 98 566 109 680 644 
? 10 571 741 31 159 527 300 745 326 570 408 
? 10 94 437 573 122 391 48 400 681 81 748 
? 10 341 221 532 355 329 61 130 552 782 421 
? 10 665 51 494 484 62 284 223 277 204 659 
? 10 306 433 313 638 766 322 627 572 536 422 
? 10 224 178 716 202 675 632 375 200 0 631 
? 10 133 424 136 110 409 442 479 174 78 497 
? 10 5 553 410 261 683 145 360 247 128 169 
? 10 288 126 276 140 646 359 505 730 137 483 
? 10 217 185 129 670 736 711 605 342 314 253 
? 10 440 303 117 762 669 215 252 325 619 399 
? 10 131 179 684 266 682 662 635 231 195 471 
? 10 4 13 36 454 19 164 564 186 794 640 
? 10 606 587 1 584 349 577 676 770 660 672 
? 10 628 72 513 244 60 151 489 271 153 307 
? 10 226 235 633 614 85 601 63 514 105 653 
? 10 449 455 167 446 734 219 293 558 625 466 
? 10 460 2 445 735 517 508 58 476 246 135 
? 10 502 589 753 724 608 56 598 567 148 286 
? 10 79 299 84 744 171 597 411 7 379 374 
? 10 607 453 760 439 667 205 651 316 184 661 
? 10 344 263 658 729 689 434 691 727 287 546 
? 10 182 740 32 143 67 485 594 100 540 565 
? 10 739 710 113 25 555 121 356 201 53 177 
? 10 426 629 334 696 309 475 273 257 46 318 
? 10 102 250 771 99 512 175 120 747 222 523 
? 10 352 304 208 188 685 141 557 615 534 754 
? 10 531 509 376 525 274 755 353 496 793 172 
? 10 423 673 779 767 395 623 232 435 621 451 
? 10 255 87 194 519 103 335 15 290 498 161 
? 10 582 158 106 321 382 655 795 541 786 592 
? 10 465 700 294 88 108 230 112 414 622 663 
? 10 427 206 91 413 278 750 704 418 726 214 
? 10 207 385 233 197 80 265 692 686 609 346 
? 10 332 292 742 749 372 39 469 275 20 55 
? 10 310 218 27 524 225 95 583 538 168 407 
? 10 54 156 69 388 698 702 556 712 488 510 
? 10 34 17 668 588 520 90 354 14 599 581 
? 10 26 371 248 337 563 323 715 728 45 237 
? 10 92 774 642 500 242 783 396 181 551 764 
? 10 778 331 717 477 24 386 678 473 190 75 
? 10 22 491 118 339 381 444 239 241 604 501 
? 10 173 610 457 368 37 366 789 30 772 327 
? 10 419 285 515 703 8 43 549 150 707 144 
? 10 714 537 228 236 42 569 18 330 470 21 
? 10 487 295 472 547 52 430 530 166 752 799 
? 10 797 155 486 124 612 68 420 373 639 269 
? 10 192 624 768 705 777 220 311 405 377 384 
? 10 737 211 450 719 394 731 254 798 545 259 
? 10 336 298 338 77 468 93 389 492 258 482 
? 10 507 193 82 154 645 586 788 390 71 238 
? 10 89 738 209 591 101 170 763 743 392 49 
? 10 380 351 328 464 585 283 595 641 441 652 
? 10 350 733 403 613 499 578 687 751 146 528 
? 10 29 600 548 41 402 280 630 529 757 114 
? 10 115 66 495 580 708 725 35 634 643 364 
? 10 550 688 251 664 203 560 792 243 539 369 
? 10 478 152 647 134 86 657 162 57 656 459 
? 10 324 268 425 554 111 10 370 28 559 732 
? 10 718 213 791 119 291 367 521 533 467 16 
? 10 706 746 697 544 142 196 191 417 713 397 
? 10 387 6 74 723 289 769 383 256 722 590 
? 10 272 59 504 618 127 301 493 654 448 317 
? 10 357 50 365 212 568 245 447 270 147 73 
? 10 393 416 65 701 358 626 602 516 319 462 
? 10 125 64 70 262 302 343 398 636 463 97 
? 10 38 761 404 674 562 123 490 282 429 83 
? 10 648 279 11 183 320 132 785 620 348 378 
? 10 160 165 709 506 23 180 362 775 543 340 
? 10 260 281 579 345 361 787 456 138 773 765 
? 10 574 480 759 333 315 432 96 249 756 44 
? 10 796 518 76 522 611 240 511 401 267 694 
? 10 47 677 229 107 790 616 780 104 690 12 
? 10 139 406 649 296 149 305 695 157 679 33 
? 10 199 443 438 176 535 776 650 308 40 758 
? 10 363 9 542 596 312 458 575 216 349 187 
? 10 637 1 606 640 721 564 452 461 164 198 
? 10 297 19 699 454 474 693 781 36 13 163 
? 10 4 576 234 195 412 231 635 436 131 431 
? 10 619 3 215 481 666 784 303 440 253 671 
? 10 605 503 561 526 736 593 720 98 129 566 
? 10 109 680 644 571 741 31 159 217 730 359 
? 10 646 527 300 276 126 745 326 288 570 408 
? 10 94 128 437 247 261 573 122 391 553 48 
? 10 5 497 78 400 681 81 748 479 341 110 
? 10 136 221 532 355 329 61 130 552 782 421 
? 10 665 631 51 0 375 494 675 484 62 716 
? 10 224 422 284 223 277 536 572 627 204 322 
? 10 766 659 306 313 433 189 603 638 210 116 
? 10 264 347 617 415 227 428 565 540 100 594 
? 10 485 67 143 32 178 740 202 632 182 200 
? 10 546 133 287 727 691 434 424 689 409 442 
? 10 729 174 658 263 344 661 184 410 316 651 
? 10 205 683 667 439 760 453 145 360 607 374 
? 10 379 7 411 597 169 171 744 84 299 79 
? 10 286 148 140 567 505 598 137 483 56 608 
? 10 724 753 185 589 502 135 670 246 476 58 
? 10 508 517 711 342 314 735 445 117 762 669 
? 10 252 2 460 466 625 558 293 325 219 399 
? 10 734 179 446 684 167 266 682 455 449 653 
? 10 662 105 471 514 63 601 85 614 633 235 
? 10 226 307 186 794 153 271 489 587 151 60 
? 10 450 739 710 113 211 737 384 25 377 555 
? 10 121 405 356 201 311 220 777 705 768 53 
? 10 177 624 192 426 629 334 269 696 639 373 
? 10 309 475 273 420 68 612 124 257 46 486 
? 10 318 102 250 797 155 799 771 752 166 99 
? 10 512 175 530 430 120 747 222 52 547 523 
? 10 472 295 487 352 304 21 208 470 188 330 
? 10 685 18 569 141 557 615 534 42 236 228 
? 10 537 714 754 531 509 376 525 144 274 755 
? 10 707 353 150 549 496 793 43 8 703 515 
? 10 172 423 285 673 779 767 395 419 327 623 
? 10 232 435 772 30 789 366 621 37 368 451 
? 10 457 255 610 173 501 604 87 241 194 519 
? 10 239 444 381 339 118 491 22 103 75 335 
? 10 190 473 15 290 678 498 161 386 24 582 
? 10 158 106 477 717 331 778 764 321 382 655 
? 10 795 551 541 786 181 396 783 242 500 642 
? 10 774 92 592 237 465 700 294 45 728 88 
? 10 715 323 108 563 230 112 414 337 248 622 
? 10 371 26 663 581 599 14 427 354 90 520 
? 10 588 668 17 34 510 206 488 712 556 91 
? 10 413 702 278 698 750 388 69 156 704 54 
? 10 418 726 407 214 207 168 538 95 583 225 
? 10 385 233 524 197 80 265 27 692 218 686 
? 10 609 310 346 332 292 742 749 372 55 39 
? 10 469 275 20 196 191 142 417 544 713 697 
? 10 746 706 397 387 6 74 16 723 289 467 
? 10 769 383 256 722 533 521 590 272 59 504 
? 10 367 291 618 119 127 301 791 213 718 732 
? 10 559 28 370 10 111 493 554 425 654 448 
? 10 268 317 357 50 324 459 656 57 162 657 
? 10 86 365 134 647 212 152 568 478 245 447 
? 10 270 147 369 539 243 73 393 416 792 560 
? 10 65 701 358 203 626 664 251 602 688 516 
? 10 319 550 364 462 125 64 643 70 634 35 
? 10 262 302 343 725 398 636 708 580 495 66 
? 10 463 97 115 38 761 404 674 562 114 123 
? 10 757 490 282 429 529 83 648 630 279 280 
? 10 402 11 41 183 548 320 600 29 132 785 
? 10 528 620 348 378 160 165 146 709 751 506 
? 10 23 687 180 578 362 499 775 613 403 733 
? 10 543 350 340 260 652 281 579 441 641 595 
? 10 283 585 345 464 361 328 787 456 138 773 
? 10 351 765 380 49 574 392 743 763 480 170 
? 10 101 591 759 209 333 315 738 432 96 249 
? 10 89 238 71 756 44 390 788 586 796 518 
? 10 76 645 522 154 82 611 193 240 511 507 
? 10 401 267 694 482 47 258 492 677 389 93 
? 10 468 229 107 77 790 338 616 298 780 104 
? 10 690 12 139 336 406 259 545 649 798 296 
? 10 149 305 695 157 679 33 199 443 254 438 
? 10 731 176 535 776 650 308 40 758 394 363 
? 10 9 719 660 542 596 312 770 458 672 628 
? 10 575 216 72 513 676 577 244 349 187 584 
? 10 637 60 1 151 587 606 640 489 271 153 
? 10 794 186 721 307 564 452 461 164 226 235 
? 10 198 297 19 699 454 474 633 693 614 85 
? 10 781 36 13 163 601 63 4 576 514 234 
? 10 471 195 412 231 635 105 662 653 449 455 
? 10 436 682 266 167 684 446 179 131 734 431 
? 10 399 219 619 325 293 558 625 466 460 2 
? 10 252 3 215 481 666 669 762 117 445 784 
? 10 735 303 440 253 671 314 342 605 503 711 
? 10 517 561 508 526 58 736 593 476 246 720 
? 10 98 670 135 502 129 566 109 589 680 185 
? 10 644 753 571 741 31 159 217 724 608 56 
? 10 483 137 730 598 505 359 646 567 140 527 
? 10 300 276 148 286 79 299 84 744 126 745 
? 10 326 288 171 169 597 411 570 408 7 379 
? 10 94 128 437 247 374 607 360 145 453 760 
? 10 439 667 683 205 651 316 261 410 573 122 
? 10 184 391 661 553 48 344 5 263 497 658 
? 10 78 400 681 174 81 729 748 479 442 409 
? 10 689 341 110 136 221 424 532 355 329 61 
? 10 130 552 782 421 434 691 727 287 133 665 
? 10 631 51 546 0 200 375 182 632 494 675 
? 10 202 484 62 716 740 178 32 143 67 224 
? 10 422 485 594 284 223 277 100 536 572 627 
? 10 540 565 428 227 415 617 204 322 766 347 
init_score -4.45447e+06
final_score: -4.83904e+06
times: 61691
update: 154
accept: 10
!
53 
113 121 201 426 555 629 739 
113 201
121 555
121 739
201 739
426 629
629 739
15 46 87 99 102 161 172 175 194 222 232 273 274 304 318 334 335 352 395 423 475 498 509 512 519 523 525 534 615 621 623 673 696 754 767 771 779 
15 161
15 498
46 334
46 102
87 194
99 771
99 222
102 318
161 335
172 395
172 423
175 512
175 523
194 519
194 621
222 523
232 673
273 475
273 318
273 771
274 509
304 523
304 534
334 696
335 519
352 523
395 767
395 673
423 509
423 525
509 754
525 615
534 754
621 779
623 779
623 767
20 39 55 80 88 91 108 112 197 206 207 214 230 233 265 275 278 292 294 332 346 372 382 385 414 418 469 541 582 583 592 609 655 686 692 700 726 742 749 750 795 
20 55
39 749
39 742
55 469
80 686
80 197
88 294
88 230
91 206
91 278
91 214
108 112
112 230
197 418
206 414
207 385
214 726
230 414
233 385
233 265
233 726
265 692
275 372
275 292
278 750
292 469
294 592
294 541
332 372
332 692
346 686
346 749
382 541
382 582
382 795
385 583
418 726
541 655
592 700
609 692
22 24 103 106 158 173 248 255 290 321 323 337 339 368 371 381 413 427 444 465 599 622 663 668 678 704 717 783 786 
22 381
22 339
22 678
24 290
24 106
24 678
103 290
106 717
106 321
158 321
173 381
173 255
173 368
248 371
248 599
323 337
337 371
339 444
413 668
413 704
427 622
427 668
465 786
465 622
599 668
622 663
717 786
783 786
789 
30 144 150 327 353 376 435 496 515 531 714 755 772 793 
30 435
30 772
144 714
144 327
150 496
327 793
327 515
353 435
353 793
353 755
376 714
376 531
496 793
18 21 120 141 155 188 208 228 236 295 330 430 472 487 547 557 569 685 747 797 799 
18 685
18 569
21 487
21 208
120 747
141 685
141 236
141 557
155 797
188 557
188 208
228 569
295 472
295 487
330 569
430 547
430 799
472 547
487 747
797 799
177 250 257 269 309 373 612 
177 309
250 257
250 373
257 309
269 373
269 612
25 68 124 192 211 220 311 356 377 384 405 420 450 486 624 639 705 710 737 768 777 
25 710
25 356
25 737
68 124
68 639
68 420
192 624
192 639
192 777
211 450
211 377
220 311
311 737
377 768
377 384
384 737
405 450
405 777
486 639
624 705
8 37 42 43 45 52 75 92 118 166 181 190 237 239 241 242 285 331 351 366 386 396 419 451 457 470 473 477 491 500 501 530 549 551 604 610 642 703 707 715 728 752 764 774 778 
8 707
8 43
8 703
8 549
37 366
37 457
42 470
43 419
45 728
52 530
52 470
75 118
75 386
92 774
92 500
92 237
118 239
118 241
166 530
166 752
181 500
190 239
190 491
237 642
239 610
241 604
242 396
285 366
285 419
331 551
331 778
351 707
351 470
366 501
386 477
396 500
396 764
451 457
473 491
477 764
501 604
642 728
715 728
764 778
14 17 26 34 54 69 90 95 156 168 218 291 354 367 388 407 488 510 520 521 524 556 563 581 588 698 702 712 
14 90
14 581
14 563
17 34
17 90
26 581
26 488
34 588
34 556
54 156
54 95
69 156
69 388
95 367
95 524
168 407
168 218
291 521
354 520
354 510
367 521
388 698
407 524
488 510
556 702
698 712
698 702
16 27 142 225 310 538 697 706 718 732 746 791 
16 746
27 310
27 538
142 706
142 697
225 538
225 718
697 732
706 746
718 791
732 791
119 213 
119 213
10 28 57 111 152 162 243 324 369 370 425 459 539 554 559 647 656 657 
10 559
10 28
10 425
57 656
57 152
111 370
111 425
162 647
162 657
162 324
243 539
243 369
324 459
369 657
370 554
425 459
459 656
35 41 114 146 280 478 495 499 548 550 560 600 664 688 725 751 792 
35 688
35 495
41 114
41 280
114 495
146 751
280 548
478 560
478 792
495 725
499 600
499 751
548 600
550 688
664 688
664 792
49 77 82 89 238 283 328 389 390 392 403 441 464 468 528 537 578 585 591 595 613 687 788 
49 392
77 82
82 788
82 389
89 591
89 238
238 537
283 585
283 328
328 595
328 403
389 468
390 788
392 585
403 613
441 585
441 578
464 595
464 537
528 687
591 788
613 687
33 40 47 76 93 154 157 176 193 199 254 258 259 298 308 336 338 363 394 438 482 492 507 545 650 690 719 776 798 
33 199
33 40
40 308
40 394
47 690
47 76
93 338
93 482
154 193
157 438
157 690
176 438
193 507
199 776
254 719
254 798
258 492
258 338
259 298
298 482
308 363
336 545
338 545
394 719
438 650
492 507
545 798
650 776
71 101 170 209 281 333 350 380 574 586 641 645 652 738 743 763 773 787 
71 586
71 738
101 170
101 743
170 380
209 763
209 738
281 773
333 574
350 763
380 787
574 773
586 645
641 652
641 787
743 763
773 787
6 29 59 64 66 73 74 86 115 134 147 180 183 191 196 203 251 268 279 282 289 301 302 317 319 320 348 357 364 378 387 397 398 402 417 447 463 467 490 516 529 533 544 562 568 580 630 634 636 643 648 654 659 674 708 713 733 757 775 785 
6 397
6 191
29 402
59 301
59 289
64 516
64 73
66 708
66 580
73 568
74 387
74 196
74 289
86 134
86 268
115 580
134 568
147 447
180 775
180 378
180 733
183 785
183 279
191 417
196 544
203 251
251 364
268 654
268 467
279 630
279 490
282 648
301 654
302 398
317 357
317 654
319 516
320 785
348 785
348 378
364 643
387 397
397 713
398 636
398 516
402 630
402 529
417 659
447 568
463 636
463 562
467 533
490 648
490 674
529 757
562 674
634 708
634 636
643 708
50 127 212 245 256 272 365 383 448 493 504 590 722 723 769 
50 723
50 493
127 590
212 365
212 493
245 365
256 590
272 504
272 769
272 590
383 722
448 493
504 723
722 723
270 358 429 602 
270 429
358 602
429 602
11 23 38 44 65 70 83 96 97 104 107 123 125 132 138 160 165 229 240 249 260 262 267 315 340 343 345 361 362 393 401 404 416 432 456 462 480 506 511 518 522 543 579 611 616 620 626 677 694 701 709 756 759 761 765 780 790 796 
11 132
11 123
23 709
23 165
23 362
38 123
38 97
44 611
65 393
65 462
70 343
70 462
83 761
96 249
96 759
104 616
107 229
123 404
125 626
125 462
132 160
138 361
138 456
138 765
160 709
160 506
165 620
229 616
229 694
240 611
240 401
249 432
249 518
260 579
260 340
260 543
260 345
262 343
262 761
267 401
267 677
315 480
315 796
315 756
401 694
404 761
416 701
456 579
480 759
506 543
511 522
511 756
518 611
626 701
677 790
759 765
780 790
9 12 139 149 296 305 406 535 637 649 679 695 731 758 
9 758
12 139
139 649
139 149
149 637
296 305
296 406
296 695
406 649
535 758
535 695
535 731
679 695
3 31 48 51 61 81 94 98 109 122 130 159 163 174 187 198 216 221 234 297 300 312 326 329 341 355 391 408 412 421 431 436 437 443 452 458 461 474 479 481 494 503 526 527 532 542 552 561 566 570 571 573 575 576 593 596 644 665 666 671 680 693 699 720 721 741 745 748 781 782 784 
3 784
3 666
3 431
31 741
48 391
48 748
51 665
61 130
61 355
61 421
81 573
81 174
94 437
94 326
98 566
98 526
109 644
109 593
122 391
130 782
159 566
159 571
159 527
163 693
163 412
174 341
174 479
187 542
187 443
198 474
198 461
216 312
216 542
221 329
221 748
234 576
234 781
297 699
297 452
300 527
300 326
312 575
341 355
355 532
391 573
408 437
408 745
421 665
431 436
436 576
437 573
443 721
452 461
458 575
458 596
461 721
481 666
494 665
503 561
503 526
503 671
552 782
566 680
570 745
571 644
593 720
666 671
680 741
693 699
693 781
0 5 62 78 110 128 133 136 145 178 200 202 204 223 224 247 261 277 284 306 313 322 360 375 400 409 410 422 424 433 442 484 497 536 553 572 618 627 631 632 638 675 681 683 716 766 
0 375
0 631
5 497
5 553
62 484
62 675
78 497
78 400
78 681
110 136
110 400
128 247
128 145
133 632
133 424
145 360
178 202
200 632
202 632
202 224
204 306
204 322
223 572
223 422
224 716
261 442
261 553
277 284
284 484
306 618
313 766
313 322
322 627
360 683
375 675
409 424
409 442
410 553
410 683
422 716
433 766
433 638
536 627
572 627
675 716
129 137 140 169 185 217 276 288 359 483 505 646 670 730 
129 217
137 288
137 359
137 276
140 505
169 288
185 670
217 730
359 646
483 505
483 730
483 670
646 730
117 126 131 179 195 215 252 253 266 303 314 325 342 399 440 471 605 619 635 669 682 684 711 736 762 
117 669
117 762
126 711
131 619
131 195
179 399
195 635
215 303
252 669
252 325
253 440
253 303
266 682
266 399
303 605
303 762
314 342
325 684
325 619
342 711
342 605
471 682
605 736
682 684
4 13 36 186 231 454 564 587 662 794 
4 13
13 36
36 454
36 231
186 564
231 662
454 587
564 794
587 794
1 19 72 164 349 577 584 606 628 640 660 672 676 770 
1 606
1 640
19 164
19 584
72 672
72 628
164 640
349 606
577 676
577 584
628 660
672 676
676 770
151 244 513 
151 244
244 513
153 
2 56 58 60 63 85 105 135 167 219 226 235 246 271 293 307 445 446 449 455 460 466 476 489 502 508 514 517 558 567 589 598 601 608 614 625 633 653 724 734 735 753 
2 460
56 608
56 598
56 589
58 508
58 517
58 135
60 271
60 307
63 514
63 601
85 514
105 449
105 514
105 653
135 589
167 734
219 734
219 466
226 235
235 307
235 633
246 508
246 476
293 625
307 489
445 735
445 466
445 517
446 734
446 455
449 455
460 625
460 558
466 558
476 502
502 753
567 724
601 633
608 724
614 633
7 79 84 148 171 286 299 374 379 411 453 597 607 744 760 
7 171
79 411
79 379
79 286
84 744
148 286
171 597
286 299
299 597
374 760
374 453
379 607
411 744
453 607
32 143 184 205 263 287 316 344 434 439 594 651 658 661 667 689 691 727 729 740 
32 287
32 594
32 143
143 740
184 344
184 667
184 661
205 316
205 651
263 316
263 689
287 691
287 727
434 691
434 689
439 667
651 661
658 661
658 729
67 116 182 210 264 485 540 565 
67 485
116 210
116 264
182 485
182 540
210 540
540 565
100 189 227 347 415 428 603 617 
100 415
189 603
227 617
227 428
347 603
415 617
428 603
546 
Score = 332135
