0 1
1 2
3 3
3 4
4 5
6 6
6 7
7 9
8 8
9 10
10 12
11 11
13 13
13 14
14 15
15 16
17 17
18 18
18 19
19 20
21 21
21 22
23 23
24 24
25 25
26 26
27 27
27 28
28 29
30 30
31 31
31 32
33 33
33 34
34 35
36 36
36 37
37 38
38 39
40 40
42 42
41 41
42 43
43 44
45 45
47 47
46 46
48 48
48 49
50 50
51 51
52 52
52 53
53 54
55 55
56 56
56 58
57 57
59 59
60 60
61 61
62 62
62 63
64 64
64 65
66 66
66 67
68 68
69 69
69 70
71 71
71 72
73 73
73 74
77 77
75 75
76 76
77 78
79 79
80 80
82 82
81 81
82 83
83 84
84 85
85 86
87 87
88 88
88 89
91 91
90 90
92 92
92 93
93 95
94 94
95 96
96 97
98 98
99 99
99 0
