? 14 293 192 161 320 336 68 435 232 600 72 66 202 551 474 
? 14 483 351 571 144 283 576 11 652 776 128 545 206 397 715 
? 14 471 412 769 623 727 631 564 779 260 799 349 625 416 641 
? 14 717 307 464 794 775 168 116 180 590 747 662 507 390 134 
? 14 683 4 380 392 423 458 442 354 119 100 295 606 704 266 
? 14 353 654 277 552 452 287 199 725 531 97 583 321 230 193 
? 14 682 561 566 505 783 572 258 329 189 591 461 149 562 309 
? 14 381 711 588 304 259 436 109 227 331 313 622 504 142 409 
? 14 239 279 650 716 527 578 404 690 722 735 37 579 217 686 
? 14 577 563 580 523 284 337 327 147 406 84 713 140 111 253 
? 14 666 67 188 73 170 382 94 484 110 47 761 410 123 417 
? 14 302 582 394 166 145 731 120 604 610 473 262 340 191 738 
? 14 50 236 218 131 793 388 586 427 39 726 732 247 70 543 
? 14 57 752 706 317 385 2 487 176 477 437 246 308 693 291 
? 14 548 408 678 20 646 401 542 496 592 621 294 400 261 93 
? 14 703 343 797 24 733 88 595 117 486 481 386 301 159 8 
? 14 509 150 441 241 780 372 768 762 148 569 377 773 645 389 
? 14 362 649 784 251 790 174 10 229 425 143 644 440 344 702 
? 14 187 240 770 112 29 215 196 447 268 465 480 575 555 430 
? 14 225 51 796 508 594 138 750 767 695 434 290 456 539 12 
? 14 224 499 613 498 692 16 156 59 186 403 256 438 383 129 
? 14 676 182 173 667 424 14 513 593 133 573 608 792 90 373 
? 14 27 431 635 470 710 78 269 364 368 475 276 21 124 616 
? 14 288 615 55 265 446 781 183 698 221 338 49 620 75 242 
? 14 324 28 601 787 132 175 121 755 151 341 233 298 254 556 
? 14 271 201 619 637 607 208 677 172 360 153 746 378 114 216 
? 14 83 297 384 489 15 0 289 540 184 719 270 450 105 651 
? 14 280 647 286 213 1 664 303 707 624 220 636 536 306 763 
? 14 628 789 405 311 328 369 249 587 212 375 756 544 426 478 
? 14 102 490 669 244 485 163 275 443 708 602 399 31 516 451 
? 14 414 724 305 661 155 570 657 521 310 771 413 35 786 560 
? 14 292 512 596 257 358 177 34 345 463 312 250 697 65 519 
? 14 479 126 714 53 179 357 127 267 723 167 585 348 526 634 
? 14 45 665 679 207 445 231 421 415 653 214 550 325 730 25 
? 14 457 629 533 420 535 472 342 453 64 95 659 626 778 374 
? 14 528 185 699 494 195 200 91 54 428 296 688 63 532 696 
? 14 44 670 146 455 495 23 609 491 705 748 56 627 502 740 
? 14 734 741 391 376 33 98 525 655 393 407 347 721 633 492 
? 14 80 211 614 764 467 541 322 61 603 41 115 728 462 791 
? 14 515 760 574 581 370 554 243 743 315 235 598 685 106 419 
? 14 178 316 101 154 74 617 520 611 668 754 158 482 237 671 
? 14 605 547 433 557 559 549 729 330 281 339 500 333 81 597 
? 14 395 96 432 38 387 228 181 766 157 449 77 680 459 632 
? 14 234 17 418 18 85 567 460 454 718 422 517 22 3 584 
? 14 198 367 493 529 742 194 538 136 371 640 52 160 658 751 
? 14 798 411 488 108 36 522 30 782 60 46 171 599 476 7 
? 14 82 26 42 468 469 774 694 648 402 530 709 164 6 238 
? 14 739 565 672 497 757 226 122 197 514 165 687 788 589 736 
? 14 92 660 248 612 118 19 663 753 356 737 203 222 69 701 
? 14 40 785 210 285 777 89 223 524 642 71 278 318 643 319 
? 14 365 135 689 335 346 363 255 62 32 104 273 274 209 639 
? 14 137 79 656 537 546 744 749 162 332 5 506 758 366 334 
? 14 245 152 252 352 396 466 638 745 429 681 684 169 759 86 
? 14 113 553 675 444 87 448 630 503 568 772 58 103 618 141 
? 14 398 190 439 510 300 379 501 350 326 299 13 130 355 558 
? 14 323 518 76 712 673 219 795 282 48 359 107 765 720 263 
? 14 139 9 314 691 205 361 43 125 511 700 534 264 204 272 
? 14 293 682 230 583 192 161 320 452 336 277 68 654 435 232 
? 14 100 354 442 600 72 66 392 202 551 474 390 483 747 590 
? 14 351 571 794 144 307 283 576 11 416 625 652 776 128 545 
? 14 769 412 715 206 397 580 471 577 686 579 37 623 727 631 
? 14 735 722 564 690 779 260 527 716 650 799 349 641 279 717 
? 14 239 464 409 775 168 142 116 180 662 507 134 683 4 504 
? 14 622 380 313 331 109 436 304 423 458 588 119 295 309 606 
? 14 704 562 266 461 591 353 258 552 287 572 199 725 783 531 
? 14 97 321 193 561 566 236 505 50 738 191 340 262 726 473 
? 14 610 604 57 329 189 120 731 145 149 166 381 711 394 176 
? 14 582 259 302 417 123 227 410 761 47 110 484 94 382 170 
? 14 73 188 67 666 253 111 578 140 404 713 84 542 217 406 
? 14 147 327 337 284 563 523 294 621 400 592 496 261 401 343 
? 14 646 797 733 20 117 486 678 408 548 481 291 386 301 8 
? 14 693 308 780 372 246 437 477 569 773 645 649 487 251 790 
? 14 2 385 317 10 706 143 752 543 644 70 247 732 187 770 
? 14 39 427 586 388 112 793 29 131 218 215 196 268 465 480 
? 14 575 555 430 225 240 702 344 440 51 796 425 508 229 174 
? 14 594 138 784 362 389 750 767 377 148 695 434 290 456 539 
? 14 12 762 768 499 613 241 441 150 692 509 16 159 156 59 
? 14 186 403 256 595 88 438 24 129 676 173 703 667 93 424 
? 14 405 14 628 513 593 133 573 608 792 90 182 373 27 431 
? 14 635 383 213 470 710 78 269 364 498 368 475 276 270 21 
? 14 124 224 616 288 615 55 265 446 781 183 698 221 338 49 
? 14 489 620 75 242 324 28 378 601 787 637 132 175 121 755 
? 14 151 341 447 345 233 34 298 177 254 257 556 271 201 512 
? 14 619 607 35 208 413 771 677 172 310 360 153 746 114 216 
? 14 83 521 297 384 570 155 15 0 289 305 724 540 414 516 
? 14 184 31 719 399 602 450 105 708 443 275 244 669 651 490 
? 14 280 647 286 478 1 664 303 707 756 624 220 636 536 587 
? 14 249 306 311 763 789 342 328 369 472 212 375 535 420 544 
? 14 426 533 629 457 102 25 730 325 214 653 415 485 163 421 
? 14 231 445 207 679 45 451 526 348 167 723 661 267 127 657 
? 14 357 179 53 714 126 479 519 65 786 560 697 292 250 596 
? 14 358 312 463 33 525 376 655 391 741 734 740 502 627 56 
? 14 748 705 491 609 23 495 455 146 670 44 633 696 492 532 
? 14 63 688 296 80 428 764 54 541 91 585 200 634 665 195 
? 14 494 791 515 699 574 550 185 528 235 374 778 626 659 95 
? 14 64 453 74 617 154 101 316 754 158 178 482 237 419 106 
? 14 605 685 547 557 598 559 315 549 743 729 330 281 339 243 
? 14 554 370 581 500 81 760 597 395 462 728 115 38 228 181 
? 14 41 603 61 322 766 467 614 211 157 721 449 347 680 407 
? 14 393 632 234 17 418 85 567 98 460 454 18 718 422 517 
? 14 22 3 584 459 198 367 77 493 529 742 194 538 136 371 
? 14 640 52 160 658 387 751 432 96 798 411 488 108 522 333 
? 14 30 782 433 60 671 668 611 520 46 171 599 476 7 82 
? 14 26 42 468 469 774 694 648 402 530 749 709 546 537 79 
? 14 639 164 273 6 32 238 739 36 255 565 672 497 757 346 
? 14 226 135 122 197 514 165 687 365 788 589 736 92 642 660 
? 14 248 612 118 223 19 663 753 356 737 203 222 210 69 701 
? 14 40 13 785 299 326 285 777 89 501 300 524 510 439 398 
? 14 71 618 103 58 278 318 772 643 319 568 503 630 689 448 
? 14 335 87 444 363 62 553 104 113 274 86 759 169 209 684 
? 14 137 656 744 681 162 429 745 332 638 5 466 396 252 506 
? 14 758 334 366 674 245 152 352 99 272 204 264 534 700 511 
? 14 675 125 43 361 205 691 314 9 139 263 720 765 107 359 
? 14 141 48 282 795 190 219 379 673 350 712 76 518 323 558 
? 14 293 561 682 193 230 321 583 192 97 531 725 199 161 287 
? 14 320 452 552 336 277 68 654 353 461 435 232 266 704 606 
? 14 295 100 119 354 442 458 600 423 72 66 392 202 551 474 
? 14 380 4 683 134 390 507 662 483 747 590 180 116 168 351 
? 14 775 571 794 144 464 307 283 717 576 11 641 416 625 349 
? 14 799 260 779 652 564 722 735 631 727 776 623 128 545 769 
? 14 412 471 715 206 397 294 580 523 563 284 337 327 577 686 
? 14 147 406 217 542 579 401 37 84 713 690 404 140 578 527 
? 14 716 650 111 253 666 67 279 188 73 170 239 409 382 308 
? 14 94 484 110 142 47 761 410 504 622 313 331 227 123 417 
? 14 302 109 436 259 304 582 176 588 394 711 381 309 562 166 
? 14 149 145 591 731 120 189 329 57 604 258 610 572 473 726 
? 14 262 783 340 191 738 793 50 505 236 566 218 131 29 268 
? 14 112 388 586 555 427 430 39 770 240 187 702 344 440 732 
? 14 247 70 644 543 752 796 143 425 706 508 229 10 317 385 
? 14 174 2 790 251 784 487 649 362 389 645 773 377 569 148 
? 14 434 290 477 437 12 762 768 246 613 372 780 241 441 150 
? 14 693 509 8 159 301 386 291 481 548 408 678 486 117 403 
? 14 20 256 595 88 733 24 797 129 646 343 173 703 667 93 
? 14 261 496 592 400 621 424 405 14 789 628 513 593 133 573 
? 14 536 220 608 792 624 90 182 676 373 27 431 635 664 1 
? 14 383 213 470 710 438 647 186 59 78 269 156 364 16 692 
? 14 498 368 475 499 276 270 21 719 124 224 616 288 539 615 
? 14 456 55 265 446 781 695 183 698 221 289 767 750 338 49 
? 14 0 138 15 489 594 620 75 297 242 324 216 28 114 378 
? 14 51 360 172 677 225 601 787 575 637 480 465 132 201 175 
? 14 271 121 755 151 341 447 233 196 215 345 34 298 312 177 
? 14 254 358 257 596 556 512 619 607 250 292 697 560 786 65 
? 14 519 35 208 413 771 479 310 714 53 179 153 746 83 521 
? 14 357 657 384 570 127 155 661 723 167 348 526 305 724 540 
? 14 414 451 45 516 184 31 399 602 679 450 207 105 708 421 
? 14 443 275 163 485 415 244 669 653 651 325 490 280 102 286 
? 14 457 478 629 533 426 544 303 707 756 420 535 375 636 212 
? 14 472 587 249 369 306 328 311 763 617 342 74 453 64 154 
? 14 95 659 626 778 106 374 598 235 528 185 315 25 730 743 
? 14 243 554 550 214 581 574 699 231 760 445 515 791 462 728 
? 14 494 115 41 195 665 634 200 585 91 267 541 54 764 428 
? 14 614 80 296 688 63 532 492 696 633 44 670 721 146 455 
? 14 126 495 347 23 609 491 407 393 705 748 56 627 502 740 
? 14 734 741 391 655 376 525 98 463 33 460 567 85 454 18 
? 14 718 418 422 17 517 22 234 632 459 198 680 367 77 449 
? 14 157 211 529 467 766 742 194 538 136 322 371 640 160 61 
? 14 603 658 181 228 387 38 751 432 96 798 411 488 395 597 
? 14 522 81 333 500 370 339 30 281 330 729 549 559 557 433 
? 14 60 547 685 605 671 419 237 482 178 158 754 668 316 101 
? 14 611 520 46 171 599 476 758 7 82 26 42 468 469 774 
? 14 694 5 648 402 530 162 749 709 546 537 79 137 639 782 
? 14 209 274 164 273 104 6 32 238 739 36 108 62 255 565 
? 14 672 497 757 346 335 226 689 135 122 197 514 165 687 365 
? 14 319 788 52 589 318 736 278 71 92 642 660 248 524 493 
? 14 612 118 223 19 663 584 753 89 3 777 356 737 203 222 
? 14 210 69 785 701 40 13 130 355 558 299 326 323 518 76 
? 14 285 712 350 673 501 379 300 510 219 439 190 795 282 48 
? 14 398 141 618 103 58 359 772 643 107 765 720 263 568 139 
? 14 503 630 9 448 314 691 205 361 87 444 43 363 125 675 
? 14 553 511 113 700 534 86 759 169 684 264 204 656 744 681 
? 14 272 99 429 745 332 638 466 396 352 252 152 245 674 506 
? 14 293 561 682 566 193 505 230 321 50 583 192 97 531 783 
? 14 725 199 572 161 287 320 452 552 336 258 604 277 329 189 
? 14 68 654 353 591 461 435 149 232 266 562 704 606 309 295 
? 14 100 119 354 442 381 711 588 458 600 423 304 72 66 259 
? 14 436 392 202 109 551 227 474 331 313 380 622 504 4 683 
? 14 134 390 507 662 483 747 590 180 116 142 168 110 351 775 
? 14 484 571 409 794 144 464 307 283 239 717 576 279 67 11 
? 14 641 111 416 625 349 799 650 716 527 578 260 779 652 404 
? 14 690 564 722 713 735 631 727 776 623 37 128 579 545 769 
? 14 217 686 577 412 471 563 523 580 715 206 397 294 621 400 
? 14 284 592 496 337 327 147 261 406 93 542 401 667 703 173 
? 14 343 646 84 129 797 24 733 88 140 595 256 20 403 117 
? 14 486 678 408 253 666 188 73 548 481 291 386 301 170 159 
? 14 8 509 693 150 382 308 94 441 241 780 372 613 47 246 
? 14 768 761 762 410 12 437 477 290 434 123 417 302 148 569 
? 14 377 773 645 389 582 362 176 649 487 784 394 251 790 2 
? 14 166 174 385 317 10 229 508 706 145 425 731 143 120 796 
? 14 752 57 543 644 70 247 732 610 440 344 702 473 187 726 
? 14 262 240 770 39 340 430 427 191 555 738 586 388 112 793 
? 14 236 268 29 131 218 345 215 196 233 34 447 341 298 177 
? 14 254 257 151 755 121 556 271 175 201 132 465 480 512 619 
? 14 637 607 575 787 601 225 35 208 413 771 677 172 310 360 
? 14 51 153 746 378 114 28 216 83 324 521 242 297 75 620 
? 14 384 570 594 489 155 15 138 0 49 338 750 767 289 305 
? 14 221 724 698 183 540 695 781 446 414 265 55 456 516 184 
? 14 615 539 288 616 224 31 124 719 21 399 270 276 602 499 
? 14 475 368 450 498 692 105 16 708 443 275 364 244 669 156 
? 14 269 651 78 490 59 186 280 647 286 478 438 710 470 213 
? 14 383 1 664 635 303 707 756 431 27 373 676 182 90 624 
? 14 792 608 220 636 536 587 573 133 249 306 593 311 513 763 
? 14 628 789 14 405 424 617 342 74 453 64 328 154 369 95 
? 14 472 212 375 659 626 778 535 106 420 374 544 426 533 598 
? 14 629 235 457 102 528 185 315 25 730 743 325 243 554 550 
? 14 214 653 581 574 415 485 163 699 421 231 760 445 515 207 
? 14 791 462 728 494 679 115 41 195 665 45 634 451 200 526 
? 14 348 585 167 723 661 91 267 127 541 54 764 428 657 357 
? 14 614 80 296 688 63 532 492 696 633 44 670 721 146 179 
? 14 53 455 714 126 495 347 23 479 609 491 519 407 65 393 
? 14 705 748 56 786 560 697 627 502 740 734 292 741 250 391 
? 14 655 376 525 596 358 98 312 463 33 40 460 567 85 701 
? 14 454 69 18 718 418 422 222 203 17 517 737 22 356 3 
? 14 234 753 584 663 632 459 198 680 367 118 77 449 493 248 
? 14 157 660 92 211 529 467 766 742 736 194 538 136 322 589 
? 14 371 640 52 160 687 165 514 197 122 61 603 658 226 181 
? 14 228 387 38 751 757 432 96 798 411 488 672 565 108 395 
? 14 597 36 522 739 238 81 6 333 500 370 339 30 281 330 
? 14 729 782 549 559 709 557 433 60 547 530 402 685 605 671 
? 14 694 419 237 482 178 158 774 468 754 42 668 316 101 611 
? 14 26 520 46 476 171 599 366 334 758 7 82 506 674 245 
? 14 152 469 252 352 396 466 5 638 648 332 745 429 99 162 
? 14 749 272 681 744 546 537 656 204 79 137 264 684 639 209 
? 14 169 759 86 274 164 534 273 700 113 104 511 32 553 675 
? 14 125 62 255 363 497 43 444 87 346 361 335 205 691 314 
? 14 448 689 135 9 630 503 139 568 263 720 765 365 319 788 
? 14 107 643 772 318 359 278 58 103 618 71 141 398 48 282 
? 14 642 795 190 439 219 510 524 612 300 223 379 501 19 673 
? 14 350 712 89 777 285 76 518 323 210 326 299 558 785 355 
? 14 293 218 561 131 29 268 682 566 193 236 505 230 321 50 
? 14 793 112 583 388 586 738 192 555 191 97 531 427 430 340 
? 14 39 770 783 725 240 199 262 726 187 473 702 572 344 161 
? 14 440 287 320 452 552 610 732 247 336 258 70 604 277 644 
? 14 543 57 329 752 796 189 68 654 120 143 731 353 425 591 
? 14 145 706 461 435 508 229 10 149 317 232 385 174 166 266 
? 14 562 2 704 606 309 295 100 119 790 354 251 442 381 711 
? 14 394 784 487 588 458 649 176 362 600 423 582 389 304 645 
? 14 72 66 259 436 773 392 377 569 148 202 109 302 551 417 
? 14 123 227 434 474 331 313 380 290 622 477 504 4 683 134 
? 14 390 437 507 12 410 762 761 662 483 747 590 768 180 246 
? 14 116 47 142 168 110 351 613 775 372 484 780 241 441 94 
? 14 308 571 382 409 150 794 693 144 509 8 464 307 283 239 
? 14 159 170 301 386 717 291 481 576 548 73 188 279 67 666 
? 14 253 11 408 641 678 111 486 117 416 625 403 20 349 799 
? 14 650 716 527 256 578 595 140 260 779 652 88 404 690 564 
? 14 722 713 735 733 24 797 129 631 727 84 646 343 173 703 
? 14 667 776 623 37 401 128 579 545 769 542 93 217 406 147 
? 14 261 686 577 327 337 412 496 592 471 284 563 523 580 715 
? 14 400 206 397 621 294 617 342 424 405 14 789 74 628 763 
? 14 513 311 453 593 64 328 154 306 369 249 133 573 95 587 
? 14 472 212 536 636 220 375 608 659 626 792 778 624 535 90 
? 14 182 676 373 27 431 106 420 374 756 707 303 544 426 635 
? 14 664 1 383 213 470 533 710 598 438 629 478 235 457 286 
? 14 102 528 647 185 280 315 25 186 730 743 59 490 325 243 
? 14 554 78 550 214 651 653 581 269 574 156 669 244 415 485 
? 14 163 364 699 275 443 421 231 760 708 445 16 105 515 207 
? 14 692 498 791 450 462 368 728 494 475 679 499 602 276 115 
? 14 270 399 21 41 719 124 31 224 616 288 539 195 665 615 
? 14 184 516 456 45 634 451 55 265 414 446 781 695 540 183 
? 14 698 724 200 221 305 526 348 585 289 767 750 338 49 0 
? 14 167 723 661 91 138 15 267 155 489 594 127 570 541 54 
? 14 384 764 620 428 657 357 614 75 297 242 80 296 688 521 
? 14 63 324 532 83 492 216 28 696 633 114 44 670 378 746 
? 14 721 146 153 179 51 53 455 360 714 126 495 347 310 23 
? 14 479 172 609 677 771 413 491 208 35 519 407 65 393 705 
? 14 748 56 786 560 697 627 502 225 740 734 292 601 741 250 
? 14 787 575 607 391 637 619 512 480 465 132 201 655 175 271 
? 14 556 121 755 376 525 596 151 257 358 254 98 177 312 463 
? 14 298 341 447 34 233 196 215 345 33 13 130 40 460 355 
? 14 567 85 701 454 785 69 558 299 326 210 18 718 323 418 
? 14 518 422 222 203 17 76 517 737 22 285 356 777 3 89 
? 14 234 753 584 663 712 632 459 198 350 680 367 673 19 501 
? 14 379 223 118 300 77 449 612 493 524 510 219 439 190 795 
? 14 248 157 660 642 282 48 92 398 141 71 618 103 211 58 
? 14 278 529 359 467 766 742 736 318 772 194 538 136 322 589 
? 14 643 371 640 52 107 160 788 319 365 765 687 720 263 568 
? 14 165 139 514 197 503 122 630 61 9 135 689 603 448 658 
? 14 226 314 691 205 181 228 387 335 38 361 346 751 87 757 
? 14 432 96 444 798 411 488 43 497 672 363 565 255 62 108 
? 14 395 597 125 36 522 675 739 238 553 32 81 6 333 511 
? 14 500 104 113 700 273 534 370 164 274 339 30 281 86 759 
? 14 330 169 729 209 782 549 559 639 684 264 137 79 204 656 
? 14 537 546 709 744 681 557 272 749 162 99 433 60 429 547 
? 14 530 745 402 332 685 648 605 638 671 5 694 466 396 419 
? 14 237 482 352 178 158 252 774 469 468 754 42 152 668 316 
? 14 101 245 674 506 611 26 82 7 758 334 520 366 46 476 
init_score -1.41216e+06
final_score: -2.71292e+06
times: 31073
update: 576
accept: 18
!
293 
505 561 
505 561
50 97 321 
50 321
97 321
287 
236 
192 531 583 725 
192 583
192 725
531 583
161 320 
161 320
435 
199 353 452 552 
199 452
199 353
452 552
277 654 
277 654
66 72 
66 72
68 336 
68 336
309 461 606 
309 606
309 461
100 119 295 354 442 
100 354
100 295
119 295
354 442
202 600 
202 600
423 
591 
458 
474 551 590 
474 551
551 590
266 
134 392 683 
134 683
392 683
142 390 507 775 
142 390
390 507
390 775
483 747 
483 747
110 116 168 180 662 
110 116
116 168
168 180
180 662
351 
144 283 307 464 571 794 
144 794
283 307
307 464
464 794
571 794
416 
11 349 576 641 779 
11 576
11 349
349 779
641 779
717 
260 799 
260 799
625 
652 
727 
631 
735 
545 776 
545 776
623 722 769 
623 769
623 722
564 690 
564 690
397 715 
397 715
128 
206 
284 577 
284 577
37 
523 580 
523 580
294 621 
294 621
400 
579 
147 217 327 406 471 542 563 686 
147 327
147 542
217 406
217 471
406 542
471 686
471 563
404 646 
404 646
412 
84 140 
84 140
527 578 
527 578
716 
650 
73 111 253 666 
73 666
73 253
111 253
67 188 279 
67 188
188 279
170 382 
170 382
94 484 
94 484
246 308 
246 308
4 380 
4 380
409 
410 761 
410 761
47 
109 331 504 622 
109 622
109 331
504 622
304 
123 227 313 417 477 
123 417
123 477
227 313
313 417
259 436 
259 436
711 
394 582 
394 582
176 381 487 588 
176 381
176 487
381 588
562 704 
562 704
232 
2 
57 120 149 166 189 
57 120
120 166
149 166
166 189
329 604 731 
329 604
604 731
262 473 610 726 
262 473
473 726
473 610
572 
783 
191 340 388 793 
191 340
191 388
388 793
29 
193 230 566 682 
193 230
230 682
566 682
131 218 268 
131 218
218 268
555 
738 
112 427 586 
112 586
427 586
187 240 344 770 
187 770
240 770
240 344
39 
430 
247 644 702 732 
247 732
644 702
702 732
143 
70 440 543 
70 440
70 543
385 706 
385 706
790 
10 317 425 796 
10 796
10 317
425 796
258 
174 229 
174 229
752 
145 251 508 784 
145 508
251 784
251 508
148 
362 
389 645 649 
389 645
645 649
290 377 434 437 569 773 
290 434
377 434
377 773
437 569
569 773
768 
12 762 
12 762
150 441 509 780 
150 509
441 780
509 780
302 
159 
239 
241 372 613 
241 613
241 372
8 693 
8 693
301 
291 386 548 
291 548
291 386
20 486 678 
20 486
486 678
408 
797 
117 481 
117 481
383 710 
383 710
343 
88 403 595 
88 595
403 595
24 
713 
129 173 
129 173
93 261 667 703 
93 261
93 703
667 703
14 337 401 424 496 592 
14 424
337 401
401 592
401 424
496 592
405 
789 
628 
438 
593 
676 
513 
608 
220 536 624 
220 536
536 624
213 470 
213 470
182 373 635 792 
182 792
182 635
373 792
1 90 664 
1 664
1 90
133 573 
133 573
733 
269 
27 59 186 256 431 
27 431
27 256
59 186
186 256
280 647 
280 647
276 364 368 498 
276 498
276 368
364 498
156 
16 475 692 
16 475
475 692
224 499 719 
224 719
499 719
21 124 184 
21 124
124 184
31 615 
31 615
288 539 
288 539
221 781 
221 781
55 446 
55 446
289 
183 265 
183 265
138 
456 695 698 
456 698
456 695
750 
338 
767 
15 570 
15 570
0 
489 594 
489 594
49 
75 620 
75 620
242 378 
242 378
216 746 
216 746
114 324 
114 324
51 
83 310 
83 310
35 
225 575 
225 575
601 
341 
132 787 
132 787
447 
755 
175 201 271 637 
175 271
201 637
201 271
121 151 
121 151
465 480 
465 480
196 215 233 298 
196 215
196 233
233 298
254 
34 177 345 358 
34 177
34 345
177 358
312 
257 596 
257 596
556 
512 
619 
250 292 560 627 697 786 
250 292
292 560
292 627
560 786
627 697
65 126 479 519 
65 519
126 479
479 519
208 
172 179 677 714 
172 677
179 677
179 714
413 
360 771 
360 771
28 
153 297 357 521 657 
153 521
153 297
357 657
521 657
127 155 348 384 661 
127 661
155 661
155 384
348 661
167 526 585 
167 526
167 585
724 
305 
414 540 
414 540
451 
45 679 
45 679
270 616 
270 616
399 602 
399 602
105 207 445 450 
105 450
105 207
207 445
244 275 443 515 669 
244 275
275 443
443 669
515 669
651 
163 415 
163 415
325 485 653 708 
325 653
485 653
485 708
490 
457 
535 
78 
102 286 478 629 
102 286
286 478
286 629
533 
375 
303 420 426 544 707 756 
303 707
303 756
420 426
426 544
544 756
306 587 
306 587
472 
328 369 
328 369
212 
311 
249 
636 
763 
453 
74 154 617 
74 617
74 154
374 
342 
95 
64 
106 659 778 
106 659
659 778
557 729 
557 729
235 730 
235 730
185 528 743 
185 528
185 743
25 315 
25 315
243 554 
243 554
516 
214 231 421 581 760 
214 231
231 421
421 760
581 760
550 574 
550 574
699 791 
699 791
228 
41 462 
41 462
115 195 494 
115 494
195 494
634 665 
634 665
200 
267 723 
267 723
91 428 
91 428
614 
80 296 541 764 
80 764
80 296
541 764
44 696 
44 696
63 532 
63 532
146 492 670 
146 670
492 670
54 
455 688 
455 688
721 
633 
53 
23 393 495 
23 495
23 393
407 491 609 705 
407 609
491 705
491 609
356 
734 741 
734 741
56 740 
56 740
18 418 655 
18 655
18 418
607 
376 391 525 
376 525
376 391
98 
463 
33 
85 460 567 718 
85 460
460 567
567 718
502 
517 737 
517 737
17 
198 234 367 584 
198 234
198 367
198 584
77 347 449 459 493 632 680 
77 449
77 493
347 632
459 632
459 680
493 680
322 467 
322 467
538 
160 
211 
52 
157 766 
157 766
529 
136 194 640 742 
136 742
194 742
640 742
61 603 
61 603
387 
181 
728 
96 751 
96 751
38 411 432 658 798 
38 432
38 411
411 798
432 658
36 81 238 333 739 
36 739
81 333
238 333
333 739
395 
281 500 
281 500
30 339 370 
30 339
30 370
598 
330 549 559 
330 549
549 559
626 685 
626 685
433 547 
433 547
158 316 419 605 
158 316
158 605
316 419
60 
366 
178 482 
178 482
101 237 611 668 671 754 
101 611
237 754
237 671
611 668
668 754
26 46 520 
26 46
46 520
7 82 171 476 599 758 
7 82
7 171
7 758
82 476
171 599
42 468 
42 468
774 
5 332 
5 332
402 648 782 
402 782
402 648
537 546 
537 546
709 
169 
79 137 162 745 749 
79 137
79 162
79 749
162 745
273 274 
273 274
522 
744 
104 164 
104 164
32 
597 
108 
6 
62 255 488 565 672 
62 255
255 672
488 565
565 672
757 
335 346 497 
335 346
346 497
135 514 689 
135 689
135 514
122 165 197 
122 197
165 197
226 
371 
365 687 
365 687
589 788 
589 788
359 
318 
71 92 278 642 660 736 
71 642
71 278
92 660
92 736
642 660
19 524 663 753 
19 524
19 663
19 753
3 248 612 
3 612
248 612
118 223 
118 223
89 210 
89 210
422 
454 777 785 
454 785
777 785
22 
203 222 
203 222
40 69 326 701 
40 701
69 701
326 701
285 
130 
13 299 
13 299
355 
76 518 558 
76 518
76 558
748 
323 350 673 712 
323 712
350 712
350 673
190 501 
190 501
48 
300 379 439 510 
300 439
300 379
439 510
795 
103 107 219 282 398 618 
103 618
103 398
107 618
219 282
282 398
141 772 
141 772
319 568 643 
319 643
568 643
263 
720 765 
720 765
9 139 
9 139
503 630 
503 630
58 
448 
205 314 361 691 
205 314
205 361
314 691
363 
444 
87 
43 125 
43 125
113 511 553 675 
113 553
113 511
553 675
86 534 700 759 
86 759
534 700
700 759
656 
681 684 
681 684
209 639 
209 639
204 264 
204 264
99 272 
99 272
530 
152 
694 
352 
429 
252 396 466 638 
252 638
396 638
466 638
245 
674 
506 
334 
469 
Score = 220483
