? 8 388 592 441 221 662 157 472 38 
? 8 784 199 114 147 153 495 653 673 
? 8 326 473 308 264 406 26 635 732 
? 8 752 340 417 292 244 727 768 487 
? 8 24 91 725 765 288 222 509 536 
? 8 627 693 434 734 372 697 355 188 
? 8 387 602 181 722 120 325 172 374 
? 8 331 694 314 311 46 795 263 112 
? 8 695 438 337 672 126 780 215 25 
? 8 754 117 289 566 234 30 709 280 
? 8 228 482 690 595 140 733 444 166 
? 8 705 750 411 208 205 10 650 17 
? 8 76 356 583 309 193 738 180 53 
? 8 212 688 393 518 353 457 594 305 
? 8 593 710 224 753 141 104 175 33 
? 8 456 543 73 200 493 568 321 286 
? 8 70 453 63 190 736 245 317 534 
? 8 420 333 32 691 64 149 471 692 
? 8 642 575 227 729 763 11 255 253 
? 8 551 107 177 279 796 368 664 88 
? 8 771 613 185 494 496 779 297 588 
? 8 375 60 648 285 531 604 156 632 
? 8 348 276 390 486 407 203 249 354 
? 8 743 462 254 600 625 717 396 191 
? 8 620 320 584 373 631 421 21 146 
? 8 278 721 517 720 670 168 467 318 
? 8 7 746 198 34 350 386 248 698 
? 8 755 398 459 573 124 13 649 609 
? 8 751 361 150 6 75 409 505 44 
? 8 519 454 242 666 757 204 369 66 
? 8 92 463 403 793 170 218 608 455 
? 8 598 385 352 268 338 237 798 184 
? 8 335 760 701 265 715 443 82 711 
? 8 143 176 247 110 209 87 391 74 
? 8 135 67 186 119 241 22 513 430 
? 8 667 232 567 636 572 299 527 656 
? 8 556 500 366 163 514 59 615 109 
? 8 239 786 791 96 541 213 383 106 
? 8 349 404 300 267 792 61 728 410 
? 8 718 261 481 724 684 182 402 562 
? 8 418 716 144 16 634 211 138 622 
? 8 277 446 646 206 376 756 618 749 
? 8 682 601 777 94 57 700 65 201 
? 8 52 327 108 503 31 116 745 83 
? 8 686 269 789 458 633 225 747 345 
? 8 416 155 8 475 464 287 400 262 
? 8 790 607 101 730 284 195 281 359 
? 8 448 429 328 585 15 442 214 506 
? 8 539 381 538 236 528 334 764 93 
? 8 603 781 707 270 645 27 704 560 
? 8 461 154 81 548 660 554 714 20 
? 8 414 419 629 510 379 219 51 678 
? 8 129 623 550 178 90 257 624 238 
? 8 43 55 639 488 628 72 12 758 
? 8 565 307 323 173 169 296 127 223 
? 8 344 460 523 339 294 293 507 497 
? 8 439 480 336 346 207 37 424 42 
? 8 47 122 273 559 525 590 616 397 
? 8 783 774 547 246 596 474 580 490 
? 8 515 451 677 511 452 36 470 447 
? 8 401 105 761 39 378 581 504 549 
? 8 164 382 48 423 530 69 570 773 
? 8 128 626 367 759 614 611 540 657 
? 8 301 160 696 161 651 610 545 788 
? 8 619 569 283 330 544 542 413 478 
? 8 312 365 187 740 165 167 535 557 
? 8 433 485 315 9 708 77 552 465 
? 8 532 652 571 770 58 304 578 440 
? 8 54 197 99 676 655 363 671 290 
? 8 553 476 84 427 522 524 235 132 
? 8 587 258 723 484 762 171 640 558 
? 8 80 748 617 49 342 341 489 50 
? 8 260 102 546 189 14 731 599 436 
? 8 332 229 291 432 136 56 561 230 
? 8 256 282 380 139 322 675 250 142 
? 8 302 782 243 0 479 134 347 703 
? 8 162 469 597 431 216 483 179 362 
? 8 86 605 319 152 266 259 674 516 
? 8 787 502 702 638 658 425 45 685 
? 8 217 130 778 41 194 630 563 577 
? 8 663 343 23 712 529 384 466 125 
? 8 591 231 647 329 526 370 306 687 
? 8 196 533 555 19 89 706 113 520 
? 8 3 358 115 659 95 785 159 621 
? 8 272 233 683 394 399 744 137 111 
? 8 468 1 737 726 210 183 491 799 
? 8 310 158 574 582 202 28 450 389 
? 8 445 62 681 405 415 719 151 360 
? 8 98 713 118 576 643 103 644 564 
? 8 251 499 371 298 2 668 85 303 
? 8 428 78 501 769 40 408 71 477 
? 8 18 364 426 123 392 776 680 689 
? 8 521 357 377 742 492 437 637 4 
? 8 220 766 100 661 131 351 669 148 
? 8 252 133 5 797 240 435 395 739 
? 8 274 449 537 271 226 498 512 772 
? 8 35 192 174 775 79 654 735 422 
? 8 767 665 586 508 145 68 295 316 
? 8 121 29 275 641 606 699 579 741 
? 8 388 592 595 441 221 482 662 157 
? 8 472 228 38 784 199 114 30 147 
? 8 153 495 653 673 326 234 473 308 
? 8 780 126 264 672 406 438 695 26 
? 8 635 732 752 340 417 795 311 292 
? 8 244 314 727 768 487 24 91 722 
? 8 181 725 765 602 288 222 509 536 
? 8 627 693 286 434 734 321 372 697 
? 8 355 188 387 120 325 172 374 200 
? 8 331 543 694 46 456 33 263 112 
? 8 141 337 753 710 593 305 594 215 
? 8 25 754 117 393 289 566 212 53 
? 8 180 738 193 309 583 356 17 650 
? 8 709 280 10 205 208 750 705 444 
? 8 690 733 140 368 796 279 177 107 
? 8 551 253 255 166 411 11 763 729 
? 8 227 575 642 76 692 471 149 64 
? 8 688 691 333 32 518 353 420 534 
? 8 457 224 104 175 317 743 73 245 
? 8 736 717 396 190 493 63 21 568 
? 8 453 70 146 517 421 631 373 584 
? 8 320 620 168 191 7 625 600 254 
? 8 462 746 354 386 249 203 407 459 
? 8 486 390 276 348 632 156 604 13 
? 8 531 609 751 285 648 60 75 375 
? 8 588 409 505 297 779 496 494 185 
? 8 66 613 771 88 218 664 608 170 
? 8 455 793 598 403 385 463 268 92 
? 8 369 204 338 757 666 798 242 454 
? 8 519 760 44 701 265 715 6 150 
? 8 361 711 649 143 176 247 124 110 
? 8 209 573 391 74 135 67 186 398 
? 8 119 241 755 698 22 248 513 34 
? 8 350 430 198 667 318 467 232 670 
? 8 567 720 572 721 278 299 527 656 
? 8 556 500 366 163 636 281 514 59 
? 8 615 195 109 284 239 786 791 96 
? 8 541 213 464 383 475 106 349 404 
? 8 345 300 267 792 225 87 61 269 
? 8 728 410 718 261 481 724 82 443 
? 8 684 182 402 562 335 418 716 144 
? 8 184 16 237 634 211 138 352 622 
? 8 277 446 646 206 376 756 618 749 
? 8 682 601 72 777 628 488 94 57 
? 8 700 55 43 65 238 624 201 257 
? 8 52 327 108 503 31 116 623 745 
? 8 83 51 686 219 789 414 20 458 
? 8 633 747 554 461 704 416 155 645 
? 8 707 8 781 287 400 262 790 607 
? 8 101 730 359 448 214 429 328 585 
? 8 15 442 506 539 547 381 538 236 
? 8 528 334 764 93 783 603 397 590 
? 8 270 525 27 559 560 154 122 47 
? 8 81 42 548 660 424 714 419 629 
? 8 37 510 207 379 678 346 336 129 
? 8 480 550 439 497 507 293 294 178 
? 8 339 523 460 344 223 90 127 296 
? 8 169 639 173 323 307 12 565 758 
? 8 160 301 657 540 611 614 759 367 
? 8 626 128 773 570 69 530 423 48 
? 8 382 542 164 549 312 504 365 581 
? 8 740 273 378 39 761 105 535 401 
? 8 447 485 470 616 36 452 511 708 
? 8 677 451 515 490 580 774 474 246 
? 8 596 578 304 54 58 770 197 571 
? 8 99 652 532 465 552 655 77 9 
? 8 315 84 427 433 557 235 167 165 
? 8 187 478 413 558 544 330 283 748 
? 8 569 619 788 545 610 651 489 50 
? 8 260 161 696 546 102 14 731 599 
? 8 341 436 332 342 291 49 617 432 
? 8 136 56 80 561 230 256 282 380 
? 8 640 139 171 322 762 484 723 250 
? 8 258 142 587 302 782 132 243 0 
? 8 134 524 522 347 703 476 162 469 
? 8 597 553 290 431 671 216 363 676 
? 8 483 179 362 86 605 319 440 152 
? 8 266 259 674 516 787 502 702 638 
? 8 658 360 425 45 415 685 217 130 
? 8 778 41 479 194 630 563 577 663 
? 8 28 343 23 675 712 582 574 529 
? 8 384 466 799 125 591 231 647 329 
? 8 183 526 370 306 687 196 137 744 
? 8 399 533 555 683 19 229 89 706 
? 8 113 520 785 3 358 189 115 240 
? 8 659 797 95 5 133 159 252 621 
? 8 272 148 351 131 233 394 766 111 
? 8 468 1 220 4 637 492 742 377 
? 8 737 726 210 491 357 310 689 158 
? 8 680 776 392 202 426 364 450 18 
? 8 389 445 62 408 681 405 769 719 
? 8 501 151 78 428 98 85 668 713 
? 8 118 576 643 298 103 644 564 251 
? 8 412 589 97 612 499 371 794 2 
? 8 324 679 313 303 741 579 699 606 
? 8 641 275 29 121 316 40 295 68 
? 8 71 477 145 508 586 123 665 767 
? 8 422 735 654 79 775 521 174 192 
? 8 35 772 512 437 100 498 226 271 
? 8 388 140 592 595 441 690 221 482 
? 8 662 157 472 228 38 280 709 784 
? 8 199 114 30 193 147 153 495 653 
? 8 673 326 234 566 289 473 308 117 
? 8 754 25 215 780 126 264 672 406 
? 8 337 438 695 26 112 263 635 732 
? 8 752 340 417 795 46 311 292 244 
? 8 314 727 694 768 331 374 487 172 
? 8 24 91 325 120 722 181 725 765 
? 8 602 288 387 222 509 188 355 697 
? 8 372 536 627 693 734 434 286 321 
? 8 70 453 568 21 63 493 631 190 
? 8 620 396 717 736 245 200 73 743 
? 8 543 317 456 33 175 104 141 753 
? 8 224 710 348 593 305 594 457 534 
? 8 420 353 518 32 333 691 393 648 
? 8 688 212 53 180 738 64 149 309 
? 8 471 692 583 356 76 17 650 642 
? 8 10 575 205 227 613 208 729 763 
? 8 11 411 750 705 166 444 255 253 
? 8 733 551 107 177 279 796 368 664 
? 8 218 170 88 793 403 463 92 771 
? 8 66 369 204 757 666 185 798 242 
? 8 454 494 519 496 779 297 44 701 
? 8 505 409 588 375 75 60 6 150 
? 8 361 285 751 609 531 649 143 13 
? 8 604 156 632 124 110 573 276 390 
? 8 486 459 74 135 407 186 398 203 
? 8 249 241 755 698 248 386 354 513 
? 8 350 34 430 198 746 462 254 600 
? 8 625 7 667 318 467 191 168 670 
? 8 320 567 584 373 720 421 517 572 
? 8 721 278 146 299 527 656 556 429 
? 8 500 366 163 636 281 514 59 615 
? 8 195 109 284 239 101 786 791 232 
? 8 262 96 541 213 464 383 475 22 
? 8 119 106 155 67 349 404 391 345 
? 8 300 267 792 225 87 458 209 61 
? 8 269 728 686 83 247 410 718 176 
? 8 261 31 481 711 503 724 82 443 
? 8 684 182 715 265 760 402 562 335 
? 8 418 716 144 184 16 237 634 211 
? 8 338 138 268 352 94 385 622 598 
? 8 277 446 646 455 206 376 682 618 
? 8 756 608 758 565 12 749 601 72 
? 8 777 628 488 57 323 173 700 639 
? 8 55 43 65 238 169 624 201 257 
? 8 52 127 90 223 344 460 523 339 
? 8 178 294 327 497 439 108 550 116 
? 8 623 129 745 346 678 51 219 379 
? 8 207 510 37 629 419 789 414 20 
? 8 633 747 714 424 554 660 548 42 
? 8 81 47 122 154 461 560 704 559 
? 8 416 27 645 525 270 707 590 8 
? 8 397 781 603 783 287 93 400 790 
? 8 607 764 334 730 528 236 538 381 
? 8 547 359 539 448 506 214 442 328 
? 8 15 585 596 58 246 652 474 465 
? 8 774 580 552 490 515 77 451 677 
? 8 708 511 452 36 9 616 470 315 
? 8 485 433 447 401 535 105 761 39 
? 8 378 165 273 740 187 581 365 504 
? 8 312 478 336 549 164 542 480 382 
? 8 48 544 330 423 530 69 570 773 
? 8 283 507 293 545 296 128 626 367 
? 8 759 614 611 307 161 540 696 657 
? 8 301 160 546 102 14 260 50 731 
? 8 489 599 341 436 332 342 651 291 
? 8 610 49 617 432 788 136 619 569 
? 8 748 56 80 561 230 558 256 413 
? 8 282 380 640 139 171 322 762 484 
? 8 723 250 258 142 587 302 167 782 
? 8 132 235 243 0 557 134 524 522 
? 8 427 84 347 703 476 162 469 553 
? 8 290 431 671 363 655 676 483 179 
? 8 362 86 605 532 99 571 197 770 
? 8 319 54 440 304 578 152 266 251 
? 8 259 564 644 674 103 516 787 643 
? 8 576 118 713 502 702 216 638 98 
? 8 658 360 425 151 45 719 597 415 
? 8 685 217 130 778 681 62 445 41 
? 8 479 389 194 630 563 450 577 663 
? 8 28 343 23 202 675 712 582 574 
? 8 529 384 466 158 310 799 125 591 
? 8 231 647 491 329 183 526 370 306 
? 8 210 726 737 687 196 468 137 744 
? 8 399 533 555 394 683 19 229 89 
? 8 706 113 272 621 159 520 785 3 
? 8 358 659 189 115 240 435 797 95 
? 8 5 133 252 148 395 739 274 449 
? 8 669 351 537 131 661 233 271 226 
? 8 498 100 766 111 1 220 4 637 
? 8 437 492 742 377 512 772 35 192 
? 8 357 174 521 775 689 79 680 654 
? 8 776 392 735 422 767 665 123 426 
? 8 364 586 18 508 145 477 71 68 
? 8 295 408 40 316 405 769 121 29 
? 8 501 275 641 78 606 699 579 428 
? 8 741 303 313 679 324 85 668 2 
? 8 388 140 592 279 595 733 441 690 
? 8 444 166 705 221 750 411 482 662 
? 8 208 157 205 472 575 228 10 38 
? 8 280 709 650 17 76 356 784 583 
? 8 309 199 114 30 193 147 153 64 
? 8 738 495 653 180 673 326 53 234 
? 8 212 566 688 289 473 308 393 117 
? 8 754 518 353 25 215 780 126 457 
? 8 594 305 264 593 710 224 672 406 
? 8 753 337 438 695 26 141 104 175 
? 8 112 263 33 635 732 752 456 340 
? 8 417 795 46 311 292 244 314 727 
? 8 694 543 768 331 73 200 374 487 
? 8 172 24 91 325 120 722 181 725 
? 8 765 493 602 288 387 222 509 188 
? 8 355 697 372 568 536 321 627 693 
? 8 734 434 286 299 146 278 721 572 
? 8 70 453 21 517 63 421 631 720 
? 8 190 373 584 567 320 670 620 168 
? 8 191 467 318 396 717 736 245 667 
? 8 7 625 600 254 462 743 746 198 
? 8 430 317 34 350 513 354 386 248 
? 8 698 755 241 249 203 398 186 407 
? 8 135 74 459 486 390 276 573 348 
? 8 534 110 124 420 632 156 604 13 
? 8 32 333 143 649 531 691 609 751 
? 8 285 361 150 648 6 60 75 375 
? 8 588 409 505 701 149 44 297 779 
? 8 496 519 471 494 692 454 242 798 
? 8 185 642 666 757 204 369 66 227 
? 8 613 771 92 729 763 11 463 255 
? 8 253 403 551 107 793 177 88 796 
? 8 368 170 218 664 608 756 618 749 
? 8 682 376 601 206 455 646 446 72 
? 8 777 277 598 622 385 628 488 94 
? 8 352 57 700 268 55 138 43 65 
? 8 238 624 338 201 211 257 52 634 
? 8 237 16 184 144 716 418 335 562 
? 8 327 402 760 265 715 182 108 684 
? 8 443 82 724 503 711 481 31 261 
? 8 116 623 176 718 745 410 247 83 
? 8 51 686 219 728 269 61 789 414 
? 8 20 209 458 633 87 225 747 792 
? 8 267 554 300 345 391 461 404 349 
? 8 704 416 67 155 106 645 119 22 
? 8 707 8 475 383 464 781 213 541 
? 8 287 400 96 262 790 232 607 791 
? 8 786 101 239 730 284 109 195 615 
? 8 59 514 281 359 636 448 214 163 
? 8 366 500 429 328 556 656 527 585 
? 8 15 596 442 58 506 246 652 474 
? 8 539 465 547 774 580 381 552 538 
? 8 236 528 490 334 515 77 764 451 
? 8 677 708 511 93 452 783 603 36 
? 8 397 9 616 470 315 590 485 270 
? 8 433 525 447 401 535 105 27 761 
? 8 559 39 378 560 165 154 273 122 
? 8 47 81 42 548 740 660 187 581 
? 8 365 424 504 312 714 419 629 37 
? 8 510 207 379 478 678 346 336 129 
? 8 549 164 542 480 382 48 544 330 
? 8 423 530 69 570 550 773 439 497 
? 8 283 507 293 294 178 339 523 460 
? 8 344 545 223 90 127 296 169 128 
? 8 626 367 759 614 639 173 323 611 
? 8 307 161 540 696 657 301 160 12 
? 8 565 758 115 189 358 546 3 102 
? 8 14 260 520 50 731 489 599 341 
? 8 113 706 436 332 342 89 229 651 
? 8 19 291 610 49 533 617 432 788 
? 8 136 619 196 569 748 687 56 80 
? 8 306 370 526 329 561 647 230 231 
? 8 558 256 125 413 282 380 640 466 
? 8 139 171 322 529 762 712 675 484 
? 8 723 250 258 23 142 663 577 587 
? 8 302 167 563 782 132 235 243 0 
? 8 557 479 41 134 524 522 427 84 
? 8 347 778 703 130 476 217 162 469 
? 8 685 597 553 290 45 431 671 638 
? 8 216 363 702 655 502 676 483 179 
? 8 362 86 516 605 532 99 571 197 
? 8 770 319 674 54 259 440 304 266 
? 8 578 152 412 589 251 564 644 97 
? 8 612 499 371 103 794 298 787 643 
? 8 576 2 118 713 668 85 324 679 
? 8 313 98 303 741 428 579 699 606 
? 8 658 360 425 78 641 275 151 501 
? 8 29 719 121 769 415 405 316 40 
? 8 681 408 62 445 295 68 71 477 
? 8 145 389 194 630 508 18 586 450 
? 8 364 426 28 123 343 665 202 767 
? 8 422 735 392 582 574 384 776 654 
? 8 680 158 79 689 775 310 521 799 
? 8 174 591 357 491 183 192 35 210 
? 8 772 726 737 512 377 742 492 437 
? 8 637 4 220 1 468 111 137 744 
? 8 399 766 555 100 394 683 498 226 
? 8 271 233 661 131 537 351 669 449 
? 8 274 739 395 148 272 621 252 159 
? 8 664 388 218 170 140 592 368 796 
? 8 88 279 177 793 107 551 595 403 
? 8 733 253 255 441 690 444 166 463 
? 8 705 221 750 411 11 482 662 763 
init_score -3.94829e+06
final_score: -3.96738e+06
times: 269806
update: 162
accept: 15
!
6 10 11 13 17 21 24 25 26 30 32 33 38 44 46 53 60 63 64 66 70 73 74 75 76 88 91 92 104 107 110 112 114 117 120 124 126 135 140 141 143 147 149 150 153 156 157 166 170 172 175 177 180 181 185 186 188 190 191 193 199 200 203 204 205 208 212 215 218 221 222 224 227 228 234 241 242 244 245 249 253 255 263 264 276 279 280 285 286 288 289 292 297 305 308 309 311 314 317 321 325 326 331 333 337 340 348 353 355 356 361 368 369 372 374 375 387 388 390 393 396 403 406 407 409 411 417 420 434 438 441 444 453 454 455 456 457 459 471 472 473 482 486 487 493 494 495 496 505 509 513 518 519 531 534 536 543 551 566 568 573 575 583 588 592 593 594 595 602 604 608 609 613 627 631 632 635 642 648 649 650 653 662 664 666 672 673 688 690 691 692 693 694 695 697 701 705 709 710 717 722 725 727 729 732 733 734 736 738 743 750 751 752 753 754 757 763 765 768 771 779 780 784 795 796 798 
6 150
6 751
10 650
10 76
10 575
11 763
11 729
13 156
13 531
13 124
17 650
17 356
17 280
21 453
21 63
24 91
24 487
25 215
25 754
26 695
26 406
30 114
32 691
32 604
33 175
33 456
33 112
38 709
38 784
38 228
44 701
44 519
44 505
46 314
46 311
53 212
53 180
53 688
60 285
60 75
63 631
64 149
64 180
66 369
66 771
66 92
70 453
70 568
73 200
73 736
74 135
74 573
75 375
76 692
76 642
88 255
88 664
92 403
104 141
104 175
107 551
107 796
110 124
112 263
114 199
117 754
117 289
120 325
126 672
126 780
135 186
140 690
141 753
143 649
147 153
150 361
153 495
156 632
156 604
157 662
157 472
166 444
170 218
170 608
172 374
172 325
177 796
180 738
181 722
181 602
181 725
185 494
186 241
188 697
188 387
190 631
190 493
190 191
191 396
193 309
193 738
199 784
200 543
203 249
203 513
204 369
204 666
205 208
205 575
208 750
212 566
215 780
218 664
221 441
221 662
222 288
222 509
224 710
227 729
227 575
228 472
234 653
234 566
241 513
242 454
244 292
244 727
244 768
245 736
245 717
245 743
249 407
253 279
253 733
255 551
263 732
264 406
276 390
276 573
279 368
280 709
285 648
285 531
286 734
286 321
288 602
289 473
289 566
292 311
292 417
297 496
297 779
305 593
305 594
305 710
308 473
309 583
311 795
314 694
317 407
321 568
326 495
331 374
331 694
333 518
333 691
337 438
337 753
340 417
340 752
348 486
348 534
353 518
355 372
356 583
368 796
369 757
372 697
375 409
375 588
387 602
388 592
390 459
390 486
393 518
396 717
403 455
409 505
411 750
420 632
434 734
434 627
438 695
438 672
444 733
444 705
454 798
454 519
455 608
457 594
457 534
471 692
482 662
487 768
494 779
495 673
496 519
509 536
531 609
536 627
543 694
592 595
595 690
609 751
613 763
627 693
635 732
649 751
653 673
666 798
690 705
705 750
710 753
725 765
732 752
0 7 8 9 12 14 15 16 20 22 23 27 28 31 34 36 37 39 41 42 43 45 47 48 49 50 51 52 54 55 56 57 58 59 61 62 65 67 69 72 77 80 81 82 83 84 86 87 90 93 94 96 98 99 101 102 103 105 106 108 109 116 118 119 122 125 127 128 129 130 132 134 136 138 139 142 144 146 151 152 154 155 158 160 161 162 163 164 165 167 168 169 171 173 176 178 179 182 184 187 194 195 197 198 201 202 206 207 209 211 213 214 216 217 219 223 225 230 231 232 235 236 237 238 239 243 246 247 248 250 251 254 256 257 258 259 260 261 262 265 266 267 268 269 270 273 277 278 281 282 283 284 287 290 291 293 294 296 299 300 301 302 304 307 310 312 315 318 319 320 322 323 327 328 329 330 332 334 335 336 338 339 341 342 343 344 345 346 347 349 350 352 354 357 359 360 362 363 365 366 367 373 376 378 379 380 381 382 383 384 385 386 389 391 397 398 400 401 402 404 410 413 414 415 416 418 419 421 423 424 425 427 429 430 431 432 433 436 439 440 442 443 445 446 447 448 450 451 452 458 460 461 462 463 464 465 466 467 469 470 474 475 476 478 479 480 481 483 484 485 488 489 490 497 500 502 503 504 506 507 510 511 514 515 516 517 522 523 524 525 527 528 529 530 532 535 538 539 540 541 542 544 545 546 547 548 549 550 552 553 554 556 557 558 559 560 561 562 563 564 565 567 569 570 571 572 574 576 577 578 580 581 582 584 585 587 590 591 596 597 598 599 600 601 603 605 607 610 611 614 615 616 617 618 619 620 622 623 624 625 626 628 629 630 633 634 636 638 639 640 643 644 645 646 651 652 655 656 657 658 660 663 667 670 671 674 675 676 677 678 681 682 684 685 686 696 698 700 702 703 704 707 708 711 712 713 714 715 716 718 719 720 721 723 724 728 730 731 740 745 746 747 748 749 755 756 758 759 760 761 762 764 770 773 774 777 778 781 782 783 786 787 788 789 790 791 792 793 799 
0 243
0 134
0 132
7 625
7 620
8 475
9 36
9 315
12 758
12 72
14 102
14 731
15 442
16 716
16 634
16 211
20 414
20 789
22 119
22 398
23 577
27 645
27 704
28 343
28 450
28 202
31 503
31 261
31 116
34 248
34 350
36 511
36 452
37 207
39 535
39 165
41 194
41 479
42 47
43 238
43 55
45 597
45 431
45 658
47 122
47 273
48 382
48 423
49 617
49 610
50 489
50 260
51 219
51 678
52 201
52 211
54 440
54 304
55 639
56 80
57 700
57 488
58 770
58 304
58 652
59 514
59 109
59 615
61 728
61 792
61 87
62 445
62 681
65 201
67 119
69 530
69 544
72 777
72 488
77 552
80 748
81 548
81 154
82 443
82 724
83 686
84 427
84 522
84 476
86 179
86 605
87 209
90 127
90 223
90 257
93 603
94 700
96 541
96 262
98 360
98 118
99 197
99 571
101 239
101 730
101 607
102 546
103 644
103 576
105 761
106 119
106 349
108 684
116 745
116 623
118 713
118 643
122 548
125 231
128 626
128 296
129 678
129 623
129 346
130 217
130 778
132 587
132 235
134 479
134 524
136 432
138 268
139 322
139 640
142 250
142 302
144 184
144 634
146 721
151 360
151 719
152 440
154 560
154 461
155 416
158 574
160 301
160 565
161 696
161 540
161 260
162 469
162 703
163 366
163 636
164 336
164 549
164 480
165 167
165 740
168 670
168 467
168 320
169 296
171 640
171 762
173 323
176 247
176 711
178 460
179 483
179 676
182 684
182 402
184 237
187 365
187 740
194 630
194 389
195 281
195 284
195 615
197 605
198 430
198 746
201 624
206 277
206 793
207 629
213 541
213 383
214 442
214 448
214 328
216 638
217 685
219 379
223 344
225 458
225 792
230 256
230 561
230 558
231 591
231 329
232 667
235 557
236 538
236 528
236 381
237 338
238 624
239 791
239 284
243 782
246 596
246 774
248 698
248 386
250 675
251 644
254 600
256 282
257 624
258 723
258 587
259 266
259 674
260 546
261 481
262 790
265 715
267 792
267 300
268 352
269 686
269 458
270 707
270 590
270 525
270 645
273 378
277 376
277 622
278 721
278 572
282 380
283 773
283 569
287 400
287 781
290 553
291 332
293 507
293 294
294 523
294 339
299 572
300 345
301 657
302 782
304 578
307 323
310 799
312 504
315 433
315 427
318 467
318 667
319 605
319 674
320 373
320 620
323 614
327 402
328 429
328 585
329 561
330 544
332 436
334 528
334 764
335 760
335 562
336 346
339 460
341 489
341 342
342 436
343 577
344 460
345 404
347 703
349 404
349 391
350 430
350 398
352 385
354 386
357 591
359 381
360 425
362 483
362 516
363 655
363 676
363 671
365 504
366 500
367 759
367 626
373 584
373 421
378 761
379 510
379 629
380 466
381 539
382 570
382 480
383 464
383 475
384 574
384 529
385 598
397 783
397 616
400 790
401 761
401 447
402 562
402 418
410 718
410 728
413 558
413 478
414 419
415 719
416 704
418 716
419 510
421 517
423 530
424 714
424 581
425 658
429 527
431 671
431 553
432 617
433 485
433 535
439 497
439 507
442 506
446 646
446 622
447 535
451 515
452 616
458 633
462 600
462 746
463 793
465 552
465 652
466 529
469 597
470 616
474 652
476 553
481 724
484 723
484 762
488 628
490 515
490 580
497 550
500 556
502 702
502 787
503 684
506 539
511 708
511 677
514 636
522 524
525 559
527 656
529 712
532 571
539 547
540 657
540 611
542 549
545 788
545 610
547 774
548 660
554 660
556 656
560 704
563 577
563 630
564 644
565 758
567 670
567 720
569 619
569 748
570 773
571 770
572 636
574 582
576 643
577 663
580 774
591 799
597 685
598 793
599 731
600 625
601 749
601 777
601 682
603 781
603 783
607 790
610 651
611 759
614 626
618 682
618 756
619 788
628 639
629 714
633 789
633 747
638 702
643 787
646 756
660 714
675 712
681 778
698 755
711 724
715 760
786 791
1 2 3 4 5 18 19 29 35 40 68 71 78 79 85 89 95 97 100 111 113 115 121 123 131 133 137 145 148 159 174 183 189 192 196 210 220 226 229 233 240 252 271 272 274 275 295 298 303 306 313 316 324 351 358 364 370 371 377 392 394 395 399 405 408 412 422 426 428 435 437 449 468 477 491 492 498 499 501 508 512 520 521 526 533 537 555 579 586 589 606 612 621 637 641 647 654 659 661 665 668 669 679 680 683 687 689 699 706 726 735 737 739 741 742 744 766 767 769 772 775 776 785 794 797 
1 111
1 637
2 668
2 499
3 189
3 358
4 220
4 637
4 437
5 95
5 133
18 364
19 229
19 533
29 121
29 641
35 192
35 772
40 316
40 295
40 408
68 145
71 477
71 295
71 145
78 501
79 654
79 775
85 668
85 428
89 229
89 706
95 797
95 659
97 612
97 589
97 412
100 766
111 766
111 468
113 706
115 189
121 316
123 426
123 586
131 351
131 661
131 233
133 252
137 399
137 468
137 196
145 508
148 252
148 272
148 351
159 621
174 775
174 521
183 526
183 726
183 491
210 737
226 498
226 271
233 394
240 797
240 435
271 537
271 661
272 621
274 669
274 449
275 641
275 699
298 371
298 499
303 579
303 428
306 370
306 687
313 679
313 741
324 679
324 794
351 669
358 785
358 520
364 426
370 526
371 612
377 492
392 776
394 683
395 739
399 744
399 555
405 769
422 767
422 735
428 501
437 512
449 739
491 521
492 637
492 742
501 769
508 586
512 772
526 647
533 555
555 683
579 699
586 665
606 699
606 741
654 735
654 680
659 785
665 767
680 776
680 689
726 737
737 742
Score = 253645
