? 5 460 428 197 323 751 
? 5 184 711 694 129 26 
? 5 566 37 491 225 41 
? 5 728 516 366 629 531 
? 5 47 465 743 770 695 
? 5 189 595 205 315 625 
? 5 430 660 207 164 545 
? 5 643 664 213 76 771 
? 5 713 302 606 352 716 
? 5 350 66 400 80 794 
? 5 381 439 558 699 630 
? 5 192 276 704 674 513 
? 5 650 725 504 761 142 
? 5 121 475 698 495 443 
? 5 372 732 93 198 307 
? 5 705 394 296 474 640 
? 5 628 423 651 420 257 
? 5 102 469 176 49 341 
? 5 656 663 138 248 623 
? 5 291 220 380 91 485 
? 5 185 582 470 652 514 
? 5 696 136 63 33 672 
? 5 588 749 343 701 403 
? 5 236 387 180 783 81 
? 5 730 310 179 547 53 
? 5 575 335 401 154 168 
? 5 489 87 23 242 561 
? 5 603 261 546 436 752 
? 5 593 661 95 735 624 
? 5 7 155 292 375 9 
? 5 83 530 407 515 62 
? 5 620 336 454 767 703 
? 5 119 734 536 557 125 
? 5 723 4 122 760 615 
? 5 797 289 259 196 451 
? 5 134 519 208 377 100 
? 5 754 746 188 796 301 
? 5 404 229 715 720 499 
? 5 517 552 484 610 512 
? 5 579 130 498 65 586 
? 5 784 395 777 497 222 
? 5 549 97 3 303 116 
? 5 446 141 268 646 153 
? 5 151 573 25 314 274 
? 5 719 288 544 149 533 
? 5 596 647 461 46 619 
? 5 331 265 354 19 778 
? 5 505 542 369 245 409 
? 5 132 634 429 217 89 
? 5 69 31 337 522 364 
? 5 551 5 456 304 72 
? 5 339 388 78 14 506 
? 5 234 275 57 351 8 
? 5 772 618 733 38 658 
? 5 523 237 413 792 780 
? 5 584 570 614 299 738 
? 5 560 181 432 356 186 
? 5 88 376 277 392 294 
? 5 206 210 692 449 673 
? 5 526 799 262 224 757 
? 5 333 191 313 127 607 
? 5 396 107 126 724 209 
? 5 613 737 714 452 776 
? 5 113 676 131 360 782 
? 5 123 785 742 762 147 
? 5 718 90 263 330 532 
? 5 30 169 563 422 414 
? 5 216 691 583 311 74 
? 5 642 194 158 215 34 
? 5 496 108 86 338 581 
? 5 363 521 106 187 374 
? 5 223 597 598 272 247 
? 5 721 344 117 145 39 
? 5 143 48 318 133 520 
? 5 278 700 553 527 580 
? 5 510 416 535 445 438 
? 5 200 612 79 17 605 
? 5 195 203 348 587 240 
? 5 238 773 128 77 35 
? 5 577 146 73 637 671 
? 5 214 28 787 684 353 
? 5 590 638 697 609 417 
? 5 156 317 165 67 472 
? 5 476 163 712 349 690 
? 5 120 15 444 1 64 
? 5 447 789 173 347 440 
? 5 709 235 362 627 534 
? 5 748 654 477 308 433 
? 5 567 160 585 759 688 
? 5 779 763 68 290 29 
? 5 480 249 755 507 528 
? 5 357 706 574 795 458 
? 5 729 281 109 768 486 
? 5 568 246 383 541 241 
? 5 365 70 16 284 745 
? 5 328 756 655 325 473 
? 5 359 13 591 424 576 
? 5 316 105 670 55 373 
? 5 346 616 702 183 435 
? 5 50 211 286 675 171 
? 5 399 18 312 781 569 
? 5 157 611 459 201 20 
? 5 282 412 166 565 790 
? 5 254 389 398 564 556 
? 5 687 382 639 686 397 
? 5 293 633 340 442 693 
? 5 230 680 765 12 682 
? 5 481 411 529 239 190 
? 5 124 418 747 462 559 
? 5 421 578 297 635 621 
? 5 455 193 722 221 408 
? 5 543 385 114 632 731 
? 5 604 233 600 758 500 
? 5 256 431 753 681 295 
? 5 659 415 622 391 85 
? 5 426 503 677 668 24 
? 5 32 305 361 479 219 
? 5 98 608 51 250 744 
? 5 488 111 786 644 427 
? 5 22 653 626 0 453 
? 5 463 402 226 273 710 
? 5 736 266 464 518 509 
? 5 405 589 94 555 741 
? 5 492 368 252 617 494 
? 5 678 309 228 270 689 
? 5 112 60 182 82 40 
? 5 2 104 300 115 367 
? 5 471 334 144 662 667 
? 5 666 775 232 52 96 
? 5 386 152 550 36 103 
? 5 501 493 150 199 648 
? 5 327 161 332 58 482 
? 5 253 174 110 788 548 
? 5 92 44 319 321 601 
? 5 708 212 269 283 285 
? 5 298 231 508 11 631 
? 5 774 279 280 43 490 
? 5 45 669 10 466 483 
? 5 320 27 393 258 448 
? 5 148 478 267 769 649 
? 5 641 342 378 178 162 
? 5 42 419 572 6 538 
? 5 322 379 75 679 370 
? 5 345 554 251 487 175 
? 5 177 21 665 524 502 
? 5 764 602 271 450 137 
? 5 410 326 599 202 118 
? 5 750 636 306 511 425 
? 5 99 167 243 739 657 
? 5 683 244 54 140 329 
? 5 726 159 645 355 227 
? 5 562 255 798 264 457 
? 5 358 441 406 170 717 
? 5 287 540 135 56 539 
? 5 434 437 468 324 101 
? 5 204 84 727 218 537 
? 5 592 793 467 571 740 
? 5 594 791 260 384 172 
? 5 59 766 139 685 390 
? 5 460 428 197 323 751 
? 5 663 656 184 711 694 
? 5 129 26 566 37 491 
? 5 176 469 102 225 420 
? 5 41 728 651 516 366 
? 5 628 629 531 47 465 
? 5 743 296 705 770 695 
? 5 189 595 205 315 198 
? 5 625 430 660 207 164 
? 5 545 643 664 213 76 
? 5 771 713 495 698 475 
? 5 302 606 121 352 716 
? 5 504 350 66 400 80 
? 5 794 276 381 439 23 
? 5 87 489 168 558 154 
? 5 401 335 699 575 630 
? 5 53 192 704 179 674 
? 5 513 650 725 310 761 
? 5 142 783 180 387 443 
? 5 372 236 403 732 701 
? 5 343 93 588 672 33 
? 5 307 63 394 136 696 
? 5 474 640 423 514 257 
? 5 652 582 185 49 341 
? 5 91 380 138 248 220 
? 5 623 291 797 615 760 
? 5 122 519 4 723 125 
? 5 557 536 734 119 485 
? 5 703 767 454 470 336 
? 5 620 62 515 407 530 
? 5 83 9 375 292 155 
? 5 7 749 498 624 735 
? 5 95 661 593 81 752 
? 5 730 436 546 261 603 
? 5 3 547 303 561 242 
? 5 153 25 314 646 268 
? 5 141 446 274 116 719 
? 5 97 549 533 647 461 
? 5 222 497 777 331 395 
? 5 784 586 265 354 505 
? 5 65 634 130 579 512 
? 5 610 484 337 364 552 
? 5 517 5 339 499 720 
? 5 388 78 715 229 404 
? 5 301 796 188 746 754 
? 5 100 275 377 208 57 
? 5 134 451 772 196 259 
? 5 289 618 38 658 523 
? 5 413 792 780 8 351 
? 5 234 570 506 14 181 
? 5 432 356 186 376 277 
? 5 72 294 304 456 206 
? 5 551 210 522 692 31 
? 5 449 69 89 217 429 
? 5 673 526 799 132 409 
? 5 262 245 369 542 778 
? 5 19 224 757 619 333 
? 5 46 596 191 313 149 
? 5 607 544 288 396 107 
? 5 126 724 573 209 613 
? 5 151 737 714 452 776 
? 5 113 676 131 360 782 
? 5 123 785 127 742 762 
? 5 147 718 90 773 263 
? 5 330 532 30 169 563 
? 5 422 414 216 200 691 
? 5 583 311 74 642 194 
? 5 158 215 34 496 580 
? 5 527 108 86 338 392 
? 5 520 581 88 363 521 
? 5 106 560 187 738 299 
? 5 614 374 584 223 597 
? 5 598 237 733 272 247 
? 5 748 534 721 235 709 
? 5 440 344 173 789 117 
? 5 145 39 64 143 48 
? 5 318 133 278 700 712 
? 5 553 510 416 163 476 
? 5 67 535 445 317 438 
? 5 612 609 79 17 605 
? 5 195 203 348 587 240 
? 5 238 128 77 787 28 
? 5 35 671 577 146 73 
? 5 637 424 591 13 359 
? 5 473 214 325 655 756 
? 5 684 328 745 284 16 
? 5 353 590 70 365 638 
? 5 241 541 383 246 697 
? 5 568 768 417 109 281 
? 5 156 165 472 458 795 
? 5 574 706 349 690 357 
? 5 528 507 120 15 249 
? 5 480 29 444 1 68 
? 5 447 763 779 759 347 
? 5 160 362 567 433 627 
? 5 477 654 481 411 308 
? 5 682 12 765 680 585 
? 5 230 693 688 442 340 
? 5 633 293 397 686 639 
? 5 382 687 290 556 755 
? 5 564 398 389 254 790 
? 5 565 166 412 282 729 
? 5 20 486 201 459 611 
? 5 157 569 781 312 18 
? 5 399 600 171 675 286 
? 5 211 50 435 753 183 
? 5 295 702 616 346 373 
? 5 55 670 105 316 576 
? 5 391 622 415 85 426 
? 5 503 659 677 681 431 
? 5 256 500 758 24 32 
? 5 233 604 731 98 632 
? 5 608 114 51 385 250 
? 5 744 488 543 786 408 
? 5 221 722 644 193 455 
? 5 626 621 635 0 453 
? 5 297 463 578 421 559 
? 5 462 747 402 418 226 
? 5 124 190 239 529 710 
? 5 736 273 266 464 518 
? 5 509 405 589 94 555 
? 5 741 653 492 368 22 
? 5 252 617 427 494 111 
? 5 678 309 270 219 689 
? 5 479 112 60 361 82 
? 5 305 40 2 104 668 
? 5 300 367 471 334 144 
? 5 662 667 666 232 775 
? 5 52 96 386 152 115 
? 5 550 36 103 501 493 
? 5 150 649 182 199 393 
? 5 648 327 27 228 161 
? 5 332 58 482 253 174 
? 5 110 788 548 92 45 
? 5 44 319 321 601 708 
? 5 212 269 283 285 298 
? 5 264 231 508 11 255 
? 5 631 562 774 227 279 
? 5 355 159 280 329 140 
? 5 43 54 490 669 244 
? 5 10 683 657 466 243 
? 5 483 167 99 511 320 
? 5 306 636 750 599 326 
? 5 410 258 602 448 502 
? 5 148 478 267 665 769 
? 5 21 641 175 342 487 
? 5 554 378 178 162 370 
? 5 42 419 679 75 572 
? 5 6 538 61 322 379 
? 5 525 371 71 707 390 
? 5 685 139 766 345 251 
? 5 177 59 524 172 384 
? 5 260 791 594 764 740 
? 5 571 271 450 467 137 
? 5 793 202 118 592 537 
? 5 218 727 84 204 101 
? 5 425 324 468 437 434 
? 5 739 539 56 135 726 
? 5 540 645 287 717 170 
? 5 291 460 428 623 197 
? 5 248 138 323 751 663 
? 5 656 184 711 694 129 
? 5 26 566 341 37 49 
? 5 491 176 469 102 225 
? 5 257 420 41 728 651 
? 5 516 423 366 628 640 
? 5 474 696 629 531 47 
? 5 465 743 296 394 705 
? 5 770 307 33 695 189 
? 5 595 205 315 198 625 
? 5 93 430 660 207 164 
? 5 545 643 732 664 236 
? 5 213 372 76 443 771 
? 5 713 495 698 475 302 
? 5 606 121 352 142 761 
? 5 716 504 725 350 66 
? 5 400 80 650 513 674 
? 5 704 794 276 192 630 
? 5 381 699 558 439 87 
? 5 23 489 242 168 646 
? 5 154 401 335 561 303 
? 5 575 53 547 3 179 
? 5 97 603 261 546 436 
? 5 310 730 752 81 783 
? 5 180 593 387 661 403 
? 5 95 735 624 701 65 
? 5 498 343 749 7 155 
? 5 588 672 292 375 63 
? 5 9 83 136 530 407 
? 5 515 62 514 652 620 
? 5 336 470 454 582 185 
? 5 767 703 485 119 734 
? 5 536 557 125 723 4 
? 5 377 91 519 380 122 
? 5 760 451 615 797 220 
? 5 196 289 259 618 772 
? 5 658 523 413 792 780 
? 5 8 134 351 57 208 
? 5 275 100 754 234 746 
? 5 188 506 796 14 301 
? 5 181 404 229 715 78 
? 5 186 388 720 499 339 
? 5 72 294 304 456 5 
? 5 517 552 551 364 210 
? 5 522 337 484 31 69 
? 5 610 89 512 217 579 
? 5 130 429 673 634 132 
? 5 409 262 245 369 542 
? 5 505 778 19 224 354 
? 5 757 265 586 784 395 
? 5 331 777 619 497 222 
? 5 46 461 647 596 533 
? 5 549 149 607 544 288 
? 5 719 107 126 724 116 
? 5 274 446 141 268 314 
? 5 25 573 613 153 151 
? 5 209 737 714 452 776 
? 5 113 676 131 360 782 
? 5 123 785 396 35 127 
? 5 313 742 762 191 147 
? 5 718 90 77 128 333 
? 5 773 263 330 532 30 
? 5 195 169 79 563 422 
? 5 414 216 200 691 799 
? 5 526 583 311 74 642 
? 5 194 445 449 158 215 
? 5 692 34 510 496 580 
? 5 527 206 108 553 700 
? 5 86 338 392 277 376 
? 5 278 520 318 581 88 
? 5 48 363 356 432 521 
? 5 106 560 187 738 299 
? 5 614 570 374 584 223 
? 5 597 344 598 721 237 
? 5 38 733 272 247 654 
? 5 477 748 534 627 433 
? 5 567 362 235 160 709 
? 5 440 347 173 789 779 
? 5 763 117 447 145 39 
? 5 68 64 143 1 444 
? 5 480 249 133 15 120 
init_score -828045
final_score: -861699
times: 70978
update: 82
accept: 8
!
26 33 37 41 47 49 76 93 102 129 138 164 176 184 189 197 198 205 207 213 225 236 248 257 291 296 307 315 323 341 366 372 394 420 423 428 430 443 460 465 469 474 491 516 531 545 566 595 623 625 628 629 640 643 651 656 660 663 664 694 695 696 705 711 713 728 732 743 751 770 771 
26 129
33 307
37 491
37 566
41 728
41 225
47 629
47 465
49 176
49 341
76 771
76 443
93 198
102 469
102 420
129 694
138 248
138 623
138 663
164 207
176 469
184 711
184 751
184 656
189 205
189 695
189 595
197 323
197 428
197 751
198 430
205 315
207 545
207 660
207 625
213 372
213 664
225 420
225 491
236 372
236 732
257 423
257 651
291 623
296 743
296 705
307 394
315 625
366 728
372 443
394 705
420 651
423 640
428 460
430 660
465 743
474 640
474 696
516 728
516 629
531 629
545 643
566 694
628 651
643 664
656 663
694 711
695 770
705 770
713 771
3 7 23 53 65 66 80 81 87 95 97 121 142 153 154 168 179 180 192 242 261 276 302 303 310 335 343 350 352 375 381 387 400 401 403 436 439 475 489 495 498 504 513 546 547 558 561 575 588 593 603 606 624 630 650 661 672 674 698 699 701 704 716 725 730 735 749 752 761 783 794 
3 303
3 97
7 749
7 375
23 489
23 242
53 547
53 179
53 575
65 498
65 624
66 400
66 350
66 716
80 400
81 180
81 752
87 489
87 558
95 735
95 403
97 603
121 142
121 352
142 761
153 303
154 401
154 168
168 489
179 674
180 387
180 783
192 674
192 699
261 603
261 546
276 704
276 630
276 381
302 698
302 352
303 561
310 761
310 725
335 575
335 401
343 701
343 749
350 504
352 606
381 794
387 593
387 403
403 701
436 546
436 730
439 558
475 698
495 698
504 725
513 674
513 650
547 561
588 672
588 749
624 735
650 725
661 735
674 704
730 752
9 63 136 155 292 
9 136
63 136
136 155
155 292
62 83 91 119 125 185 336 377 380 407 454 470 485 514 515 519 530 536 557 582 620 652 703 734 767 
62 515
83 530
91 380
119 485
119 734
125 557
185 582
336 620
336 470
336 454
377 519
377 557
380 734
407 515
407 530
454 767
470 582
470 652
485 703
514 652
514 515
536 734
536 557
582 703
4 
8 14 57 78 100 122 134 181 188 196 208 220 234 259 275 289 301 351 404 413 451 506 523 615 618 658 715 723 746 754 760 772 780 792 796 797 
8 351
8 57
8 772
14 506
14 181
57 275
78 404
100 746
100 188
100 275
122 760
122 451
134 208
134 451
196 259
196 451
208 275
220 797
234 506
234 275
259 289
301 404
301 796
351 780
404 715
413 523
413 792
523 658
615 797
615 760
618 658
723 760
746 754
754 796
780 792
5 72 186 229 294 304 339 388 456 499 517 552 720 
5 456
5 517
72 294
72 304
186 388
229 388
304 456
304 339
339 499
388 720
499 720
517 552
31 69 210 337 364 484 522 551 
31 69
31 337
210 522
337 522
337 484
364 551
522 551
89 217 
89 217
130 579 673 
130 579
579 673
132 429 512 610 634 
132 429
132 512
429 634
512 610
19 25 35 46 107 113 116 123 126 127 131 141 149 151 209 222 224 245 262 265 268 274 288 314 331 354 360 369 395 396 409 446 452 461 497 505 533 542 544 549 573 586 596 607 613 619 646 647 676 714 719 724 737 757 776 777 778 782 784 785 
19 778
19 354
19 224
25 314
25 268
35 123
46 596
107 126
107 396
107 607
113 452
113 776
113 676
116 274
116 446
123 360
123 785
126 724
127 396
127 785
131 782
141 268
141 446
149 288
149 549
151 573
209 776
209 613
222 461
222 497
224 757
245 369
245 262
245 409
265 354
265 586
268 646
288 544
288 719
314 573
331 586
331 619
360 676
369 542
395 784
395 777
452 737
461 647
461 533
497 777
505 542
533 549
542 778
544 607
573 613
586 784
596 647
714 737
782 785
30 74 77 79 90 128 147 169 191 194 200 216 263 311 313 317 330 333 414 422 449 526 532 563 583 612 642 691 718 742 762 773 799 
30 532
30 330
30 169
74 583
74 642
77 128
77 90
79 216
79 612
90 718
128 773
147 742
147 718
147 762
169 563
191 313
191 762
194 642
194 317
200 583
200 216
216 563
263 333
263 330
311 583
311 691
333 718
414 422
414 563
449 642
526 799
691 799
34 158 206 215 496 510 527 580 692 
34 692
34 496
158 215
206 692
215 510
496 580
510 580
527 580
48 86 88 108 277 278 318 338 356 363 374 376 392 432 520 521 553 581 700 
48 318
48 521
86 392
86 108
88 363
88 277
277 376
277 392
278 520
278 338
318 520
338 700
356 363
356 432
363 581
374 521
520 581
553 700
1 15 17 38 39 64 67 68 106 109 117 120 133 143 145 156 160 163 165 173 187 195 203 223 235 237 241 247 249 272 299 344 347 348 349 353 357 362 416 417 433 438 440 444 445 447 472 476 477 480 507 528 534 535 541 560 567 568 570 574 584 590 597 598 605 609 614 627 638 654 690 697 706 709 712 721 733 738 748 763 768 779 789 
1 68
1 444
1 64
15 120
15 444
15 133
17 609
17 195
17 605
38 237
39 64
39 143
39 145
64 447
67 476
67 535
68 763
106 597
106 187
106 117
109 768
109 417
117 145
120 690
156 417
156 445
160 347
163 416
163 476
165 472
173 789
173 440
187 738
195 203
203 348
223 584
235 709
235 362
237 733
237 598
241 568
241 541
247 721
249 480
249 507
272 733
299 614
299 570
344 597
347 440
348 590
349 690
349 357
353 590
357 528
357 706
362 627
416 712
417 609
433 567
433 477
438 605
440 709
445 535
447 789
472 476
477 654
507 528
534 748
534 721
541 638
560 738
568 697
570 584
574 706
590 638
598 721
614 738
627 748
627 654
690 712
763 779
13 16 18 24 28 50 55 70 73 105 146 171 183 211 214 238 240 246 284 286 295 312 316 325 328 346 359 365 373 383 399 424 435 473 569 576 577 587 591 600 616 622 637 655 659 670 671 675 684 702 745 753 756 781 787 
13 591
13 424
16 284
16 745
16 70
18 399
18 312
24 675
28 787
28 671
50 211
50 435
50 286
55 373
55 105
55 346
70 365
73 146
105 316
105 670
146 577
171 756
183 435
183 473
211 675
214 473
214 325
238 587
238 240
240 684
246 383
246 365
284 328
295 659
295 753
295 702
312 569
316 576
325 787
325 655
328 684
346 616
359 473
373 622
383 781
399 600
424 670
435 753
569 781
577 671
591 637
616 702
655 756
745 756
157 459 611 731 
157 459
459 611
611 731
20 29 114 166 193 201 254 281 282 385 389 398 408 412 421 455 458 486 543 556 564 565 626 722 729 755 790 795 
20 486
20 281
29 755
114 385
166 565
166 543
166 408
193 455
193 722
201 486
201 385
254 790
254 458
281 729
282 729
282 412
389 398
389 626
398 564
408 722
412 565
421 556
455 626
458 795
556 755
564 755
565 790
12 124 190 226 230 239 266 273 290 293 308 340 382 397 411 418 442 462 464 481 529 585 633 639 680 682 686 687 688 693 710 736 747 759 765 
12 239
12 411
12 682
124 190
124 226
190 529
226 273
230 693
230 442
239 529
239 418
266 736
266 464
266 273
273 710
290 382
293 639
293 397
293 633
308 682
340 442
340 633
382 686
382 687
397 686
411 481
442 462
462 747
585 688
585 680
633 688
680 765
682 765
688 759
0 22 94 111 221 297 309 368 402 405 427 453 463 492 509 518 555 559 578 589 617 621 635 644 653 678 786 
0 635
0 453
22 653
22 368
22 617
94 589
94 463
111 786
111 309
221 644
221 786
297 453
309 678
368 492
402 405
402 559
405 589
405 509
427 644
427 617
453 463
463 578
509 518
555 589
621 653
621 635
51 98 112 219 233 250 270 479 488 494 604 608 632 689 744 
51 608
51 98
51 250
98 632
112 689
219 479
219 608
233 604
250 744
270 689
479 689
479 604
488 744
488 494
2 6 32 42 52 60 82 85 96 104 115 144 152 232 256 300 305 334 361 367 386 391 415 419 426 431 471 500 503 538 572 662 666 667 668 677 681 758 775 
2 104
2 82
6 538
6 572
6 52
32 305
32 500
42 419
52 96
60 361
82 305
85 415
85 426
96 386
104 668
115 300
144 667
144 334
152 386
232 666
232 391
256 431
300 668
305 361
334 471
367 471
367 677
386 662
391 415
419 572
426 503
431 681
500 758
662 667
662 775
666 667
668 677
677 681
36 40 103 148 150 162 178 182 258 267 342 378 393 448 478 493 501 550 641 648 649 
36 103
36 550
40 493
103 501
103 342
148 478
148 258
150 649
150 501
162 178
162 378
182 493
258 393
258 448
267 478
267 649
342 641
342 378
393 648
493 501
27 58 161 228 252 320 327 332 482 741 
27 327
27 228
58 482
58 332
161 332
161 320
161 228
252 482
252 741
110 174 253 466 483 548 
110 548
174 253
174 548
253 483
466 483
43 45 280 490 669 
43 490
43 280
45 280
490 669
11 44 92 212 231 264 269 279 283 285 298 319 321 358 457 508 601 631 708 774 788 798 
11 231
11 508
44 321
92 319
92 788
212 269
212 283
212 708
231 264
264 798
279 631
283 285
285 298
298 508
319 601
319 321
321 708
358 798
457 798
601 774
631 774
170 227 255 441 562 717 
170 717
227 562
255 562
441 717
562 717
10 54 56 135 140 159 244 287 329 355 406 434 539 540 645 683 726 
10 244
54 140
54 159
56 135
56 539
135 645
135 540
140 726
159 329
159 355
244 329
244 683
287 540
406 645
434 683
645 726
84 99 101 167 204 218 243 306 324 425 437 468 511 537 592 657 727 739 750 
84 204
84 727
99 167
99 511
101 324
101 468
167 243
204 425
218 727
218 537
243 739
306 592
306 750
324 425
425 511
437 468
537 592
657 739
118 137 202 326 410 599 636 740 793 
118 202
137 410
137 740
202 599
202 793
202 636
326 410
326 599
21 59 61 71 75 139 172 175 177 199 251 260 271 322 345 370 371 379 384 390 450 467 487 502 524 525 554 571 594 602 665 679 685 707 764 766 769 791 
21 769
21 175
59 172
61 525
71 707
71 371
75 679
139 685
139 766
172 384
172 524
175 487
175 177
177 524
199 602
251 487
251 345
260 384
260 594
271 450
271 764
271 791
322 379
345 766
345 370
371 379
371 525
371 679
390 707
467 571
487 554
502 764
502 602
571 594
594 791
665 769
685 707
Score = 251077
