3 3
1 1
2 2
3 5
4 4
5 6
7 7
7 8
8 9
10 10
12 12
11 11
13 13
14 14
14 15
15 16
16 17
17 18
19 19
20 20
20 21
21 22
23 23
23 24
24 25
27 27
26 26
28 28
28 29
30 30
30 32
31 31
33 33
33 34
35 35
36 36
37 37
37 38
38 39
40 40
41 41
42 42
42 43
44 44
44 46
45 45
47 47
48 48
49 49
49 50
52 52
51 51
52 53
53 54
55 55
56 56
56 57
57 58
58 59
60 60
60 61
61 62
62 63
64 64
64 65
68 68
66 66
67 67
72 72
69 69
70 70
71 71
72 73
73 74
74 75
75 76
77 77
78 78
79 79
79 80
81 81
81 83
82 82
84 84
84 85
86 86
87 87
87 88
89 89
89 90
90 91
91 94
92 92
93 93
95 95
96 96
96 97
97 98
98 99
0 0
