0 3
1 1
2 2
3 4
5 5
5 8
6 6
7 7
8 10
9 9
11 11
11 12
12 13
13 15
14 14
15 16
16 17
17 18
18 19
19 20
20 22
21 21
22 23
23 25
24 24
25 26
26 29
27 27
28 28
30 30
30 31
32 32
33 33
34 34
36 36
35 35
37 37
37 38
40 40
39 39
40 41
41 42
42 43
44 44
44 45
45 46
46 47
49 49
48 48
49 51
50 50
52 52
52 53
54 54
54 55
58 58
56 56
57 57
58 60
59 59
61 61
61 63
62 62
63 64
64 65
66 66
66 67
67 69
68 68
70 70
70 71
73 73
72 72
73 74
74 75
76 76
78 78
77 77
79 79
80 80
81 81
82 82
82 83
84 84
84 85
85 86
86 89
87 87
88 88
90 90
90 91
92 92
92 93
93 94
94 95
97 97
96 96
98 98
99 99
99 0
