3 3
1 1
2 2
3 4
4 5
5 6
6 7
8 8
8 9
9 10
10 11
11 13
12 12
14 14
15 15
15 16
16 17
18 18
18 19
19 20
20 21
22 22
24 24
23 23
24 28
25 25
26 26
27 27
29 29
30 30
31 31
31 34
32 32
33 33
34 35
35 36
36 38
37 37
38 40
39 39
41 41
41 42
43 43
43 44
44 45
46 46
47 47
47 49
48 48
52 52
50 50
51 51
53 53
54 54
55 55
58 58
56 56
57 57
58 59
59 60
62 62
61 61
62 63
63 64
64 65
65 66
67 67
68 68
68 69
69 70
70 71
71 72
72 73
73 74
75 75
75 76
76 77
77 79
78 78
79 81
80 80
81 83
82 82
84 84
84 85
85 87
86 86
87 88
88 89
89 90
91 91
91 92
93 93
94 94
94 96
95 95
97 97
98 98
98 99
0 0
