? 15 674 228 548 474 496 405 144 612 390 509 345 91 739 398 786 
? 15 608 429 521 336 368 626 393 456 36 148 614 444 19 586 672 
? 15 159 543 718 631 3 766 443 603 227 407 210 751 540 188 560 
? 15 403 637 283 750 278 5 58 76 660 762 300 702 166 106 663 
? 15 246 302 258 233 384 301 182 442 68 535 470 746 26 685 140 
? 15 558 461 725 657 673 29 211 219 713 515 204 650 662 74 369 
? 15 52 500 524 250 248 583 707 774 527 110 412 253 653 736 616 
? 15 649 324 546 127 416 678 460 696 642 559 112 305 299 326 538 
? 15 617 599 97 503 633 255 73 676 256 79 665 214 726 89 160 
? 15 437 316 418 683 242 577 701 77 187 693 221 380 347 375 687 
? 15 794 668 232 75 640 284 349 545 552 266 463 436 163 516 607 
? 15 262 742 761 192 215 730 664 486 591 697 793 783 82 179 21 
? 15 273 133 632 394 661 325 514 173 478 578 356 50 249 764 457 
? 15 372 67 185 576 585 339 655 88 171 536 320 580 753 716 396 
? 15 792 54 611 307 383 438 310 123 268 735 780 230 141 15 363 
? 15 152 406 530 200 785 346 618 602 183 651 450 466 784 628 501 
? 15 69 634 33 314 20 595 772 699 613 323 137 567 90 319 490 
? 15 296 297 434 287 206 247 167 797 121 8 260 105 513 359 240 
? 15 315 773 525 480 621 0 426 196 294 119 597 411 22 410 728 
? 15 343 165 329 639 593 779 138 724 682 350 698 422 151 511 46 
? 15 145 694 337 415 180 507 570 497 566 341 114 10 439 156 321 
? 15 533 98 601 81 317 100 465 731 636 481 541 727 654 733 293 
? 15 122 168 149 118 146 487 83 421 425 126 589 475 71 572 282 
? 15 120 670 222 458 311 504 371 42 28 24 355 220 128 449 757 
? 15 225 34 471 84 57 212 17 562 542 376 198 789 131 769 652 
? 15 505 630 420 265 561 432 78 755 213 218 594 205 251 624 675 
? 15 244 199 241 201 526 703 263 23 175 289 752 610 130 708 629 
? 15 723 495 164 689 778 158 55 86 765 408 62 625 469 508 387 
? 15 161 722 176 237 11 455 518 27 606 276 70 354 357 714 690 
? 15 41 770 554 557 111 758 462 686 645 333 56 271 749 563 529 
? 15 452 186 498 539 447 16 53 35 584 193 12 441 512 549 748 
? 15 37 277 209 706 331 101 555 107 252 747 272 488 517 236 6 
? 15 99 604 704 643 464 184 582 366 334 194 588 423 609 2 499 
? 15 344 174 556 787 267 65 378 743 395 304 288 669 571 238 547 
? 15 523 646 154 430 367 638 147 298 454 483 760 414 473 217 622 
? 15 532 596 671 679 64 224 259 108 31 43 254 216 710 659 14 
? 15 404 104 1 381 677 4 338 738 257 197 170 134 292 453 103 
? 15 361 795 782 491 93 482 279 417 47 169 285 136 373 428 759 
? 15 49 550 155 362 38 340 61 226 374 745 309 781 680 44 32 
? 15 494 741 382 45 400 360 732 605 135 581 335 619 598 63 476 
? 15 392 590 332 48 235 767 270 322 95 658 544 763 51 472 568 
? 15 506 117 342 446 492 172 531 448 207 139 364 113 510 502 799 
? 15 700 306 96 565 644 295 579 715 85 353 150 312 573 391 18 
? 15 468 9 424 451 269 13 80 493 66 327 635 274 656 433 419 
? 15 440 280 377 245 40 775 551 177 790 534 520 92 203 388 402 
? 15 615 102 72 234 720 734 7 191 379 157 328 717 684 389 648 
? 15 223 712 788 87 647 60 116 435 290 142 125 620 667 413 641 
? 15 229 600 627 239 132 768 776 330 519 129 705 681 711 109 537 
? 15 569 409 143 195 796 385 358 370 623 445 386 178 286 484 587 
? 15 592 692 153 281 162 477 756 291 688 431 737 695 231 352 243 
? 15 25 397 479 190 754 459 719 399 115 202 575 489 313 522 528 
? 15 365 401 275 264 124 30 777 721 318 189 791 427 59 709 666 
? 15 744 94 181 308 39 729 261 303 564 553 348 351 467 740 771 
? 15 674 228 527 548 474 496 583 405 144 612 390 509 345 91 739 
? 15 398 786 608 429 521 336 368 626 393 456 36 148 614 444 500 
? 15 19 586 74 515 672 159 543 718 725 631 3 558 766 443 603 
? 15 685 227 407 470 210 751 301 540 188 560 403 384 233 637 283 
? 15 750 278 246 5 58 76 660 762 221 300 702 166 693 106 663 
? 15 302 701 242 258 683 418 316 437 160 89 726 182 214 442 68 
? 15 665 535 746 26 79 140 461 676 657 673 29 211 73 255 633 
? 15 503 97 219 538 299 713 305 112 204 650 662 642 369 52 696 
? 15 460 524 678 127 250 324 649 248 616 707 774 736 653 412 110 
? 15 253 325 661 394 578 546 632 133 273 21 179 82 783 793 416 
? 15 697 591 486 764 559 664 730 215 192 326 761 617 599 742 262 
? 15 607 516 256 163 436 463 266 552 580 545 349 284 640 383 577 
? 15 77 187 75 232 668 794 687 380 375 347 735 230 152 268 785 
? 15 123 310 438 307 611 54 792 396 716 753 320 536 171 450 88 
? 15 655 339 585 628 501 69 576 185 67 372 314 457 772 249 613 
? 15 323 137 296 50 297 356 478 173 206 247 514 121 797 167 8 
? 15 287 260 105 513 434 240 315 773 490 319 525 480 621 0 90 
? 15 567 426 196 294 119 597 411 410 728 699 595 20 343 33 634 
? 15 329 639 784 593 466 779 138 651 183 682 602 618 350 346 422 
? 15 200 151 530 406 363 15 141 780 46 145 694 337 511 415 180 
? 15 507 570 698 497 566 769 341 131 114 724 10 439 156 57 321 
? 15 471 533 98 601 355 81 317 165 100 465 311 22 731 636 481 
? 15 541 727 359 654 733 293 122 589 168 149 118 146 487 83 722 
? 15 421 425 126 475 71 572 469 625 282 120 62 670 222 458 504 
? 15 408 371 42 28 24 689 495 723 220 128 449 757 708 225 34 
? 15 610 84 752 289 175 212 17 562 542 376 23 198 789 526 201 
? 15 652 505 244 251 630 205 594 218 420 265 755 78 561 432 53 
? 15 16 213 447 539 498 624 675 199 186 452 241 529 563 749 56 
? 15 703 263 645 686 462 758 130 111 629 164 557 778 158 55 554 
? 15 770 86 41 765 714 357 354 70 606 27 508 518 387 161 455 
? 15 11 237 176 743 395 378 65 267 787 304 276 556 174 344 499 
? 15 2 609 423 588 194 690 334 366 582 184 464 643 704 604 99 
? 15 6 671 236 517 488 272 747 679 252 64 107 555 101 331 108 
? 15 333 706 209 271 277 37 748 549 512 441 4 12 193 338 584 
? 15 35 738 677 381 197 1 104 404 14 292 453 659 710 216 254 
? 15 43 31 259 491 224 482 279 596 417 532 47 622 217 285 473 
? 15 373 414 760 483 454 298 759 147 638 367 430 154 550 362 646 
? 15 523 547 238 571 669 288 745 309 781 680 44 374 226 32 61 
? 15 494 741 382 45 340 38 400 155 360 732 49 605 135 581 335 
? 15 428 136 169 598 476 590 332 48 235 93 270 322 95 782 658 
? 15 544 763 51 795 361 103 472 568 506 117 134 170 342 446 492 
? 15 172 531 448 207 257 139 364 113 510 519 502 799 700 306 96 
? 15 565 644 295 239 579 715 85 600 353 229 767 641 150 312 392 
? 15 573 391 63 667 18 468 9 424 451 269 13 80 290 435 60 
? 15 493 619 87 66 327 788 635 274 656 684 433 419 440 280 377 
? 15 245 734 40 775 551 177 790 534 520 615 92 402 203 399 388 
? 15 719 102 459 72 234 754 720 397 25 7 191 379 157 328 717 
? 15 231 389 737 431 648 688 223 712 647 116 291 142 477 125 620 
? 15 162 281 692 413 178 627 386 445 132 768 776 370 385 195 330 
? 15 409 537 109 711 681 129 485 705 691 569 798 574 208 143 796 
? 15 771 358 623 740 467 351 286 348 484 553 564 303 587 592 261 
? 15 153 729 39 308 181 756 94 744 666 709 59 427 791 189 695 
? 15 318 721 777 30 124 264 352 243 275 401 365 528 479 522 313 
? 15 674 228 110 527 548 412 474 774 707 496 583 405 144 612 248 
? 15 324 390 250 509 345 91 739 398 786 608 429 521 336 368 626 
? 15 393 456 36 524 148 614 444 500 52 19 369 642 586 74 662 
? 15 650 204 515 713 672 219 255 159 543 718 211 29 673 657 725 
? 15 631 3 461 558 766 140 443 603 685 227 26 407 746 470 535 
? 15 68 442 210 751 182 301 540 188 560 403 437 384 233 637 283 
? 15 258 750 278 302 246 663 106 166 702 300 5 58 762 76 660 
? 15 347 375 380 687 794 221 668 232 75 693 187 77 701 577 242 
? 15 383 640 683 284 418 349 316 160 89 726 545 214 753 580 665 
? 15 552 266 463 436 79 163 256 676 73 516 607 633 503 262 97 
? 15 742 599 617 538 761 326 299 192 305 112 215 730 664 559 764 
? 15 486 696 591 460 697 249 678 416 793 783 82 179 21 273 133 
? 15 127 632 546 578 649 478 394 616 661 325 736 653 253 121 514 
? 15 797 167 247 206 287 260 105 173 513 434 356 297 240 50 296 
? 15 773 490 319 90 567 426 137 294 119 323 597 613 728 699 772 
? 15 595 457 20 314 33 634 372 329 67 185 576 69 501 628 585 
? 15 784 339 655 88 466 450 171 536 320 651 716 183 396 792 54 
? 15 611 307 602 618 350 346 438 310 123 785 200 530 268 406 152 
? 15 363 15 141 230 780 735 694 145 337 46 511 415 180 420 151 
? 15 422 507 570 698 630 497 566 652 769 341 131 114 682 724 789 
? 15 542 10 439 212 156 138 779 57 321 471 533 98 593 128 220 
? 15 639 601 355 81 317 165 343 100 28 465 504 410 311 22 731 
? 15 411 636 670 196 0 621 480 525 481 541 727 315 359 654 733 
? 15 293 8 122 589 168 149 118 146 487 83 176 237 722 11 421 
? 15 425 161 126 387 518 508 475 71 572 606 469 70 625 282 120 
? 15 354 62 357 714 222 458 408 371 42 765 41 86 770 24 55 
? 15 158 778 689 557 164 495 723 629 449 757 111 708 130 225 34 
? 15 462 610 84 752 289 175 17 562 686 376 23 198 263 703 526 
? 15 56 563 529 201 241 199 505 244 675 624 251 498 205 594 218 
? 15 539 447 213 265 755 16 78 561 432 738 35 584 338 193 12 
? 15 53 4 441 512 1 549 748 104 37 404 186 452 14 277 749 
? 15 271 209 706 710 333 43 645 31 108 331 259 101 555 107 224 
? 15 64 252 679 747 272 488 517 758 236 671 6 99 622 217 473 
? 15 604 554 704 643 464 184 582 454 298 366 334 690 194 147 638 
? 15 588 423 430 609 2 154 499 344 646 174 547 556 238 571 669 
? 15 276 27 304 787 267 65 378 395 743 455 309 745 781 374 226 
? 15 32 61 288 494 741 382 45 340 523 38 362 400 155 360 550 
? 15 732 367 49 605 135 759 581 335 483 760 428 414 373 136 285 
? 15 169 47 532 417 598 596 279 476 482 590 332 48 235 93 270 
? 15 322 95 491 782 658 544 763 51 795 254 216 361 659 103 472 
? 15 453 568 292 506 117 134 170 342 446 492 172 197 381 677 531 
? 15 448 207 257 139 364 113 510 519 502 330 799 700 306 96 776 
? 15 565 644 132 239 295 627 579 715 85 600 353 229 767 641 150 
? 15 413 312 392 573 391 63 667 18 468 9 424 620 125 451 269 
? 15 13 80 290 435 116 60 493 619 87 66 327 788 712 223 635 
? 15 274 389 656 684 433 419 440 717 280 328 377 157 379 191 7 
? 15 245 734 720 40 775 551 72 177 102 790 534 520 615 44 680 
? 15 92 402 203 399 115 388 719 202 459 234 575 754 489 190 313 
? 15 522 479 528 397 25 365 401 275 243 352 264 124 30 777 721 
? 15 231 318 695 737 431 648 688 189 791 427 59 647 291 709 666 
? 15 744 94 142 756 477 181 162 308 39 729 281 153 692 261 592 
? 15 587 303 564 553 484 348 286 178 351 386 445 467 740 623 768 
? 15 370 358 385 771 796 195 143 208 409 574 798 569 691 537 109 
? 15 674 228 110 527 548 412 253 653 736 474 661 774 707 496 616 
? 15 583 405 144 612 248 649 324 390 250 546 509 127 345 91 133 
? 15 739 179 398 786 608 429 521 783 336 368 416 626 393 678 456 
? 15 36 524 148 614 444 460 500 696 52 19 369 642 586 559 74 
? 15 662 650 204 112 515 305 713 299 326 538 672 219 617 599 97 
? 15 503 633 516 255 159 543 73 718 211 29 673 657 725 631 676 
? 15 3 256 461 558 766 140 79 443 436 463 603 685 227 26 407 
? 15 552 746 470 535 665 68 442 210 751 214 182 301 540 188 560 
? 15 726 89 160 403 437 316 418 384 233 683 637 283 258 750 242 
? 15 577 701 278 77 302 246 663 106 187 693 166 702 300 221 5 
? 15 58 762 380 76 660 347 694 375 735 780 230 141 15 363 687 
? 15 794 152 406 668 232 268 530 75 200 785 123 310 438 346 350 
? 15 383 618 640 602 284 307 349 611 54 545 792 396 183 716 753 
? 15 651 580 320 536 171 266 450 466 88 163 655 339 784 585 628 
? 15 501 69 607 576 262 185 742 67 329 372 761 634 33 192 314 
? 15 20 215 730 457 595 772 664 764 699 728 486 591 697 249 613 
? 15 597 323 119 294 137 426 567 90 793 82 21 273 319 490 773 
? 15 296 50 632 240 297 356 578 434 513 478 173 394 105 260 287 
? 15 206 247 325 167 797 514 121 83 722 421 425 487 126 146 118 
? 15 149 168 589 122 8 475 293 71 572 733 654 359 469 315 625 
? 15 282 727 541 481 120 525 480 621 0 196 62 670 636 411 731 
? 15 222 22 458 311 410 504 408 371 465 42 28 100 343 165 317 
? 15 24 81 355 689 601 495 639 723 220 128 449 757 708 593 98 
? 15 225 34 533 471 610 84 752 289 321 175 57 779 138 156 212 
? 15 17 439 10 562 542 376 23 198 789 724 526 682 114 131 201 
? 15 341 769 652 505 244 566 251 497 630 205 594 698 570 218 507 
? 15 422 151 420 265 755 180 78 561 415 511 46 337 145 738 432 
? 15 35 584 338 193 12 53 4 16 441 512 1 213 447 539 498 
? 15 624 549 675 748 104 199 37 404 186 452 241 14 529 277 563 
? 15 749 271 209 56 706 710 703 333 263 43 645 686 31 108 331 
? 15 259 101 555 107 224 64 252 679 747 272 488 517 462 758 236 
? 15 130 111 671 6 99 629 164 622 557 217 473 604 778 158 55 
? 15 554 704 770 643 86 41 464 184 582 765 454 298 366 334 690 
? 15 194 147 714 638 588 357 423 430 609 2 354 154 499 344 646 
? 15 174 547 556 238 70 571 669 276 606 27 304 787 508 518 267 
? 15 65 378 395 387 161 743 455 11 237 176 309 745 203 781 92 
? 15 680 44 374 534 790 177 226 32 61 288 494 741 382 45 340 
? 15 775 40 523 38 362 400 155 360 550 245 732 367 377 280 49 
? 15 605 440 135 759 581 433 335 274 635 483 327 760 428 619 414 
? 15 373 493 80 13 136 285 169 269 47 532 451 417 598 424 596 
? 15 9 468 18 63 391 279 476 573 392 312 482 590 332 48 235 
? 15 767 93 270 322 95 491 353 85 782 658 544 763 51 579 795 
? 15 295 254 216 361 644 659 103 472 565 453 568 96 292 506 117 
? 15 134 170 342 700 446 799 492 172 502 197 381 677 531 510 448 
? 15 113 207 364 139 257 129 485 705 681 711 109 537 691 569 798 
? 15 574 409 519 330 208 143 195 796 306 771 385 358 370 776 768 
? 15 623 740 467 132 445 239 386 627 351 178 715 286 348 484 600 
? 15 553 229 564 641 150 303 587 413 592 261 692 153 281 729 667 
? 15 39 308 162 181 620 125 477 756 142 94 744 666 709 291 290 
? 15 435 116 60 647 59 87 427 66 791 788 712 189 223 688 648 
? 15 431 737 389 656 684 695 419 318 231 721 777 30 124 717 328 
? 15 157 264 379 352 243 275 191 7 401 365 25 397 734 528 720 
? 15 479 522 313 190 551 489 754 575 234 72 459 102 520 615 202 
? 15 674 228 121 110 527 548 412 514 253 653 797 736 167 325 474 
? 15 247 661 206 774 287 707 496 616 583 405 260 105 144 612 394 
? 15 173 248 478 513 649 434 578 324 356 297 390 250 240 546 509 
? 15 632 127 50 345 296 91 773 490 319 133 273 739 21 179 398 
? 15 786 608 82 429 521 783 336 793 90 368 567 426 416 137 626 
? 15 393 294 678 119 456 323 597 613 36 524 148 249 614 697 444 
? 15 460 500 591 696 52 19 369 642 486 728 586 699 764 559 664 
? 15 772 595 457 730 74 662 650 215 204 112 20 515 314 305 713 
? 15 192 33 634 299 326 761 538 372 672 329 219 67 617 599 742 
? 15 185 97 262 503 576 633 607 69 501 628 516 255 159 543 73 
? 15 718 585 784 211 29 673 657 725 339 631 676 3 256 461 558 
? 15 655 163 766 140 88 466 79 443 436 450 463 603 266 685 227 
? 15 26 171 407 536 552 746 470 535 665 320 580 68 442 651 753 
? 15 210 751 214 182 716 183 396 301 540 188 792 560 545 726 54 
? 15 89 611 160 403 437 316 349 418 384 233 307 284 602 683 637 
? 15 640 283 258 618 750 383 242 577 350 701 278 77 346 302 246 
? 15 663 106 187 438 310 123 693 166 785 702 200 75 530 268 232 
? 15 668 300 406 221 152 794 687 363 5 58 15 762 380 141 230 
? 15 780 76 735 375 694 660 347 738 145 432 35 337 46 584 511 
? 15 415 338 193 561 12 53 78 4 180 16 755 441 265 420 151 
? 15 512 1 213 422 447 539 507 218 570 698 594 205 630 497 498 
? 15 251 624 566 549 675 748 104 244 505 199 37 404 652 769 186 
? 15 452 341 241 14 201 529 131 277 114 563 749 271 209 56 682 
? 15 526 706 710 724 703 333 789 263 198 23 43 645 376 686 31 
? 15 542 108 562 10 331 259 439 101 17 212 555 107 224 64 252 
? 15 679 747 156 138 779 57 175 321 272 289 752 84 610 471 488 
? 15 533 517 462 758 34 225 98 236 130 593 708 111 671 757 449 
? 15 6 128 99 629 220 723 639 495 164 622 557 601 217 689 473 
? 15 604 355 81 778 158 55 554 24 317 165 704 770 643 86 343 
? 15 100 41 464 28 184 582 765 454 298 42 465 371 408 366 334 
? 15 690 504 410 311 194 458 22 222 147 714 638 731 588 411 636 
? 15 357 670 423 62 196 0 621 430 480 609 2 354 154 525 499 
? 15 120 481 344 541 727 282 646 625 174 547 556 238 70 315 469 
? 15 359 654 571 669 276 606 733 27 572 71 304 787 293 475 8 
? 15 508 122 589 168 518 267 65 149 378 395 118 146 387 126 161 
? 15 487 743 425 455 421 11 83 722 237 176 309 745 203 781 399 
? 15 115 388 719 402 92 680 202 44 374 615 520 534 790 102 459 
? 15 177 226 32 61 288 72 494 741 234 575 754 489 382 45 551 
? 15 340 775 190 313 522 40 479 523 720 528 734 397 38 362 400 
? 15 155 360 25 365 550 401 245 732 7 191 275 243 352 367 379 
? 15 264 157 377 328 280 717 49 124 605 30 777 721 231 440 135 
? 15 318 419 695 759 581 433 684 656 389 737 335 274 635 431 648 
? 15 483 688 223 189 712 788 327 791 760 66 428 427 87 619 414 
? 15 373 493 59 647 60 116 435 290 80 13 291 709 136 666 744 
? 15 285 169 269 47 532 451 94 142 417 598 756 477 125 620 424 
? 15 181 162 596 9 308 39 468 18 667 729 63 281 391 153 279 
? 15 476 573 692 261 592 392 312 413 482 587 303 590 332 150 641 
? 15 48 235 564 767 93 270 322 95 229 491 353 553 600 85 484 
? 15 348 782 658 286 715 544 178 351 763 51 579 627 795 386 295 
? 15 239 445 254 216 132 361 644 659 103 467 740 623 768 472 565 
? 15 453 776 568 370 96 292 506 358 385 771 117 134 306 170 342 
? 15 700 796 446 799 492 195 143 208 330 502 172 519 409 197 574 
? 15 798 381 569 677 531 510 691 537 448 109 711 113 681 207 364 
init_score -3.99165e+06
final_score: -4.51302e+06
times: 64871
update: 189
accept: 1
!
91 127 144 228 248 253 324 325 345 390 398 405 412 474 496 509 527 548 583 608 612 674 739 774 786 
91 345
91 739
127 324
144 612
144 390
228 674
248 583
248 324
253 412
253 527
324 390
325 774
345 509
345 390
398 608
398 739
398 786
405 612
405 496
412 774
474 496
474 548
527 548
548 674
3 19 29 52 73 74 140 148 159 204 211 219 336 368 369 393 429 443 444 456 460 461 500 515 521 543 558 586 603 614 626 631 642 650 657 662 672 673 696 713 718 725 766 
3 443
3 543
3 631
19 148
19 456
29 211
29 657
52 500
52 586
73 673
74 650
74 586
140 461
148 444
159 718
159 672
204 662
211 725
219 672
219 713
336 368
336 521
336 429
336 626
369 460
393 626
393 456
443 603
444 500
444 614
460 642
460 696
461 673
500 696
515 650
515 713
558 766
558 725
631 766
631 718
650 662
657 673
5 26 58 68 76 106 166 187 188 210 227 233 246 258 278 283 300 301 316 347 375 380 384 403 407 437 442 470 535 540 560 637 660 663 665 685 687 702 746 750 762 
5 702
5 58
26 685
26 746
58 300
68 470
68 746
76 660
76 702
106 246
106 166
106 187
166 762
187 663
188 540
210 560
227 407
233 540
233 301
233 403
246 750
258 316
278 283
283 637
283 750
300 380
300 762
301 665
316 384
316 437
347 380
375 687
380 687
384 637
384 403
407 470
442 535
442 665
535 746
540 560
75 77 221 232 242 302 577 668 693 794 
75 232
75 221
77 577
77 242
77 302
221 693
232 794
232 668
242 693
79 89 160 163 182 214 266 284 349 383 418 436 463 536 545 552 580 640 683 701 726 751 
79 436
89 726
160 726
160 751
163 436
182 552
182 214
214 726
266 463
266 580
284 640
284 349
284 683
383 640
418 683
418 751
436 463
463 552
536 580
536 545
683 701
97 255 256 262 503 516 607 633 676 742 
97 633
255 676
256 676
256 516
262 742
262 607
503 633
503 607
516 607
192 299 305 538 599 617 761 
192 761
192 305
299 538
305 617
538 617
599 617
112 326 
112 326
21 36 82 133 179 215 249 273 416 486 524 546 559 591 632 649 664 678 697 730 764 783 793 
21 273
21 82
36 678
36 524
82 793
133 179
133 649
179 783
215 730
249 697
273 632
416 783
416 678
486 730
486 664
486 591
524 559
546 649
559 730
591 697
664 764
783 793
110 206 250 287 296 356 434 478 616 653 661 707 736 
110 736
110 250
206 661
206 287
250 296
287 434
296 356
356 478
616 736
616 707
653 736
661 707
0 20 33 50 67 69 90 105 119 121 137 167 173 185 240 247 260 294 297 314 319 323 329 339 372 394 426 450 457 466 490 501 513 514 567 576 578 585 595 597 613 628 634 655 699 728 772 784 797 
0 426
20 314
20 595
33 314
33 634
33 372
50 490
50 394
67 372
67 185
69 501
90 567
90 319
90 426
105 260
105 514
119 426
119 294
121 167
121 797
137 567
137 323
167 247
173 297
173 578
185 576
240 513
240 597
247 260
260 513
319 490
323 613
329 634
339 585
339 655
394 578
450 655
450 466
457 772
466 784
490 597
501 628
501 576
585 628
595 699
595 772
613 699
699 728
54 88 123 141 145 152 171 183 200 230 268 307 320 346 350 363 396 406 530 602 611 618 651 694 716 753 792 
54 611
54 792
88 171
88 320
123 200
123 268
141 363
145 694
145 406
152 406
152 200
171 753
183 651
200 618
230 363
268 530
307 602
307 611
320 396
346 350
346 618
363 694
396 792
602 618
651 716
716 792
15 46 151 180 310 337 341 415 420 422 438 497 507 511 570 698 735 780 785 
15 735
15 785
46 780
46 511
46 310
151 422
151 180
180 415
310 438
337 415
341 497
341 420
415 780
422 698
438 785
497 570
507 570
507 698
8 10 22 28 34 57 81 83 98 100 114 118 128 131 138 149 156 165 168 196 212 220 293 311 315 317 321 343 355 359 410 411 439 465 480 481 487 504 505 525 533 541 542 566 589 593 601 621 630 636 639 654 670 682 724 727 731 733 769 773 779 789 
8 293
10 439
10 542
22 410
22 480
28 100
34 533
34 57
57 156
57 212
81 355
81 601
81 317
83 149
83 293
83 168
98 533
98 128
98 593
100 465
100 317
114 131
114 724
114 630
118 149
118 487
128 220
131 769
131 789
138 779
138 321
156 321
165 343
165 317
168 589
196 525
196 411
212 542
220 355
293 733
311 504
311 731
311 465
315 359
359 654
410 465
411 480
481 541
481 670
505 769
525 621
525 773
541 727
542 789
566 630
601 639
636 731
636 670
654 733
654 727
682 724
11 24 41 42 55 62 71 86 120 122 126 146 158 161 176 222 237 276 282 354 357 371 387 408 421 425 455 458 469 495 508 518 572 625 714 722 723 765 770 778 787 
11 176
11 455
24 55
41 86
41 765
42 371
55 778
55 158
62 354
62 120
71 572
71 126
86 770
86 495
120 282
122 421
122 146
126 722
161 387
161 518
176 237
222 458
276 787
282 469
354 357
357 714
371 408
387 508
408 458
408 765
408 714
421 425
421 722
425 518
455 508
469 625
469 572
495 778
495 723
508 787
84 111 130 164 175 225 289 376 449 462 471 557 610 629 689 708 752 757 
84 610
84 471
111 130
111 462
130 708
164 557
164 689
175 289
175 376
225 757
225 471
289 752
449 757
449 708
449 689
557 629
610 752
1 4 12 14 16 17 23 31 35 37 53 56 78 104 186 193 198 199 201 205 209 213 218 241 244 251 263 265 271 277 333 338 404 432 441 447 452 498 512 526 529 539 549 561 562 563 584 594 624 645 652 675 686 703 706 710 738 748 749 755 
1 441
4 338
4 441
12 193
12 338
14 404
14 710
16 447
16 53
17 562
17 526
23 703
31 710
35 584
35 193
37 748
37 277
53 584
56 749
56 703
78 561
78 755
78 432
104 404
104 549
186 452
198 263
198 526
199 244
199 675
199 241
201 241
205 594
209 706
209 271
209 277
213 218
213 447
213 755
218 251
241 529
244 652
251 594
263 703
265 755
271 749
271 333
333 645
338 738
441 512
447 539
452 563
498 624
498 539
529 563
549 748
563 749
624 675
645 686
6 43 64 99 101 107 108 147 217 224 236 252 259 272 331 473 488 517 555 622 671 679 747 758 
6 99
6 671
43 259
64 107
64 224
64 679
99 622
101 252
107 555
107 331
108 331
108 259
147 217
217 622
217 473
236 671
236 488
252 555
252 747
272 488
272 747
488 517
517 758
2 184 194 298 334 344 366 423 454 464 554 582 588 604 609 638 643 690 704 
2 609
2 423
184 582
184 604
194 588
194 638
298 454
298 604
334 366
334 464
344 609
344 588
366 690
366 582
464 638
554 704
604 643
643 704
27 65 70 154 238 288 304 378 395 430 499 547 556 571 606 646 669 
27 606
65 395
65 378
70 646
70 547
70 238
154 430
238 571
288 378
304 571
304 395
430 499
430 547
547 556
556 606
571 669
32 38 61 155 174 226 267 309 340 360 362 374 382 400 459 475 494 523 732 743 745 
32 226
32 494
38 382
38 523
61 226
61 174
155 362
174 267
226 374
267 743
309 745
340 382
340 494
360 523
360 400
362 400
374 745
382 732
459 745
475 743
45 47 48 49 51 93 95 103 113 117 134 135 136 139 169 170 172 197 216 235 254 257 270 279 285 292 322 335 342 361 367 373 381 414 417 428 446 448 453 476 482 483 491 492 506 531 532 544 550 568 581 590 596 605 619 658 659 667 677 741 759 760 763 782 795 
45 741
47 417
47 285
48 235
48 476
49 135
49 367
51 544
93 491
93 782
93 482
95 322
95 658
103 361
103 342
113 448
117 506
134 292
134 170
134 568
135 605
135 581
135 759
136 169
136 619
139 448
139 172
139 197
169 285
170 531
172 492
197 677
216 254
216 659
235 270
257 448
270 322
279 596
279 482
279 667
285 373
292 453
335 581
342 506
342 568
361 795
367 550
373 428
373 414
381 677
414 760
417 532
417 596
446 492
446 531
453 659
476 590
483 760
483 759
544 658
544 763
550 741
763 795
782 795
7 13 18 40 60 63 66 80 85 96 116 125 132 142 150 157 191 207 223 229 239 245 269 274 280 291 295 306 312 327 328 330 332 353 364 377 379 391 392 409 413 419 424 433 435 440 451 468 472 493 502 510 565 573 579 598 600 620 635 641 644 647 656 684 688 700 712 715 717 720 734 767 768 775 776 788 799 
7 191
13 493
13 291
13 435
18 125
18 573
18 424
40 775
40 734
60 80
63 573
66 223
80 493
80 598
85 600
85 715
96 565
96 306
116 647
125 391
125 142
132 776
132 768
142 620
150 641
150 312
157 328
191 379
191 245
207 364
223 712
223 788
229 600
229 641
239 715
239 295
239 768
245 734
269 451
269 598
274 635
274 433
274 327
280 377
280 717
280 440
291 647
291 688
295 579
295 644
306 700
312 392
312 468
327 435
328 717
328 379
330 409
332 573
353 767
353 579
364 510
364 472
391 468
409 502
413 641
419 684
419 440
424 451
435 788
502 799
502 510
565 644
635 656
656 684
700 799
720 734
25 30 44 72 92 102 115 124 177 190 202 203 234 243 264 275 313 352 365 388 397 399 401 402 479 489 520 522 528 534 551 575 615 680 719 721 754 777 781 790 
25 365
25 397
30 124
30 721
44 781
72 234
72 102
72 790
92 203
92 781
92 680
102 719
102 615
115 202
115 399
124 777
124 264
177 520
177 551
177 680
190 479
190 489
190 754
234 754
243 352
243 275
264 275
275 401
313 575
365 401
365 528
388 719
388 402
399 719
402 534
479 522
489 575
520 534
522 528
9 39 59 87 94 109 129 143 153 162 178 181 189 195 208 231 261 281 286 290 303 308 318 348 351 358 370 385 386 389 427 431 445 467 477 484 485 519 537 553 564 569 574 587 592 623 627 648 666 681 691 692 695 705 709 711 729 737 740 744 756 771 791 796 798 
9 290
9 87
39 181
39 308
39 729
59 427
59 709
59 791
94 181
94 756
94 744
109 711
109 537
109 681
129 681
143 195
143 796
153 281
153 261
153 592
162 756
162 281
162 477
178 445
189 791
195 519
208 574
208 796
231 695
281 692
286 484
286 386
290 477
303 587
303 564
318 695
348 484
348 351
348 553
348 564
358 771
358 623
358 370
370 385
370 627
386 445
389 737
389 695
389 431
431 791
445 627
467 623
467 740
485 705
519 537
569 574
574 691
587 592
648 737
666 709
681 705
691 798
709 744
771 796
Score = 419223
