76 76
1 2
2 3
3 4
5 5
6 6
6 7
8 8
8 9
9 10
10 11
12 12
12 13
14 14
15 15
16 16
16 18
17 17
18 19
20 20
21 21
22 22
22 23
23 25
24 24
25 27
26 26
28 28
29 29
35 35
30 30
31 31
32 32
33 33
34 34
36 36
37 37
37 39
38 38
40 40
40 41
41 42
43 43
44 44
45 45
45 46
47 47
48 48
48 49
50 50
51 51
51 52
52 53
53 54
55 55
55 56
56 57
57 58
60 60
59 59
61 61
61 62
63 63
64 64
64 65
65 66
67 67
68 68
68 69
70 70
70 71
72 72
73 73
74 74
75 75
76 76
76 77
77 78
78 80
79 79
80 81
82 82
83 83
83 85
84 84
86 86
86 87
87 88
88 89
89 91
90 90
92 92
93 93
93 94
94 95
95 96
96 97
1 1
98 98
99 99
