? 12 601 421 746 255 712 259 362 523 429 214 267 771 
? 12 131 724 158 657 328 208 424 471 636 406 792 371 
? 12 526 695 422 286 224 20 334 113 535 702 533 391 
? 12 600 608 611 605 402 749 397 370 256 216 145 387 
? 12 187 546 399 541 37 713 781 517 425 707 446 312 
? 12 383 414 340 658 435 98 776 442 550 796 69 42 
? 12 710 268 560 73 123 228 225 648 457 348 530 563 
? 12 623 527 87 664 428 301 227 696 38 656 327 588 
? 12 63 314 130 300 660 217 288 569 107 701 238 299 
? 12 222 484 298 171 768 436 184 396 282 126 779 499 
? 12 697 770 154 538 756 542 26 322 351 28 262 509 
? 12 728 579 507 475 67 659 201 246 162 242 584 580 
? 12 6 100 204 490 205 456 633 676 220 638 144 465 
? 12 780 311 323 239 365 9 252 281 39 219 359 119 
? 12 309 97 631 488 671 78 520 347 568 783 157 94 
? 12 170 504 95 403 16 472 194 762 452 258 755 455 
? 12 382 593 198 773 578 84 289 233 3 161 143 55 
? 12 79 639 5 196 460 65 407 501 683 494 394 715 
? 12 573 341 766 8 655 624 203 419 448 156 355 681 
? 12 670 76 366 53 77 276 427 687 141 292 332 665 
? 12 209 320 547 207 420 482 565 58 260 356 325 492 
? 12 416 653 512 587 99 644 51 496 641 349 116 717 
? 12 24 212 186 335 784 487 620 377 692 278 556 36 
? 12 686 83 125 25 146 275 1 629 21 545 386 528 
? 12 769 617 31 177 524 133 176 261 333 764 165 241 
? 12 505 50 449 296 625 375 324 101 29 34 753 511 
? 12 271 72 634 649 647 673 32 738 754 226 310 473 
? 12 148 70 114 338 150 570 61 510 66 518 714 372 
? 12 294 12 10 411 604 567 248 339 412 572 709 381 
? 12 108 607 174 44 122 138 682 506 476 80 793 195 
? 12 105 48 35 677 316 423 92 782 404 168 147 444 
? 12 650 789 723 47 743 730 731 346 544 231 30 654 
? 12 81 303 152 609 60 254 142 493 45 461 582 626 
? 12 235 353 75 778 785 689 470 269 479 306 752 662 
? 12 521 599 559 121 163 409 342 502 635 516 468 13 
? 12 367 308 319 285 571 450 463 515 317 132 7 41 
? 12 169 790 757 393 175 727 745 103 23 716 57 462 
? 12 15 369 777 392 244 774 612 592 0 486 797 91 
? 12 159 459 11 287 307 164 667 199 405 700 748 513 
? 12 415 120 704 413 354 614 277 155 215 4 519 89 
? 12 684 197 551 237 266 640 719 514 666 720 71 329 
? 12 722 290 736 794 62 128 336 40 345 343 645 379 
? 12 763 443 200 388 481 618 390 680 49 59 82 304 
? 12 451 637 674 211 529 249 385 360 537 498 603 534 
? 12 410 610 426 688 622 489 739 549 243 357 430 193 
? 12 583 615 725 741 326 598 553 295 136 735 758 358 
? 12 706 257 182 18 590 679 265 85 627 135 56 621 
? 12 109 417 33 185 693 104 180 454 678 718 250 464 
? 12 318 786 350 759 245 129 230 760 577 401 651 566 
? 12 64 364 384 630 192 788 315 124 439 661 344 525 
? 12 118 178 284 729 445 210 102 478 698 19 539 561 
? 12 302 643 106 27 558 190 408 737 619 726 22 221 
? 12 703 775 368 594 437 795 721 690 595 742 43 548 
? 12 297 93 581 616 232 202 229 675 90 734 234 115 
? 12 646 772 313 663 591 395 497 503 153 279 378 642 
? 12 240 331 552 668 179 96 140 305 46 554 491 613 
? 12 264 469 564 433 389 173 495 272 172 453 431 274 
? 12 799 112 137 669 291 117 691 376 166 330 293 606 
? 12 398 787 575 283 540 280 2 236 458 586 711 477 
? 12 628 263 270 744 400 480 160 434 596 447 247 111 
? 12 438 602 86 685 531 467 562 508 652 522 218 441 
? 12 68 761 597 223 183 532 273 361 110 536 14 52 
? 12 189 139 747 589 694 466 380 765 213 54 732 798 
? 12 485 740 750 474 253 543 337 418 181 733 17 321 
? 12 74 88 167 191 585 699 363 632 373 751 151 149 
? 12 705 432 555 206 574 134 557 767 576 791 483 188 
? 12 601 421 746 255 712 259 87 362 623 523 429 214 
? 12 225 267 771 73 560 131 724 158 657 328 796 208 
? 12 424 471 636 406 792 371 526 435 695 422 286 224 
? 12 414 20 334 383 446 113 425 535 702 533 713 391 
? 12 600 608 37 541 611 399 546 187 605 402 387 749 
? 12 397 370 507 256 216 145 28 351 781 322 26 517 
? 12 542 538 707 154 312 770 697 340 779 126 282 184 
? 12 436 658 768 98 171 298 484 776 299 442 550 701 
? 12 107 569 69 42 710 268 660 123 300 228 648 457 
? 12 348 314 530 563 527 588 664 656 38 428 696 227 
? 12 301 783 327 568 347 520 78 63 452 671 488 631 
? 12 130 97 217 309 119 359 288 219 39 281 238 252 
? 12 9 222 365 239 323 396 311 780 465 499 144 638 
? 12 220 676 756 633 456 205 490 204 100 262 6 580 
? 12 509 728 584 242 579 162 475 246 201 659 67 8 
? 12 766 341 573 715 655 394 494 683 501 407 670 65 
? 12 460 196 366 5 639 79 55 143 687 161 3 209 
? 12 320 233 289 84 578 773 58 198 593 382 455 755 
? 12 258 762 194 472 16 403 95 416 653 504 170 94 
? 12 157 644 99 51 587 512 349 492 325 356 717 24 
? 12 212 260 335 565 784 487 620 482 692 278 420 556 
? 12 207 36 547 686 83 665 125 25 146 332 292 141 
? 12 427 275 1 276 77 21 53 76 386 528 681 769 
? 12 617 355 31 177 156 524 133 448 176 419 203 624 
? 12 81 333 764 165 241 261 505 50 449 296 625 375 
? 12 544 324 101 545 743 629 29 34 753 511 271 147 
? 12 72 634 649 647 673 32 738 754 226 310 423 473 
? 12 148 316 70 677 114 338 377 150 570 61 510 66 
? 12 518 80 476 714 372 294 12 186 506 10 411 604 
? 12 567 248 339 412 572 116 709 381 108 607 641 496 
? 12 174 450 285 44 122 138 13 516 682 635 502 342 
? 12 121 793 195 521 662 752 105 48 35 92 782 75 
? 12 404 168 444 650 789 353 723 235 47 730 731 346 
? 12 626 231 582 30 461 142 654 60 152 303 609 513 
? 12 254 748 493 45 700 405 199 667 164 307 287 11 
? 12 459 159 91 797 592 612 778 785 689 774 244 470 
? 12 392 269 479 306 599 559 369 163 409 15 462 716 
? 12 23 103 468 367 308 745 727 175 393 757 790 169 
? 12 319 41 7 132 317 571 463 680 304 515 451 211 
? 12 390 618 481 388 200 360 443 537 57 498 763 379 
? 12 645 343 345 40 336 128 62 794 736 777 290 722 
? 12 329 71 720 666 514 719 640 266 357 237 551 197 
? 12 0 684 89 519 486 4 215 155 725 277 614 295 
? 12 354 413 704 358 120 415 257 706 758 735 136 182 
? 12 590 679 553 598 326 741 615 135 56 621 109 583 
? 12 33 185 693 193 104 430 243 549 739 489 318 622 
? 12 786 688 350 759 245 426 610 760 577 401 566 410 
? 12 534 603 64 385 249 529 630 192 788 315 124 439 
? 12 674 344 637 118 178 82 284 729 59 445 49 478 
? 12 698 102 19 210 302 643 106 525 558 661 190 408 
? 12 737 384 619 726 364 22 221 703 775 368 651 594 
? 12 437 230 690 595 129 742 43 548 464 93 250 718 
? 12 581 616 232 678 454 180 229 675 90 417 734 234 
? 12 115 627 646 85 772 265 313 663 591 395 18 503 
? 12 153 279 378 642 240 536 331 497 361 552 668 179 
? 12 96 761 140 305 68 218 46 554 491 522 613 264 
? 12 562 469 202 564 433 389 173 495 272 172 297 453 
? 12 431 274 447 799 721 795 112 137 669 291 117 691 
? 12 376 166 330 270 263 628 293 606 27 398 787 575 
? 12 561 283 540 280 539 2 236 458 586 711 74 321 
? 12 477 733 181 418 337 744 543 253 400 474 480 740 
? 12 160 485 434 596 732 247 111 54 438 602 86 685 
? 12 531 765 380 466 694 467 508 652 747 139 441 597 
? 12 223 189 183 532 273 110 14 251 127 52 500 352 
? 12 374 440 672 708 188 483 791 576 589 767 557 134 
? 12 574 206 213 555 432 705 798 149 151 751 750 373 
? 12 601 421 746 227 428 255 712 664 259 87 362 527 
? 12 623 563 523 530 429 214 348 457 648 225 228 267 
? 12 123 771 73 560 268 710 42 131 69 724 158 657 
? 12 107 328 796 550 208 442 424 471 776 636 406 792 
? 12 371 98 526 435 658 695 422 286 224 340 414 20 
? 12 334 383 312 446 707 113 425 542 535 517 781 702 
? 12 351 533 713 391 600 608 37 541 611 399 546 187 
? 12 605 402 387 145 749 216 256 397 507 370 67 766 
? 12 659 201 246 475 683 162 579 242 584 728 509 580 
? 12 6 460 262 28 196 100 204 490 322 205 26 456 
? 12 633 756 538 676 154 220 770 638 697 144 499 465 
? 12 779 780 126 282 311 396 323 184 436 768 239 171 
? 12 298 484 365 222 9 299 252 238 701 281 569 39 
? 12 219 288 359 119 309 217 660 300 97 130 631 488 
? 12 671 452 194 314 63 78 520 347 588 568 327 656 
? 12 38 696 301 783 644 99 51 587 157 94 170 512 
? 12 504 653 416 95 403 16 472 762 258 755 455 382 
? 12 492 325 356 593 24 198 58 260 335 565 773 578 
? 12 482 692 278 84 420 556 207 289 233 547 686 320 
? 12 209 83 665 3 161 25 146 332 292 141 687 143 
? 12 427 55 79 639 276 5 77 21 53 366 76 65 
? 12 670 386 407 681 355 156 501 133 448 419 203 494 
? 12 624 394 655 715 573 341 8 81 333 764 165 241 
? 12 261 505 50 449 176 296 524 625 231 375 544 177 
? 12 31 617 769 324 528 101 346 731 545 743 629 29 
? 12 34 753 1 275 650 511 271 147 168 72 634 649 
? 12 92 647 673 32 738 754 226 310 423 125 473 148 
? 12 316 70 677 48 105 36 114 338 377 150 570 195 
? 12 61 510 66 620 518 487 80 476 784 714 372 294 
? 12 12 186 212 506 717 10 411 604 138 567 248 339 
? 12 412 572 116 709 349 381 108 607 641 496 174 450 
? 12 571 285 44 317 132 7 41 319 169 122 757 393 
? 12 175 727 745 308 367 13 468 103 516 682 15 635 
? 12 502 342 409 163 121 369 793 559 599 521 662 752 
? 12 306 35 479 269 392 470 689 785 778 592 782 75 
? 12 404 444 797 789 353 723 235 159 459 47 11 287 
? 12 307 164 730 626 667 199 582 30 461 700 45 493 
? 12 748 142 654 254 60 513 609 152 303 257 415 706 
? 12 120 358 704 735 136 413 354 295 405 553 614 741 
? 12 277 725 155 215 4 615 91 486 519 193 89 684 
? 12 0 430 197 612 551 237 357 266 243 640 774 739 
? 12 489 244 719 514 666 720 71 329 722 290 777 736 
? 12 794 62 426 610 128 336 40 345 343 645 379 603 
? 12 763 462 498 57 537 443 716 360 385 23 529 200 
? 12 388 481 790 618 390 211 637 451 515 304 82 680 
? 12 49 463 478 698 102 19 210 445 302 59 643 729 
? 12 284 106 178 118 525 344 674 661 558 439 124 190 
? 12 408 315 788 192 630 737 384 249 619 726 364 64 
? 12 221 703 534 775 410 566 651 401 594 577 437 760 
? 12 230 595 129 245 759 350 688 786 742 622 43 548 
? 12 318 464 93 250 718 581 616 549 678 454 180 104 
? 12 229 693 185 33 675 90 417 583 234 109 621 115 
? 12 56 135 627 646 85 772 265 313 663 326 598 679 
? 12 590 591 395 18 182 503 758 153 279 378 642 14 
? 12 240 536 110 331 497 361 552 668 179 273 532 96 
? 12 183 223 597 761 140 305 68 441 218 46 734 554 
? 12 491 522 508 613 264 562 467 469 202 564 433 232 
? 12 389 531 685 173 495 86 602 272 172 297 453 431 
? 12 438 111 274 247 447 690 799 721 596 795 112 434 
? 12 160 137 368 669 480 291 117 400 691 744 22 376 
? 12 166 330 270 263 628 293 606 477 27 398 787 575 
? 12 586 561 283 458 540 280 539 236 2 88 167 711 
? 12 191 74 321 17 733 181 585 418 699 337 363 632 
? 12 373 543 253 474 750 751 151 149 740 485 798 732 
? 12 54 705 432 555 213 206 765 574 380 134 466 694 
? 12 557 767 589 576 791 652 747 139 483 188 708 189 
? 12 601 421 301 746 227 696 428 38 255 656 712 664 
? 12 327 259 568 588 87 362 527 623 563 523 63 530 
? 12 314 429 214 348 457 648 631 130 225 228 300 267 
? 12 123 660 771 73 560 268 217 710 42 131 69 724 
? 12 288 158 657 569 107 328 796 281 701 238 550 208 
? 12 442 424 299 471 776 636 406 222 365 792 484 371 
? 12 298 171 98 768 526 435 658 436 695 184 422 396 
? 12 286 282 126 779 224 340 414 20 499 697 334 770 
? 12 383 312 154 676 446 707 538 113 756 425 633 542 
? 12 535 517 26 322 781 702 351 533 713 391 600 608 
? 12 37 541 28 262 611 399 546 187 605 402 509 387 
? 12 145 728 749 216 242 256 397 579 507 370 475 67 
? 12 8 766 341 573 659 201 246 715 655 394 624 494 
? 12 203 683 419 162 448 133 501 156 584 355 681 580 
? 12 407 386 6 670 65 460 76 196 366 53 21 77 
? 12 5 276 100 204 639 490 79 55 205 427 456 143 
? 12 687 141 220 292 332 638 144 146 465 25 780 311 
? 12 161 323 3 665 83 209 320 686 547 233 289 239 
? 12 207 556 420 84 278 692 482 9 252 578 773 39 
? 12 219 359 565 335 119 309 260 58 198 24 593 356 
? 12 325 492 382 97 455 755 258 488 671 452 762 194 
? 12 78 520 347 472 16 403 95 416 653 504 512 170 
? 12 94 157 587 51 99 644 783 174 450 496 641 607 
? 12 108 285 44 381 349 122 709 116 572 412 339 248 
? 12 567 138 604 13 516 411 10 682 717 506 212 186 
? 12 635 502 342 12 294 372 714 784 476 121 80 487 
? 12 518 620 66 510 793 61 195 570 150 377 521 338 
? 12 114 662 752 36 105 48 35 677 70 316 148 473 
? 12 125 423 310 226 754 738 32 673 647 92 649 634 
? 12 72 782 75 404 168 147 271 511 444 650 275 1 
? 12 789 353 723 235 753 47 34 29 629 743 545 730 
? 12 731 346 101 528 626 324 769 617 31 177 544 375 
? 12 231 625 524 296 582 30 461 176 449 50 142 505 
? 12 261 241 165 654 764 333 81 60 152 303 257 609 
? 12 513 415 254 706 120 358 704 735 136 413 354 295 
? 12 748 493 45 700 405 553 614 741 199 667 277 725 
? 12 155 215 4 615 164 307 287 11 459 159 91 797 
? 12 486 519 193 89 684 0 430 197 592 612 551 237 
? 12 357 266 243 778 785 640 689 774 739 489 244 470 
? 12 719 514 666 392 720 269 479 71 329 306 722 290 
? 12 777 736 794 62 599 426 559 610 128 336 40 345 
? 12 369 163 343 409 645 379 603 763 15 462 498 57 
? 12 537 443 716 360 385 23 103 468 367 308 529 745 
? 12 727 200 388 175 393 481 757 790 618 390 169 211 
? 12 319 41 637 7 132 451 317 515 304 82 571 680 
? 12 49 463 478 2 698 102 19 539 280 540 210 445 
? 12 283 561 302 59 643 729 284 106 575 787 178 398 
? 12 118 525 27 344 674 558 661 439 124 606 293 190 
? 12 408 315 788 192 630 737 384 249 619 330 166 726 
? 12 364 64 22 691 221 703 117 291 534 775 410 566 
? 12 669 368 137 651 401 594 577 437 760 112 795 230 
? 12 721 799 690 595 129 245 759 350 688 786 274 742 
? 12 431 453 622 43 548 318 297 464 172 272 93 250 
? 12 718 495 581 173 616 389 232 549 433 564 202 678 
? 12 454 264 180 613 104 229 693 491 185 33 675 90 
? 12 417 554 734 583 234 109 621 115 46 56 305 135 
? 12 627 140 646 85 772 96 265 313 663 179 326 598 
? 12 679 590 591 395 552 18 497 182 331 240 503 758 
? 12 153 642 279 378 251 14 127 536 110 52 361 668 
? 12 500 352 374 273 440 532 672 183 189 223 708 597 
? 12 188 761 483 68 441 218 139 747 522 652 508 791 
? 12 576 589 767 557 562 467 469 694 466 134 380 574 
? 12 765 206 213 531 685 555 86 602 432 705 438 54 
? 12 111 247 447 732 798 596 434 485 160 740 149 151 
? 12 751 480 750 474 400 253 543 744 373 632 363 376 
? 12 270 263 337 699 628 418 585 181 733 17 477 321 
? 12 783 644 99 601 51 421 587 157 94 301 746 227 
? 12 696 170 512 504 653 428 416 38 95 255 656 712 
? 12 664 327 403 259 16 472 568 588 87 362 527 347 
? 12 520 623 78 563 523 63 530 314 429 194 762 452 
? 12 214 671 488 348 457 648 258 631 130 755 225 455 
? 12 228 97 382 492 325 356 593 300 267 24 123 660 
? 12 771 73 560 268 198 260 58 217 710 309 119 42 
? 12 131 335 565 69 359 724 288 158 219 657 39 569 
? 12 107 328 796 281 701 238 550 208 773 578 442 252 
? 12 424 299 9 471 776 636 482 692 278 406 222 84 
? 12 365 792 484 371 298 420 556 207 171 239 289 233 
? 12 98 768 526 435 547 658 686 320 209 436 83 665 
? 12 3 695 184 422 323 396 161 286 311 282 126 780 
? 12 779 25 465 224 340 414 20 146 499 144 697 334 
? 12 638 332 770 383 292 220 312 154 676 141 446 707 
? 12 538 687 143 113 756 425 633 456 427 542 535 517 
? 12 26 205 322 55 781 79 490 639 204 100 702 276 
? 12 351 533 5 713 77 391 600 608 21 53 366 37 
? 12 196 541 76 28 262 460 65 611 399 670 6 386 
? 12 407 546 187 605 580 402 509 681 387 145 355 728 
? 12 749 584 156 216 242 256 501 397 133 579 448 507 
? 12 162 419 683 203 494 624 370 475 394 655 715 246 
? 12 201 659 573 341 766 67 8 303 152 257 609 513 
? 12 60 81 415 333 764 254 706 120 654 358 704 165 
? 12 735 241 136 413 261 354 505 142 295 748 493 50 
? 12 45 449 700 176 461 30 582 405 296 524 553 625 
? 12 231 614 375 544 177 741 199 31 617 667 769 324 
? 12 277 626 725 155 215 528 4 101 346 615 731 730 
? 12 164 545 307 743 287 629 29 11 34 47 459 159 
? 12 753 91 235 723 353 789 1 797 275 486 519 650 
? 12 444 511 271 147 168 193 404 75 89 684 0 430 
? 12 782 72 634 649 197 592 612 551 237 92 357 647 
? 12 266 243 673 778 32 738 754 226 310 423 785 640 
? 12 125 689 774 739 473 148 489 244 470 719 514 666 
? 12 316 70 392 720 269 677 479 35 71 329 48 306 
? 12 722 105 36 752 662 114 338 290 521 777 736 377 
? 12 794 62 150 570 599 195 426 61 559 793 610 128 
? 12 510 66 336 40 620 345 518 487 369 80 121 476 
? 12 163 784 714 372 343 409 294 645 379 603 12 342 
? 12 763 502 635 186 15 462 498 57 537 443 212 716 
? 12 506 717 682 360 10 385 411 23 516 103 468 13 
? 12 604 367 308 529 745 138 567 727 200 248 388 339 
? 12 175 393 412 481 572 757 790 618 116 709 390 122 
? 12 169 211 349 319 41 637 7 381 132 451 317 515 
? 12 304 82 44 285 571 108 680 49 463 607 641 496 
? 12 450 174 88 167 478 2 698 236 102 19 539 280 
? 12 540 210 458 445 283 561 302 586 59 711 643 729 
? 12 284 106 575 787 178 398 191 118 74 321 525 27 
? 12 344 674 558 661 439 124 477 17 606 293 190 408 
? 12 733 181 585 315 788 418 628 192 630 737 699 384 
? 12 337 249 619 263 270 330 166 726 376 364 64 363 
? 12 632 373 22 744 691 543 221 253 703 400 117 291 
? 12 534 474 750 480 751 775 410 566 669 368 151 137 
? 12 651 401 594 149 577 740 160 485 434 437 760 112 
? 12 795 596 230 721 798 799 732 690 595 129 245 759 
? 12 350 447 688 247 786 274 111 742 54 438 431 705 
? 12 453 432 622 43 548 318 297 464 172 272 93 250 
? 12 718 602 86 495 581 555 173 685 531 213 616 389 
? 12 232 549 206 765 574 380 134 433 466 694 564 202 
? 12 469 467 562 557 678 454 264 767 180 613 104 589 
? 12 229 693 576 791 508 652 522 491 185 33 747 675 
? 12 90 417 554 734 583 234 139 109 621 115 46 218 
? 12 56 441 68 305 135 627 140 483 761 646 188 85 
? 12 597 708 772 223 189 183 96 672 532 440 273 265 
? 12 374 313 663 179 326 598 352 500 679 590 668 591 
? 12 395 552 18 361 497 182 331 52 110 536 240 503 
init_score -2.87228e+06
final_score: -3.91521e+06
times: 36279
update: 430
accept: 12
!
227 255 259 362 421 428 523 527 530 563 601 623 656 712 746 
227 421
255 428
259 362
259 530
259 601
362 523
421 746
428 656
428 712
527 563
530 623
563 623
601 746
601 656
87 214 228 300 348 429 457 648 
87 348
214 429
214 348
228 648
228 300
348 457
457 648
69 
42 73 123 131 158 267 268 560 710 724 771 
42 710
42 73
73 724
123 268
131 724
158 724
267 560
268 710
268 771
560 771
107 208 328 424 442 471 550 657 776 796 
107 550
208 424
208 328
328 657
424 471
442 550
442 776
550 796
657 796
636 695 792 
636 792
695 792
484 
371 406 
371 406
20 224 286 312 334 340 414 422 425 435 446 526 658 707 
20 334
224 414
224 286
286 422
312 425
312 707
334 446
340 414
414 446
422 526
425 446
435 658
435 526
113 154 383 535 542 
113 535
113 383
154 542
154 383
187 387 402 546 605 702 713 781 
187 781
187 387
387 546
402 605
546 605
605 702
713 781
37 145 351 391 399 533 541 579 600 608 611 
37 399
37 608
145 579
351 541
391 533
399 541
533 600
579 600
600 608
608 611
216 256 370 397 507 749 
216 256
216 507
256 370
256 749
370 397
8 659 
8 659
162 201 246 475 
162 201
201 246
246 475
6 67 242 262 407 501 580 683 728 
6 501
6 262
67 683
242 728
242 580
262 728
407 501
501 683
28 100 499 509 756 
28 509
100 499
499 756
509 756
143 465 638 
143 638
465 638
517 633 676 
517 633
633 676
26 144 204 205 220 322 456 490 538 697 770 779 
26 770
26 322
144 697
144 220
144 456
204 490
204 205
220 538
322 490
538 770
697 779
282 311 323 396 780 
282 396
282 323
311 780
323 780
98 126 171 184 239 298 436 768 
98 298
126 436
126 239
171 768
171 298
184 436
436 768
9 222 299 365 
9 365
222 365
222 299
39 119 219 238 252 281 288 309 359 569 701 
39 359
39 219
39 281
39 252
119 309
119 359
238 701
238 281
281 288
569 701
97 130 217 225 314 488 631 660 
97 631
130 631
130 225
217 660
225 660
314 488
488 631
78 
194 452 520 671 
194 452
452 671
520 671
327 588 
327 588
38 51 63 94 99 157 301 347 416 512 568 587 644 664 696 783 
38 301
38 63
38 664
51 644
63 568
94 157
94 512
94 416
99 587
99 644
157 783
301 696
347 568
512 587
696 783
170 403 472 504 
170 504
170 472
170 403
16 95 455 653 755 762 
16 95
16 755
95 653
95 762
455 755
258 
24 260 325 356 382 492 565 593 
24 492
260 356
325 492
325 356
356 593
382 593
382 565
25 58 84 198 207 233 278 289 420 482 556 578 692 717 773 
25 207
58 717
58 198
84 289
84 578
198 773
207 556
207 233
233 289
278 692
420 692
420 556
482 692
578 773
83 209 320 547 686 
83 686
83 209
209 547
320 547
3 5 79 161 332 665 687 
3 161
5 79
79 332
161 665
332 687
665 687
146 292 
146 292
141 276 427 
141 276
276 427
53 76 366 670 
53 76
76 366
366 670
21 55 65 77 133 156 196 203 355 394 419 448 460 494 573 584 617 624 639 655 681 715 
21 77
55 77
55 639
65 196
133 448
133 156
156 355
196 460
203 419
203 624
355 681
355 617
394 715
394 655
419 448
460 681
460 639
494 715
573 715
573 624
584 655
50 81 165 261 296 333 341 449 505 764 766 
50 261
81 333
165 261
165 764
261 766
296 505
296 333
333 764
341 766
449 505
375 524 544 625 
375 544
524 625
544 625
31 101 176 177 324 528 769 
31 528
31 176
101 324
101 177
176 177
528 769
241 
29 346 386 545 626 629 731 743 
29 743
29 629
346 731
346 626
386 545
545 629
731 743
34 753 
34 753
1 147 271 275 444 511 
1 275
1 511
147 271
147 444
271 511
72 92 592 649 
72 649
72 92
92 592
32 36 125 148 226 310 423 473 634 647 673 738 754 
32 754
32 647
36 148
125 473
148 473
148 423
226 738
226 423
310 754
634 738
647 673
738 754
35 48 70 163 316 338 377 487 677 
35 677
35 316
48 677
48 163
70 338
316 377
316 338
377 487
150 195 510 570 
150 570
195 570
510 570
61 66 80 518 
61 518
61 66
80 518
12 121 186 212 294 335 372 411 476 620 784 
12 372
12 476
12 186
12 294
121 476
186 212
212 335
294 411
372 620
620 784
10 248 349 506 567 604 757 
10 604
10 506
248 349
349 567
567 604
567 757
44 108 116 122 169 174 285 339 381 393 412 450 496 572 607 641 709 
44 285
44 607
108 641
108 607
108 381
116 572
116 412
122 285
122 450
122 393
169 393
174 607
339 709
381 709
496 641
572 709
7 41 
7 41
200 463 
200 463
132 319 571 
132 571
132 319
13 103 138 175 308 367 468 516 635 682 727 745 
13 682
13 138
13 516
103 367
103 308
175 727
367 745
367 468
468 516
635 682
727 745
763 
342 409 502 559 599 714 793 
342 409
409 502
502 599
502 714
559 793
559 599
105 114 306 392 479 521 662 752 
105 662
105 114
306 662
392 479
479 521
521 752
662 752
269 
470 
75 404 689 778 782 785 
75 782
75 404
404 778
689 785
778 785
159 
47 235 
47 235
353 650 723 789 
353 723
650 789
723 789
91 168 797 
91 797
91 168
11 164 231 287 307 405 667 730 
11 287
11 307
164 307
164 667
231 730
231 405
405 667
30 45 60 120 136 142 152 199 254 257 295 303 354 358 413 415 461 513 582 609 654 700 706 748 
30 582
45 142
45 461
45 199
60 152
60 654
60 609
120 513
120 354
136 358
199 748
199 254
254 609
257 706
257 415
295 413
295 358
295 354
303 609
303 513
358 706
461 582
700 748
4 155 215 277 493 553 614 725 735 741 
4 155
4 215
155 277
215 553
215 614
277 493
277 725
553 741
735 741
704 
0 89 459 486 519 615 684 
0 684
89 486
89 684
459 486
459 615
486 519
612 
193 197 237 357 430 739 
193 430
193 357
197 237
237 357
357 739
243 266 551 640 
243 551
266 551
551 640
71 244 329 514 666 719 720 
71 514
71 329
244 719
514 666
666 719
719 720
774 
128 290 318 722 736 777 794 
128 777
290 736
290 777
290 722
318 722
736 794
40 336 410 610 
40 336
336 610
410 610
57 62 343 345 369 379 462 498 603 645 
57 462
62 345
343 645
343 379
343 345
369 379
369 462
498 603
603 645
249 360 385 443 537 
249 385
249 537
360 443
443 537
15 23 716 
15 716
23 716
211 388 390 481 618 637 680 790 
211 637
211 388
388 390
388 790
390 618
481 618
637 680
49 59 82 304 317 451 515 
49 82
49 59
82 304
304 451
317 515
451 515
561 
19 102 302 478 698 729 
19 698
102 698
102 478
102 302
478 729
210 445 
210 445
118 674 
118 674
106 124 178 284 344 439 525 558 661 
106 661
124 439
124 344
178 284
284 344
344 525
439 661
558 661
192 384 
192 384
190 
315 408 529 630 737 788 
315 630
315 408
408 737
529 788
630 788
64 221 364 401 534 566 577 619 651 703 726 775 
64 364
64 534
221 775
221 703
364 619
401 577
534 651
566 775
566 577
577 651
619 726
786 
129 230 245 274 437 594 759 760 
129 230
129 245
230 437
230 760
245 759
274 437
594 760
350 426 688 
350 688
350 426
43 489 548 622 742 
43 548
43 742
43 489
489 622
232 464 581 616 718 
232 581
232 718
464 718
581 616
93 104 549 678 
93 678
104 678
549 678
180 185 229 454 693 
180 454
180 229
185 693
229 693
115 
90 234 417 675 
90 675
90 234
234 417
109 583 627 
109 583
583 627
33 56 135 621 
33 621
56 135
56 621
85 96 179 265 646 772 
85 265
85 179
96 772
265 772
646 772
313 326 591 598 663 679 
313 591
326 598
591 663
598 679
663 679
18 182 590 758 
18 182
18 758
182 590
127 
153 279 378 395 642 
153 642
153 395
279 642
378 642
110 361 536 
110 536
361 536
183 189 240 331 441 497 503 532 552 668 761 
183 532
189 532
189 668
240 552
240 503
331 668
441 532
441 761
497 552
552 668
68 597 
68 597
223 613 
223 613
46 140 218 264 305 467 469 491 508 522 554 562 734 
46 554
46 140
140 218
264 562
264 491
305 522
305 554
305 491
467 562
469 562
508 522
554 734
172 173 202 389 433 438 495 564 602 685 
172 433
172 602
173 495
173 433
202 564
389 564
433 564
438 685
602 685
86 250 297 531 
86 531
86 297
250 297
272 431 453 
272 453
431 453
247 447 
247 447
54 
111 
595 690 721 795 799 
595 721
690 721
721 795
795 799
112 137 160 368 434 
112 137
112 434
137 368
160 434
117 291 596 669 
117 291
291 669
291 596
2 22 27 166 253 263 270 283 293 330 376 418 539 540 543 575 606 628 643 691 
2 283
2 539
2 643
22 691
27 606
27 575
166 330
166 376
253 691
253 543
263 270
263 628
270 376
283 540
293 606
293 628
376 691
418 628
575 643
586 711 
586 711
458 
236 280 
236 280
74 88 167 191 321 
74 191
74 88
74 321
88 167
181 337 398 733 744 787 
181 733
181 337
337 744
337 398
398 787
17 363 400 474 477 480 585 632 699 732 
17 699
17 477
363 585
363 732
400 474
474 480
474 732
585 632
585 699
149 151 206 213 373 432 485 555 705 740 750 751 798 
149 750
149 751
151 485
151 751
206 213
213 555
373 750
432 705
485 740
555 705
705 798
751 798
765 
134 466 557 574 694 767 
134 767
466 694
557 767
574 694
574 767
139 188 380 440 483 576 589 652 747 791 
139 747
139 483
188 483
188 440
380 576
576 791
589 791
589 652
652 747
672 708 
672 708
273 
14 52 251 352 374 500 
14 52
14 251
52 500
352 500
352 374
Score = 351876
