? 9 748 703 179 105 262 730 176 787 567 
? 9 200 784 139 677 25 88 89 575 507 
? 9 38 548 773 398 55 744 639 697 423 
? 9 51 359 795 546 688 340 761 253 371 
? 9 485 23 264 275 514 798 723 181 472 
? 9 568 244 769 238 56 580 107 698 435 
? 9 46 116 505 319 416 118 429 708 304 
? 9 222 695 726 376 633 208 305 576 692 
? 9 794 67 42 720 665 526 73 52 477 
? 9 212 649 127 203 666 570 670 194 547 
? 9 746 479 180 15 631 28 669 394 282 
? 9 323 638 289 766 6 298 113 150 70 
? 9 29 738 325 187 80 718 185 653 145 
? 9 709 369 223 276 705 647 167 400 786 
? 9 189 551 504 165 743 557 701 520 745 
? 9 202 261 619 487 471 729 384 280 532 
? 9 128 785 717 132 220 427 361 387 402 
? 9 43 474 40 467 446 680 213 797 45 
? 9 114 307 768 625 523 765 780 436 736 
? 9 120 408 438 658 184 782 506 735 646 
? 9 154 119 462 592 409 356 597 108 50 
? 9 762 750 372 354 799 172 466 9 138 
? 9 235 711 19 209 774 422 163 725 418 
? 9 358 430 295 428 539 542 286 249 525 
? 9 47 574 732 141 66 425 641 381 162 
? 9 579 442 270 193 284 16 563 582 112 
? 9 268 84 391 545 124 433 44 293 404 
? 9 144 458 615 170 1 152 687 82 489 
? 9 655 216 724 149 322 349 301 419 247 
? 9 111 775 17 629 158 757 315 243 417 
? 9 671 554 476 363 612 2 14 225 607 
? 9 229 749 309 77 367 186 389 734 32 
? 9 741 460 3 488 424 659 370 617 448 
? 9 63 763 125 201 492 260 274 362 676 
? 9 204 536 496 388 211 776 83 234 543 
? 9 464 445 68 314 733 684 499 117 614 
? 9 791 527 197 311 26 136 237 392 36 
? 9 8 500 49 518 332 493 753 157 210 
? 9 583 636 405 483 221 415 312 335 561 
? 9 390 217 182 324 143 451 626 664 188 
? 9 279 383 353 622 190 691 544 159 740 
? 9 401 336 598 302 469 140 715 337 534 
? 9 224 440 101 92 245 364 151 327 459 
? 9 12 519 142 69 681 310 27 122 273 
? 9 588 313 584 60 86 457 630 21 160 
? 9 700 130 555 239 178 41 31 74 482 
? 9 601 535 577 618 431 13 767 329 569 
? 9 241 414 747 706 95 693 413 24 565 
? 9 627 259 591 651 164 778 624 610 5 
? 9 198 0 512 58 97 679 126 634 318 
? 9 412 131 502 550 755 355 796 530 468 
? 9 594 604 199 696 420 410 537 645 524 
? 9 22 602 102 540 528 174 719 91 685 
? 9 191 248 399 285 443 600 256 478 699 
? 9 781 662 455 236 65 690 608 673 481 
? 9 177 347 147 54 104 623 297 793 596 
? 9 777 564 380 682 330 508 553 635 173 
? 9 533 434 98 240 756 348 61 549 257 
? 9 155 585 560 123 175 148 206 599 11 
? 9 480 656 644 287 300 7 674 406 168 
? 9 192 556 716 558 722 79 161 552 522 
? 9 712 267 663 728 660 90 341 727 263 
? 9 704 246 375 754 75 463 345 351 233 
? 9 771 737 710 226 668 510 486 501 33 
? 9 34 714 218 135 377 48 317 432 357 
? 9 99 447 683 686 338 559 30 166 702 
? 9 461 515 100 333 227 39 134 386 603 
? 9 37 628 589 231 379 18 571 452 277 
? 9 694 115 581 509 578 10 742 153 281 
? 9 207 183 538 96 196 271 541 378 230 
? 9 403 352 587 772 572 648 110 219 250 
? 9 85 326 296 759 672 20 456 407 195 
? 9 760 789 59 62 339 342 441 393 752 
? 9 283 650 156 129 595 450 531 609 788 
? 9 731 365 586 215 76 613 146 517 252 
? 9 320 291 616 484 689 64 678 294 232 
? 9 373 87 449 657 109 562 640 368 707 
? 9 299 475 494 713 620 254 470 516 675 
? 9 652 611 566 321 643 473 396 374 395 
? 9 306 71 426 770 529 437 290 491 343 
? 9 103 495 661 511 621 503 790 497 667 
? 9 421 573 331 214 350 242 93 171 637 
? 9 498 444 382 642 228 593 133 751 94 
? 9 78 57 606 303 439 258 764 513 251 
? 9 278 346 465 385 269 792 783 106 205 
? 9 632 739 81 344 779 316 255 137 490 
? 9 4 265 334 288 654 308 272 721 328 
? 9 35 266 397 72 590 360 121 169 521 
? 9 748 52 73 703 179 105 262 730 176 
? 9 787 567 665 200 784 42 576 139 677 
? 9 305 633 25 88 376 726 89 575 507 
? 9 708 38 429 548 118 773 398 416 55 
? 9 744 639 697 423 51 359 795 546 688 
? 9 435 340 761 253 371 485 23 264 275 
? 9 514 798 723 238 568 472 181 369 244 
? 9 769 709 56 145 653 580 107 185 698 
? 9 718 325 738 29 46 116 70 505 150 
? 9 319 113 298 6 304 222 695 638 208 
? 9 323 394 669 692 28 794 67 631 15 
? 9 479 720 547 670 526 127 649 477 212 
? 9 213 680 446 467 203 768 40 474 666 
? 9 570 194 43 402 746 387 180 361 427 
? 9 220 132 717 785 128 532 280 384 729 
? 9 282 471 487 119 289 619 261 202 745 
? 9 766 520 701 557 743 50 165 504 551 
? 9 189 786 187 80 400 167 647 705 276 
? 9 223 209 774 19 711 235 138 422 9 
? 9 466 172 799 354 372 430 750 762 428 
? 9 108 597 356 409 592 462 154 646 735 
? 9 66 506 782 184 641 162 579 658 438 
? 9 442 408 270 120 736 436 780 582 765 
? 9 523 625 84 307 114 45 545 797 124 
? 9 391 44 293 268 112 404 144 563 16 
? 9 284 193 615 170 1 381 687 425 82 
? 9 489 655 141 216 732 574 724 47 149 
? 9 525 322 349 249 286 542 539 775 17 
? 9 629 158 757 295 315 243 358 417 671 
? 9 418 725 163 612 2 14 225 607 229 
? 9 749 309 77 367 186 389 734 32 363 
? 9 476 741 554 460 3 488 424 659 370 
? 9 617 448 63 763 125 201 492 561 111 
? 9 247 260 419 415 274 362 676 204 301 
? 9 536 483 496 388 211 776 157 83 234 
? 9 543 464 445 68 152 314 733 458 684 
? 9 499 117 614 791 518 527 197 49 500 
? 9 433 311 136 26 86 237 392 36 8 
? 9 332 273 122 310 519 493 12 753 459 
? 9 327 210 583 636 405 245 221 312 335 
? 9 337 390 140 217 469 182 336 324 143 
? 9 740 451 544 691 190 626 664 622 188 
? 9 353 279 383 198 5 624 778 159 164 
? 9 401 598 302 651 715 591 259 534 627 
? 9 224 565 440 101 693 92 95 364 151 
? 9 414 569 767 142 13 69 618 577 681 
? 9 27 535 601 482 588 74 41 313 178 
? 9 239 555 130 584 60 160 457 21 630 
? 9 65 455 662 781 700 699 478 256 600 
? 9 31 443 285 399 248 191 685 91 719 
? 9 174 623 431 528 540 102 602 22 329 
? 9 524 645 537 241 747 706 410 420 696 
? 9 199 604 594 468 530 413 24 796 355 
? 9 553 755 173 550 502 131 412 318 123 
? 9 634 126 679 11 97 58 512 610 0 
? 9 300 287 644 656 480 674 599 206 406 
? 9 148 168 175 192 556 560 585 155 558 
? 9 257 549 61 348 756 240 98 434 533 
? 9 635 522 712 267 508 330 682 663 380 
? 9 564 660 90 341 777 727 263 246 375 
? 9 754 596 793 75 463 345 297 233 104 
? 9 771 737 54 710 147 668 347 486 177 
? 9 481 673 501 608 34 690 236 135 218 
? 9 377 714 48 317 33 432 357 99 510 
? 9 447 683 686 338 559 226 30 166 702 
? 9 461 515 100 351 227 39 134 386 603 
? 9 704 37 628 589 728 231 379 18 571 
? 9 452 277 694 552 161 115 581 79 509 
? 9 722 716 578 10 281 207 7 183 96 
? 9 196 271 541 538 374 396 473 378 230 
? 9 643 403 153 352 587 772 742 652 572 
? 9 470 254 648 110 219 250 85 326 296 
? 9 759 672 20 456 407 195 760 789 59 
? 9 62 339 342 441 640 393 752 283 650 
? 9 156 129 333 678 595 450 531 609 788 
? 9 731 689 365 586 252 215 76 613 146 
? 9 269 465 517 346 320 291 764 258 616 
? 9 439 484 303 606 64 57 294 78 232 
? 9 751 373 87 133 449 593 657 109 562 
? 9 444 498 637 368 707 242 350 299 214 
? 9 421 475 667 494 511 661 713 495 620 
? 9 103 491 290 516 675 437 611 566 321 
? 9 770 71 306 395 426 453 411 529 366 
? 9 454 343 53 292 758 605 521 169 621 
? 9 503 790 121 497 573 331 360 590 72 
? 9 93 397 171 266 35 328 721 382 642 
? 9 228 272 308 654 288 94 334 265 4 
? 9 490 137 255 316 513 779 251 344 278 
? 9 212 748 477 52 73 127 703 179 105 
? 9 526 262 730 176 787 567 665 200 720 
? 9 479 784 42 67 794 692 576 139 677 
? 9 305 323 208 633 25 88 376 726 89 
? 9 695 575 222 304 507 708 38 429 548 
? 9 118 773 398 416 55 744 319 639 697 
? 9 505 423 51 116 46 359 795 29 546 
? 9 688 435 340 761 253 371 485 23 264 
? 9 698 185 107 580 275 145 56 514 798 
? 9 723 238 769 244 568 472 181 369 223 
? 9 276 235 705 709 647 653 167 400 718 
? 9 80 187 786 189 325 738 551 504 70 
? 9 165 50 150 743 113 557 701 520 298 
? 9 6 356 766 745 202 261 619 289 638 
? 9 119 487 471 282 735 394 669 729 384 
? 9 506 280 28 532 128 785 717 631 15 
? 9 132 220 427 361 180 387 746 780 402 
? 9 547 43 194 670 570 666 474 40 768 
? 9 203 467 446 680 649 213 797 545 45 
? 9 391 114 307 293 84 268 625 112 523 
? 9 765 582 563 16 284 193 436 736 120 
? 9 615 170 270 408 442 438 658 579 162 
? 9 381 641 184 782 425 66 141 216 732 
? 9 574 646 154 724 47 149 525 322 349 
? 9 249 286 462 542 592 539 409 597 108 
? 9 158 428 762 750 295 430 358 417 372 
? 9 354 418 799 725 172 466 9 163 612 
? 9 422 138 607 711 19 229 774 209 749 
? 9 309 225 77 14 2 367 186 389 734 
? 9 626 32 363 476 741 554 460 3 671 
? 9 488 424 243 659 315 370 617 757 448 
? 9 63 629 763 390 17 125 201 492 561 
? 9 775 111 247 260 419 415 274 362 676 
? 9 204 301 536 483 496 388 211 776 157 
? 9 753 83 655 489 493 82 234 543 464 
? 9 445 687 68 152 1 314 733 458 684 
? 9 499 117 614 144 404 791 518 527 44 
? 9 197 49 500 433 311 237 136 124 26 
? 9 457 86 392 36 60 8 584 555 178 
? 9 332 313 74 588 482 273 122 27 310 
? 9 681 577 69 13 142 767 519 12 459 
? 9 327 414 151 364 210 583 636 95 405 
? 9 245 221 92 693 101 312 440 565 335 
? 9 224 534 337 591 715 651 140 217 469 
? 9 182 302 598 336 324 143 401 740 451 
? 9 164 159 544 691 190 664 622 778 188 
? 9 624 5 353 279 383 300 0 198 610 
? 9 512 58 97 11 679 206 126 148 634 
? 9 175 123 560 318 585 155 412 131 549 
? 9 61 756 502 240 98 434 550 173 259 
? 9 755 627 553 355 508 796 24 413 530 
? 9 468 330 594 604 199 696 420 410 706 
? 9 747 241 596 569 537 793 645 524 329 
? 9 297 22 602 102 540 528 431 623 618 
? 9 174 54 719 535 91 147 601 685 191 
? 9 248 399 285 443 31 481 673 41 600 
? 9 239 130 256 608 478 699 700 781 662 
? 9 160 455 690 21 65 236 630 135 218 
? 9 377 714 34 48 317 33 432 357 99 
? 9 501 177 486 347 510 447 668 683 686 
? 9 338 559 226 710 166 737 702 771 461 
? 9 104 515 100 233 351 227 345 463 75 
? 9 39 754 134 386 603 375 246 704 628 
? 9 263 727 777 341 90 660 564 380 589 
? 9 728 663 682 379 267 18 712 571 522 
? 9 635 452 277 694 552 533 161 115 581 
? 9 79 509 348 257 722 558 716 578 556 
? 9 10 192 168 406 599 674 281 480 207 
? 9 7 183 656 644 287 196 271 395 96 
? 9 541 538 374 396 473 378 230 643 321 
? 9 403 566 153 611 352 587 772 742 652 
? 9 572 675 516 470 254 620 648 110 219 
? 9 250 713 85 326 296 759 494 672 20 
? 9 456 407 195 475 760 299 789 59 707 
? 9 368 62 339 231 342 441 640 562 37 
? 9 393 752 283 109 657 650 449 156 129 
? 9 87 373 232 333 294 678 595 64 450 
? 9 531 609 788 30 731 689 484 616 365 
? 9 586 291 320 252 517 215 76 613 146 
? 9 792 783 269 106 385 205 632 465 739 
? 9 81 346 278 344 251 779 513 316 764 
? 9 258 439 255 303 137 606 490 4 265 
? 9 57 334 78 94 288 751 654 133 593 
? 9 308 272 228 642 382 444 721 498 328 
? 9 637 35 266 171 397 93 242 72 350 
? 9 590 214 360 331 573 421 667 497 121 
? 9 790 503 621 169 521 511 661 495 605 
? 9 758 292 53 103 343 454 491 290 437 
? 9 212 748 477 52 73 649 127 446 703 
? 9 179 105 526 262 467 203 730 40 474 
? 9 666 176 787 567 570 670 194 547 665 
? 9 200 720 746 479 180 361 220 15 784 
? 9 631 42 67 794 28 692 280 576 139 
? 9 669 394 677 282 305 323 208 638 633 
? 9 25 88 376 726 289 89 695 575 222 
? 9 304 507 708 38 429 766 548 6 298 
? 9 118 773 398 520 416 113 55 744 319 
? 9 639 697 150 505 423 51 70 116 46 
? 9 359 795 29 546 688 435 340 761 253 
? 9 738 371 325 485 23 187 80 264 718 
? 9 698 400 185 107 580 653 275 145 56 
? 9 514 798 723 709 238 769 244 568 369 
? 9 472 181 209 774 229 223 19 711 607 
? 9 276 235 705 647 138 422 612 163 167 
? 9 9 466 172 725 786 189 799 418 354 
? 9 372 551 417 358 430 504 295 750 762 
? 9 165 50 428 158 743 557 701 108 597 
? 9 356 409 539 592 542 745 462 202 286 
? 9 249 261 619 349 322 525 149 47 119 
? 9 724 487 471 154 646 735 574 732 729 
? 9 384 216 141 66 506 532 425 128 782 
? 9 184 641 785 717 381 162 579 658 438 
? 9 132 442 427 408 270 387 170 615 120 
? 9 736 436 780 193 402 43 284 16 563 
? 9 582 765 523 112 625 768 268 84 293 
? 9 680 307 114 391 213 45 545 797 26 
? 9 86 124 136 237 311 433 392 36 8 
? 9 500 49 197 44 527 518 332 791 404 
? 9 144 614 273 117 499 122 684 458 733 
? 9 310 314 1 152 68 687 445 464 543 
? 9 519 234 82 493 12 489 655 83 753 
? 9 459 327 157 776 211 210 388 496 583 
? 9 636 405 245 483 536 221 301 204 676 
? 9 362 274 415 419 312 260 247 111 775 
? 9 335 561 492 337 201 125 17 390 629 
? 9 763 63 448 757 617 370 140 217 469 
? 9 182 315 659 243 424 336 488 671 324 
? 9 143 3 740 451 460 554 544 741 691 
? 9 476 190 363 32 626 734 389 664 622 
? 9 188 186 367 2 14 77 225 353 309 
? 9 279 383 749 300 0 198 5 610 624 
? 9 512 58 97 11 679 206 778 126 148 
? 9 634 175 159 123 164 401 560 318 585 
? 9 155 598 412 131 302 549 61 756 502 
? 9 240 651 98 715 434 550 591 173 259 
? 9 755 534 627 224 565 553 440 355 508 
? 9 796 24 101 413 530 330 468 594 604 
? 9 693 92 199 696 420 95 410 706 747 
? 9 364 151 414 241 596 569 537 793 645 
? 9 524 329 297 22 602 102 767 142 540 
? 9 528 13 431 623 69 618 577 681 174 
? 9 54 27 719 535 91 147 601 685 191 
? 9 248 399 482 285 443 588 74 31 481 
? 9 673 41 313 600 178 239 555 130 256 
? 9 608 478 584 60 699 700 781 662 160 
? 9 455 690 457 21 65 236 630 146 135 
? 9 218 377 714 613 34 48 317 33 432 
? 9 357 99 501 177 586 486 347 510 447 
? 9 668 683 686 338 559 226 731 710 30 
? 9 166 737 609 702 531 771 450 461 595 
? 9 104 515 100 333 233 129 351 156 227 
? 9 345 463 75 39 754 134 283 386 752 
? 9 393 603 375 246 704 37 628 263 727 
? 9 777 341 90 660 564 380 589 728 342 
? 9 663 682 231 379 339 62 267 18 712 
? 9 59 571 522 635 789 452 277 694 552 
? 9 195 407 456 533 161 115 581 79 20 
? 9 509 759 296 348 326 85 257 250 110 
? 9 648 722 558 716 578 556 10 192 572 
? 9 168 742 406 587 352 153 599 674 281 
? 9 403 480 207 230 7 183 656 644 378 
? 9 287 538 541 96 196 271 395 374 396 
? 9 306 71 473 643 426 770 321 453 566 
? 9 611 772 411 529 366 652 437 675 516 
? 9 290 491 454 343 103 470 254 620 53 
? 9 292 758 219 605 495 713 661 511 494 
? 9 521 672 169 621 503 790 121 497 667 
? 9 475 421 760 573 331 360 214 299 590 
? 9 350 72 242 707 93 397 368 171 266 
? 9 35 637 441 640 328 498 721 444 382 
? 9 562 642 228 109 657 272 308 593 650 
? 9 449 133 87 654 373 751 288 232 94 
? 9 78 294 678 334 57 64 265 4 490 
? 9 788 606 137 689 303 255 484 439 616 
? 9 365 258 764 291 316 513 779 251 344 
? 9 320 252 278 346 517 215 81 739 465 
? 9 797 212 748 477 545 45 52 73 213 
? 9 649 391 114 307 680 127 446 703 179 
? 9 105 526 262 467 293 84 203 268 768 
? 9 730 625 40 474 666 112 523 176 787 
? 9 567 765 582 563 16 570 670 284 194 
? 9 43 547 402 665 200 193 780 436 736 
? 9 120 615 170 720 746 387 479 180 270 
? 9 361 408 427 220 442 132 438 15 784 
? 9 631 658 42 579 162 381 717 785 641 
? 9 184 782 128 425 532 67 794 28 692 
? 9 280 506 66 576 141 216 139 384 729 
? 9 669 732 574 394 735 646 677 154 282 
? 9 305 323 471 208 487 724 119 638 47 
? 9 149 633 25 525 322 88 376 349 726 
? 9 289 619 261 89 695 575 249 222 286 
? 9 304 507 202 708 38 462 745 542 429 
? 9 592 766 539 548 409 356 6 298 118 
? 9 597 773 398 520 108 416 701 557 113 
? 9 55 743 744 319 639 697 158 150 505 
? 9 428 50 165 762 423 51 70 750 295 
? 9 116 46 504 359 795 29 546 430 688 
? 9 435 358 417 551 372 354 340 761 253 
? 9 418 738 799 371 325 189 485 786 725 
? 9 23 187 172 80 264 718 698 400 466 
? 9 9 185 107 580 167 163 612 653 275 
? 9 145 56 422 514 138 647 798 723 709 
? 9 238 769 705 235 244 276 568 607 711 
? 9 19 223 229 774 369 472 209 181 300 
? 9 749 383 0 198 279 309 353 225 5 
? 9 610 624 77 512 58 97 14 11 679 
? 9 2 367 206 186 188 778 126 622 664 
? 9 389 734 626 32 363 634 148 190 476 
? 9 691 741 175 544 159 554 123 164 460 
? 9 451 740 401 3 143 324 560 318 585 
? 9 671 488 336 155 598 412 131 302 424 
? 9 243 659 315 182 469 549 61 217 140 
? 9 756 502 370 617 240 757 651 448 98 
? 9 715 434 63 550 763 629 591 390 17 
? 9 125 201 173 259 755 337 534 492 627 
? 9 224 561 335 565 775 553 440 111 247 
? 9 260 355 312 508 419 796 24 101 415 
? 9 413 530 274 330 468 594 604 362 676 
? 9 204 693 92 301 199 221 696 536 420 
? 9 483 245 405 95 410 636 583 496 706 
? 9 388 210 747 364 211 776 157 151 414 
? 9 327 241 459 753 596 569 537 83 793 
? 9 655 645 489 12 524 329 297 493 22 
? 9 602 102 82 234 519 767 543 464 445 
init_score -1.60839e+06
final_score: -2.50288e+06
times: 32057
update: 477
accept: 14
!
212 748 
212 748
52 73 105 127 179 262 477 526 649 703 
52 73
52 477
73 179
73 649
105 262
127 649
179 703
262 703
262 526
176 787 
176 787
200 567 665 
200 665
200 567
746 
42 67 479 692 784 
42 67
67 692
479 692
692 784
139 576 
139 576
180 
677 
25 88 305 548 633 
25 88
88 633
305 633
548 633
38 208 323 507 575 
38 507
208 323
208 575
507 575
89 376 429 726 
89 726
89 376
376 429
304 695 708 
304 708
304 695
55 398 416 744 
55 398
55 744
398 416
638 
359 
639 697 773 
639 697
697 773
118 
46 
29 51 116 319 423 505 546 
29 423
29 116
51 423
51 546
116 505
319 505
6 
688 795 
688 795
23 107 185 253 264 275 340 371 485 580 698 761 
23 485
23 264
107 698
107 580
185 580
253 761
253 371
264 275
264 698
340 761
371 485
138 
223 
238 244 568 723 769 
238 568
244 723
244 769
568 723
145 
181 472 798 
181 472
472 798
369 
167 400 647 705 
167 705
167 400
400 647
276 
80 187 718 
80 187
80 718
56 653 786 
56 786
56 653
514 709 
514 709
189 
165 325 435 504 551 738 
165 504
325 738
435 738
504 551
551 738
50 
70 150 
70 150
520 557 
520 557
701 743 
701 743
113 298 
113 298
766 
119 202 222 261 282 289 356 384 394 471 487 619 669 729 732 745 
119 471
119 732
202 745
202 619
222 282
222 289
261 619
282 487
282 394
289 619
356 745
384 729
384 669
394 669
471 487
280 785 
280 785
128 532 717 
128 532
532 717
28 184 
28 184
720 
132 220 361 
132 220
220 361
15 43 387 402 427 436 547 570 631 670 780 794 
15 427
15 631
43 402
43 570
387 427
387 780
402 436
436 780
547 670
570 670
631 794
40 203 446 467 474 666 680 730 768 
40 474
40 203
203 768
446 680
446 768
446 730
467 680
474 666
114 
545 797 
545 797
45 84 213 268 293 
45 84
45 213
84 268
268 293
391 
307 523 625 
307 523
523 625
563 582 
563 582
765 
16 112 284 
16 284
16 112
193 194 736 
193 736
193 194
408 615 
408 615
1 
120 270 
120 270
579 641 658 
579 658
641 658
162 381 438 442 
162 381
162 438
438 442
782 
66 141 216 425 506 735 
66 506
66 141
141 425
216 506
506 735
154 322 574 646 724 
154 646
322 724
574 646
574 724
47 149 286 349 525 
47 149
47 349
286 525
349 525
539 
249 542 
249 542
108 158 295 372 409 428 462 592 597 750 762 799 
108 597
108 428
158 295
295 762
372 750
372 428
372 799
409 592
409 462
592 597
762 799
554 
358 
354 
418 725 
418 725
430 
172 
9 466 
9 466
2 19 163 209 422 607 711 
2 163
2 607
19 711
163 422
209 422
209 711
235 774 
235 774
14 77 225 229 309 612 749 
14 225
14 612
77 309
77 612
229 749
309 749
664 
32 186 367 626 734 
32 734
32 186
367 734
626 734
363 476 
363 476
460 741 
460 741
3 243 315 370 417 424 488 659 671 757 
3 424
243 315
243 659
243 417
370 659
370 757
424 659
424 488
488 671
448 617 
448 617
224 
17 
63 125 201 492 629 763 
63 125
63 763
125 201
201 492
629 763
111 247 561 
111 247
111 561
274 415 
274 415
419 775 
419 775
260 362 388 483 496 536 636 
260 362
362 388
388 536
483 636
496 636
536 636
676 
301 
204 
157 210 211 
157 211
157 210
464 
83 234 314 489 543 655 
83 489
234 543
234 489
314 543
489 655
327 
82 687 
82 687
170 
68 152 445 
68 445
152 445
684 733 
684 733
117 499 
117 499
404 458 
404 458
500 518 527 791 
500 518
500 791
527 791
124 
26 36 49 86 136 237 311 433 
26 237
26 433
36 86
36 49
86 136
136 311
136 237
8 60 144 197 392 457 614 
8 457
8 392
8 614
60 457
144 614
197 392
44 
313 588 
313 588
41 555 584 
41 555
555 584
74 482 
74 482
332 
122 310 
122 310
13 174 577 681 
13 681
174 577
577 681
27 69 
27 69
142 
535 
12 459 519 
12 519
12 459
364 414 
364 414
151 493 753 
151 493
493 753
245 405 583 
245 405
405 583
776 
92 95 693 
92 693
95 693
101 221 312 335 337 440 565 591 651 715 
101 440
101 221
312 335
335 337
337 591
440 565
440 651
591 651
651 715
173 
140 182 217 390 
140 182
140 390
182 217
740 
143 302 324 336 469 598 
143 324
143 336
302 598
302 336
469 598
0 
159 634 
159 634
190 389 401 451 544 622 691 
190 622
190 389
401 451
451 544
544 691
622 691
5 198 610 624 
5 624
198 610
610 624
188 
279 353 383 
279 353
353 383
281 287 300 480 
281 300
287 480
287 300
164 778 
164 778
11 58 97 126 512 
11 126
11 512
58 512
97 126
123 148 155 175 560 585 
123 175
123 560
123 148
155 585
560 585
412 
131 
240 635 756 
240 756
240 635
502 
98 533 
98 533
434 550 
434 550
259 
534 627 755 
534 627
534 755
355 508 594 
355 508
355 594
24 330 413 468 530 604 796 
24 413
24 796
330 468
468 530
530 796
530 604
553 
410 420 696 
410 696
420 696
199 241 569 596 706 747 793 
199 706
241 569
241 747
241 793
596 793
706 747
524 537 
524 537
22 102 329 602 645 
22 602
22 645
102 329
102 602
297 431 528 540 618 623 767 
297 540
431 618
528 623
528 540
540 767
618 767
737 
54 147 191 
54 147
147 191
91 719 
91 719
273 
601 
248 285 399 685 
248 399
285 399
399 685
481 673 
481 673
31 130 178 239 600 
31 600
130 239
178 600
178 239
478 608 
478 608
256 662 699 700 781 
256 781
256 700
662 781
699 700
21 65 160 236 455 630 690 
21 160
21 455
65 690
65 630
236 690
455 630
34 218 
34 218
48 432 
48 432
33 99 377 
33 99
33 377
317 357 714 
317 357
317 714
135 347 443 486 501 510 
135 501
347 501
347 443
443 486
486 510
338 447 559 
338 559
447 559
166 177 226 668 683 686 702 710 
166 702
166 683
177 668
177 226
226 686
668 710
683 686
771 
75 100 104 227 233 345 461 463 515 
75 227
75 463
75 233
100 515
100 461
100 227
104 233
345 463
39 134 351 704 754 
39 134
134 704
351 754
704 754
246 283 375 386 603 
246 375
246 386
283 603
386 603
522 
263 341 564 660 727 777 
263 660
341 660
341 564
564 777
727 777
18 267 379 663 712 728 
18 379
267 663
379 728
663 728
663 712
90 231 380 589 682 
90 589
90 380
231 589
380 682
79 277 452 552 694 
79 552
79 277
277 452
552 694
115 161 581 722 
115 581
115 161
161 722
257 509 
257 509
61 348 549 
61 348
61 549
556 
10 192 558 578 716 
10 578
192 558
558 716
578 716
656 679 
656 679
206 406 599 674 
206 599
406 674
599 674
96 183 207 
96 183
183 207
7 644 
7 644
318 
321 
196 230 271 396 
196 271
230 271
230 396
168 
374 378 473 
374 473
374 378
395 
153 
538 541 
538 541
566 611 
566 611
254 352 403 470 516 572 587 620 643 648 652 675 742 772 
254 470
254 620
352 403
352 587
403 772
470 648
516 675
516 620
572 652
587 742
643 772
652 675
652 772
110 326 759 
110 326
326 759
494 713 
494 713
219 
661 
85 250 296 
85 250
85 296
667 
20 
195 407 760 
195 407
195 760
59 299 475 789 
59 789
299 789
299 475
571 
62 339 342 368 441 637 640 707 
62 339
62 640
339 342
339 441
368 707
441 707
637 707
393 752 
393 752
37 628 
37 628
272 
129 
333 
87 109 373 449 657 
87 373
87 109
109 657
449 657
232 294 678 
232 294
232 678
133 
731 
64 76 78 291 320 365 450 484 531 586 595 609 616 689 788 
64 78
76 320
78 531
291 320
291 365
365 586
365 689
450 609
450 595
484 616
484 689
531 609
595 788
689 788
146 215 252 465 517 613 783 
146 613
215 517
215 252
252 613
465 783
517 783
81 106 278 632 739 
81 278
106 739
278 632
632 739
205 792 
205 792
269 346 
269 346
251 316 344 385 513 764 779 
251 513
251 344
251 385
316 513
344 779
513 764
57 258 303 439 606 
57 606
258 439
303 439
303 606
137 255 
137 255
4 265 
4 265
30 288 334 
30 288
288 334
94 490 654 
94 654
94 490
308 
650 
156 593 751 
156 751
593 751
228 
498 642 
498 642
562 
328 382 721 
328 721
382 721
444 
35 171 266 
35 266
171 266
72 93 350 397 
72 397
72 93
93 350
214 331 573 
214 331
331 573
421 
521 
242 
590 
456 672 
456 672
121 169 360 495 497 503 511 
121 360
169 497
360 503
495 511
497 511
497 503
605 
53 103 290 292 343 366 437 454 491 621 758 790 
53 292
53 454
53 343
103 491
103 290
290 343
292 758
292 621
366 454
437 491
621 790
411 529 
411 529
71 306 426 770 
71 770
306 770
306 426
453 
Score = 275182
