? 15 469 609 321 550 666 31 179 590 630 766 768 78 557 415 316 
? 15 247 795 204 531 46 66 546 281 205 653 464 455 111 291 56 
? 15 518 308 303 347 92 317 408 146 57 201 145 283 217 508 734 
? 15 430 526 623 418 786 398 463 178 73 64 296 437 374 727 174 
? 15 588 203 379 522 101 167 285 770 621 274 448 373 645 491 676 
? 15 717 610 480 576 413 440 395 268 641 171 97 98 681 262 117 
? 15 427 663 483 767 60 638 659 750 660 743 388 52 221 485 488 
? 15 371 4 359 210 788 353 763 25 51 83 679 740 345 753 227 
? 15 545 220 260 417 109 7 312 511 635 761 524 252 671 20 82 
? 15 612 158 704 593 739 613 446 616 44 280 707 144 656 579 170 
? 15 758 726 259 80 140 732 357 792 147 422 86 436 391 525 79 
? 15 162 214 190 642 697 6 515 33 331 582 497 502 55 553 193 
? 15 683 123 344 693 368 157 307 587 736 219 781 435 783 234 348 
? 15 223 130 646 585 257 665 68 402 764 58 771 18 774 207 600 
? 15 594 113 407 248 153 385 310 22 494 628 634 492 108 74 509 
? 15 560 47 27 325 759 690 358 523 794 184 284 13 720 735 276 
? 15 65 510 754 633 597 655 723 462 629 1 152 722 384 339 453 
? 15 677 176 293 662 49 242 150 246 424 411 760 611 2 714 678 
? 15 637 149 383 598 188 198 340 40 349 674 647 209 8 369 728 
? 15 775 238 791 785 475 581 493 200 72 438 212 35 215 313 225 
? 15 450 552 126 699 668 102 54 241 712 650 258 776 125 627 640 
? 15 182 504 267 409 159 729 691 231 434 266 639 256 657 381 751 
? 15 527 713 222 218 352 706 514 688 81 782 142 458 517 412 392 
? 15 473 177 240 279 667 709 255 449 530 89 300 420 362 278 694 
? 15 532 12 618 328 9 270 672 574 265 251 654 503 143 351 235 
? 15 711 423 520 103 43 136 745 59 675 120 180 236 346 161 747 
? 15 563 356 28 648 85 77 406 498 429 104 696 277 561 154 404 
? 15 134 211 651 539 465 452 191 155 554 199 575 386 169 433 542 
? 15 389 376 537 172 387 749 516 318 755 329 796 202 237 570 216 
? 15 479 724 14 626 595 624 360 315 419 84 299 337 326 305 421 
? 15 559 192 708 382 748 445 243 454 229 535 544 403 364 619 787 
? 15 135 110 115 577 685 562 664 271 350 432 715 394 467 128 282 
? 15 88 556 416 622 41 131 730 365 336 302 295 137 731 16 572 
? 15 456 366 451 105 338 695 314 320 401 196 116 499 447 643 478 
? 15 63 490 536 48 228 114 765 591 580 793 107 138 549 213 466 
? 15 442 164 93 606 558 661 61 118 716 95 797 124 644 756 292 
? 15 287 62 769 649 5 689 702 390 341 779 607 355 127 482 377 
? 15 70 75 378 439 584 311 534 573 29 297 670 332 288 32 718 
? 15 39 323 472 26 91 680 224 460 148 244 10 615 269 306 428 
? 15 692 784 100 160 122 703 567 602 195 249 294 17 230 583 773 
? 15 444 608 566 309 652 301 586 682 571 50 121 737 333 370 34 
? 15 24 798 367 163 304 30 372 76 636 474 245 789 568 778 457 
? 15 342 23 599 780 496 589 512 426 459 529 298 471 441 605 11 
? 15 733 38 601 541 375 548 175 564 686 719 69 578 698 489 399 
? 15 322 673 481 414 272 742 363 410 461 45 37 67 250 725 543 
? 15 752 327 603 701 36 487 604 166 254 319 233 551 289 746 533 
? 15 705 335 777 684 513 330 632 625 799 96 443 185 631 687 486 
? 15 19 592 168 186 393 476 90 620 397 519 3 286 232 354 0 
? 15 334 275 119 495 700 540 324 400 741 139 790 151 431 500 239 
? 15 569 757 361 99 565 132 208 658 614 507 521 21 343 380 273 
? 15 194 261 506 206 133 501 264 253 106 141 405 183 721 528 617 
? 15 505 555 468 484 762 744 112 156 165 290 15 477 738 187 772 
? 15 710 173 71 669 181 189 396 547 263 425 53 129 42 226 470 
? 15 469 609 321 550 666 31 98 179 97 590 630 766 768 413 576 
? 15 480 78 557 415 316 247 795 204 531 46 66 546 281 205 653 
? 15 464 455 111 291 621 56 518 308 303 347 92 317 408 146 57 
? 15 203 201 145 588 283 217 508 734 374 430 64 526 178 623 463 
? 15 418 417 786 260 398 220 227 753 345 73 740 296 679 437 83 
? 15 51 25 763 727 353 174 788 210 379 522 101 167 285 359 770 
? 15 4 274 488 448 373 645 485 221 491 52 676 717 610 388 660 
? 15 750 659 638 60 440 395 268 641 171 767 483 681 427 262 515 
? 15 117 6 697 642 663 190 214 162 79 525 391 436 86 344 422 
? 15 743 147 792 357 732 140 80 259 726 758 371 170 579 656 144 
? 15 707 280 44 616 446 613 739 593 704 158 612 82 20 764 671 
? 15 252 524 761 635 511 545 109 312 7 113 594 600 207 153 774 
? 15 18 771 58 402 68 22 665 257 585 646 130 47 223 348 234 
? 15 783 435 781 219 736 587 307 157 368 693 284 13 276 65 123 
? 15 683 193 553 597 55 502 497 582 331 629 33 384 722 152 1 
? 15 462 453 723 655 293 662 49 242 150 246 633 754 411 760 510 
? 15 611 2 735 720 184 794 714 523 358 678 637 690 149 383 598 
? 15 188 759 325 40 349 674 27 647 209 8 369 560 509 74 108 
? 15 492 238 634 628 791 494 310 385 475 493 248 407 200 72 438 
? 15 212 265 35 581 215 313 225 450 785 552 126 699 532 694 668 
? 15 775 102 54 728 241 712 650 258 776 340 198 125 627 640 182 
? 15 504 267 409 159 729 691 231 177 434 424 266 639 142 81 256 
? 15 176 688 657 381 677 751 339 527 713 222 218 199 554 352 465 
? 15 706 539 651 514 211 782 458 517 412 154 392 561 473 277 240 
? 15 279 667 696 709 255 104 429 498 449 406 530 89 300 28 161 
? 15 420 362 180 120 278 675 59 12 43 103 618 328 9 270 351 
? 15 672 143 574 654 251 503 192 235 711 423 520 559 421 305 326 
? 15 136 745 337 299 236 346 84 419 747 563 356 315 360 648 85 
? 15 77 624 595 626 14 479 216 570 237 202 796 329 755 404 749 
? 15 134 387 172 537 376 389 542 452 191 433 155 169 575 456 386 
? 15 572 338 16 731 137 295 196 302 336 516 116 365 318 730 447 
? 15 131 41 622 416 63 556 88 765 591 724 282 128 467 394 715 
? 15 432 350 271 466 164 664 562 685 577 115 110 135 716 787 619 
? 15 364 644 403 544 535 229 454 243 445 748 382 5 708 702 390 
? 15 689 649 769 779 62 287 355 292 756 124 797 95 377 118 75 
? 15 584 61 661 311 558 606 93 442 213 549 138 107 793 580 718 
? 15 114 228 48 536 490 39 478 643 91 680 224 499 460 148 10 
? 15 401 320 314 695 428 105 692 451 366 784 100 160 122 703 306 
? 15 567 602 269 615 195 249 244 26 472 294 323 17 230 583 32 
? 15 773 444 608 566 288 309 652 332 670 297 301 29 586 573 682 
? 15 571 50 534 121 737 333 370 34 439 378 70 24 482 127 798 
? 15 367 163 607 304 30 372 76 636 341 474 245 789 568 778 275 
? 15 457 342 232 23 599 286 780 496 589 620 476 512 426 459 529 
? 15 298 592 471 441 605 11 733 38 601 541 375 631 548 175 564 
? 15 686 719 69 632 578 698 489 399 322 673 481 414 272 742 746 
? 15 363 410 461 45 37 67 250 725 543 604 752 487 327 603 701 
? 15 36 405 106 253 166 254 319 233 551 264 289 501 133 533 206 
? 15 705 335 777 684 513 330 380 343 21 625 521 507 799 614 96 
? 15 443 185 687 658 132 565 486 361 19 757 569 168 239 500 151 
? 15 790 139 186 393 90 397 519 3 400 354 0 334 119 495 538 
? 15 197 700 87 540 94 596 470 324 741 226 42 129 53 425 431 
? 15 263 547 396 189 181 669 71 99 173 208 710 772 187 738 477 
? 15 15 273 290 194 261 165 156 506 112 744 762 484 468 555 505 
? 15 469 609 262 321 550 666 31 681 98 179 483 97 590 171 641 
? 15 268 395 630 766 440 768 413 576 480 78 557 388 415 316 247 
? 15 610 717 795 204 531 46 676 491 645 373 66 448 546 281 205 
? 15 653 464 455 111 274 291 621 4 770 285 167 101 56 518 522 
? 15 379 308 303 347 92 317 408 146 57 203 201 145 588 283 174 
? 15 727 217 508 83 734 374 437 679 430 296 64 73 526 178 623 
? 15 463 227 398 786 418 7 312 109 417 260 220 545 511 635 761 
? 15 753 524 18 345 740 252 771 671 764 20 51 25 763 82 353 
? 15 612 788 158 704 593 739 210 613 130 446 616 44 280 707 348 
? 15 144 359 656 579 170 371 736 488 587 758 726 259 80 485 221 
? 15 52 140 732 357 792 693 147 743 660 422 344 750 659 638 86 
? 15 60 436 391 525 79 162 214 767 190 663 642 697 427 6 117 
? 15 515 33 384 722 152 1 629 462 331 582 723 655 497 293 662 
? 15 502 49 242 150 55 597 553 633 193 683 754 123 760 510 65 
? 15 611 276 2 735 720 13 284 184 794 714 523 368 157 358 678 
? 15 690 307 219 781 435 783 759 325 234 674 223 27 209 47 369 
? 15 560 509 74 108 646 492 634 585 257 665 628 791 494 22 310 
? 15 68 402 58 385 774 153 207 600 594 248 407 113 200 72 251 
? 15 438 212 265 672 35 493 581 475 270 215 313 225 450 785 552 
? 15 126 699 532 238 694 668 278 775 362 102 54 728 241 712 8 
? 15 650 258 647 420 776 349 40 340 198 125 627 188 598 640 449 
? 15 383 149 182 637 504 255 267 409 159 729 691 231 177 434 411 
? 15 424 412 246 266 639 142 782 81 256 176 688 657 381 706 677 
? 15 751 453 339 527 713 575 222 218 169 199 554 155 191 452 376 
? 15 352 537 465 539 651 514 387 211 134 749 458 517 404 755 154 
? 15 392 329 561 473 796 277 202 240 279 667 479 696 709 104 429 
? 15 498 14 406 530 595 89 624 77 85 648 360 300 28 356 563 
? 15 747 161 346 236 180 120 299 675 59 745 136 12 305 43 421 
? 15 559 103 520 618 328 9 423 711 235 351 143 574 503 654 708 
? 15 5 382 748 445 192 769 243 62 287 454 292 229 756 535 544 
? 15 403 644 364 124 619 787 716 326 135 118 110 115 61 337 577 
? 15 685 562 664 84 419 606 164 466 315 213 549 271 350 432 715 
? 15 394 467 626 128 282 580 724 591 765 88 556 216 114 570 48 
? 15 536 237 490 63 416 622 41 131 478 447 730 318 365 499 116 
? 15 516 336 302 196 295 401 172 389 542 695 137 731 16 338 433 
? 15 451 366 572 386 456 692 105 100 428 160 122 703 306 567 314 
? 15 320 269 615 195 249 10 244 148 460 224 680 91 643 26 472 
? 15 294 323 39 230 228 718 32 773 793 107 608 566 288 309 652 
? 15 332 670 297 301 29 586 573 138 682 571 50 442 93 534 558 
? 15 121 311 737 661 333 370 584 34 439 378 75 70 377 95 797 
? 15 482 127 798 355 163 607 779 304 30 649 372 76 689 636 341 
? 15 474 245 390 789 702 568 778 275 334 457 0 342 354 232 23 
? 15 367 599 286 780 3 519 496 397 589 620 90 476 24 393 512 
? 15 426 459 529 168 298 592 471 19 441 486 605 11 733 38 601 
? 15 541 375 631 185 548 443 175 799 564 686 719 69 444 632 578 
? 15 583 698 330 513 17 489 399 684 777 335 322 673 481 533 414 
? 15 272 742 746 363 410 461 45 289 37 67 551 233 319 602 250 
? 15 254 166 725 543 604 752 487 327 603 784 36 701 405 141 106 
? 15 183 253 721 528 617 505 264 555 468 501 484 762 744 133 112 
? 15 206 506 156 705 165 261 194 290 273 380 15 343 21 477 625 
? 15 738 521 507 614 96 187 687 658 772 710 208 132 173 565 99 
? 15 71 669 181 361 757 569 239 500 189 396 547 263 431 425 151 
? 15 790 139 186 53 129 42 226 741 400 324 470 596 94 540 87 
? 15 515 117 469 609 262 321 427 550 666 31 681 98 663 179 483 
? 15 97 590 767 171 641 162 268 395 630 766 440 60 768 638 659 
? 15 750 413 576 480 660 78 743 557 388 415 792 732 316 247 610 
? 15 717 795 204 531 46 676 52 491 221 485 645 373 66 448 546 
? 15 281 205 653 726 464 455 111 488 274 371 291 621 4 770 359 
? 15 144 285 167 101 56 518 522 379 308 303 347 92 210 317 408 
? 15 146 57 203 201 145 588 704 283 788 174 353 727 217 763 25 
? 15 51 508 83 734 374 437 679 430 296 740 64 73 526 178 623 
? 15 345 463 753 227 545 220 398 260 786 417 109 418 7 113 312 
? 15 407 248 594 600 511 635 207 761 153 524 774 18 252 771 671 
? 15 385 58 764 402 68 310 22 494 791 20 82 628 665 257 612 
? 15 585 158 634 492 593 739 613 646 108 74 509 560 130 369 47 
? 15 209 446 616 44 280 27 223 707 348 674 656 234 325 759 783 
? 15 435 579 170 781 219 736 587 758 259 80 307 690 678 358 157 
? 15 368 523 140 714 357 693 794 184 284 13 147 720 735 2 276 
? 15 611 65 422 510 344 760 123 754 683 193 633 553 597 55 150 
? 15 86 242 49 502 662 436 293 391 525 79 214 497 190 655 723 
? 15 582 642 331 697 462 629 1 152 722 6 384 33 527 713 222 
? 15 218 199 554 339 453 352 751 465 677 706 381 539 657 651 514 
? 15 688 176 256 211 81 782 142 458 517 639 266 246 412 424 154 
? 15 392 411 434 561 473 177 277 231 691 729 240 279 667 159 409 
? 15 267 696 709 255 104 429 504 637 182 498 149 383 449 406 530 
? 15 640 89 598 188 627 125 198 340 300 40 349 28 776 161 420 
? 15 647 258 650 8 712 241 728 54 102 362 775 180 120 278 668 
? 15 694 675 59 238 532 12 699 126 43 552 103 785 450 618 328 
? 15 9 225 313 215 270 351 475 581 493 35 672 143 574 265 212 
? 15 438 654 251 72 200 708 503 5 382 748 445 192 769 243 62 
? 15 287 235 454 711 292 423 229 756 535 544 403 644 364 520 124 
? 15 559 421 305 619 787 716 326 136 135 745 118 110 115 61 337 
? 15 577 299 685 562 236 346 664 84 419 606 747 563 164 356 466 
? 15 315 213 549 360 271 648 85 350 77 432 624 715 595 394 467 
? 15 626 14 128 282 580 724 591 479 765 88 556 216 114 570 48 
? 15 536 237 490 63 202 416 622 41 796 131 478 329 447 730 755 
? 15 318 365 499 116 404 516 336 749 302 134 196 295 387 401 172 
? 15 537 376 389 542 695 137 731 16 452 191 338 433 155 451 366 
? 15 169 572 386 456 575 784 603 692 105 100 428 160 752 122 543 
? 15 703 725 306 567 314 250 602 320 269 615 195 249 67 45 10 
? 15 461 410 363 244 742 148 272 414 460 481 224 680 322 91 643 
? 15 26 472 294 399 323 489 17 39 230 698 228 718 583 578 32 
? 15 773 444 793 69 719 107 686 608 564 566 288 309 652 175 332 
? 15 670 375 541 297 301 29 586 601 38 733 573 138 682 11 571 
? 15 50 442 605 441 471 93 534 558 298 121 529 311 459 737 661 
? 15 333 370 584 426 34 439 512 378 75 70 377 24 95 797 482 
? 15 127 589 496 798 780 599 367 23 355 163 607 342 779 304 457 
? 15 30 649 372 76 689 636 341 474 245 778 390 568 789 702 119 
? 15 275 495 538 197 334 700 0 87 354 232 540 94 596 470 324 
? 15 286 400 741 3 519 226 397 620 90 42 476 393 129 53 186 
? 15 139 790 151 425 431 263 547 396 189 500 239 168 592 569 757 
? 15 19 361 181 669 71 486 99 565 173 132 208 710 772 658 687 
? 15 187 631 185 548 443 96 614 799 507 521 738 625 632 477 21 
? 15 343 15 380 273 330 513 290 194 261 684 165 777 335 705 156 
? 15 506 206 673 533 112 746 133 744 762 484 501 468 555 289 37 
? 15 264 551 505 233 319 617 528 254 166 721 604 253 183 487 106 
? 15 33 515 117 469 384 6 722 609 262 321 152 427 1 629 462 
? 15 697 331 550 666 642 31 681 98 582 663 179 483 97 723 655 
? 15 190 590 767 171 641 497 214 162 268 79 525 391 395 293 436 
? 15 662 502 49 630 242 766 440 60 86 768 638 150 55 597 553 
? 15 633 193 683 754 659 123 750 760 413 576 344 510 422 480 660 
? 15 65 611 276 78 743 2 557 735 720 147 13 388 284 184 794 
? 15 415 693 792 357 732 316 247 714 140 610 523 717 368 157 795 
? 15 358 204 531 46 676 52 678 690 491 307 221 485 645 373 80 
? 15 66 448 546 281 205 259 653 726 758 464 455 111 587 488 274 
? 15 736 219 371 291 781 170 621 579 435 783 759 4 325 234 770 
? 15 656 359 144 674 348 285 707 223 167 27 280 44 616 446 101 
? 15 209 56 47 518 522 369 130 560 379 509 74 108 308 303 347 
? 15 92 646 613 210 317 739 408 593 146 492 57 203 201 145 588 
? 15 634 704 158 585 283 788 174 612 257 665 628 353 82 727 217 
? 15 763 25 51 20 791 508 494 22 310 68 402 83 734 764 374 
? 15 437 58 679 385 671 430 771 296 252 740 64 73 526 178 623 
? 15 345 463 18 774 524 153 753 761 207 635 511 600 227 594 545 
? 15 220 398 248 407 260 786 417 109 113 312 418 7 200 708 72 
? 15 251 654 503 438 212 265 574 5 382 748 445 143 672 192 769 
? 15 35 493 243 581 62 475 287 351 235 454 711 270 292 423 229 
? 15 756 215 535 313 544 225 403 644 9 328 364 618 450 785 520 
? 15 124 103 559 552 421 43 305 619 126 787 699 716 326 12 532 
? 15 136 135 745 118 238 110 59 115 61 675 337 577 694 299 668 
? 15 278 120 180 685 775 362 562 102 54 728 241 712 236 346 664 
? 15 8 84 650 258 419 647 420 606 161 776 747 563 164 356 28 
? 15 466 349 315 40 300 213 549 360 271 648 340 198 85 350 125 
? 15 77 432 624 627 188 715 598 89 595 640 530 394 406 449 467 
? 15 626 14 128 383 282 149 498 182 637 504 580 429 104 724 255 
? 15 709 696 591 479 267 409 765 88 159 556 216 114 667 570 279 
? 15 48 536 240 729 237 490 63 202 691 231 277 416 622 41 796 
? 15 131 177 478 473 561 434 329 411 392 447 730 154 424 755 412 
? 15 246 318 365 499 266 639 116 404 517 516 458 336 142 782 749 
? 15 81 302 134 211 256 196 295 176 688 387 514 651 657 401 539 
? 15 381 172 706 677 465 751 537 352 376 389 542 695 137 731 16 
? 15 452 191 453 338 433 339 155 554 199 451 366 169 572 218 386 
? 15 456 222 575 713 527 701 36 405 141 784 603 692 105 100 428 
? 15 327 106 160 487 183 752 122 253 604 721 543 703 725 306 567 
? 15 166 314 254 250 602 528 320 617 319 233 269 505 615 551 195 
? 15 264 249 67 37 289 555 45 10 461 410 468 501 484 762 744 
? 15 133 746 363 244 742 112 148 272 414 460 533 481 673 224 206 
? 15 680 322 506 91 643 156 705 26 335 777 165 472 684 294 261 
? 15 399 194 323 489 290 17 39 513 330 273 230 698 228 380 718 
? 15 583 15 578 32 773 343 21 477 632 625 444 793 69 719 738 
? 15 107 686 521 608 564 507 566 288 309 799 652 614 175 96 443 
? 15 548 185 332 670 631 375 187 541 297 687 301 29 658 586 601 
? 15 38 772 733 573 138 710 682 11 208 571 132 173 50 442 565 
? 15 99 605 486 71 441 669 181 361 19 471 93 534 757 558 569 
? 15 592 298 168 239 500 121 529 311 189 459 396 547 263 431 425 
? 15 737 661 151 790 333 370 584 139 426 34 186 439 512 378 75 
? 15 70 53 129 377 393 24 95 476 42 797 90 482 620 127 589 
? 15 397 496 798 226 519 3 741 780 400 286 324 599 470 596 94 
? 15 540 367 23 355 163 232 354 607 342 87 779 0 304 457 30 
? 15 700 649 372 76 334 197 689 636 341 474 538 495 275 245 778 
init_score -5.53309e+06
final_score: -6.4602e+06
times: 39677
update: 247
accept: 6
!
609 
641 681 
641 681
321 550 666 
321 666
550 666
31 97 98 
31 98
97 98
171 
469 483 
469 483
179 590 
179 590
268 395 767 
268 395
268 767
440 
46 78 205 247 316 388 413 415 480 491 531 557 576 610 630 676 766 768 795 
46 795
46 610
78 557
78 480
205 531
205 247
247 316
316 415
388 557
413 576
415 557
480 576
491 676
491 610
531 795
576 768
630 766
766 768
4 66 92 111 167 204 210 221 274 281 285 291 308 373 448 455 464 522 546 621 645 653 770 
4 770
66 546
66 204
92 308
111 291
111 274
111 281
167 285
167 522
204 653
210 522
221 373
221 645
281 546
281 464
285 770
291 621
308 522
373 464
448 645
455 653
621 770
56 57 145 146 201 283 303 317 347 408 518 
56 408
57 201
57 518
57 317
145 146
145 283
146 201
303 347
303 408
347 518
101 203 588 
101 203
203 588
174 217 437 508 727 
174 727
174 508
217 508
437 727
73 83 178 296 374 463 679 734 
73 296
73 463
83 296
83 679
178 374
178 734
374 679
7 64 109 220 227 260 312 398 417 418 430 526 545 623 786 
7 312
64 526
64 430
109 417
109 312
220 260
220 227
227 786
260 417
398 786
398 418
398 430
417 545
430 623
18 252 345 511 524 635 740 753 761 
18 635
252 524
345 740
345 753
511 761
511 635
524 761
524 740
20 82 764 
20 764
20 82
574 
25 51 130 158 257 353 379 446 593 612 613 646 704 739 763 788 
25 763
25 353
51 763
51 788
130 613
130 646
158 612
158 704
158 593
257 612
379 739
446 646
593 739
613 739
704 788
44 280 616 707 
44 280
280 707
616 707
144 359 579 656 
144 359
144 656
579 656
52 80 170 259 371 485 488 587 726 736 758 
52 485
80 758
170 371
259 758
259 587
371 488
371 726
485 726
587 736
726 758
717 
140 357 660 
140 357
357 660
60 147 190 344 422 525 638 659 693 732 743 750 792 
60 638
147 743
147 750
147 422
190 344
190 525
344 422
638 659
659 750
693 792
732 792
743 792
6 79 86 162 214 391 427 436 642 663 697 
6 663
79 214
79 436
86 436
162 214
214 391
391 663
391 642
427 663
642 697
1 33 117 152 262 331 384 462 515 582 629 722 
1 152
1 722
1 462
33 331
33 515
117 262
152 629
262 515
331 582
331 629
384 722
497 655 723 
497 655
655 723
49 293 662 
49 662
49 293
150 633 754 
150 754
633 754
55 193 502 553 597 
55 553
193 553
502 597
553 597
65 123 276 510 683 760 
65 510
123 683
123 276
276 510
510 760
611 720 735 
611 735
720 735
411 
13 284 
13 284
2 184 523 794 
2 794
184 794
184 523
157 368 714 
157 368
368 714
307 358 678 690 
307 690
358 690
678 690
435 
219 234 325 674 759 781 783 
219 781
234 783
325 759
325 674
325 781
781 783
27 74 108 209 223 348 492 509 
27 348
74 509
108 509
108 348
108 492
209 492
223 348
47 369 560 634 
47 634
47 560
369 560
791 
585 665 
585 665
310 628 
310 628
22 68 385 402 494 
22 68
22 385
68 402
385 494
58 671 771 
58 671
671 771
207 774 
207 774
113 
153 248 407 594 600 
153 600
153 594
248 594
248 407
143 251 672 
143 672
251 672
270 
72 200 438 
72 200
72 438
35 215 225 313 475 493 581 785 
35 225
215 225
215 475
225 313
313 785
475 581
475 493
54 126 238 299 450 532 552 699 712 775 
54 712
54 299
126 699
126 552
238 699
238 712
450 552
532 699
712 775
8 102 241 258 349 362 420 647 650 668 694 728 776 
8 647
102 362
102 694
241 668
241 694
258 650
258 776
349 647
420 776
647 650
650 668
694 728
40 125 198 340 
40 340
125 198
198 340
188 598 
188 598
627 640 
627 640
449 637 
449 637
104 149 267 383 409 504 
104 267
149 504
149 383
267 409
409 504
498 
159 691 729 
159 729
691 729
177 231 246 266 412 424 434 639 
177 434
177 231
246 266
246 424
266 639
412 434
412 639
242 
81 142 176 256 339 381 453 514 527 657 677 688 751 782 
81 142
81 256
142 782
176 677
176 256
339 453
339 527
381 751
381 657
453 677
514 657
657 688
677 751
218 222 713 
218 222
222 713
134 154 155 172 191 199 211 352 387 404 433 452 458 465 517 537 539 554 561 572 651 706 749 755 
134 749
134 211
134 387
154 404
154 561
155 199
172 537
172 452
191 452
191 433
199 554
211 651
352 706
387 537
404 458
404 749
433 554
433 572
458 517
465 539
539 651
539 706
749 755
14 182 202 240 255 277 279 329 392 429 473 479 667 696 709 796 
14 479
182 479
182 255
202 796
240 279
240 277
255 429
255 709
277 473
277 796
279 667
329 796
392 473
429 696
667 709
77 89 406 530 595 624 
77 624
77 406
89 530
406 530
595 624
28 85 161 300 356 563 648 
28 563
28 300
85 648
161 648
161 356
356 563
120 180 236 271 278 346 747 
120 236
120 278
120 180
236 346
236 747
271 747
12 59 675 
12 59
59 675
136 745 
136 745
305 326 421 
305 421
305 326
9 43 103 212 235 265 328 351 382 423 503 520 618 654 708 711 748 
9 618
9 103
9 328
43 103
43 711
43 520
212 654
212 265
235 351
235 423
265 351
382 708
382 503
382 748
423 711
503 654
192 229 445 
192 445
229 445
5 62 243 287 292 364 403 454 535 544 756 779 
5 364
62 287
62 243
287 292
287 779
292 756
364 535
403 535
454 756
454 544
535 544
110 118 124 135 559 619 644 716 787 
110 135
110 118
118 716
124 787
559 619
619 787
619 644
716 787
115 337 577 584 
115 577
115 337
577 584
48 84 128 164 213 282 315 350 360 394 419 432 466 467 549 562 591 606 626 664 685 715 724 765 
48 765
84 664
84 419
128 282
128 394
164 466
164 606
213 549
282 467
282 724
282 591
315 419
315 360
350 432
350 549
360 432
394 715
432 715
466 549
467 626
562 685
591 765
664 685
88 114 216 556 570 
88 556
88 114
216 570
556 570
580 
416 490 536 
416 490
490 536
63 237 
63 237
131 622 
131 622
318 
478 499 
478 499
41 447 730 
41 447
447 730
116 196 295 336 365 516 
116 336
116 365
196 336
196 295
336 516
302 
16 105 137 169 338 366 376 386 389 401 428 451 456 542 575 695 731 
16 731
16 137
105 428
137 542
169 386
169 575
338 695
338 731
338 451
366 451
376 389
386 456
389 542
401 695
428 451
542 575
10 91 100 122 148 160 195 224 244 249 269 306 314 320 460 567 615 680 692 703 
10 615
10 148
91 680
100 122
100 692
122 703
148 460
160 306
195 249
195 269
224 680
224 460
244 460
269 615
269 567
306 567
314 320
320 615
567 703
26 39 230 323 472 583 643 
26 472
26 643
39 323
230 323
323 472
472 583
32 228 718 773 
32 718
32 773
228 718
107 288 578 793 
107 793
107 288
288 578
138 309 332 571 608 632 652 670 
138 309
138 571
332 670
332 608
332 571
608 652
632 652
29 297 301 573 586 682 
29 573
297 301
301 586
573 586
586 682
30 34 61 70 75 93 95 121 127 163 304 311 333 367 370 377 378 439 442 482 534 558 661 737 769 797 
30 163
30 769
30 304
34 370
34 70
61 75
61 661
70 378
75 378
75 377
93 558
93 442
95 797
95 377
121 534
127 482
127 367
163 367
311 558
311 661
333 370
333 737
377 482
378 439
534 558
355 607 
355 607
0 76 232 245 275 334 341 354 372 390 457 474 568 636 649 689 702 778 789 798 
0 354
0 334
76 372
76 341
232 354
232 798
245 474
245 341
275 568
275 334
341 390
390 702
457 798
474 636
568 778
636 789
649 689
689 702
778 789
23 342 
23 342
3 24 90 286 397 496 519 589 599 620 780 
3 519
3 286
24 620
90 620
90 397
286 780
397 519
496 589
496 599
599 780
393 476 512 
393 476
476 512
426 
459 529 
459 529
11 19 38 168 298 441 471 486 592 605 733 
11 605
11 733
19 486
19 168
38 733
168 592
298 592
298 471
441 605
441 471
50 69 185 375 443 541 548 564 601 631 719 799 
50 541
69 719
69 564
185 443
375 548
375 564
443 799
541 631
541 601
548 631
631 799
17 175 294 444 566 686 
17 686
17 294
175 686
294 566
444 566
380 399 489 625 698 
380 399
380 625
399 489
489 698
206 335 684 
206 335
335 684
67 410 533 673 746 
67 673
67 410
533 673
673 746
37 45 166 233 250 254 272 289 319 322 363 414 461 481 551 602 742 
37 289
37 461
45 461
45 481
166 254
233 551
233 254
250 602
250 461
254 319
272 742
272 414
289 551
322 742
363 742
363 481
327 725 
327 725
36 141 405 487 543 603 604 701 752 784 
36 701
36 405
36 487
141 405
487 604
487 543
543 752
603 784
603 752
106 183 253 505 528 617 721 
106 253
183 721
253 721
505 528
505 617
528 721
112 133 264 468 484 501 506 744 
112 468
112 744
133 501
264 501
468 501
484 744
484 506
156 165 194 261 290 555 705 762 777 
156 165
165 290
194 261
194 290
261 705
555 762
555 777
705 777
15 21 273 330 343 477 513 738 
15 477
15 330
21 343
273 343
330 513
343 513
477 738
96 187 507 521 614 658 687 
96 507
187 614
507 614
521 614
521 687
658 687
71 99 132 173 181 208 239 263 361 396 500 547 565 569 669 710 757 772 
71 181
71 173
99 565
99 208
99 669
132 565
181 669
208 772
239 500
239 757
263 547
263 500
361 757
361 565
396 547
569 757
710 772
53 189 425 431 
53 425
53 189
189 431
139 151 186 790 
139 186
139 151
139 790
42 129 226 400 741 
42 129
42 226
226 741
400 741
540 
94 324 470 596 
94 596
94 470
324 596
87 
119 197 495 538 700 
119 495
197 495
197 538
197 700
Score = 251665
