? 11 264 670 148 706 651 225 772 95 158 666 267 
? 11 378 84 399 280 62 764 228 197 182 728 731 
? 11 426 367 339 547 83 575 310 388 742 390 271 
? 11 486 27 598 113 664 606 617 747 668 680 344 
? 11 440 542 77 331 16 470 252 636 353 254 266 
? 11 786 107 259 442 215 627 277 153 247 232 562 
? 11 721 756 500 80 596 698 12 191 143 591 792 
? 11 212 524 31 55 424 453 87 10 550 675 618 
? 11 437 187 146 354 498 753 421 116 612 334 41 
? 11 321 244 82 92 345 754 736 43 545 793 446 
? 11 380 451 708 298 459 314 1 623 384 342 186 
? 11 526 461 291 548 382 725 184 250 681 522 22 
? 11 678 637 735 476 346 518 229 794 502 389 519 
? 11 128 386 631 478 121 773 775 149 123 744 52 
? 11 393 4 51 189 720 296 100 782 204 593 397 
? 11 480 656 466 487 558 628 506 282 145 718 737 
? 11 510 449 59 44 281 766 553 318 780 642 54 
? 11 177 788 599 444 507 750 604 585 693 274 703 
? 11 529 168 702 57 358 381 536 289 114 248 734 
? 11 577 300 683 602 36 515 240 758 34 363 391 
? 11 276 56 761 377 89 474 605 682 106 40 467 
? 11 774 563 648 541 765 450 533 131 218 316 135 
? 11 649 236 567 408 108 65 260 112 38 795 748 
? 11 655 410 238 290 201 7 207 394 589 472 779 
? 11 679 257 652 162 543 127 333 376 222 722 173 
? 11 653 607 432 369 126 206 571 53 573 9 463 
? 11 620 525 261 58 639 255 630 634 658 223 357 
? 11 355 600 660 120 81 366 417 787 624 203 528 
? 11 447 47 784 322 665 150 230 404 258 299 188 
? 11 568 512 403 317 308 33 288 415 791 35 284 
? 11 555 557 198 305 741 428 343 292 684 762 370 
? 11 85 180 301 319 372 496 138 418 101 2 740 
? 11 638 268 406 597 495 48 66 359 171 3 147 
? 11 667 609 581 650 532 313 798 183 641 549 265 
? 11 64 584 325 407 559 129 434 469 419 178 739 
? 11 621 535 249 534 633 124 751 509 295 293 20 
? 11 481 489 759 340 99 49 610 211 348 454 165 
? 11 752 457 246 356 771 199 686 338 493 697 460 
? 11 619 716 256 707 778 588 142 616 799 733 484 
? 11 462 164 8 200 23 237 167 400 401 332 133 
? 11 109 409 74 738 152 586 309 86 110 193 566 
? 11 594 226 513 714 395 350 492 696 73 565 420 
? 11 79 130 578 622 90 781 574 392 770 132 685 
? 11 767 471 0 711 508 330 122 412 118 613 398 
? 11 303 672 195 320 503 174 608 783 601 117 757 
? 11 140 505 560 709 326 556 576 21 324 701 570 
? 11 155 435 423 210 273 385 71 552 181 561 405 
? 11 644 46 263 209 76 674 769 517 439 159 335 
? 11 373 491 520 456 286 796 176 245 272 361 172 
? 11 251 234 60 32 202 521 72 452 219 37 485 
? 11 352 368 125 582 579 717 30 374 179 190 70 
? 11 241 25 13 448 383 253 797 669 227 429 364 
? 11 194 687 632 433 349 689 595 726 713 473 611 
? 11 590 217 151 50 676 233 242 104 539 141 67 
? 11 537 746 416 75 379 185 157 700 749 307 763 
? 11 646 196 727 677 231 93 269 538 78 387 430 
? 11 564 712 375 422 603 362 213 691 39 17 572 
? 11 192 365 569 551 28 103 699 323 425 705 629 
? 11 329 643 315 490 169 614 465 278 615 482 220 
? 11 97 312 789 327 144 458 527 645 626 297 341 
? 11 464 239 640 659 692 235 724 302 511 477 275 
? 11 479 243 88 704 587 514 411 170 445 695 287 
? 11 790 61 690 414 14 216 531 115 776 221 455 
? 11 580 205 105 294 175 94 19 160 743 504 443 
? 11 671 723 438 694 18 499 306 673 647 96 270 
? 11 11 337 785 719 715 583 45 730 91 311 396 
? 11 262 42 161 523 119 29 475 516 69 328 468 
? 11 729 154 592 139 208 279 351 768 635 224 63 
? 11 15 347 483 24 137 431 156 68 540 134 111 
? 11 554 283 436 413 6 98 657 625 732 777 760 
? 11 360 136 5 166 745 26 494 530 661 497 755 
? 11 546 662 544 163 710 285 336 427 371 654 214 
? 11 264 670 148 55 706 524 651 225 772 212 792 
? 11 591 143 191 95 158 666 500 267 756 247 277 
? 11 378 215 84 399 107 280 62 764 16 228 197 
? 11 182 728 731 680 426 367 339 547 617 83 575 
? 11 310 388 742 390 382 271 548 486 291 27 461 
? 11 598 526 342 113 664 384 623 606 747 668 1 
? 11 314 459 298 708 451 380 344 446 440 542 545 
? 11 77 43 736 331 470 252 636 353 254 345 266 
? 11 786 259 244 442 627 41 334 612 153 232 562 
? 11 721 116 753 80 596 698 146 12 187 437 31 
? 11 675 424 550 453 10 87 656 593 204 782 618 
? 11 100 296 720 354 189 498 51 4 421 393 52 
? 11 744 321 123 82 92 149 788 775 773 121 754 
? 11 478 631 386 128 519 389 793 502 794 229 518 
? 11 346 476 735 637 678 22 522 681 250 184 186 
? 11 725 114 289 536 381 734 358 300 57 702 168 
? 11 529 703 274 34 363 693 585 604 750 507 276 
? 11 444 599 177 54 761 377 642 780 318 682 106 
? 11 553 766 281 44 59 449 510 40 737 718 145 
? 11 467 282 506 563 628 558 487 466 450 480 397 
? 11 533 765 541 131 648 774 135 649 236 567 408 
? 11 108 605 65 260 474 112 795 655 89 56 410 
? 11 238 290 391 201 207 589 472 779 679 257 652 
? 11 543 127 333 376 758 240 515 36 602 683 222 
? 11 722 173 577 248 653 607 432 369 126 206 571 
? 11 53 573 9 463 620 418 525 261 58 162 639 
? 11 255 630 634 658 223 357 355 600 660 394 120 
? 11 81 366 417 787 7 624 203 528 447 762 292 
? 11 47 784 322 665 748 38 150 230 316 404 258 
? 11 299 218 188 568 512 403 317 308 454 348 33 
? 11 288 415 791 99 35 284 489 481 20 293 295 
? 11 555 557 751 198 305 741 633 249 428 343 535 
? 11 621 739 684 370 85 180 559 407 325 301 319 
? 11 372 496 138 183 101 2 740 638 268 406 532 
? 11 597 495 48 66 581 667 171 359 492 350 395 
? 11 3 147 609 226 594 566 650 193 110 313 309 
? 11 798 586 152 738 74 641 409 109 549 265 133 
? 11 64 332 584 400 167 237 129 434 469 419 178 
? 11 23 200 8 164 462 534 733 799 616 124 588 
? 11 707 509 256 759 619 340 697 493 338 49 610 
? 11 199 771 356 211 246 457 165 752 324 21 576 
? 11 556 570 326 155 686 709 560 505 460 140 385 
? 11 757 716 117 778 601 142 783 608 174 503 484 
? 11 320 561 195 672 303 398 613 118 412 122 76 
? 11 330 508 674 401 711 0 471 767 685 132 770 
? 11 439 392 574 159 781 90 622 578 130 86 456 
? 11 79 286 420 565 513 73 714 696 245 272 176 
? 11 796 361 172 234 520 32 202 521 452 491 373 
? 11 219 37 485 352 335 368 125 517 579 179 769 
? 11 383 253 797 669 209 227 263 46 644 405 181 
? 11 194 687 552 71 349 273 210 423 595 435 726 
? 11 713 701 611 590 473 217 151 50 233 242 689 
? 11 104 539 141 433 632 67 537 746 416 75 364 
? 11 429 379 185 157 700 749 307 763 448 646 13 
? 11 25 196 677 241 70 231 190 374 30 717 93 
? 11 582 269 72 538 78 387 430 564 712 375 422 
? 11 60 603 251 362 213 691 580 39 17 572 192 
? 11 776 365 569 551 14 28 103 699 323 425 705 
? 11 690 629 329 643 790 315 727 695 490 445 169 
? 11 614 411 465 278 615 482 220 97 312 789 327 
? 11 144 458 527 645 626 297 341 464 239 640 659 
? 11 676 692 235 724 302 224 635 768 139 154 511 
? 11 729 468 69 516 475 29 119 477 523 275 479 
? 11 243 161 88 704 42 396 311 91 587 514 730 
? 11 715 785 337 170 11 270 647 673 287 61 306 
? 11 499 18 414 694 438 723 671 443 216 504 531 
? 11 743 115 221 19 94 455 175 294 205 402 105 
? 11 688 441 488 102 501 160 663 304 214 654 371 
? 11 427 336 285 710 163 544 662 546 755 497 661 
? 11 530 494 26 745 166 96 5 136 360 719 760 
? 11 583 777 45 732 625 657 98 6 413 262 436 
? 11 283 554 111 134 540 68 156 328 431 137 24 
? 11 87 10 264 453 670 424 148 55 706 31 524 
? 11 437 651 225 772 187 212 792 591 143 191 12 
? 11 95 698 596 80 158 666 500 267 756 721 562 
? 11 232 247 153 277 378 627 215 442 84 399 259 
? 11 107 280 62 764 786 266 254 353 636 252 470 
? 11 16 228 197 331 77 182 542 440 728 344 731 
? 11 680 426 298 367 668 747 339 547 617 606 664 
? 11 83 113 598 27 291 486 575 271 310 388 390 
? 11 742 725 382 548 536 461 526 186 342 184 250 
? 11 681 57 522 22 384 623 678 1 314 637 735 
? 11 476 459 708 451 380 346 518 446 229 794 502 
? 11 793 545 389 519 128 386 43 631 736 478 754 
? 11 121 773 775 788 345 149 92 82 244 123 321 
? 11 744 41 334 612 52 393 116 44 421 4 753 
? 11 51 498 189 354 146 720 718 296 282 506 558 
? 11 100 618 782 204 466 593 675 656 550 397 480 
? 11 450 487 765 541 628 648 563 774 467 145 737 
? 11 135 40 510 449 649 59 281 766 553 106 682 
? 11 408 108 605 318 474 780 795 655 89 642 377 
? 11 761 54 177 599 56 444 410 238 276 507 290 
? 11 391 201 750 207 604 585 779 693 363 34 274 
? 11 703 529 333 376 758 240 515 36 602 168 683 
? 11 702 722 300 577 358 734 381 248 289 114 653 
? 11 607 432 369 126 206 173 571 53 222 573 9 
? 11 463 620 101 418 525 261 58 127 543 162 639 
? 11 255 652 630 634 257 658 679 496 223 357 472 
? 11 355 600 589 660 394 120 81 366 417 787 7 
? 11 624 203 528 85 447 762 684 292 47 784 322 
? 11 665 748 38 112 150 260 65 230 741 567 236 
? 11 198 316 404 258 299 218 188 131 568 512 791 
? 11 403 533 317 308 454 348 246 33 288 211 356 
? 11 771 415 610 49 99 338 35 340 284 619 759 
? 11 489 481 20 293 295 555 557 256 509 751 124 
? 11 305 799 733 633 534 249 462 428 164 343 535 
? 11 621 739 178 419 370 469 180 434 129 559 407 
? 11 237 167 400 325 301 319 372 584 64 265 549 
? 11 409 641 74 138 183 2 738 740 152 638 586 
? 11 268 798 406 309 313 532 110 597 495 193 48 
? 11 66 650 594 226 581 609 667 147 3 171 359 
? 11 350 492 696 245 395 714 73 176 796 513 565 
? 11 420 286 79 566 456 520 86 130 578 622 491 
? 11 90 373 781 159 574 392 439 770 109 517 132 
? 11 685 767 133 471 332 0 711 401 674 508 330 
? 11 76 122 412 118 23 613 398 209 303 263 200 
? 11 672 195 8 405 561 181 320 484 503 616 174 
? 11 608 783 552 142 588 601 778 707 117 716 757 
? 11 385 140 210 460 505 697 560 493 435 709 686 
? 11 155 326 570 556 199 576 21 324 457 752 165 
? 11 611 590 473 701 713 217 151 726 50 233 595 
? 11 242 423 689 273 349 539 141 71 433 632 687 
? 11 67 537 746 194 416 644 46 75 364 429 227 
? 11 669 379 185 797 157 700 749 253 307 383 763 
? 11 448 646 13 25 196 769 677 241 70 231 190 
? 11 179 374 30 717 579 93 582 125 368 335 352 
? 11 485 37 219 452 269 72 538 78 387 430 564 
? 11 521 202 32 712 375 422 60 234 603 251 172 
? 11 361 362 213 272 691 580 455 39 17 572 221 
? 11 192 776 115 365 569 216 551 14 28 103 699 
? 11 323 425 414 705 690 629 329 61 643 790 315 
? 11 727 287 695 490 445 169 170 614 411 465 278 
? 11 615 482 220 97 312 789 587 327 144 458 527 
? 11 645 704 88 626 297 243 341 464 239 479 104 
? 11 275 477 640 659 676 692 511 235 724 302 224 
? 11 635 768 63 351 279 208 139 592 15 347 154 
? 11 483 24 729 468 137 431 328 156 69 68 516 
? 11 540 134 475 29 119 523 111 554 283 436 161 
? 11 42 262 413 396 6 98 311 91 657 514 625 
? 11 730 732 45 777 583 715 760 719 785 360 337 
? 11 136 11 5 270 96 166 745 647 673 306 26 
? 11 494 530 499 661 497 18 755 694 546 438 662 
? 11 544 723 163 710 671 443 285 336 427 371 654 
? 11 214 304 504 663 531 743 160 501 102 488 441 
? 11 87 10 264 453 670 550 424 148 55 675 706 
? 11 31 524 618 437 651 225 772 187 212 792 591 
? 11 143 191 12 146 354 95 698 596 80 498 158 
? 11 753 666 421 500 267 756 116 721 562 232 247 
? 11 153 277 612 378 334 41 627 215 442 321 84 
? 11 399 244 259 107 82 280 62 764 786 266 92 
? 11 345 254 353 636 775 773 252 470 16 228 754 
? 11 197 331 736 43 128 77 182 545 793 542 440 
? 11 446 728 344 731 380 451 708 680 426 298 459 
? 11 367 476 314 1 668 747 339 547 617 606 623 
? 11 384 664 83 681 113 342 186 526 598 461 27 
? 11 291 486 575 548 271 382 310 388 390 742 725 
? 11 114 289 248 536 381 734 358 184 250 577 300 
? 11 57 522 22 722 702 678 683 168 602 36 637 
? 11 735 515 240 758 376 333 529 703 346 518 274 
? 11 34 229 794 363 693 502 779 389 585 519 386 
? 11 631 604 207 478 750 201 391 290 507 276 121 
? 11 238 410 444 56 599 788 177 149 54 761 377 
? 11 642 89 655 795 123 780 474 318 744 605 108 
? 11 408 52 682 106 553 766 281 393 44 59 4 
? 11 649 51 449 510 40 135 189 737 720 718 296 
? 11 145 467 282 506 774 563 648 628 541 558 765 
? 11 100 487 782 204 466 593 450 656 480 397 454 
? 11 308 317 348 533 403 33 288 415 791 512 568 
? 11 131 99 35 188 218 299 284 258 404 316 489 
? 11 481 20 293 295 555 557 751 198 236 305 567 
? 11 741 633 230 249 428 65 260 150 343 535 112 
? 11 621 739 38 748 665 322 784 47 292 684 762 
? 11 447 370 85 528 203 180 559 407 624 7 787 
? 11 417 366 81 120 394 660 589 325 600 301 319 
? 11 372 355 472 357 223 496 679 658 257 634 630 
? 11 652 255 639 162 543 127 58 261 525 138 418 
? 11 183 101 2 620 463 9 740 638 268 406 573 
? 11 222 532 53 571 597 495 48 173 206 66 126 
? 11 369 432 581 607 667 171 653 359 492 696 350 
? 11 245 395 714 73 176 796 3 147 513 609 226 
? 11 565 420 286 79 594 566 650 456 193 520 110 
? 11 86 130 313 309 798 586 578 622 491 90 373 
? 11 152 781 738 74 641 159 574 409 392 439 770 
? 11 109 517 132 549 685 265 767 133 471 64 332 
? 11 584 0 711 401 400 674 508 167 237 129 434 
? 11 469 330 76 122 419 412 178 118 23 613 398 
? 11 209 303 263 200 672 195 8 164 405 561 181 
? 11 462 320 484 534 503 733 799 616 174 608 783 
? 11 124 552 142 588 601 778 707 509 256 117 716 
? 11 757 385 140 759 210 619 460 505 340 697 560 
? 11 493 338 435 709 686 49 155 326 570 610 556 
? 11 199 576 771 356 211 21 324 246 457 752 165 
? 11 302 611 724 590 235 473 701 713 217 151 726 
? 11 692 50 676 233 595 242 659 423 640 689 104 
? 11 239 464 273 341 349 539 141 71 433 632 687 
? 11 67 537 746 645 194 527 458 416 327 644 46 
? 11 789 75 312 364 97 429 227 220 482 669 379 
? 11 185 797 157 278 700 749 465 169 253 307 383 
? 11 763 448 646 13 490 25 196 727 315 643 769 
? 11 677 329 241 70 231 190 179 374 30 705 717 
? 11 579 425 93 582 699 125 368 335 103 352 485 
? 11 37 28 219 551 452 269 72 538 78 387 569 
? 11 365 430 564 521 202 32 712 375 422 60 234 
? 11 603 251 172 17 361 362 213 272 402 691 105 
? 11 205 294 175 580 455 39 94 19 688 441 572 
? 11 488 221 102 192 501 160 776 115 743 531 663 
? 11 504 304 214 654 371 427 336 216 285 443 671 
? 11 14 710 163 723 544 662 438 546 323 694 414 
? 11 755 18 497 661 690 629 499 530 494 26 306 
? 11 61 790 287 673 695 647 745 166 96 270 5 
? 11 445 11 136 170 614 337 411 360 785 719 760 
? 11 715 583 777 45 615 732 730 625 514 587 657 
? 11 91 311 98 6 144 396 413 262 42 704 88 
? 11 161 626 297 436 283 243 479 554 111 275 523 
? 11 477 119 29 475 134 540 516 68 69 156 328 
? 11 431 137 468 729 511 24 483 154 347 15 592 
? 11 87 10 264 397 453 670 550 424 480 656 450 
? 11 148 55 675 593 466 204 782 706 31 524 618 
? 11 487 100 765 558 437 541 628 651 225 772 187 
? 11 648 563 774 212 792 506 591 282 467 145 296 
? 11 143 191 12 718 720 146 354 95 737 189 698 
? 11 135 40 596 510 80 498 158 449 51 649 753 
? 11 666 4 421 500 267 59 44 756 116 721 562 
? 11 232 393 281 247 766 553 106 682 153 52 277 
? 11 612 408 108 378 605 334 41 744 627 215 318 
? 11 442 321 474 84 780 399 123 244 259 795 107 
? 11 655 89 642 82 280 377 62 764 761 786 266 
? 11 54 92 149 177 345 254 353 636 788 599 775 
? 11 56 773 444 252 410 470 238 16 121 228 276 
? 11 507 290 391 201 750 754 478 207 197 331 736 
? 11 604 631 43 386 128 77 519 585 182 389 545 
? 11 793 779 502 693 363 542 440 794 229 34 274 
? 11 446 518 728 344 346 703 529 333 731 380 451 
? 11 376 708 680 758 426 298 459 367 476 240 515 
? 11 735 637 314 1 36 602 668 747 168 339 683 
? 11 678 547 617 606 702 722 623 384 664 22 522 
? 11 57 300 83 681 113 577 250 184 342 186 358 
? 11 526 598 734 461 381 27 291 486 575 536 548 
? 11 271 382 248 289 114 310 388 390 742 725 492 
? 11 696 350 359 245 653 395 714 73 176 171 796 
? 11 3 147 667 513 607 609 581 226 432 369 565 
? 11 420 126 286 79 594 566 650 66 206 456 173 
? 11 48 193 495 520 597 571 53 110 86 532 130 
? 11 222 313 309 573 406 798 268 586 578 638 622 
? 11 491 90 373 152 740 9 463 620 781 738 2 
? 11 101 183 418 138 74 641 159 525 261 58 574 
? 11 409 127 392 439 543 162 639 255 770 652 109 
? 11 517 132 549 685 265 630 767 634 257 658 133 
? 11 679 471 496 223 64 357 332 584 472 355 372 
? 11 0 711 319 401 301 600 325 589 660 400 674 
? 11 394 120 81 508 167 366 417 787 7 237 624 
? 11 407 559 129 434 180 203 528 85 469 330 76 
? 11 370 447 122 762 684 419 412 178 292 118 47 
? 11 784 23 613 322 665 398 209 748 38 303 263 
? 11 200 739 621 112 535 672 343 195 8 164 405 
? 11 150 260 561 65 428 181 462 320 484 249 534 
? 11 230 503 633 733 741 567 799 305 616 174 608 
? 11 783 124 552 142 236 198 588 751 601 778 707 
? 11 509 256 557 117 716 555 295 293 757 385 20 
? 11 481 140 489 759 210 316 619 460 505 404 258 
? 11 284 340 697 299 218 560 188 35 493 338 99 
? 11 435 709 686 49 131 568 155 326 512 570 610 
? 11 556 791 415 199 576 771 356 211 21 288 33 
? 11 324 403 246 533 348 317 308 457 752 165 454 
? 11 302 611 724 590 224 635 768 63 351 235 473 
? 11 279 208 139 592 15 347 701 713 154 217 483 
? 11 24 511 151 729 726 692 468 137 431 328 156 
? 11 50 69 68 516 676 233 540 595 134 242 475 
? 11 659 29 423 119 640 477 523 689 275 111 554 
? 11 104 479 239 464 273 341 243 349 283 539 436 
? 11 297 141 626 71 433 161 88 632 687 67 537 
? 11 704 746 645 194 42 262 527 413 458 396 416 
? 11 144 327 6 644 98 311 91 657 46 587 789 
? 11 514 625 75 312 364 97 429 227 220 730 482 
? 11 669 379 732 185 615 45 777 797 583 157 715 
? 11 760 278 719 700 749 785 360 465 411 337 614 
? 11 170 136 169 253 11 307 383 763 445 448 5 
? 11 270 646 96 166 745 13 490 647 695 673 25 
? 11 287 196 727 315 790 643 769 61 677 329 241 
? 11 306 26 494 530 499 70 629 690 231 661 497 
? 11 190 179 374 30 18 705 717 755 414 579 425 
? 11 694 93 323 546 582 699 438 125 368 335 103 
? 11 662 544 723 352 485 37 163 28 219 710 14 
? 11 551 671 443 285 452 269 72 538 78 216 387 
? 11 569 336 365 430 564 521 202 427 371 32 654 
? 11 214 304 504 663 531 743 712 115 776 160 375 
? 11 422 60 501 192 102 221 488 572 441 19 688 
? 11 234 603 251 172 94 17 39 455 361 580 175 
init_score -7.07017e+06
final_score: -7.12061e+06
times: 180971
update: 121
accept: 8
!
10 
1 4 7 9 12 16 20 22 27 31 33 34 35 36 38 40 41 43 44 47 49 51 52 53 54 55 56 57 58 59 62 65 77 80 81 82 83 84 85 87 89 92 95 99 100 101 106 107 108 112 113 114 116 120 121 123 126 127 128 131 135 143 145 146 148 149 150 153 158 162 168 173 177 182 184 186 187 188 189 191 197 198 199 201 203 204 206 207 211 212 215 218 222 223 225 228 229 230 232 236 238 240 244 247 248 250 252 254 255 256 257 258 259 260 261 264 266 267 271 274 276 277 280 281 282 284 288 289 290 291 292 293 295 296 298 299 300 305 308 310 314 316 317 318 319 321 322 331 333 334 339 340 342 344 345 346 348 353 354 355 356 357 358 363 366 367 369 376 377 378 380 381 382 384 386 388 389 390 391 393 394 397 399 403 404 408 410 415 417 418 421 424 426 432 437 440 442 444 446 447 449 450 451 453 454 459 461 462 463 466 467 470 472 474 476 478 480 481 486 487 489 498 500 502 506 507 509 510 512 515 518 519 522 524 525 526 528 529 533 536 541 542 543 545 547 548 550 553 555 557 558 562 563 567 568 571 573 575 577 585 589 591 593 596 598 599 600 602 604 605 606 607 610 612 616 617 618 619 620 623 624 627 628 630 631 633 634 636 637 639 642 648 649 651 652 653 655 656 658 660 664 665 666 668 670 675 678 679 680 681 682 683 684 686 693 698 702 703 706 708 718 720 721 722 725 728 731 733 734 735 736 737 741 742 744 747 748 750 751 753 754 756 758 759 761 762 764 765 766 771 772 773 774 775 779 780 782 784 786 787 788 791 792 793 794 795 799 
1 314
1 747
4 51
4 421
4 393
7 417
7 203
7 290
9 620
9 101
12 146
16 252
16 228
20 489
20 293
22 522
22 184
27 486
27 598
31 524
31 437
31 424
33 288
33 403
34 363
34 779
35 284
35 99
35 188
36 683
36 602
38 748
38 665
40 737
40 135
41 612
41 321
43 736
43 77
44 51
44 59
47 322
49 610
49 99
49 686
52 744
52 393
53 571
53 173
53 573
54 177
54 377
55 148
55 524
56 410
57 522
57 702
57 358
58 261
58 525
59 281
59 449
62 764
62 280
65 260
65 408
77 545
77 182
80 596
80 698
81 366
81 600
82 92
82 244
83 547
84 399
84 107
84 442
85 528
85 447
87 453
89 655
89 761
95 158
99 340
100 558
100 782
101 418
106 682
107 786
108 408
108 605
112 748
112 795
112 260
113 598
113 664
114 289
114 536
114 725
116 753
116 721
116 421
120 394
120 660
120 417
121 478
121 507
121 773
123 744
126 369
126 206
127 162
127 543
128 386
131 541
131 218
135 649
143 191
143 591
145 282
145 467
146 354
146 596
148 706
148 670
149 788
150 230
153 277
153 232
158 666
162 639
162 652
168 702
173 722
177 599
184 250
186 526
186 250
187 437
188 299
188 568
189 720
189 718
191 698
197 228
198 305
198 555
199 771
199 348
199 211
201 207
201 290
201 391
204 782
204 466
206 571
212 792
212 225
215 627
215 378
218 258
222 722
222 602
223 357
223 658
223 319
225 651
229 794
229 518
229 502
230 567
232 562
236 567
238 410
238 290
240 515
240 758
244 321
244 259
247 277
247 756
248 289
250 681
252 470
252 353
254 345
254 636
254 266
255 639
255 261
255 630
256 509
257 679
257 779
258 404
259 266
264 670
266 786
267 666
271 486
271 382
271 390
274 693
274 363
274 703
276 391
276 604
277 378
280 399
281 766
281 553
282 506
282 718
288 415
291 486
291 342
292 784
292 762
293 295
293 509
295 557
296 720
298 708
299 404
300 358
305 741
308 403
308 317
310 742
310 388
314 459
316 404
317 533
318 744
318 780
322 665
322 784
331 736
331 470
333 376
333 543
334 612
339 547
339 367
340 759
342 526
344 542
346 518
346 529
348 454
353 636
354 498
354 720
355 357
356 771
357 472
358 381
358 734
366 624
367 426
369 432
369 607
376 758
377 761
377 642
380 708
381 536
382 548
384 623
386 519
386 631
388 575
389 519
389 793
394 589
397 480
408 567
415 791
417 787
418 525
424 453
426 731
437 675
440 542
440 446
442 627
444 507
444 599
446 794
447 762
449 510
450 765
450 480
451 708
453 550
459 476
459 708
461 526
462 733
462 633
463 620
466 656
466 480
466 487
474 780
476 735
478 631
478 754
481 489
489 759
500 756
500 666
502 793
507 750
509 616
510 737
512 568
512 791
515 602
528 624
529 703
541 648
541 765
547 617
555 557
557 751
558 628
562 721
563 774
575 598
577 734
577 722
585 604
591 792
593 618
593 782
596 753
599 788
606 617
606 668
606 664
607 653
610 771
616 799
618 675
619 759
623 681
624 787
630 634
634 658
637 735
637 678
642 780
648 774
651 772
651 706
655 795
658 679
668 747
680 731
682 766
684 762
728 731
733 799
773 775
0 2 3 8 23 48 64 66 73 74 76 79 86 90 109 110 117 118 122 124 129 130 132 133 138 140 142 147 152 155 159 164 167 171 174 176 178 180 181 183 193 195 200 209 210 226 237 245 249 263 265 268 286 301 303 309 313 320 325 326 330 332 338 343 350 359 370 372 373 385 392 395 398 400 401 405 406 407 409 412 419 420 428 434 435 439 456 460 469 471 484 491 492 493 495 496 503 505 508 513 517 520 532 534 535 549 552 556 559 560 561 565 566 570 574 578 581 584 586 588 594 597 601 608 609 613 621 622 638 641 650 667 672 674 685 696 697 707 709 711 714 716 738 739 740 757 767 770 778 781 783 796 798 
0 711
2 740
2 138
3 147
3 171
8 195
8 200
8 164
23 613
23 419
48 66
48 495
64 584
64 265
66 581
73 696
73 714
74 409
74 641
74 738
76 412
79 566
79 420
86 309
90 578
90 781
109 770
109 549
110 313
110 193
117 601
117 778
117 385
118 613
118 412
122 330
122 412
124 174
124 484
129 434
129 237
130 578
130 520
132 685
132 770
133 471
133 332
138 183
140 385
142 783
142 588
147 609
152 738
152 586
155 326
155 570
155 435
159 439
159 574
164 535
164 534
167 400
167 237
167 508
171 359
171 667
174 783
174 608
176 245
176 796
178 419
180 559
180 370
181 561
181 405
193 594
195 672
200 303
209 263
210 385
226 594
226 566
226 513
226 609
249 428
263 405
265 549
268 406
268 798
286 456
286 420
301 325
301 496
303 398
309 586
313 586
313 798
320 503
320 561
325 400
326 556
332 401
338 493
338 709
343 739
343 428
350 395
372 496
373 491
373 781
392 770
392 409
392 574
395 714
395 492
398 613
401 711
401 508
406 638
407 559
419 469
420 565
434 469
434 559
435 560
439 517
456 520
460 505
460 697
460 757
471 685
484 534
493 697
495 597
503 608
505 560
513 714
532 798
535 621
552 601
578 622
581 667
588 778
588 707
594 650
621 739
638 740
674 711
685 767
696 796
716 778
716 757
13 14 17 21 25 30 32 37 39 46 50 60 67 70 71 72 75 78 93 115 125 141 151 157 165 172 179 185 190 192 194 196 202 205 213 216 217 219 227 231 233 234 241 242 246 251 253 269 272 273 307 324 335 349 352 361 362 364 365 368 374 375 379 383 416 422 423 429 430 433 443 448 452 457 473 485 521 531 537 538 539 564 572 576 579 580 582 590 595 603 611 632 644 646 669 677 687 689 691 700 701 712 713 717 726 746 749 752 763 769 776 797 
13 448
13 25
14 538
14 365
17 39
17 362
21 324
21 576
21 701
25 241
25 769
30 374
30 717
32 202
32 712
37 485
39 580
39 572
46 227
46 644
50 233
50 151
50 726
60 712
67 632
67 746
67 416
70 241
70 190
71 687
71 349
72 202
72 564
75 429
75 379
78 430
93 582
115 776
115 531
125 368
125 335
141 539
141 537
151 217
157 700
157 185
165 457
172 234
172 361
172 251
179 374
179 579
185 379
190 374
192 572
192 776
194 687
194 644
196 677
202 521
205 580
213 362
213 272
216 443
219 485
219 452
227 364
231 677
231 241
233 242
233 595
242 689
246 576
251 603
253 383
269 538
272 361
273 349
273 423
307 763
307 646
307 749
324 752
335 352
352 485
364 429
364 669
365 443
368 582
375 422
383 448
422 712
422 603
423 595
430 564
433 632
433 687
448 646
452 521
457 752
473 611
473 713
537 746
538 564
580 691
582 717
590 611
669 797
700 749
701 713
713 726
5 6 11 15 18 24 26 28 29 42 45 61 63 68 69 88 91 96 97 98 103 104 111 119 134 136 137 139 144 154 156 161 163 166 169 170 208 220 224 235 239 243 262 270 275 278 279 283 287 297 302 306 311 312 315 323 327 328 329 337 341 347 351 360 387 396 411 413 414 425 431 436 438 445 458 464 465 468 475 477 479 482 483 490 494 497 499 511 514 516 523 527 530 540 544 546 551 554 569 583 587 592 614 615 625 626 629 635 640 643 645 647 657 659 661 662 673 676 690 692 694 695 699 704 705 710 715 719 723 724 727 729 730 732 745 755 760 768 777 785 789 790 
5 166
6 98
6 413
6 262
11 270
11 337
15 24
18 694
18 414
18 499
24 483
26 530
26 494
28 551
28 103
29 119
29 475
42 262
42 704
45 583
61 790
61 499
63 279
68 328
69 516
69 468
88 704
88 626
91 311
91 730
96 270
96 647
96 166
97 220
97 789
98 657
103 699
104 464
104 640
111 554
111 134
119 523
119 477
134 540
136 360
137 431
137 156
139 224
139 154
144 527
154 729
154 511
156 540
161 704
163 710
163 544
166 745
169 465
169 614
170 411
170 337
208 279
208 592
220 482
224 768
235 724
235 692
239 341
239 479
243 479
262 396
275 477
275 479
278 465
278 615
279 351
283 436
283 554
287 790
287 695
297 626
297 341
302 724
306 499
306 673
311 396
312 789
312 587
315 329
315 643
315 490
323 699
323 425
327 458
328 431
328 468
337 785
341 464
347 592
347 483
351 635
360 760
387 551
411 614
414 425
425 705
438 694
438 723
445 695
458 527
468 729
475 516
490 727
494 661
497 661
497 755
514 587
514 730
527 645
544 662
546 755
546 662
569 723
583 777
583 719
625 657
625 732
626 645
629 690
629 643
635 768
640 659
643 790
647 673
659 676
676 692
694 755
715 785
719 785
732 777
760 777
285 336 371 427 654 671 
285 336
285 671
336 427
371 654
427 654
19 94 102 105 160 175 214 221 294 304 402 441 455 488 501 504 663 688 743 
19 94
19 160
94 175
102 488
102 688
102 501
105 402
105 294
160 743
160 214
175 294
175 455
214 304
221 743
304 663
441 488
501 663
504 743
Score = 262303
