? 10 672 664 177 774 369 121 789 757 737 729 
? 10 445 391 78 77 185 522 745 608 75 39 
? 10 521 120 227 694 195 501 133 753 641 778 
? 10 257 401 260 651 388 296 607 350 154 8 
? 10 254 686 94 720 550 750 640 598 511 617 
? 10 704 630 459 149 765 176 174 697 567 728 
? 10 158 156 606 574 563 587 68 175 263 25 
? 10 40 755 256 193 73 268 575 570 786 363 
? 10 137 390 98 59 165 382 79 565 727 21 
? 10 526 554 24 357 7 103 644 667 647 603 
? 10 769 681 425 566 136 398 551 50 623 265 
? 10 457 782 432 339 599 703 230 505 367 665 
? 10 118 410 48 706 65 625 509 250 295 104 
? 10 332 58 259 206 93 215 83 525 159 408 
? 10 360 411 212 483 412 90 379 456 3 543 
? 10 217 654 488 609 650 139 446 486 666 23 
? 10 610 53 668 345 294 115 621 797 588 308 
? 10 675 513 773 776 495 798 510 733 468 671 
? 10 392 105 791 381 35 285 150 420 213 205 
? 10 320 224 458 716 361 571 304 612 313 698 
? 10 451 323 696 532 429 146 767 383 179 82 
? 10 238 17 72 479 443 673 13 117 249 683 
? 10 387 721 710 162 300 173 732 142 441 172 
? 10 329 44 393 520 184 194 114 111 661 439 
? 10 759 545 372 677 437 512 652 2 245 63 
? 10 284 487 349 292 679 770 64 239 62 273 
? 10 180 736 582 481 748 503 731 724 482 450 
? 10 713 576 43 209 693 32 71 341 26 718 
? 10 726 302 739 634 616 169 471 282 74 10 
? 10 210 301 291 478 784 725 751 335 626 343 
? 10 682 100 593 434 252 188 604 517 523 222 
? 10 290 96 376 674 538 20 18 518 362 573 
? 10 106 119 226 214 122 409 151 738 498 552 
? 10 540 684 380 311 181 262 352 497 581 768 
? 10 364 676 384 455 799 218 586 235 775 80 
? 10 57 559 447 228 461 342 51 758 783 743 
? 10 596 659 484 469 678 69 407 491 337 293 
? 10 126 771 167 779 303 47 247 351 399 321 
? 10 597 453 529 741 30 371 89 649 416 5 
? 10 618 397 452 368 689 433 54 615 356 124 
? 10 642 708 275 766 56 690 560 15 277 318 
? 10 160 348 542 548 99 266 236 389 38 317 
? 10 225 785 494 170 628 473 562 449 378 761 
? 10 255 645 76 272 221 298 112 463 201 454 
? 10 36 199 506 347 500 423 251 31 163 97 
? 10 709 123 658 427 129 101 67 474 688 406 
? 10 663 467 613 533 569 148 198 752 790 578 
? 10 742 283 715 319 109 278 595 792 11 557 
? 10 477 430 186 248 719 591 760 485 22 138 
? 10 147 723 394 417 324 475 680 359 312 157 
? 10 414 472 476 669 660 353 504 155 220 338 
? 10 590 656 639 536 366 305 130 204 722 280 
? 10 102 496 286 281 556 740 796 91 415 712 
? 10 346 197 701 622 702 421 611 29 85 14 
? 10 326 514 70 145 60 480 793 685 594 426 
? 10 386 322 762 375 553 492 231 190 524 219 
? 10 555 373 530 584 88 107 315 619 187 42 
? 10 333 234 428 546 629 440 377 402 620 6 
? 10 131 435 171 444 700 534 516 81 182 264 
? 10 253 744 28 692 0 470 561 242 86 646 
? 10 269 648 192 537 127 1 229 691 233 788 
? 10 211 730 636 633 287 16 418 12 544 662 
? 10 508 746 465 237 794 134 274 519 267 385 
? 10 632 246 601 699 92 232 309 316 489 589 
? 10 635 279 310 714 166 152 436 325 374 161 
? 10 787 549 288 344 653 528 614 547 9 541 
? 10 515 108 695 795 781 306 413 116 627 271 
? 10 128 183 208 539 340 442 499 717 657 144 
? 10 216 87 46 670 734 289 711 178 241 132 
? 10 438 365 637 564 395 61 400 331 330 464 
? 10 202 355 396 448 780 33 84 299 404 580 
? 10 687 207 191 655 336 358 19 261 592 585 
? 10 314 462 600 705 577 568 405 558 4 756 
? 10 490 624 276 328 531 460 327 707 763 52 
? 10 270 66 34 244 764 403 354 643 223 189 
? 10 747 143 140 27 466 772 203 125 258 41 
? 10 602 168 605 164 507 110 572 135 527 631 
? 10 55 307 777 45 502 419 638 37 113 583 
? 10 49 424 754 422 243 431 200 579 196 297 
? 10 672 565 664 79 177 774 382 165 369 390 
? 10 137 121 789 757 737 729 445 570 391 40 
? 10 78 25 77 185 522 263 175 68 587 574 
? 10 606 745 608 728 567 75 39 521 120 227 
? 10 694 765 459 195 501 133 753 704 617 598 
? 10 641 778 257 720 401 260 651 388 296 607 
? 10 350 154 8 58 254 104 686 250 94 550 
? 10 750 640 511 65 706 48 630 149 176 174 
? 10 410 118 665 697 505 230 158 599 156 563 
? 10 339 432 782 623 50 755 256 193 73 398 
? 10 136 566 425 268 681 575 769 603 647 786 
? 10 363 644 103 98 59 357 21 513 675 495 
? 10 727 526 554 308 588 24 797 621 7 115 
? 10 294 667 345 668 53 610 23 551 666 486 
? 10 265 446 457 139 650 609 488 654 217 543 
? 10 703 3 456 379 367 90 412 483 212 411 
? 10 360 429 625 408 159 238 525 509 83 215 
? 10 93 295 332 206 259 673 443 479 72 17 
? 10 82 179 383 767 146 387 532 696 323 451 
? 10 698 710 313 612 304 173 571 142 361 329 
? 10 716 44 458 224 320 205 213 111 420 150 
? 10 285 439 35 381 791 759 545 105 392 671 
? 10 372 468 733 510 798 652 776 773 245 63 
? 10 2 284 487 349 292 679 770 512 64 437 
? 10 239 62 677 273 180 736 582 661 481 114 
? 10 194 503 731 184 482 450 520 393 576 172 
? 10 441 43 209 693 732 71 26 718 726 300 
? 10 302 162 721 634 169 683 471 249 282 117 
? 10 13 301 478 784 725 751 335 626 291 343 
? 10 682 100 593 210 10 74 434 252 188 604 
? 10 616 517 523 739 222 290 96 376 447 341 
? 10 674 32 538 80 20 18 518 713 455 362 
? 10 573 106 119 226 724 214 122 409 748 151 
? 10 738 498 552 540 684 380 170 311 494 181 
? 10 262 317 389 236 266 548 542 352 497 581 
? 10 318 15 768 364 560 56 676 384 766 275 
? 10 708 799 615 218 586 433 235 775 689 452 
? 10 397 57 559 618 228 5 461 649 371 30 
? 10 741 342 597 321 351 303 51 758 783 779 
? 10 743 596 659 484 126 293 469 678 337 69 
? 10 407 491 533 613 467 663 771 406 688 167 
? 10 67 47 101 247 129 399 453 529 658 89 
? 10 123 416 709 31 423 500 368 54 347 356 
? 10 199 124 642 690 36 454 201 277 463 112 
? 10 298 221 160 348 272 99 76 645 255 761 
? 10 378 38 449 225 562 785 473 628 353 338 
? 10 590 660 669 476 472 656 414 157 312 359 
? 10 680 366 475 324 417 394 723 147 138 22 
? 10 485 760 591 719 415 506 248 186 430 477 
? 10 557 251 701 622 163 11 792 595 278 109 
? 10 97 427 319 715 283 474 742 578 790 752 
? 10 198 148 569 145 70 60 514 14 326 85 
? 10 685 29 594 322 762 611 553 421 702 231 
? 10 190 219 555 373 88 197 315 346 619 187 
? 10 42 333 712 234 91 428 796 740 556 281 
? 10 286 629 496 102 440 377 280 722 204 130 
? 10 305 536 620 639 444 220 700 155 504 534 
? 10 516 81 182 171 435 264 253 131 744 28 
? 10 6 692 0 470 561 402 242 86 646 546 
? 10 269 648 192 537 127 1 229 691 233 107 
? 10 788 211 730 584 530 524 492 636 633 375 
? 10 287 386 426 16 418 12 544 662 508 793 
? 10 480 746 465 237 794 134 274 519 267 385 
? 10 632 246 601 699 92 232 309 316 489 448 
? 10 589 635 279 310 714 166 152 436 400 325 
? 10 374 161 787 549 288 344 653 528 614 547 
? 10 711 9 541 515 108 695 734 795 781 306 
? 10 413 116 627 271 128 183 144 208 539 340 
? 10 442 499 717 657 216 143 747 87 46 670 
? 10 289 223 403 764 244 178 241 132 66 270 
? 10 52 707 438 365 637 564 327 531 276 395 
? 10 61 331 330 464 490 756 202 355 405 568 
? 10 396 577 705 780 600 462 33 84 299 404 
? 10 580 687 207 191 655 336 358 749 535 95 
? 10 19 334 153 493 735 261 141 370 240 297 
? 10 592 585 314 196 579 200 431 243 422 754 
? 10 424 49 583 113 37 558 4 624 638 419 
? 10 328 502 460 45 777 763 307 55 631 34 
? 10 527 135 572 354 643 110 507 164 189 605 
? 10 672 565 21 664 79 177 774 382 165 59 
? 10 98 369 390 137 121 789 757 737 729 445 
? 10 363 786 603 570 575 391 268 73 193 256 
? 10 755 40 78 25 77 185 522 263 782 175 
? 10 68 587 563 574 606 156 599 745 608 158 
? 10 728 567 75 39 521 697 120 227 694 174 
? 10 176 765 149 459 630 195 501 133 753 704 
? 10 617 511 598 641 640 778 257 750 550 720 
? 10 94 401 260 250 651 388 296 686 607 104 
? 10 254 350 8 154 259 206 58 332 295 93 
? 10 215 83 509 525 238 159 408 625 429 65 
? 10 360 706 411 212 48 483 410 412 118 665 
? 10 90 367 379 505 230 571 456 3 703 543 
? 10 339 217 654 432 488 609 650 139 457 446 
? 10 265 623 50 486 666 551 23 398 136 566 
? 10 425 610 681 769 53 668 213 345 647 667 
? 10 644 294 115 103 392 468 7 621 357 797 
? 10 24 588 308 554 526 727 495 675 773 513 
? 10 2 284 487 776 652 798 512 64 437 510 
? 10 733 677 372 671 105 545 759 791 381 35 
? 10 439 582 661 285 150 420 111 205 114 320 
? 10 194 503 224 731 184 458 482 520 393 44 
? 10 576 716 329 172 441 361 142 732 173 26 
? 10 718 726 304 300 302 162 612 313 710 698 
? 10 451 721 323 696 532 634 387 146 683 471 
? 10 249 767 117 13 383 179 82 17 72 479 
? 10 443 751 673 725 407 784 469 335 478 626 
? 10 291 301 343 682 100 593 210 10 74 282 
? 10 484 434 659 596 252 169 188 604 616 517 
? 10 523 739 222 461 290 96 376 447 341 674 
? 10 71 32 538 80 693 209 20 43 18 518 
? 10 586 218 713 455 362 573 106 450 119 226 
? 10 676 724 214 122 409 748 352 481 736 151 
? 10 180 273 738 498 552 62 239 540 770 679 
? 10 292 349 684 380 63 245 628 170 473 311 
? 10 494 181 785 262 225 317 449 38 378 389 
? 10 236 761 266 76 99 548 542 348 160 221 
? 10 298 112 497 581 318 277 15 201 768 364 
? 10 454 36 560 690 56 384 766 275 708 642 
? 10 124 799 199 356 615 54 433 235 775 689 
? 10 368 452 397 57 559 618 31 228 5 416 
? 10 123 649 89 371 30 741 342 529 453 597 
? 10 321 399 129 351 247 101 47 303 67 51 
? 10 758 783 779 743 167 406 771 663 126 467 
? 10 613 293 678 533 337 69 491 569 148 198 
? 10 752 790 514 85 578 742 688 474 283 715 
? 10 611 319 427 658 421 709 97 109 278 595 
? 10 792 11 163 622 701 251 423 500 557 477 
? 10 430 186 248 347 712 506 415 719 591 760 
? 10 485 91 22 556 281 496 138 147 102 463 
? 10 280 723 130 394 272 417 324 305 475 366 
? 10 645 255 639 680 359 312 157 414 656 472 
? 10 476 562 669 660 590 338 220 353 155 504 
? 10 700 534 444 516 81 182 171 435 264 253 
? 10 131 28 6 620 536 0 470 561 204 722 
? 10 402 377 440 242 86 629 286 646 546 269 
? 10 740 796 428 648 192 537 127 234 1 333 
? 10 42 229 187 619 346 315 233 197 107 788 
? 10 88 211 730 584 530 373 555 219 524 190 
? 10 231 702 492 636 633 553 375 762 287 322 
? 10 386 426 16 418 594 12 29 662 685 508 
? 10 793 480 14 326 746 465 60 70 145 237 
? 10 794 134 274 358 519 336 655 267 207 687 
? 10 385 632 246 580 601 699 92 232 404 544 
? 10 299 84 33 309 316 489 448 589 635 396 
? 10 279 310 355 714 166 152 330 436 400 61 
? 10 691 325 395 374 564 637 161 787 438 549 
? 10 132 288 241 178 344 653 528 614 547 711 
? 10 9 541 515 108 695 289 734 795 781 306 
? 10 413 116 627 692 46 271 128 744 183 87 
? 10 216 144 208 539 717 499 340 442 140 27 
? 10 657 466 143 747 772 203 125 258 41 602 
? 10 168 605 189 670 164 507 110 223 643 354 
? 10 572 403 764 135 527 244 34 631 55 66 
? 10 270 307 52 763 707 777 45 365 327 460 
? 10 502 531 328 276 419 638 331 624 464 490 
? 10 756 4 558 37 113 202 583 405 49 568 
? 10 577 424 705 780 754 422 243 431 600 200 
? 10 579 462 196 314 585 592 297 240 370 141 
? 10 672 565 727 21 526 664 554 79 24 177 
? 10 774 382 357 165 7 59 98 369 390 103 
? 10 137 121 789 294 757 737 644 667 729 445 
? 10 363 786 647 603 769 570 575 681 391 268 
? 10 425 566 136 398 73 193 256 755 551 50 
? 10 623 265 40 78 25 446 77 185 457 522 
? 10 263 782 650 175 68 587 432 339 563 574 
? 10 606 156 599 703 745 608 158 728 567 75 
? 10 230 505 39 521 697 367 120 665 118 227 
? 10 694 410 174 176 765 149 459 630 195 501 
? 10 133 753 48 704 706 617 360 65 511 598 
? 10 625 641 640 778 257 750 550 720 94 509 
? 10 401 260 250 93 651 295 388 296 686 607 
? 10 104 332 254 58 350 8 154 673 259 751 
? 10 443 206 479 72 215 83 17 525 238 82 
? 10 159 179 383 13 117 767 249 408 471 683 
? 10 146 429 387 411 634 532 696 323 212 483 
? 10 721 451 412 698 710 313 90 612 162 302 
? 10 300 304 726 379 718 26 173 571 732 456 
? 10 3 543 142 361 441 172 329 217 654 488 
? 10 609 716 576 44 393 520 139 486 666 482 
? 10 23 458 184 731 610 224 503 194 320 114 
? 10 53 205 668 213 111 420 345 150 285 661 
? 10 582 439 35 381 791 759 545 115 105 392 
? 10 671 372 468 621 677 797 733 510 437 64 
? 10 588 308 512 798 652 495 776 487 675 773 
? 10 284 2 513 245 170 63 380 684 311 494 
? 10 349 181 292 679 262 317 770 540 239 389 
? 10 62 552 498 738 236 266 273 180 548 151 
? 10 542 736 481 352 497 581 748 409 318 122 
? 10 15 214 724 768 364 560 56 676 384 766 
? 10 275 226 119 708 450 106 573 362 455 799 
? 10 713 615 218 586 433 518 18 43 20 209 
? 10 693 235 775 80 689 538 452 32 71 674 
? 10 341 397 57 559 618 447 228 376 96 5 
? 10 290 461 222 649 371 30 741 342 597 321 
? 10 739 523 351 517 303 616 51 604 758 783 
? 10 188 169 779 743 252 596 659 434 484 282 
? 10 74 10 126 210 593 100 682 343 301 293 
? 10 291 626 478 335 469 784 678 337 69 407 
? 10 725 569 491 148 533 198 752 790 514 85 
? 10 613 467 578 663 771 406 742 688 167 474 
? 10 67 283 715 47 101 247 129 399 453 529 
? 10 611 319 427 658 89 421 123 416 709 97 
? 10 109 278 595 792 11 163 31 622 701 251 
? 10 423 500 557 368 477 430 54 186 248 347 
? 10 712 506 356 199 415 124 719 642 591 760 
? 10 690 485 91 22 36 454 556 281 201 496 
? 10 138 147 102 277 463 280 112 298 221 723 
? 10 160 348 130 394 272 417 99 76 324 305 
? 10 475 366 645 255 761 639 680 359 312 157 
? 10 378 38 414 656 449 472 225 476 562 669 
? 10 660 785 590 338 220 353 473 155 628 504 
? 10 340 700 534 539 444 516 81 182 171 435 
? 10 264 253 183 131 744 28 271 6 692 620 
? 10 627 536 0 116 470 306 781 795 695 561 
? 10 108 515 541 9 204 614 722 528 402 653 
? 10 377 440 242 86 629 286 646 546 269 740 
? 10 796 428 648 549 192 537 127 234 161 1 
? 10 333 42 374 229 187 619 325 346 315 691 
? 10 233 436 152 197 166 107 788 88 211 730 
? 10 584 310 530 373 555 219 524 190 635 231 
? 10 702 589 492 636 489 316 309 633 553 375 
? 10 762 287 322 386 426 16 418 594 12 544 
? 10 29 662 685 232 508 699 601 246 632 385 
? 10 793 480 14 326 746 465 267 60 70 145 
? 10 237 794 519 134 274 358 336 749 655 535 
? 10 95 19 334 153 191 207 687 580 92 493 
? 10 404 735 261 141 299 370 240 84 297 592 
? 10 585 314 196 33 462 579 200 600 431 243 
? 10 422 754 780 705 448 424 577 396 568 49 
? 10 405 279 583 355 714 202 113 37 558 4 
? 10 756 490 464 624 330 331 400 61 638 395 
? 10 419 276 328 502 531 460 327 564 637 365 
? 10 45 787 777 438 707 763 52 307 270 66 
? 10 55 132 288 631 34 241 178 244 344 527 
? 10 547 711 135 764 403 572 354 643 223 110 
? 10 507 164 289 734 670 189 605 168 413 46 
? 10 602 128 41 258 125 87 203 772 747 143 
? 10 672 513 2 284 773 675 487 776 565 495 
? 10 727 21 526 652 664 554 79 798 512 308 
? 10 588 64 437 510 24 177 774 382 733 797 
? 10 357 677 165 621 7 468 59 372 98 671 
? 10 369 392 105 390 103 137 121 115 789 545 
? 10 294 759 757 737 644 791 667 381 729 445 
? 10 363 35 439 786 582 661 285 647 603 150 
? 10 345 420 111 213 668 53 205 769 114 320 
? 10 194 570 575 681 503 391 268 224 610 425 
? 10 566 136 398 731 73 184 193 458 23 256 
? 10 755 551 482 666 486 50 623 265 40 78 
? 10 25 446 77 185 457 139 522 263 782 520 
? 10 650 175 393 44 68 576 587 716 609 488 
? 10 432 654 217 339 329 563 172 574 441 606 
? 10 361 156 142 543 599 703 3 456 732 745 
? 10 608 158 728 571 173 567 75 26 230 505 
? 10 718 39 379 726 304 300 521 697 367 302 
? 10 162 120 612 90 313 665 118 710 227 694 
? 10 698 412 410 174 451 176 765 721 149 483 
? 10 459 630 195 501 133 753 48 212 323 696 
? 10 532 634 704 411 387 706 617 360 65 429 
? 10 146 511 683 598 471 625 408 249 641 640 
? 10 778 257 750 767 117 13 550 383 179 720 
? 10 159 82 94 238 525 17 509 401 83 215 
? 10 260 250 93 651 295 72 388 296 479 686 
? 10 607 104 332 254 58 206 350 8 443 751 
? 10 259 673 154 569 491 725 407 69 337 148 
? 10 533 198 678 784 469 752 335 478 626 291 
? 10 293 301 790 343 514 682 85 613 467 100 
? 10 593 210 126 10 74 282 578 663 771 406 
? 10 484 742 434 688 659 167 596 252 743 779 
? 10 169 188 783 474 758 604 51 616 67 283 
? 10 303 715 47 101 247 517 351 523 129 739 
? 10 399 321 597 453 529 611 342 319 427 741 
? 10 658 30 371 89 649 222 421 461 123 416 
? 10 290 709 5 97 109 278 595 96 792 11 
? 10 376 228 447 163 31 622 701 618 559 57 
? 10 251 397 341 423 500 674 71 32 557 452 
? 10 368 538 689 80 775 477 235 693 209 20 
? 10 43 18 518 433 430 586 54 186 248 218 
? 10 347 615 712 506 356 199 713 799 415 124 
? 10 719 642 591 455 362 573 106 450 708 119 
? 10 760 226 275 766 384 676 56 690 560 485 
? 10 91 22 36 454 556 281 364 768 201 724 
? 10 496 214 138 147 15 102 277 122 318 409 
? 10 748 463 280 581 497 112 298 221 723 160 
? 10 348 130 352 481 394 736 272 417 542 151 
? 10 548 99 76 324 305 475 366 180 273 645 
? 10 266 255 761 639 236 738 498 552 680 359 
? 10 312 62 389 157 378 38 414 239 656 449 
? 10 472 540 770 317 225 476 562 262 669 679 
? 10 292 660 785 181 590 349 494 338 311 220 
? 10 353 473 684 155 380 63 170 245 628 442 
? 10 504 140 340 700 499 534 717 27 657 539 
? 10 466 208 144 216 444 516 81 143 182 747 
? 10 772 171 203 435 87 264 125 258 253 41 
? 10 183 131 744 28 128 271 602 46 6 692 
? 10 620 627 536 0 116 413 168 470 306 605 
? 10 781 795 189 670 734 289 164 695 561 507 
? 10 110 223 108 643 515 354 572 403 541 9 
? 10 764 135 711 204 547 527 614 722 528 402 
? 10 653 377 344 440 244 242 178 241 86 629 
? 10 34 286 646 546 269 631 288 740 132 796 
? 10 428 55 648 66 270 307 52 763 549 707 
? 10 438 777 787 192 45 537 365 127 234 161 
? 10 1 333 637 42 564 327 460 374 229 502 
? 10 531 328 276 419 187 619 395 325 346 638 
? 10 315 691 61 400 233 436 331 330 152 197 
? 10 624 464 166 490 756 4 107 558 788 37 
? 10 88 211 730 113 584 202 714 355 583 310 
? 10 279 530 405 373 49 555 568 219 396 524 
? 10 577 190 635 424 231 702 589 492 636 448 
? 10 705 489 780 754 316 422 309 243 633 553 
? 10 375 762 431 287 322 386 600 200 579 462 
? 10 426 33 196 314 585 592 16 297 84 240 
? 10 370 299 418 141 261 735 594 12 544 404 
? 10 29 662 685 232 493 92 508 699 601 580 
? 10 246 632 385 687 793 207 480 191 14 326 
? 10 153 746 334 465 267 60 70 19 95 535 
init_score -1.89457e+06
final_score: -3.10397e+06
times: 31338
update: 456
accept: 12
!
79 565 664 672 
79 565
565 664
664 672
59 98 165 177 382 390 774 789 
59 98
98 165
98 774
165 390
165 382
177 774
390 789
121 137 369 
121 137
121 369
757 
445 
729 737 
729 737
21 363 786 
21 363
363 786
575 603 
575 603
25 391 570 
25 570
391 570
73 256 
73 256
193 268 
193 268
40 78 755 
40 78
40 755
77 185 263 522 
77 522
77 263
185 522
68 175 563 574 587 606 
68 587
68 563
175 574
175 587
563 606
567 
156 599 
156 599
728 
339 
158 
174 
75 608 745 
75 608
608 745
39 120 521 
39 521
39 120
195 
697 
630 
176 
149 459 765 
149 765
459 765
227 694 
227 694
133 753 
133 753
617 704 706 
617 706
704 706
501 
511 598 640 
511 598
598 640
778 
257 
550 750 
550 750
720 
260 651 686 
260 651
651 686
250 
388 
296 607 
296 607
401 
94 
104 
8 154 254 332 
8 254
8 332
154 254
58 206 
58 206
259 
350 
83 
82 
93 295 
93 295
509 
525 
159 215 238 
159 215
215 238
641 
212 
48 
65 625 
65 625
360 411 429 
360 411
411 429
90 412 
90 412
410 
230 
118 367 379 665 
118 379
118 665
367 379
505 
483 
142 543 
142 543
3 703 
3 703
217 609 650 654 
217 654
217 650
217 609
432 782 
432 782
456 
488 
50 551 
50 551
139 
23 265 457 486 666 
23 666
23 486
265 457
265 486
398 623 
398 623
610 
446 
136 425 566 
136 566
425 566
681 
53 345 668 769 
53 769
53 345
345 668
791 
647 
294 644 667 
294 667
644 667
115 
103 
759 
7 357 621 797 
7 621
7 357
621 797
468 
495 
308 588 
308 588
24 526 554 675 727 
24 526
526 727
554 727
554 675
773 
513 
776 
2 284 487 
2 284
284 487
677 
437 512 652 798 
437 512
512 652
652 798
64 105 372 510 545 671 733 
64 372
64 733
105 671
105 545
372 671
510 733
748 
194 
420 
35 439 
35 439
150 213 285 
150 285
150 213
111 381 392 661 
111 661
381 392
392 661
114 
205 320 
205 320
503 
184 458 731 
184 731
184 458
224 
482 520 
482 520
44 361 393 576 716 
44 393
44 716
361 716
393 576
172 329 441 
172 441
329 441
26 173 571 732 
26 732
173 732
173 571
96 718 726 
96 726
718 726
698 
162 300 302 
162 302
162 300
451 
304 313 612 710 
304 313
313 710
612 710
532 696 
532 696
471 683 
471 683
323 
408 
387 
634 
117 146 249 
117 249
146 249
179 383 
179 383
443 
13 767 
13 767
17 72 479 673 725 751 
17 673
17 479
72 479
673 751
725 751
407 
282 
491 
784 
301 
478 
335 626 
335 626
291 343 
291 343
596 
74 593 
74 593
10 100 210 682 
10 682
100 682
210 682
616 
188 
169 252 517 604 
169 252
252 604
517 604
434 659 
434 659
484 
523 739 
523 739
721 
461 
290 
222 
18 341 538 674 
18 538
341 674
538 674
32 71 
32 71
376 
447 
693 
20 
43 518 
43 518
209 
80 218 586 
80 586
218 586
362 455 
362 455
450 713 
450 713
708 
106 119 226 573 
106 119
119 226
226 573
724 
214 409 
214 409
122 
151 180 273 352 481 582 736 
151 180
151 352
180 273
180 736
481 736
481 582
738 
498 
552 
62 
262 540 
262 540
239 
317 
292 349 770 
292 770
349 770
63 245 679 684 
63 245
63 684
679 684
494 
181 
449 
628 
38 
225 473 562 
225 473
225 562
170 311 380 
170 380
311 380
378 
389 
236 255 266 548 
236 266
236 548
255 548
99 761 
99 761
348 542 
348 542
15 
112 221 298 
112 298
221 298
160 
277 318 497 581 
277 318
318 581
497 581
201 364 454 676 
201 454
201 364
364 676
506 
56 766 
56 766
690 
275 384 
275 384
799 
124 199 560 768 
124 199
124 768
560 768
356 
642 
54 433 615 
54 433
433 615
235 775 
235 775
31 
57 228 368 397 452 559 618 689 
57 559
57 618
228 559
368 397
397 618
397 452
452 689
5 
416 
97 
342 
89 
30 371 
30 371
649 741 
649 741
101 321 399 453 529 597 
101 399
321 597
399 453
453 597
453 529
47 67 247 
47 247
67 247
283 
303 
351 
51 783 
51 783
758 
779 
743 
126 167 406 663 771 
126 663
167 771
406 771
663 771
337 467 469 613 
337 613
337 469
467 613
69 678 
69 678
293 
148 569 
148 569
198 533 752 790 
198 752
198 533
752 790
85 514 
85 514
474 742 
474 742
578 
688 
129 319 427 611 715 
129 319
129 715
319 611
319 427
658 
123 421 709 
123 421
123 709
11 109 595 
11 109
109 595
500 
278 622 701 792 
278 792
622 701
622 792
251 
557 
163 423 
163 423
430 
347 
477 
186 248 
186 248
760 
36 415 485 591 712 
36 485
415 712
485 591
591 712
719 
22 281 556 
22 281
281 556
546 629 
546 629
102 138 147 280 463 723 
102 280
102 147
138 147
138 463
463 723
130 394 
130 394
417 475 
417 475
305 324 
305 324
76 272 
76 272
645 
366 639 
366 639
359 680 
359 680
157 312 
157 312
656 
476 660 
476 660
353 785 
353 785
414 472 669 
414 472
472 669
155 220 338 590 
155 220
220 590
338 590
81 171 
81 171
182 504 516 534 700 
182 516
182 700
504 700
534 700
444 
28 253 435 744 
28 744
28 435
253 744
6 470 536 620 
6 620
6 470
536 620
627 
0 561 
0 561
204 
722 
496 
86 377 
86 377
242 
402 440 
402 440
91 
646 
286 
648 
1 127 192 234 269 333 428 537 740 796 
1 127
127 537
192 537
192 234
192 269
234 333
234 428
428 796
740 796
42 229 315 
42 315
229 315
187 619 
187 619
197 233 325 346 691 
197 346
197 691
233 691
325 691
211 730 788 
211 730
211 788
219 524 530 
219 530
524 530
636 
492 
584 
190 231 373 555 702 
190 231
190 373
231 702
373 555
375 553 
375 553
322 762 
322 762
287 
16 594 
16 594
633 
29 386 418 544 685 
29 418
29 685
386 418
418 544
662 
426 
237 465 746 
237 465
465 746
14 326 
14 326
480 
60 70 145 
60 70
60 145
134 267 274 519 794 
134 794
134 274
267 794
274 519
655 
336 358 
336 358
793 
191 207 246 508 632 
191 207
191 246
246 632
246 508
385 580 601 
385 601
580 601
92 232 404 699 
92 232
92 699
232 404
12 84 299 
12 299
84 299
33 309 316 489 
33 489
309 316
316 489
568 
589 635 705 780 
589 635
635 780
705 780
374 
577 
310 714 
310 714
88 
37 
107 
490 
756 
161 
166 400 436 
166 436
166 400
365 564 
365 564
152 
438 
549 787 
549 787
288 344 
288 344
241 
178 
132 
541 781 
541 781
547 
9 108 515 
9 515
108 515
653 
289 528 614 734 
289 734
528 614
528 734
670 
116 306 413 695 795 
116 695
116 413
306 413
695 795
46 87 
46 87
271 
131 264 692 
131 692
131 264
128 183 
128 183
144 208 
144 208
539 
340 
442 
499 717 
499 717
27 140 657 
27 140
27 657
125 772 
125 772
216 747 
216 747
466 
203 258 
203 258
41 143 164 507 
41 164
41 143
164 507
189 223 
189 223
711 
602 
168 
110 572 
110 572
135 605 643 
135 643
605 643
354 
403 764 
403 764
527 
244 
55 
34 631 
34 631
52 307 763 
52 763
307 763
707 
270 
637 
66 
45 777 
45 777
276 
328 395 419 502 531 638 
328 531
328 638
395 531
419 502
419 638
327 460 
327 460
624 
61 330 331 464 
61 330
330 331
331 464
4 558 
4 558
113 583 
113 583
396 448 
396 448
422 754 
422 754
405 
202 355 
202 355
279 
49 
200 243 424 431 
200 431
243 431
243 424
585 
600 
196 314 
196 314
592 
462 579 
462 579
261 
141 370 735 
141 370
370 735
240 297 
240 297
153 334 
153 334
687 
493 
19 
95 
535 
749 
Score = 161511
