? 13 90 680 283 332 30 626 798 389 189 444 519 323 312 
? 13 329 73 101 610 227 548 462 138 204 385 590 116 773 
? 13 744 119 243 355 762 186 141 397 665 47 460 53 524 
? 13 176 348 147 303 666 105 169 705 457 445 757 328 709 
? 13 725 313 407 504 786 466 368 67 342 688 768 296 253 
? 13 211 378 334 530 668 43 4 646 415 622 608 453 65 
? 13 261 153 520 648 113 175 728 127 260 124 373 774 708 
? 13 193 271 545 659 755 347 37 400 420 34 6 173 703 
? 13 619 158 606 340 399 289 392 634 507 491 679 22 250 
? 13 540 239 50 335 511 575 15 461 767 678 222 97 174 
? 13 764 475 566 583 257 35 242 317 344 463 534 483 586 
? 13 236 427 574 307 143 28 451 584 319 403 393 338 171 
? 13 70 687 529 226 713 351 151 476 396 374 629 508 331 
? 13 452 123 89 512 129 694 702 406 522 14 556 356 501 
? 13 252 496 505 398 671 84 234 235 99 667 87 660 288 
? 13 255 134 66 270 653 107 59 38 287 602 431 311 740 
? 13 434 202 621 751 485 603 766 278 345 499 689 723 157 
? 13 632 128 209 795 604 55 760 315 493 477 649 77 380 
? 13 423 309 68 325 614 789 615 272 443 13 458 3 658 
? 13 650 554 79 753 426 93 411 162 677 274 440 197 730 
? 13 437 371 685 201 662 706 295 719 16 262 643 578 487 
? 13 414 775 401 433 479 623 669 387 572 391 248 636 593 
? 13 263 220 430 244 701 684 644 500 182 592 314 8 358 
? 13 350 237 52 395 676 539 726 428 36 281 794 749 656 
? 13 697 298 74 125 276 231 620 322 360 778 497 442 142 
? 13 233 492 361 432 686 326 251 746 480 793 528 559 100 
? 13 488 268 618 720 521 144 690 776 471 710 655 571 115 
? 13 416 782 542 163 339 146 489 630 641 217 145 299 241 
? 13 558 247 291 472 165 591 137 729 544 495 546 177 580 
? 13 424 611 617 166 1 185 569 343 11 781 230 108 32 
? 13 739 215 364 238 64 282 780 302 553 513 467 681 750 
? 13 692 640 595 784 589 410 526 731 103 441 456 543 790 
? 13 254 518 372 394 337 436 747 49 376 642 700 191 419 
? 13 605 645 402 682 78 691 628 310 106 421 609 435 707 
? 13 418 94 140 159 135 102 564 579 199 12 470 190 63 
? 13 258 536 550 490 567 308 179 95 31 225 404 362 131 
? 13 216 796 745 547 71 223 783 797 0 139 375 27 482 
? 13 587 178 486 75 148 532 409 195 294 23 381 150 367 
? 13 474 48 390 478 62 118 229 318 183 161 164 450 560 
? 13 788 714 799 712 354 300 664 635 377 54 18 208 561 
? 13 200 525 770 60 363 711 61 417 21 469 29 206 596 
? 13 763 285 639 172 80 601 533 219 557 45 359 109 494 
? 13 280 785 498 232 633 181 72 320 44 624 205 293 212 
? 13 613 506 167 379 670 594 748 40 455 316 149 724 297 
? 13 699 438 718 661 88 357 26 631 449 292 383 96 336 
? 13 330 752 695 121 787 535 198 341 405 240 588 651 473 
? 13 9 10 573 136 286 290 388 555 792 737 468 761 459 
? 13 570 585 598 51 693 120 531 448 269 581 2 264 275 
? 13 41 597 207 599 57 549 454 721 24 192 447 771 562 
? 13 413 25 568 704 188 577 551 565 19 612 673 779 717 
? 13 152 465 625 481 284 672 279 114 422 214 425 122 576 
? 13 515 607 464 674 42 81 69 735 647 256 663 132 365 
? 13 33 769 333 265 408 218 224 7 156 523 221 509 352 
? 13 638 754 563 484 83 510 742 155 110 277 76 727 538 
? 13 104 203 765 194 20 736 160 722 91 733 324 772 616 
? 13 516 627 446 759 738 133 58 180 349 305 696 228 85 
? 13 273 527 537 245 791 246 92 758 654 502 56 382 266 
? 13 517 386 429 741 46 154 5 777 112 637 732 249 582 
? 13 196 652 82 756 346 321 170 213 39 168 353 384 657 
? 13 370 210 111 304 267 301 327 698 439 17 743 369 306 
? 13 126 503 600 552 412 675 366 130 541 187 514 259 117 
? 13 260 90 127 680 728 283 332 30 520 626 65 415 798 
? 13 389 189 444 519 323 312 329 378 211 253 73 101 610 
? 13 227 548 768 688 462 138 342 204 368 385 590 116 773 
? 13 744 119 243 355 504 762 186 709 141 397 665 47 460 
? 13 53 524 176 348 757 147 303 666 105 169 475 705 764 
? 13 174 457 445 97 222 678 767 461 328 575 511 725 335 
? 13 313 407 50 239 540 786 466 250 22 67 491 507 634 
? 13 392 296 340 158 703 334 530 668 34 43 420 37 4 
? 13 646 347 622 755 608 659 545 453 261 271 153 648 708 
? 13 113 175 774 373 124 234 84 671 398 505 496 252 193 
? 13 501 356 556 14 288 522 406 134 702 694 129 400 512 
? 13 89 123 107 452 331 6 508 629 374 173 619 396 476 
? 13 151 351 606 399 289 713 226 529 687 679 70 171 338 
? 13 393 403 319 584 451 28 143 307 574 427 236 586 483 
? 13 534 15 463 344 317 242 35 566 257 583 795 760 493 
? 13 209 649 128 77 380 632 325 614 157 723 689 499 345 
? 13 278 766 603 458 485 658 751 650 79 621 426 202 162 
? 13 434 740 311 431 602 287 440 38 197 730 201 59 653 
? 13 270 662 66 295 255 660 643 578 487 401 433 479 87 
? 13 667 99 235 669 623 572 248 775 414 262 593 16 263 
? 13 719 706 430 244 701 684 644 182 685 592 371 437 8 
? 13 358 274 350 677 411 93 753 554 237 52 3 13 539 
? 13 443 726 272 615 428 281 789 656 68 309 298 423 74 
? 13 477 125 231 315 55 604 620 322 276 360 595 778 497 
? 13 442 142 233 492 361 697 432 686 749 326 794 36 251 
? 13 746 676 64 480 395 793 528 559 100 488 268 166 618 
? 13 720 314 521 144 690 776 471 500 710 655 571 220 115 
? 13 416 247 782 542 636 391 163 387 339 421 310 146 489 
? 13 691 630 78 641 217 145 299 241 558 402 605 419 291 
? 13 191 472 165 700 591 137 729 544 495 546 376 177 580 
? 13 424 611 617 49 1 185 569 747 343 11 781 230 108 
? 13 32 739 215 364 518 238 254 282 543 780 302 456 553 
? 13 513 467 681 750 692 640 526 784 410 589 486 178 587 
? 13 482 27 375 139 0 797 783 223 71 547 731 103 441 
? 13 745 790 372 216 131 394 337 436 362 404 225 31 95 
? 13 179 308 567 490 550 536 642 258 63 190 645 682 470 
? 13 12 199 579 102 628 159 106 140 94 418 609 707 435 
? 13 61 21 135 711 363 60 770 564 525 200 561 208 18 
? 13 54 596 763 377 635 664 300 354 712 799 601 714 788 
? 13 560 450 164 161 183 318 229 796 118 62 478 498 390 
? 13 48 474 367 150 381 23 294 195 409 532 148 205 75 
? 13 293 212 613 506 624 167 44 670 320 72 594 748 181 
? 13 40 455 633 316 232 149 785 438 280 494 109 359 45 
? 13 557 88 219 26 631 533 80 172 639 285 206 330 752 
? 13 29 695 121 341 469 405 240 417 651 473 588 9 10 
? 13 573 136 286 198 535 787 555 792 336 737 468 761 459 
? 13 570 96 585 383 598 292 51 693 531 448 449 269 581 
? 13 357 2 661 264 275 41 597 718 207 599 699 297 724 
? 13 57 549 454 721 24 192 379 447 771 562 413 25 568 
? 13 704 188 577 551 565 228 19 612 673 779 717 152 465 
? 13 625 481 284 672 279 58 114 422 214 425 122 576 515 
? 13 607 464 674 42 81 69 735 91 647 256 663 120 132 
? 13 765 365 33 769 333 265 408 218 727 224 388 290 7 
? 13 156 523 221 509 352 638 754 563 484 83 210 384 353 
? 13 510 742 168 155 110 277 213 76 538 104 203 82 194 
? 13 20 736 160 722 733 324 772 616 582 516 732 627 446 
? 13 637 112 759 777 738 133 154 46 180 349 305 696 429 
? 13 517 266 56 85 502 273 527 537 245 791 246 758 92 
? 13 715 734 654 98 716 683 382 386 86 184 741 117 259 
? 13 514 5 187 541 130 366 675 412 552 600 249 196 503 
? 13 126 306 652 756 369 743 17 346 439 698 321 170 39 
? 13 373 260 90 127 680 728 175 113 648 283 332 30 520 
? 13 153 626 261 65 453 608 622 415 646 4 37 43 798 
? 13 389 189 444 519 668 323 312 530 334 329 378 211 253 
? 13 73 101 610 227 548 296 768 688 462 491 138 342 204 
? 13 67 368 385 590 116 466 786 773 744 119 243 355 504 
? 13 407 313 725 762 186 709 141 397 665 328 47 460 53 
? 13 524 176 348 757 147 445 303 457 174 764 705 666 169 
? 13 105 583 257 566 35 475 242 209 317 344 97 463 222 
? 13 678 767 461 15 575 534 483 586 511 236 335 427 574 
? 13 307 50 143 28 345 451 239 584 540 319 403 766 393 
? 13 250 22 338 171 70 679 687 529 226 507 634 713 392 
? 13 289 399 740 340 606 351 151 158 476 396 619 703 38 
? 13 173 374 629 508 6 34 331 452 107 123 89 512 420 
? 13 400 129 694 702 134 347 406 255 755 659 522 288 545 
? 13 14 556 271 356 501 193 252 708 496 505 398 671 774 
? 13 84 234 124 235 623 99 667 87 572 479 248 433 401 
? 13 775 414 487 578 643 262 660 16 719 295 706 66 662 
? 13 270 701 653 644 59 182 201 685 371 437 730 197 358 
? 13 440 287 602 431 311 274 350 434 677 162 411 202 93 
? 13 426 753 621 79 554 650 751 658 485 52 3 458 603 
? 13 13 443 278 272 615 428 499 689 723 157 789 614 325 
? 13 68 309 632 298 423 380 77 128 649 477 493 315 760 
? 13 795 55 604 620 322 231 276 360 125 595 778 497 442 
? 13 74 142 640 233 492 361 697 432 656 686 749 467 326 
? 13 794 553 281 36 251 726 302 746 539 780 676 64 480 
? 13 238 364 395 793 237 32 528 559 11 100 488 343 268 
? 13 1 166 618 8 720 314 521 144 690 776 471 592 500 
? 13 546 710 684 655 571 244 137 430 472 220 115 263 593 
? 13 416 247 558 782 542 489 636 146 391 163 387 339 669 
? 13 435 609 140 421 106 310 628 691 630 78 641 217 145 
? 13 299 579 241 199 12 470 682 402 645 605 419 291 191 
? 13 190 63 165 700 591 729 642 544 495 536 376 550 177 
? 13 580 424 611 617 49 185 569 490 747 567 308 179 95 
? 13 781 31 230 225 362 436 108 337 394 372 739 215 518 
? 13 254 282 790 543 456 745 441 103 513 681 731 547 71 
? 13 750 783 692 526 0 375 784 410 589 293 486 178 587 
? 13 482 75 205 148 532 27 409 139 44 195 797 294 23 
? 13 381 223 150 367 181 474 48 232 390 498 785 478 62 
? 13 118 280 796 229 216 131 318 494 183 161 404 164 450 
? 13 560 788 533 714 601 799 80 712 354 300 664 258 635 
? 13 639 285 377 763 596 54 206 18 208 29 561 200 525 
? 13 564 770 60 363 102 711 135 469 159 94 418 21 707 
? 13 417 61 651 473 588 240 9 405 10 573 136 341 286 
? 13 198 535 787 121 695 752 330 555 336 737 468 761 459 
? 13 570 172 96 585 383 598 292 51 693 531 448 449 269 
? 13 631 581 26 219 357 88 2 557 661 45 264 359 275 
? 13 109 597 718 438 207 599 699 297 724 149 549 721 316 
? 13 24 633 455 40 748 594 72 320 192 670 379 447 167 
? 13 562 624 506 25 613 212 704 92 188 568 577 791 413 
? 13 245 551 537 527 85 565 228 19 771 612 673 779 717 
? 13 305 152 465 625 481 454 180 57 284 672 279 58 114 
? 13 133 422 214 425 738 122 759 576 515 446 627 607 41 
? 13 464 674 42 81 516 616 69 772 735 324 733 91 722 
? 13 160 736 20 647 256 663 120 132 194 765 365 33 769 
? 13 203 333 265 104 408 218 538 792 727 224 277 388 290 
? 13 110 155 742 7 156 510 523 221 509 352 638 754 563 
? 13 484 83 210 370 657 111 304 384 353 267 301 327 168 
? 13 39 213 76 170 321 698 439 346 17 743 369 756 82 
? 13 652 306 126 503 196 582 249 600 732 552 637 112 412 
? 13 777 675 366 130 541 187 5 154 46 514 259 349 117 
? 13 741 184 86 696 429 386 517 266 382 56 502 273 683 
? 13 124 373 260 774 90 671 127 680 728 175 113 708 648 
? 13 283 252 193 332 30 520 153 501 626 271 556 261 65 
? 13 453 545 522 659 608 755 622 415 347 646 4 37 129 
? 13 400 420 123 43 798 389 189 444 34 519 6 668 323 
? 13 312 530 173 334 329 703 619 378 158 211 253 606 340 
? 13 73 101 610 227 548 399 289 296 392 768 634 688 507 
? 13 462 491 138 342 204 67 687 679 338 22 368 385 250 
? 13 590 116 466 786 540 773 239 744 28 50 119 243 355 
? 13 504 407 313 335 725 762 511 186 709 141 575 397 665 
? 13 328 15 47 461 767 460 678 53 524 176 222 348 757 
? 13 147 97 445 303 317 457 242 174 764 705 666 475 566 
? 13 257 169 105 604 55 583 795 760 35 315 493 209 344 
? 13 477 649 463 128 77 380 423 298 632 309 534 483 68 
? 13 586 325 614 236 427 574 789 157 307 723 689 499 143 
? 13 345 428 615 272 451 584 319 403 278 443 13 766 603 
? 13 458 393 171 3 70 52 485 529 658 226 751 650 713 
? 13 554 79 753 621 426 93 202 411 162 677 434 740 350 
? 13 351 274 311 431 151 476 602 287 396 440 358 38 197 
? 13 374 629 508 730 437 371 331 685 201 182 452 59 644 
? 13 107 89 512 653 701 270 662 66 694 706 702 295 134 
? 13 406 719 255 288 16 660 262 14 643 578 487 414 356 
? 13 775 401 433 248 479 496 505 572 87 667 398 99 623 
? 13 84 235 234 669 339 387 421 163 310 391 146 636 489 
? 13 691 630 78 542 641 217 145 299 782 241 558 247 416 
? 13 593 402 605 419 263 291 191 115 220 472 430 165 700 
? 13 591 137 244 729 571 655 684 710 544 495 546 500 376 
? 13 177 580 592 471 776 424 690 611 144 521 617 314 720 
? 13 8 49 618 166 1 185 569 747 268 343 488 100 11 
? 13 781 230 559 528 108 32 237 793 739 395 215 364 518 
? 13 238 480 64 254 282 543 676 780 539 746 302 726 456 
? 13 251 36 281 553 794 326 513 749 467 681 686 750 656 
? 13 432 697 361 492 233 692 640 142 526 74 442 497 778 
? 13 595 125 360 276 231 322 620 784 410 589 293 486 178 
? 13 587 482 75 205 148 532 27 409 375 139 0 44 195 
? 13 797 294 783 23 381 223 150 71 547 367 181 731 103 
? 13 441 474 48 745 232 390 498 785 478 790 62 118 280 
? 13 796 229 372 216 131 318 494 394 337 436 183 362 161 
? 13 404 225 31 95 164 450 560 179 308 567 490 788 533 
? 13 714 601 799 80 550 712 354 300 536 664 642 258 635 
? 13 639 285 377 763 596 54 63 206 190 18 208 29 645 
? 13 682 561 470 12 199 200 525 579 564 770 60 363 102 
? 13 711 135 469 628 159 106 140 94 418 21 609 707 417 
? 13 61 435 651 83 473 588 240 9 405 754 10 352 509 
? 13 221 523 156 573 136 341 7 286 198 535 787 290 121 
? 13 388 695 752 330 555 792 336 737 468 218 408 265 333 
? 13 761 459 172 570 769 96 585 383 598 33 365 292 51 
? 13 693 132 120 531 663 256 448 449 269 631 735 581 69 
? 13 26 219 357 81 42 88 2 557 661 674 45 264 359 
? 13 464 275 41 607 515 576 109 122 597 425 718 214 422 
? 13 438 114 207 599 699 297 279 724 149 57 549 454 481 
? 13 721 625 316 24 633 455 40 748 465 594 152 72 320 
? 13 192 670 717 379 779 673 612 447 771 19 565 167 551 
? 13 562 413 624 506 25 613 577 568 188 704 212 92 758 
? 13 246 715 791 245 734 654 98 537 716 527 683 273 502 
? 13 85 56 228 382 266 517 386 429 696 86 305 184 741 
? 13 117 349 259 514 180 46 284 672 58 154 5 187 541 
? 13 130 133 366 675 738 777 412 759 112 637 552 446 627 
? 13 732 600 249 516 582 616 196 772 503 324 733 91 722 
? 13 160 736 20 126 306 647 652 194 765 82 756 369 743 
? 13 17 346 203 104 538 439 727 698 321 170 224 76 213 
? 13 277 39 110 155 168 327 742 301 510 267 353 384 638 
? 13 124 234 373 235 84 623 260 99 774 90 671 127 398 
? 13 667 680 87 572 505 728 496 479 175 113 248 433 708 
? 13 648 283 252 193 332 401 30 775 520 153 501 356 626 
? 13 414 487 271 556 261 65 578 643 453 14 262 545 660 
? 13 16 288 522 659 608 755 255 622 719 415 406 347 134 
? 13 646 295 702 706 694 4 66 37 129 662 400 270 701 
? 13 420 653 512 89 123 43 107 644 59 452 798 182 389 
? 13 201 685 189 331 444 34 371 519 437 730 6 668 508 
? 13 629 374 197 323 312 530 173 334 329 38 703 358 440 
? 13 619 396 287 602 378 476 158 211 151 431 311 274 351 
? 13 350 253 606 340 740 434 73 101 610 677 227 548 162 
? 13 399 411 289 202 93 426 621 753 296 79 392 554 713 
? 13 768 650 751 634 688 507 226 462 491 138 658 342 204 
? 13 529 67 485 52 687 679 70 3 171 338 22 368 385 
? 13 250 393 458 590 603 116 466 766 13 786 443 278 403 
? 13 319 540 773 584 239 451 272 615 428 744 345 28 143 
? 13 499 689 50 119 723 307 243 355 157 504 789 574 407 
? 13 427 313 335 236 614 325 725 762 511 586 68 186 483 
? 13 534 709 141 309 632 575 397 665 328 15 298 47 461 
? 13 767 460 678 53 423 380 524 77 176 128 222 348 463 
? 13 649 757 147 97 477 445 303 344 317 457 209 242 174 
? 13 764 493 315 705 666 475 35 566 257 760 795 169 583 
? 13 55 105 604 589 293 486 178 410 587 482 784 75 620 
? 13 205 322 231 148 276 360 125 595 778 532 27 497 409 
? 13 442 375 139 74 0 44 526 142 195 640 692 233 492 
? 13 361 797 697 432 294 783 23 381 223 150 656 750 71 
? 13 547 686 367 181 731 681 749 467 513 103 326 441 474 
? 13 794 48 745 553 281 36 232 251 390 456 726 302 498 
? 13 746 785 539 780 676 543 478 790 282 62 254 64 480 
? 13 238 518 364 118 280 215 395 796 229 739 372 216 131 
? 13 318 793 494 237 394 337 32 108 528 436 183 559 362 
? 13 161 404 225 230 31 781 11 95 100 488 164 450 560 
? 13 179 343 308 268 567 747 490 569 185 1 166 788 533 
? 13 618 49 8 720 714 314 617 521 144 611 690 601 799 
? 13 424 776 471 592 80 580 177 550 376 712 500 354 300 
? 13 536 664 546 495 544 642 258 710 684 655 571 729 635 
? 13 639 244 285 377 137 591 763 700 596 54 165 63 206 
? 13 430 472 220 190 18 115 191 208 29 291 263 419 605 
? 13 645 402 682 561 593 416 470 247 12 199 200 525 558 
? 13 241 579 564 782 770 299 145 217 60 641 363 542 78 
? 13 102 630 691 489 636 146 711 135 469 628 159 391 310 
? 13 163 106 421 140 387 339 94 418 21 609 707 417 61 
? 13 435 669 651 83 210 473 588 370 240 484 657 563 9 
? 13 111 304 405 754 10 638 352 509 384 353 221 523 267 
? 13 510 156 573 136 301 341 7 742 286 327 168 198 155 
? 13 535 787 110 290 121 388 39 277 695 213 752 76 224 
? 13 330 170 555 321 698 727 792 439 336 538 737 468 218 
? 13 408 104 265 333 203 761 459 570 172 769 96 346 585 
? 13 383 17 743 598 33 369 365 756 82 765 194 292 51 
? 13 693 652 132 120 531 663 256 647 306 126 448 449 20 
? 13 269 736 160 722 631 91 733 324 735 503 581 772 196 
? 13 69 26 219 616 357 582 516 81 42 88 2 557 249 
? 13 661 674 45 264 600 359 464 275 732 41 607 627 446 
? 13 515 552 576 637 109 112 759 412 777 122 738 675 597 
? 13 425 718 214 422 366 438 133 130 114 207 541 599 187 
? 13 5 154 699 58 297 279 672 724 284 149 46 57 549 
? 13 180 454 514 481 259 721 625 316 349 117 24 633 741 
? 13 455 40 184 748 465 594 152 305 72 86 320 696 192 
? 13 429 670 717 379 386 779 517 673 266 612 447 771 19 
? 13 382 228 565 56 85 502 273 683 527 167 716 537 551 
? 13 98 654 734 245 562 413 791 715 624 246 506 758 25 
init_score -8.75991e+06
final_score: -8.75811e+06
times: 539733
update: 324
accept: 27
!
0 1 2 3 4 6 8 9 10 11 12 13 14 15 16 18 21 22 23 24 26 27 28 29 30 31 32 34 35 36 37 38 40 43 44 45 47 48 49 50 51 52 53 54 55 59 60 61 62 63 64 65 66 67 68 70 71 72 73 74 75 77 78 79 80 84 87 88 89 90 93 94 95 96 97 99 100 101 102 103 105 106 107 108 109 113 115 116 118 119 121 123 124 125 127 128 129 131 134 135 136 137 138 139 140 141 142 143 144 145 146 147 148 149 150 151 153 157 158 159 161 162 163 164 165 166 167 169 171 172 173 174 175 176 177 178 179 181 182 183 185 186 189 190 191 192 193 195 197 198 199 200 201 202 204 205 206 207 208 209 211 215 216 217 219 220 222 223 225 226 227 229 230 231 232 233 234 235 236 237 238 239 240 241 242 243 244 247 248 250 251 252 253 254 255 257 258 260 261 262 263 264 265 268 269 270 271 272 274 275 276 278 280 281 282 283 285 286 287 288 289 291 292 293 294 295 296 297 298 299 300 302 303 307 308 309 310 311 312 313 314 315 316 317 318 319 320 322 323 325 326 328 329 330 331 332 333 334 335 336 337 338 339 340 341 342 343 344 345 347 348 350 351 354 355 356 357 358 359 360 361 362 363 364 367 368 371 372 373 374 375 376 377 378 379 380 381 383 385 387 389 390 391 392 393 394 395 396 397 398 399 400 401 402 403 404 405 406 407 409 410 411 414 415 416 417 418 419 420 421 423 424 426 427 428 430 431 432 433 434 435 436 437 438 440 441 442 443 444 445 447 448 449 450 451 452 453 455 456 457 458 459 460 461 462 463 466 467 468 469 470 471 472 473 474 475 476 477 478 479 480 482 483 485 486 487 488 489 490 491 492 493 494 495 496 497 498 499 500 501 504 505 506 507 508 511 512 513 518 519 520 521 522 524 525 526 528 529 530 531 532 533 534 535 536 539 540 542 543 544 545 546 547 548 549 550 553 554 556 557 558 559 560 561 562 564 566 567 569 570 571 572 573 574 575 578 579 580 581 583 584 585 586 587 588 589 590 591 592 593 594 595 596 597 598 599 601 602 603 604 605 606 608 609 610 611 614 615 617 618 619 620 621 622 623 624 626 628 629 630 631 632 633 634 635 636 639 640 641 642 643 644 645 646 648 649 650 651 653 655 656 658 659 660 661 662 664 665 666 667 668 669 670 671 676 677 678 679 680 681 682 684 685 686 687 688 689 690 691 692 693 694 695 697 699 700 701 702 703 705 706 707 708 709 710 711 712 713 714 718 719 720 721 723 724 725 726 728 729 730 731 739 740 744 745 746 747 748 749 750 751 752 753 755 757 760 761 762 763 764 766 767 768 770 773 774 775 776 778 780 781 782 783 784 785 786 787 788 789 790 793 794 795 796 797 798 799 
0 375
0 139
1 185
1 166
1 343
2 264
3 52
4 37
4 646
6 331
8 314
9 651
9 10
11 230
11 488
12 199
12 470
13 443
13 458
14 556
14 356
14 522
14 288
15 575
15 461
15 483
16 262
16 719
16 263
18 208
18 54
21 61
21 469
22 250
22 679
23 294
23 381
24 721
26 357
26 631
27 139
28 50
28 451
28 239
29 561
29 752
30 332
31 362
31 95
32 108
32 793
34 668
35 257
36 794
36 726
38 396
38 374
40 455
40 748
43 389
44 195
44 167
45 557
45 359
47 665
47 53
48 474
48 181
49 617
49 569
51 693
51 531
51 598
52 237
52 395
53 524
53 460
54 596
54 377
55 604
59 107
59 653
59 201
60 770
60 711
60 564
61 417
62 478
62 796
63 190
64 238
64 780
65 261
66 134
67 342
67 491
67 368
68 309
68 789
68 656
70 687
70 529
70 338
71 547
71 223
72 320
72 181
73 610
73 253
73 101
74 442
75 148
75 205
75 587
77 649
77 128
77 380
78 630
78 217
78 691
79 426
79 650
80 601
84 234
84 398
87 667
87 479
88 557
88 661
89 512
89 123
89 452
90 680
93 411
93 753
93 677
94 418
94 140
94 159
95 179
96 383
96 459
97 222
97 445
99 667
99 235
99 234
100 559
100 268
101 548
102 135
103 731
103 441
105 666
105 169
106 628
106 140
106 421
107 512
108 230
109 494
109 359
113 175
115 220
116 385
116 466
118 280
118 229
119 243
119 744
121 695
121 787
123 420
124 671
124 774
125 276
125 231
127 728
127 260
129 694
129 400
131 216
131 372
134 406
134 702
135 159
135 711
136 286
136 573
136 198
137 729
137 165
138 204
138 462
139 797
140 609
141 665
142 233
142 442
143 345
143 307
144 521
144 690
144 720
145 217
146 489
147 348
147 757
148 532
149 724
149 232
149 316
150 381
150 367
151 351
151 476
151 606
153 520
153 261
153 648
157 723
157 325
158 340
158 606
158 619
161 183
161 450
162 434
162 426
162 202
163 391
163 339
164 560
165 472
166 618
169 705
171 485
171 393
172 639
173 619
174 764
174 457
175 648
175 728
176 524
176 303
177 580
177 376
177 544
178 486
178 587
179 308
182 644
182 685
182 592
183 404
185 569
186 762
186 709
186 397
189 444
189 389
190 208
191 419
192 447
193 708
193 252
195 409
195 294
197 730
198 535
199 579
199 645
200 561
200 525
201 730
202 621
204 342
205 293
205 624
206 596
206 330
207 599
207 597
209 344
211 253
211 378
215 739
215 238
216 796
217 641
219 557
220 430
222 678
223 797
225 404
225 362
226 713
227 610
229 796
229 318
230 781
231 620
231 315
232 785
233 492
233 640
236 427
236 574
236 586
237 554
238 364
239 540
240 588
240 405
241 299
241 558
241 402
242 317
242 566
243 355
243 504
244 684
244 571
247 416
247 558
248 572
248 775
251 302
251 746
252 501
252 505
254 282
254 543
254 518
255 288
255 406
257 566
257 583
258 536
261 453
262 578
263 593
264 275
265 468
265 761
265 333
268 488
269 448
269 531
270 653
270 662
271 545
272 615
272 428
274 350
274 677
274 358
275 661
276 497
278 403
280 494
281 794
282 780
283 332
283 680
285 639
285 763
287 440
287 602
288 660
289 399
289 392
291 402
292 693
295 706
296 392
297 699
297 724
298 697
298 423
299 641
300 712
300 664
302 780
307 574
308 567
309 423
310 421
310 691
311 431
311 602
311 740
312 329
313 725
313 407
313 504
314 521
315 760
316 455
317 344
319 451
320 670
320 748
322 620
323 329
323 519
325 614
326 467
326 749
328 709
329 378
330 752
330 336
331 508
331 452
332 626
334 530
334 378
335 511
336 468
337 394
338 393
339 387
341 535
342 688
343 488
344 463
345 689
345 584
347 755
348 524
354 664
357 661
357 581
360 778
361 492
361 432
362 436
363 770
364 793
367 474
368 385
371 437
371 730
371 685
372 518
372 394
373 774
374 629
376 642
377 635
379 670
379 447
380 423
383 598
387 669
389 798
390 498
391 636
392 634
393 766
394 436
395 480
396 476
396 602
397 665
398 496
399 606
400 420
401 775
401 433
402 419
403 584
403 766
405 469
407 511
409 532
410 784
410 589
411 426
414 487
414 775
415 622
415 646
418 707
419 605
423 477
424 611
424 580
428 726
430 706
431 434
432 697
433 479
435 707
438 718
441 745
442 497
443 615
444 519
445 457
447 562
448 449
450 560
451 584
453 608
455 633
456 543
459 570
461 767
466 786
467 681
467 553
467 686
469 711
471 690
471 500
473 588
473 651
474 745
475 764
475 566
478 498
482 587
483 586
485 658
487 578
489 542
489 641
490 567
491 634
493 760
495 544
495 546
495 729
496 505
497 778
498 785
499 689
500 592
501 556
504 762
505 671
506 624
507 634
508 629
511 575
513 681
520 626
522 659
525 770
526 692
528 559
530 703
530 668
533 631
534 586
534 632
535 787
536 550
536 712
536 642
539 676
539 726
542 782
543 790
545 659
547 731
549 721
549 699
554 753
569 747
570 585
570 761
571 655
571 710
572 623
578 643
590 773
591 729
591 700
593 782
594 748
595 778
595 784
596 763
599 699
599 718
601 799
603 766
604 760
605 682
608 622
608 755
611 617
614 789
618 720
619 703
621 713
623 669
640 692
644 684
645 682
650 751
658 751
659 755
662 706
676 746
678 767
679 687
681 750
684 701
688 768
689 723
690 776
694 702
695 752
705 764
712 799
714 788
714 799
744 773
749 794
760 795
783 797
5 7 17 19 20 25 33 39 41 42 46 56 57 58 69 76 81 82 83 85 86 91 92 98 104 110 111 112 114 117 120 122 126 130 132 133 152 154 155 156 160 168 170 180 184 187 188 194 196 203 210 212 213 214 218 221 224 228 245 246 249 256 259 266 267 273 277 279 284 290 301 304 305 306 321 324 327 346 349 352 353 365 366 369 370 382 384 386 388 408 412 413 422 425 429 439 446 454 464 465 481 484 502 503 509 510 514 515 516 517 523 527 537 538 541 551 552 555 563 565 568 576 577 582 600 607 612 613 616 625 627 637 638 647 652 654 657 663 672 673 674 675 683 696 698 704 715 716 717 722 727 732 733 734 735 736 737 738 741 742 743 754 756 758 759 765 769 771 772 777 779 791 792 
5 187
5 154
7 156
7 742
7 290
17 369
17 743
19 565
19 228
20 736
25 568
25 413
25 613
33 365
33 769
39 213
41 515
42 464
46 154
46 349
56 273
56 502
56 266
57 454
58 672
69 735
69 81
69 91
76 213
76 277
81 674
82 756
82 194
83 484
85 273
85 228
86 184
91 733
91 160
92 246
98 716
98 734
104 203
104 538
104 218
110 277
110 155
111 657
111 304
111 353
112 637
112 777
114 214
114 279
117 184
117 259
120 256
122 576
122 425
126 306
130 541
130 366
132 663
132 365
133 738
152 717
152 465
155 742
155 168
156 523
160 736
168 301
170 321
170 213
180 284
187 541
188 577
188 704
194 765
196 503
196 582
210 370
212 613
214 425
214 422
218 408
218 727
221 523
221 352
224 727
224 277
228 537
245 791
245 246
246 758
249 732
256 663
259 514
259 741
266 517
267 301
273 527
279 672
284 672
284 481
290 388
301 327
305 696
305 349
306 652
321 698
324 772
324 722
346 743
349 741
352 754
352 509
353 384
365 765
370 657
382 683
382 502
384 510
386 517
408 792
408 737
412 675
412 637
412 552
413 551
429 696
429 517
439 698
446 627
446 732
454 625
464 674
464 607
465 625
481 625
484 563
509 638
510 742
515 576
516 616
537 791
551 565
552 600
555 769
555 737
563 638
565 612
568 704
576 607
576 738
582 616
612 771
612 779
616 772
627 759
647 663
647 736
652 756
654 734
673 717
673 779
683 716
715 734
733 772
738 759
743 756
759 777
Score = 224559
