0 1
1 2
2 3
4 4
7 7
5 5
6 6
7 9
8 8
10 10
12 12
11 11
12 13
13 16
14 14
15 15
17 17
17 19
18 18
19 21
20 20
22 22
22 23
24 24
25 25
26 26
26 27
28 28
30 30
29 29
30 31
31 32
33 33
33 35
34 34
35 36
37 37
38 38
38 39
39 40
40 41
41 42
43 43
43 44
45 45
45 46
47 47
47 48
49 49
49 50
50 51
52 52
52 53
54 54
54 55
56 56
56 57
58 58
58 59
60 60
60 61
61 62
62 64
63 63
65 65
66 66
68 68
67 67
69 69
69 70
70 71
71 73
72 72
74 74
74 75
76 76
77 77
77 78
79 79
79 80
80 81
81 82
82 83
83 85
84 84
86 86
87 87
87 89
88 88
89 90
90 91
91 92
92 93
93 94
94 95
95 96
96 97
98 98
99 99
99 0
