0 1
1 2
2 3
3 4
4 5
6 6
7 7
9 9
8 8
9 10
10 11
12 12
13 13
15 15
14 14
15 16
16 17
17 18
18 19
20 20
22 22
21 21
23 23
24 24
24 25
26 26
27 27
28 28
29 29
29 30
30 31
31 32
32 33
34 34
35 35
35 37
36 36
37 38
39 39
40 40
40 41
41 42
42 44
43 43
45 45
45 46
46 47
48 48
49 49
50 50
51 51
51 52
52 53
53 54
55 55
55 56
57 57
58 58
58 60
59 59
61 61
61 62
63 63
63 64
65 65
65 67
66 66
67 68
68 69
69 70
71 71
72 72
74 74
73 73
74 75
75 76
76 78
77 77
78 79
80 80
80 81
81 83
82 82
84 84
85 85
86 86
86 87
87 90
88 88
89 89
91 91
91 93
92 92
94 94
94 95
95 96
96 97
97 98
99 99
0 0
