? 4 449 436 579 674 
? 4 216 109 306 363 
? 4 350 333 103 240 
? 4 491 182 31 555 
? 4 98 147 271 475 
? 4 558 232 513 698 
? 4 46 613 663 481 
? 4 243 67 21 681 
? 4 443 680 669 104 
? 4 717 476 358 402 
? 4 633 529 58 250 
? 4 793 269 701 492 
? 4 435 438 605 544 
? 4 546 366 303 258 
? 4 569 255 418 32 
? 4 112 773 489 499 
? 4 427 737 798 472 
? 4 620 29 165 5 
? 4 36 470 72 420 
? 4 439 526 580 564 
? 4 574 56 767 340 
? 4 229 501 672 88 
? 4 719 634 596 172 
? 4 550 268 82 354 
? 4 645 479 601 76 
? 4 328 188 218 758 
? 4 626 754 356 421 
? 4 783 461 568 683 
? 4 131 6 108 563 
? 4 245 309 493 704 
? 4 776 700 386 549 
? 4 2 769 161 259 
? 4 637 431 474 279 
? 4 247 138 782 618 
? 4 738 189 429 656 
? 4 382 227 329 532 
? 4 636 668 586 129 
? 4 480 16 500 9 
? 4 426 710 137 495 
? 4 759 535 312 510 
? 4 561 473 141 334 
? 4 25 213 638 503 
? 4 414 595 92 33 
? 4 583 344 22 575 
? 4 752 722 692 80 
? 4 409 116 599 394 
? 4 183 644 455 572 
? 4 377 665 430 209 
? 4 210 756 175 713 
? 4 729 686 385 330 
? 4 509 299 170 207 
? 4 283 441 66 177 
? 4 300 485 337 26 
? 4 794 537 534 652 
? 4 541 63 149 353 
? 4 296 723 140 797 
? 4 616 468 370 679 
? 4 504 761 594 55 
? 4 324 378 744 187 
? 4 174 206 388 566 
? 4 678 764 442 464 
? 4 126 490 641 155 
? 4 102 110 508 687 
? 4 163 624 708 709 
? 4 523 478 749 571 
? 4 157 514 237 73 
? 4 425 101 111 272 
? 4 118 538 673 434 
? 4 374 198 757 193 
? 4 487 190 515 525 
? 4 40 28 281 519 
? 4 200 533 361 548 
? 4 219 691 760 11 
? 4 453 518 694 226 
? 4 43 301 169 406 
? 4 423 288 263 81 
? 4 516 77 252 27 
? 4 789 380 191 197 
? 4 482 592 795 95 
? 4 770 90 128 274 
? 4 659 642 60 486 
? 4 41 342 547 230 
? 4 222 204 37 238 
? 4 778 297 70 424 
? 4 295 735 657 635 
? 4 786 607 214 64 
? 4 627 507 791 408 
? 4 622 234 293 505 
? 4 387 249 276 697 
? 4 228 705 284 653 
? 4 748 630 145 47 
? 4 239 649 327 440 
? 4 257 675 251 384 
? 4 196 610 192 685 
? 4 410 383 320 287 
? 4 666 205 105 254 
? 4 203 496 332 1 
? 4 724 362 156 376 
? 4 726 762 367 781 
? 4 124 233 654 617 
? 4 158 521 559 714 
? 4 144 48 395 290 
? 4 316 319 670 432 
? 4 577 39 562 184 
? 4 246 30 483 667 
? 4 351 471 684 335 
? 4 721 338 545 779 
? 4 379 661 106 625 
? 4 690 348 217 587 
? 4 212 604 588 573 
? 4 597 606 582 602 
? 4 51 640 304 437 
? 4 506 119 12 403 
? 4 766 220 741 349 
? 4 322 325 71 164 
? 4 444 662 291 54 
? 4 308 381 132 341 
? 4 660 221 275 114 
? 4 570 411 404 452 
? 4 364 445 422 632 
? 4 400 317 589 639 
? 4 458 646 99 331 
? 4 359 553 264 412 
? 4 603 695 86 292 
? 4 790 93 167 517 
? 4 511 142 160 463 
? 4 598 725 127 286 
? 4 173 454 120 446 
? 4 736 460 465 611 
? 4 397 600 148 24 
? 4 270 682 771 392 
? 4 318 69 52 97 
? 4 745 74 235 612 
? 4 528 208 186 524 
? 4 753 62 502 224 
? 4 390 152 365 123 
? 4 18 171 153 289 
? 4 117 658 68 542 
? 4 78 448 313 352 
? 4 122 796 87 539 
? 4 450 727 121 731 
? 4 556 775 4 199 
? 4 35 746 650 133 
? 4 416 608 59 780 
? 4 61 8 13 7 
? 4 285 83 720 298 
? 4 89 215 315 522 
? 4 280 520 262 248 
? 4 236 185 15 159 
? 4 180 792 768 647 
? 4 747 457 242 405 
? 4 671 730 655 135 
? 4 45 462 494 389 
? 4 195 166 702 693 
? 4 113 531 346 20 
? 4 17 314 623 261 
? 4 345 664 743 336 
? 4 134 44 716 707 
? 4 447 554 94 202 
? 4 302 3 339 393 
? 4 146 305 621 178 
? 4 466 787 488 417 
? 4 372 211 357 557 
? 4 310 619 643 23 
? 4 469 733 373 125 
? 4 763 734 739 696 
? 4 244 765 578 398 
? 4 567 711 360 168 
? 4 551 143 428 728 
? 4 256 676 799 552 
? 4 399 267 590 415 
? 4 740 585 375 253 
? 4 456 49 50 162 
? 4 223 512 53 631 
? 4 615 355 467 543 
? 4 651 576 154 703 
? 4 560 628 369 699 
? 4 323 130 498 788 
? 4 732 139 307 396 
? 4 677 750 477 371 
? 4 194 42 176 413 
? 4 565 38 419 706 
? 4 84 689 321 179 
? 4 91 79 777 151 
? 4 688 540 85 231 
? 4 10 407 115 65 
? 4 282 772 629 311 
? 4 751 326 57 530 
? 4 241 181 265 266 
? 4 742 401 584 150 
? 4 718 433 75 451 
? 4 459 715 278 260 
? 4 609 277 774 107 
? 4 19 785 136 536 
? 4 712 96 593 34 
? 4 497 0 273 100 
? 4 591 391 225 343 
? 4 201 14 755 581 
? 4 368 614 527 648 
? 4 449 436 579 674 
? 4 216 109 645 306 
? 4 82 363 350 268 
? 4 333 103 240 172 
? 4 491 182 634 31 
? 4 555 340 767 98 
? 4 147 56 271 475 
? 4 558 232 513 698 
? 4 46 613 439 72 
? 4 36 663 481 243 
? 4 67 21 681 443 
? 4 680 669 104 717 
? 4 476 358 499 402 
? 4 112 633 529 58 
? 4 250 793 269 701 
? 4 492 435 303 438 
? 4 605 544 546 776 
? 4 366 258 704 569 
? 4 255 418 245 563 
? 4 32 773 489 108 
? 4 6 427 131 683 
? 4 568 461 737 798 
? 4 472 620 29 165 
? 4 421 5 470 356 
? 4 420 754 526 580 
? 4 564 574 626 229 
? 4 501 672 88 719 
? 4 758 596 328 550 
? 4 76 601 354 479 
? 4 473 561 510 188 
? 4 218 312 535 692 
? 4 759 495 137 710 
? 4 426 9 500 183 
? 4 16 480 129 586 
? 4 668 636 783 532 
? 4 329 227 382 656 
? 4 429 189 738 618 
? 4 782 138 247 279 
? 4 474 175 431 309 
? 4 637 493 259 161 
? 4 769 2 700 549 
? 4 386 441 283 207 
? 4 170 299 485 509 
? 4 330 385 686 729 
? 4 713 756 534 652 
? 4 210 296 723 209 
? 4 430 665 377 572 
? 4 468 455 644 394 
? 4 504 599 116 761 
? 4 409 55 324 174 
? 4 388 566 80 678 
? 4 722 752 575 22 
? 4 344 464 583 33 
? 4 126 641 155 92 
? 4 595 110 414 503 
? 4 638 213 25 334 
? 4 141 687 163 624 
? 4 709 508 478 749 
? 4 102 571 157 237 
? 4 73 490 425 442 
? 4 764 101 206 111 
? 4 187 744 378 272 
? 4 538 673 594 434 
? 4 374 198 757 679 
? 4 370 193 487 190 
? 4 616 797 140 525 
? 4 353 40 28 149 
? 4 519 63 200 541 
? 4 361 548 537 760 
? 4 11 794 26 337 
? 4 518 694 300 177 
? 4 43 301 406 423 
? 4 66 288 263 81 
? 4 169 410 516 226 
? 4 453 691 77 219 
? 4 252 27 789 380 
? 4 533 191 440 197 
? 4 327 482 281 145 
? 4 592 795 515 95 
? 4 770 90 128 274 
? 4 659 387 642 60 
? 4 486 118 41 342 
? 4 547 230 222 204 
? 4 37 238 778 297 
? 4 514 70 64 424 
? 4 523 708 295 735 
? 4 657 635 786 607 
? 4 214 379 627 507 
? 4 545 338 791 721 
? 4 335 408 684 622 
? 4 471 234 293 505 
? 4 667 30 246 249 
? 4 184 276 697 562 
? 4 228 705 432 284 
? 4 653 748 395 630 
? 4 47 239 649 521 
? 4 617 654 124 781 
? 4 257 675 762 251 
? 4 156 384 196 724 
? 4 610 1 192 685 
? 4 203 666 383 320 
? 4 287 275 221 660 
? 4 205 105 254 496 
? 4 332 132 381 308 
? 4 54 362 291 376 
? 4 662 726 367 444 
? 4 164 325 322 233 
? 4 158 559 349 741 
? 4 714 220 766 144 
? 4 48 290 316 319 
? 4 12 670 577 39 
? 4 119 437 304 640 
? 4 602 582 606 597 
? 4 483 573 351 588 
? 4 779 587 217 348 
? 4 661 690 106 625 
? 4 725 598 463 446 
? 4 460 160 142 511 
? 4 212 517 600 604 
? 4 167 93 790 292 
? 4 270 51 86 506 
? 4 695 603 412 264 
? 4 69 403 553 359 
? 4 331 235 528 99 
? 4 646 458 71 639 
? 4 589 317 400 632 
? 4 422 445 364 452 
? 4 404 341 411 171 
? 4 570 114 153 289 
? 4 658 18 123 365 
? 4 68 152 390 78 
? 4 448 224 313 352 
? 4 502 87 539 450 
? 4 62 753 524 727 
? 4 121 186 208 612 
? 4 74 745 97 775 
? 4 52 4 318 392 
? 4 199 35 771 746 
? 4 682 608 59 780 
? 4 61 8 24 83 
? 4 148 397 720 611 
? 4 298 89 215 465 
? 4 736 120 454 173 
? 4 315 286 127 522 
? 4 520 262 248 236 
? 4 285 7 13 185 
? 4 15 159 180 792 
? 4 416 133 650 768 
? 4 647 747 242 405 
? 4 671 730 655 135 
? 4 45 462 494 389 
? 4 195 166 702 693 
? 4 113 556 531 731 
? 4 346 20 17 796 
? 4 314 623 122 261 
? 4 345 542 743 117 
? 4 336 134 44 716 
? 4 707 447 554 94 
? 4 369 664 202 302 
? 4 3 628 339 651 
? 4 615 393 146 305 
? 4 621 178 466 787 
? 4 488 49 417 372 
? 4 211 357 457 557 
? 4 310 619 740 643 
? 4 590 23 469 733 
? 4 399 373 125 763 
? 4 428 734 551 739 
? 4 280 696 244 360 
? 4 765 711 578 398 
? 4 567 266 265 168 
? 4 181 143 728 256 
? 4 676 799 552 326 
? 4 751 311 267 629 
? 4 415 772 282 585 
? 4 375 65 253 456 
? 4 407 10 231 85 
? 4 540 151 50 162 
? 4 223 777 79 512 
? 4 91 53 631 321 
? 4 355 467 689 543 
? 4 84 706 419 576 
? 4 413 176 154 42 
? 4 194 371 703 477 
? 4 560 396 699 323 
? 4 498 130 484 294 
? 4 788 732 139 307 
? 4 784 677 750 347 
? 4 648 527 614 368 
? 4 581 755 565 14 
? 4 38 201 343 179 
? 4 225 391 591 100 
? 4 273 688 0 115 
? 4 497 34 593 96 
? 4 712 536 57 136 
? 4 785 19 530 107 
? 4 774 277 609 260 
? 4 241 278 715 459 
? 4 451 75 433 718 
? 4 449 479 436 579 
? 4 674 216 109 645 
init_score -115970
final_score: -168134
times: 58814
update: 118
accept: 13
!
449 479 579 
449 479
449 579
31 56 82 88 98 103 109 147 172 182 216 229 240 268 306 333 350 354 363 436 491 501 550 555 596 634 645 672 674 719 767 
31 98
56 767
56 147
82 363
82 645
82 354
88 672
88 719
98 147
103 333
103 240
109 674
172 634
172 240
182 491
216 645
216 436
229 501
229 555
240 491
268 350
306 363
333 350
350 363
436 674
501 672
550 596
555 767
596 634
596 719
5 36 46 72 165 232 271 340 420 439 470 475 513 526 558 564 574 580 613 698 
5 470
5 165
36 165
46 613
46 513
72 420
72 470
232 558
232 698
271 475
340 475
340 574
420 439
439 613
475 558
513 698
526 580
564 574
564 580
21 29 32 67 104 112 243 358 402 427 443 472 476 481 489 499 529 620 663 669 680 681 717 737 773 798 
21 681
21 243
29 620
32 773
67 481
104 680
104 717
112 402
112 499
243 481
358 476
358 402
402 529
427 499
443 669
443 472
472 798
472 681
472 620
476 717
481 663
489 773
489 499
669 680
737 798
2 6 58 108 131 138 161 175 189 207 209 227 245 247 250 255 258 259 269 279 303 309 329 366 382 386 418 429 431 435 438 461 474 492 493 532 544 546 549 563 568 569 605 618 633 636 637 656 668 683 700 701 704 738 769 776 782 793 
2 769
6 108
58 633
108 131
131 683
138 738
138 247
161 769
161 259
175 431
175 474
189 738
207 769
209 532
227 382
227 329
245 418
245 563
247 683
250 269
250 569
255 418
255 633
258 569
259 493
259 704
269 793
269 701
279 474
279 782
303 366
309 637
309 563
309 431
329 532
366 546
366 438
382 656
386 549
429 738
429 656
435 492
435 438
438 605
461 568
492 701
493 637
532 636
544 776
544 546
549 700
568 683
569 704
618 782
618 738
636 668
700 776
9 16 76 80 92 129 137 183 188 218 312 328 356 421 426 473 480 495 500 510 535 561 586 601 626 644 692 710 722 752 754 758 759 783 
9 426
9 500
16 480
16 500
16 183
76 601
80 759
80 692
92 473
129 586
129 480
129 421
137 710
137 626
188 218
188 328
218 535
312 535
312 759
328 758
328 561
356 421
426 710
473 561
473 601
495 535
495 626
500 754
510 561
586 783
586 644
692 722
722 752
25 141 213 334 687 
25 141
141 334
213 334
334 687
33 73 102 110 126 155 344 414 442 464 490 503 508 583 595 638 641 709 786 
33 583
73 490
102 155
102 508
110 503
110 155
126 641
126 490
126 464
155 641
155 414
344 464
344 583
414 595
442 464
503 638
508 709
709 786
22 55 174 206 324 388 566 575 678 764 
22 575
55 174
55 324
174 388
206 388
388 566
566 678
575 678
678 764
116 187 272 378 394 409 504 515 594 599 744 761 
116 599
116 409
187 378
272 378
378 744
394 599
394 504
409 744
504 761
504 515
594 761
63 140 149 193 210 296 330 353 370 377 385 430 455 468 519 534 537 541 572 616 652 665 679 686 713 723 729 756 760 794 797 
63 519
63 541
63 149
140 797
140 616
140 723
149 353
193 797
193 370
210 541
296 723
296 353
330 729
330 794
370 679
377 468
377 430
377 572
385 686
430 665
455 572
468 616
534 756
534 652
537 760
537 794
541 652
686 729
713 729
713 756
26 66 81 169 170 177 263 283 288 299 300 337 383 406 423 441 485 509 518 
26 337
66 288
81 263
81 169
169 423
170 299
177 300
177 485
263 383
283 441
283 299
288 423
299 509
299 485
300 518
300 406
337 518
406 423
11 27 43 77 191 192 197 200 219 226 251 252 257 301 327 361 380 440 453 482 516 533 548 685 691 694 789 
11 691
27 252
27 789
43 301
43 694
77 251
77 252
191 197
191 533
191 380
192 251
192 685
197 440
200 533
219 691
219 548
219 252
226 694
226 685
251 257
327 440
327 482
361 548
380 789
453 691
516 685
28 37 40 41 60 90 95 101 111 118 128 145 157 184 190 198 204 222 230 234 238 239 249 274 281 293 297 342 374 387 425 434 486 487 505 525 538 547 592 642 649 659 673 757 770 778 791 795 
28 281
28 525
37 293
40 525
41 342
41 486
60 642
60 387
90 434
90 770
90 184
95 795
101 204
101 425
111 222
118 486
118 673
128 659
145 239
145 592
157 425
184 249
190 795
190 487
198 757
198 434
204 222
222 230
230 547
230 342
234 505
234 293
238 778
238 293
239 649
249 274
274 659
274 387
297 791
297 778
374 487
374 757
486 642
505 547
525 592
538 673
592 795
30 64 70 106 163 212 214 237 246 295 335 338 351 379 408 424 471 478 507 514 523 545 571 597 606 607 622 624 625 627 635 657 661 667 684 708 721 735 749 779 
30 606
30 351
30 246
30 667
64 214
64 424
70 514
106 661
106 625
163 708
163 624
212 779
214 607
237 514
237 571
295 657
295 635
335 721
335 684
338 721
338 779
351 471
379 661
379 607
408 684
424 735
471 684
471 622
478 523
478 571
507 627
507 545
523 708
545 721
571 749
597 606
624 735
657 735
661 779
119 304 437 483 582 602 
119 437
304 437
304 602
483 602
582 602
276 432 562 697 
276 697
432 562
562 697
39 228 284 316 319 577 653 670 705 748 
39 577
39 670
228 705
284 653
284 705
284 670
316 319
316 653
653 748
47 48 144 158 220 290 349 395 521 559 630 714 766 
47 630
48 290
48 144
48 395
144 220
158 559
158 521
220 714
220 766
349 559
349 714
395 630
124 617 654 
124 654
617 654
233 322 325 781 
233 781
233 325
322 325
1 54 156 362 367 376 662 675 724 726 762 
1 724
54 362
54 662
156 376
156 762
156 724
362 376
367 726
376 726
675 762
196 203 332 384 496 610 666 
196 610
196 384
203 496
203 666
332 496
332 384
18 68 105 114 132 152 153 171 205 221 254 275 287 308 320 341 381 390 404 410 411 452 570 660 
18 171
18 68
68 152
105 205
105 410
114 570
132 381
132 308
152 390
153 171
171 570
205 254
205 221
221 660
221 287
275 660
287 320
308 452
341 404
341 660
404 411
404 452
411 570
121 164 224 291 317 364 400 422 444 445 589 632 639 727 
121 727
164 444
224 445
291 632
317 639
317 400
364 422
400 632
422 445
422 632
444 639
589 639
639 727
71 74 99 186 208 458 528 612 646 741 745 
71 458
74 612
74 745
99 646
99 208
186 208
208 528
458 646
528 612
646 741
12 52 69 235 318 392 403 
12 403
52 318
52 235
69 403
69 392
318 392
86 264 359 412 506 553 603 682 695 
86 506
264 695
264 412
264 359
359 553
412 603
506 603
682 695
51 270 573 640 
51 640
51 573
51 270
24 93 120 127 142 148 160 167 173 217 286 292 348 397 446 454 460 463 511 517 587 588 598 600 604 690 725 736 790 
24 93
24 148
93 167
120 173
127 286
127 173
142 160
142 600
142 736
148 397
148 600
160 511
160 463
167 790
167 604
173 446
217 587
217 348
286 460
292 790
348 517
348 511
446 454
454 736
463 598
588 604
598 725
598 690
7 13 83 89 215 248 262 285 298 315 465 520 522 611 720 
7 13
7 285
13 262
83 285
83 720
89 298
89 215
248 262
248 520
298 720
315 522
315 465
465 611
611 720
8 15 61 159 180 185 792 
8 61
8 15
15 185
15 159
159 792
180 792
59 608 
59 608
35 133 242 405 416 650 746 747 768 771 780 
35 405
35 746
133 416
133 650
242 747
405 747
416 780
650 768
746 771
747 768
4 97 199 775 
4 775
97 775
199 775
331 
135 655 671 730 
135 730
655 730
655 671
17 20 62 87 113 166 195 346 372 389 450 494 524 531 539 556 693 702 753 796 
17 796
20 346
62 450
62 753
87 539
113 531
113 693
113 556
166 702
166 195
195 389
195 494
346 556
346 524
372 389
450 539
524 753
539 796
693 702
44 78 94 117 122 123 134 202 261 289 302 313 314 323 336 345 352 365 369 447 448 502 542 554 623 658 664 707 716 743 
44 716
44 336
44 447
78 448
78 365
94 554
94 202
117 658
117 134
122 313
123 365
134 336
202 369
261 345
261 542
289 658
302 345
302 623
313 352
313 448
314 623
323 707
345 664
352 502
365 658
447 554
554 664
554 743
707 716
3 154 339 560 628 703 
3 339
154 703
339 628
560 628
560 703
731 
146 223 305 355 393 467 512 615 621 651 
146 305
146 393
223 512
305 621
355 467
355 512
393 615
393 651
467 615
50 162 
50 162
45 49 178 211 253 357 417 456 457 462 466 488 557 647 787 
45 462
49 787
49 488
178 787
211 357
211 457
211 557
253 456
253 357
357 488
417 488
457 647
462 787
466 787
310 619 643 
310 619
619 643
267 375 590 740 
267 590
375 590
590 740
23 125 143 373 399 428 469 551 552 676 728 733 734 739 799 
23 469
23 399
125 373
125 676
143 728
373 469
373 733
399 552
428 551
428 728
428 676
551 734
552 799
734 739
236 763 
236 763
168 
244 266 280 360 398 401 567 578 696 711 742 765 
244 280
244 696
244 765
266 742
266 567
360 696
398 578
398 711
401 742
567 711
578 765
0 19 34 57 65 75 96 107 115 136 150 181 241 256 260 265 277 278 282 311 326 415 433 451 459 497 530 536 584 585 593 609 629 712 715 718 751 772 774 785 
0 497
19 107
19 785
34 497
34 593
57 326
57 136
57 536
65 282
75 451
75 150
96 712
96 593
107 774
107 530
115 497
136 785
150 584
181 265
241 459
241 256
260 609
260 278
265 718
277 774
278 715
282 772
311 751
311 629
326 751
415 772
415 629
433 718
433 584
451 459
459 715
536 712
585 772
609 774
10 53 79 84 85 91 100 151 179 201 225 231 273 321 343 391 407 419 540 591 631 688 689 706 777 
10 407
10 231
53 631
79 777
79 91
84 419
85 540
85 231
91 321
91 179
100 591
151 540
151 777
179 201
201 343
225 391
273 688
273 591
321 631
321 689
391 591
419 706
419 689
540 688
14 38 42 130 139 176 194 294 307 347 368 371 396 413 477 484 498 527 543 565 576 581 614 648 677 699 732 750 755 784 788 
14 755
38 413
38 565
42 371
42 194
42 176
130 498
139 307
139 732
139 396
176 576
176 413
194 477
294 484
294 788
347 648
347 750
368 581
371 527
396 677
396 699
498 788
527 614
527 648
543 576
565 755
581 755
677 750
732 788
784 788
Score = 295551
