? 14 378 564 248 400 770 443 775 369 290 734 148 533 227 35 
? 14 798 198 751 457 583 65 8 14 745 779 212 190 669 738 
? 14 448 153 263 343 426 480 150 559 22 580 194 709 177 43 
? 14 340 746 24 366 774 266 382 145 404 479 354 538 630 574 
? 14 390 700 4 109 2 539 578 581 175 703 554 170 444 30 
? 14 441 717 5 322 542 144 347 83 240 138 391 125 210 609 
? 14 223 592 405 459 287 641 143 787 104 702 778 754 342 283 
? 14 760 76 632 372 671 631 258 795 355 699 769 293 509 639 
? 14 566 338 279 535 249 572 698 245 84 349 406 73 619 634 
? 14 325 45 515 428 693 645 260 280 623 485 728 147 376 727 
? 14 257 403 401 521 588 786 652 691 229 208 469 629 169 513 
? 14 181 413 301 25 49 796 206 118 458 62 531 454 604 584 
? 14 187 392 713 594 650 646 59 543 112 460 23 137 333 484 
? 14 110 253 706 310 445 168 683 758 506 651 42 573 660 486 
? 14 394 60 117 694 606 681 182 503 782 537 371 743 784 312 
? 14 139 75 268 300 33 685 768 477 388 593 665 255 705 611 
? 14 674 773 123 495 396 624 616 6 166 547 461 232 74 597 
? 14 736 9 364 72 421 722 430 106 666 708 436 628 18 627 
? 14 307 111 739 66 675 54 553 528 776 536 522 146 93 197 
? 14 213 70 772 285 383 291 510 419 491 359 133 614 571 582 
? 14 771 757 69 529 272 271 105 680 3 270 308 407 46 555 
? 14 48 298 569 92 748 216 622 719 353 228 185 433 598 682 
? 14 710 207 565 520 180 195 409 437 339 381 557 114 389 284 
? 14 601 498 179 119 524 599 662 657 618 374 192 56 789 277 
? 14 488 596 548 785 209 264 393 600 128 589 297 387 568 496 
? 14 243 636 712 129 481 88 299 155 759 756 305 552 244 176 
? 14 319 482 661 446 171 12 356 160 321 715 85 711 27 451 
? 14 157 467 462 159 313 560 422 544 58 296 121 239 740 747 
? 14 439 113 501 427 47 723 196 397 737 100 695 344 211 370 
? 14 274 10 540 335 476 435 450 638 605 654 721 34 97 576 
? 14 735 384 764 731 341 50 345 323 306 214 278 201 414 399 
? 14 741 753 690 141 78 189 373 99 165 233 744 98 286 780 
? 14 254 131 398 107 31 425 203 534 174 610 720 29 551 517 
? 14 225 475 67 696 332 781 375 511 358 218 701 142 379 644 
? 14 452 126 408 13 19 37 453 385 288 716 765 226 20 718 
? 14 259 273 324 230 688 777 7 663 615 455 519 328 246 235 
? 14 790 612 136 154 621 556 224 659 799 360 172 231 377 676 
? 14 620 91 613 514 202 687 402 361 474 250 725 499 449 77 
? 14 217 726 330 575 158 429 282 337 570 327 314 417 303 368 
? 14 199 15 625 567 101 352 490 647 492 523 149 41 607 200 
? 14 472 541 483 438 500 71 140 317 82 40 505 656 275 262 
? 14 749 267 586 587 94 53 115 494 164 193 221 415 28 730 
? 14 124 755 156 236 289 763 183 348 90 464 320 334 134 668 
? 14 242 350 626 664 410 684 220 752 61 269 309 120 38 733 
? 14 678 766 351 793 222 380 603 549 17 440 585 487 783 173 
? 14 26 315 653 132 655 512 52 64 21 493 595 637 44 761 
? 14 561 732 39 302 130 602 205 648 470 386 471 704 256 81 
? 14 127 724 276 55 16 670 103 251 152 649 434 546 697 135 
? 14 261 633 532 504 502 162 677 188 689 161 411 238 57 204 
? 14 418 635 679 673 563 11 416 456 79 591 497 686 473 346 
? 14 237 447 797 234 86 186 550 215 167 191 489 423 714 241 
? 14 742 0 525 36 96 87 692 336 95 304 516 412 530 32 
? 14 281 707 518 151 1 729 316 526 184 420 362 545 311 367 
? 14 562 424 116 750 590 265 51 558 108 431 465 792 122 89 
? 14 579 791 163 331 318 658 767 672 468 63 617 294 365 667 
? 14 442 640 508 357 527 80 102 432 794 68 329 219 643 577 
? 14 478 642 247 395 608 326 295 178 466 463 363 292 507 762 
? 14 441 30 444 170 378 554 564 175 248 109 4 400 390 770 
? 14 443 775 369 290 538 354 734 404 145 382 148 533 227 366 
? 14 35 798 198 746 751 457 43 583 65 8 709 22 14 745 
? 14 150 779 212 190 343 669 738 448 153 634 263 619 73 406 
? 14 426 480 84 698 249 279 559 580 194 566 639 293 177 769 
? 14 699 340 355 24 795 631 774 266 671 372 632 76 760 283 
? 14 479 754 778 702 104 630 574 143 641 287 459 405 700 609 
? 14 2 539 578 210 391 581 240 703 144 542 322 5 604 717 
? 14 454 531 347 83 62 138 458 125 118 206 796 49 25 223 
? 14 592 787 301 413 181 513 169 629 342 469 208 229 691 652 
? 14 258 786 588 521 401 403 257 727 506 376 509 338 147 728 
? 14 485 623 280 535 260 572 645 693 245 428 515 45 349 325 
? 14 371 537 139 75 782 268 503 182 681 606 694 117 60 394 
? 14 33 486 660 573 42 651 758 255 683 168 445 773 123 310 
? 14 616 706 253 6 110 484 333 597 137 23 460 112 421 543 
? 14 59 646 722 430 650 594 713 392 666 708 436 628 627 187 
? 14 584 307 18 106 739 66 54 553 72 364 9 736 74 528 
? 14 232 536 522 461 547 146 166 93 197 213 70 285 383 291 
? 14 624 510 396 419 495 491 359 674 611 133 614 571 705 665 
? 14 593 757 69 388 477 529 768 685 271 105 300 680 3 270 
? 14 308 407 46 555 312 784 48 743 569 92 748 298 216 622 
? 14 719 353 228 185 433 598 682 272 710 207 565 520 180 771 
? 14 582 195 409 437 339 157 381 557 114 389 284 601 498 179 
? 14 772 119 524 599 662 657 618 171 374 192 776 56 789 277 
? 14 319 488 596 548 785 209 675 155 264 393 600 128 589 297 
? 14 111 387 568 636 496 323 345 243 712 129 481 731 88 764 
? 14 299 735 759 721 756 305 552 244 176 482 638 450 661 446 
? 14 540 274 12 211 356 160 321 715 85 711 27 451 695 100 
? 14 467 462 159 313 723 427 560 422 544 439 747 58 296 121 
? 14 239 332 696 740 475 225 517 113 501 551 29 720 47 174 
? 14 534 203 425 31 107 196 398 131 397 737 254 780 98 744 
? 14 344 233 165 99 370 373 189 10 78 141 335 476 690 435 
? 14 741 605 654 399 201 34 97 576 384 278 341 50 235 790 
? 14 612 246 328 306 519 214 455 414 615 556 224 659 663 360 
? 14 7 777 688 230 324 620 613 753 273 361 259 718 20 226 
? 14 250 765 716 288 385 453 37 19 13 408 126 452 286 644 
? 14 379 417 610 15 567 142 701 218 358 67 511 375 781 647 
? 14 523 352 101 41 625 472 541 199 483 438 368 303 500 314 
? 14 327 570 140 337 282 429 158 317 575 82 330 726 217 40 
? 14 505 656 77 449 499 749 725 474 402 687 202 514 91 676 
? 14 377 231 172 587 799 94 621 115 154 136 164 494 193 221 
? 14 28 730 53 124 755 156 236 289 763 183 348 90 464 320 
? 14 334 134 668 242 350 626 664 410 684 586 267 262 220 752 
? 14 61 275 269 309 38 733 678 766 351 793 222 380 549 17 
? 14 440 71 585 487 783 173 26 315 200 653 132 607 149 492 
? 14 655 490 512 52 64 21 493 595 637 44 761 561 732 39 
? 14 302 167 130 602 205 603 648 470 386 471 120 704 256 81 
? 14 237 127 686 724 276 55 16 670 103 251 563 673 635 418 
? 14 152 649 434 411 546 415 697 689 135 261 633 532 504 502 
? 14 162 677 579 188 89 161 122 238 57 204 792 465 679 11 
? 14 558 416 456 590 79 750 591 497 473 346 562 447 797 234 
? 14 311 545 86 186 420 184 526 316 550 215 191 489 707 281 
? 14 423 32 714 412 516 304 241 95 336 87 742 0 525 36 
? 14 96 252 762 692 507 292 363 463 466 530 518 151 788 178 
? 14 1 729 295 326 608 395 247 642 478 577 643 219 329 362 
? 14 68 794 432 102 80 367 527 424 116 357 508 265 640 442 
? 14 51 667 108 431 365 294 617 63 468 672 767 658 318 791 
? 14 441 30 444 170 378 554 144 703 564 175 581 248 578 539 
? 14 2 109 4 700 400 143 390 574 770 630 443 775 369 290 
? 14 538 354 754 734 479 283 404 145 382 266 148 774 533 227 
? 14 366 35 798 198 24 746 340 751 457 43 177 583 65 8 
? 14 709 566 194 580 22 559 14 745 150 779 84 212 480 426 
? 14 190 343 406 669 738 448 263 153 634 325 619 371 73 349 
? 14 45 515 428 245 693 645 698 572 249 260 117 535 280 623 
? 14 279 485 728 147 338 639 509 293 376 506 769 699 727 257 
? 14 355 403 401 521 588 795 786 258 652 691 631 229 208 671 
? 14 372 632 76 469 484 760 342 778 702 104 629 169 333 513 
? 14 181 413 301 787 137 641 287 459 405 592 223 25 609 59 
? 14 49 796 206 210 118 125 458 650 391 138 240 62 83 347 
? 14 542 531 454 322 5 717 604 584 187 627 18 628 436 708 
? 14 666 392 713 106 594 430 722 646 54 543 421 553 72 364 
? 14 112 9 736 460 23 597 74 528 232 461 547 146 166 93 
? 14 110 6 253 70 383 706 616 624 396 310 419 495 123 773 
? 14 491 445 674 168 611 133 683 705 255 758 665 593 757 651 
? 14 42 573 660 388 477 768 486 685 33 394 60 271 300 680 
? 14 3 694 606 681 182 503 268 782 407 75 139 537 555 312 
? 14 784 743 569 92 748 298 48 216 46 622 121 296 719 353 
? 14 228 544 308 185 433 270 598 682 105 272 710 529 207 565 
? 14 69 520 180 771 582 195 409 437 339 571 157 614 381 557 
? 14 711 114 389 359 284 601 510 498 179 291 285 772 119 524 
? 14 599 662 657 213 618 197 171 522 374 192 536 776 56 789 
? 14 277 482 319 488 176 596 244 552 548 785 209 675 759 155 
? 14 264 393 66 600 739 128 589 297 111 387 568 636 307 496 
? 14 323 345 243 712 129 50 481 341 731 88 764 299 278 384 
? 14 735 576 97 34 201 721 756 305 399 654 605 638 450 435 
? 14 476 335 661 141 446 540 78 10 274 189 370 99 12 211 
? 14 165 233 344 356 160 321 98 715 780 85 27 451 254 695 
? 14 100 737 467 397 131 398 196 107 462 159 313 534 723 47 
? 14 427 560 422 501 113 439 747 517 58 475 740 696 332 239 
? 14 781 375 511 67 358 225 101 551 29 218 701 142 567 625 
? 14 15 720 610 368 303 174 417 314 203 379 425 644 337 282 
? 14 31 575 330 286 726 452 126 408 13 19 77 37 453 449 
? 14 499 385 744 288 716 373 765 250 226 474 20 718 259 361 
? 14 402 273 690 753 202 514 613 620 676 324 741 230 231 688 
? 14 777 7 360 663 659 224 556 615 414 621 455 214 519 306 
? 14 328 246 136 612 790 235 164 494 193 154 115 28 53 124 
? 14 94 236 289 799 183 90 587 172 464 377 320 91 687 134 
? 14 242 350 664 410 725 586 267 749 262 752 61 275 656 269 
? 14 309 733 678 766 505 40 217 82 317 158 793 429 380 549 
? 14 17 140 570 71 327 585 487 500 783 173 438 483 199 541 
? 14 26 472 200 653 132 607 41 352 149 523 492 655 647 490 
? 14 512 525 0 52 64 742 21 493 595 241 637 44 714 315 
? 14 423 761 561 732 489 39 302 191 167 130 602 205 440 603 
? 14 215 648 222 550 470 386 351 38 471 120 704 186 86 220 
? 14 256 234 797 81 237 127 684 346 473 686 497 724 591 276 
? 14 626 79 456 55 668 16 334 670 103 251 11 563 673 348 
? 14 679 635 418 204 57 763 238 152 156 649 755 434 411 730 
? 14 161 546 415 697 689 135 261 633 188 221 532 677 504 502 
? 14 162 163 331 791 579 318 658 767 89 122 672 468 63 617 
? 14 294 792 465 365 431 108 667 558 416 51 442 640 265 590 
? 14 750 508 357 116 424 527 562 367 80 102 432 447 794 311 
? 14 545 68 362 329 219 643 577 478 642 247 395 608 420 326 
? 14 295 184 526 316 729 1 178 788 151 518 707 281 32 530 
? 14 466 412 463 363 516 304 292 95 507 336 692 762 87 252 
? 14 441 717 30 444 5 170 322 531 378 554 542 144 347 83 
? 14 703 564 175 240 581 138 391 248 125 210 578 539 2 109 
? 14 609 223 4 592 700 405 459 287 641 400 143 787 390 574 
? 14 770 301 630 443 775 369 104 702 778 290 538 354 754 342 
? 14 734 479 283 760 404 145 382 76 632 372 671 266 148 774 
? 14 229 533 631 227 258 366 35 798 795 521 403 198 24 355 
? 14 746 340 751 699 769 457 43 177 583 65 293 8 509 709 
? 14 639 566 194 580 22 338 559 279 280 535 14 249 745 572 
? 14 698 150 245 779 84 212 480 426 190 349 343 406 669 73 
? 14 738 448 619 263 325 153 634 569 743 784 371 312 555 537 
? 14 139 75 407 45 515 782 428 268 693 503 182 645 681 606 
? 14 694 3 680 260 117 300 271 60 394 33 685 486 768 623 
? 14 477 388 485 728 147 660 573 42 651 757 376 593 665 506 
? 14 758 255 705 683 133 611 727 168 257 674 445 491 773 123 
? 14 495 419 401 588 310 396 786 624 652 691 616 706 383 70 
? 14 253 208 6 110 469 93 484 166 146 547 461 629 169 333 
? 14 513 181 413 232 528 74 597 137 23 460 736 9 112 364 
? 14 25 72 553 421 543 59 54 646 49 796 722 206 118 458 
? 14 430 650 594 106 62 713 392 666 708 436 628 18 454 627 
? 14 187 584 604 496 307 323 345 243 636 712 568 387 129 481 
? 14 111 297 731 589 88 128 764 739 299 735 600 66 393 264 
? 14 155 759 675 721 756 305 209 785 548 552 244 596 176 488 
? 14 319 482 277 789 56 776 638 536 450 192 661 374 522 446 
? 14 171 540 197 618 274 213 657 662 599 524 12 119 211 772 
? 14 356 285 291 160 179 498 510 321 601 284 359 389 114 715 
? 14 85 711 27 451 557 695 381 100 614 157 571 467 339 437 
? 14 409 195 462 582 771 180 520 69 159 565 313 207 723 529 
? 14 710 427 272 560 105 682 598 270 433 185 422 308 544 228 
? 14 439 747 353 58 719 296 121 622 46 216 239 48 298 748 
? 14 92 781 332 696 740 375 511 67 475 358 225 517 113 101 
? 14 501 551 29 218 701 142 567 15 720 610 368 303 47 174 
? 14 417 314 534 203 379 425 644 337 282 31 107 196 398 131 
? 14 397 737 575 254 330 780 286 726 452 126 408 98 13 19 
? 14 77 37 453 449 499 385 744 288 344 233 165 716 99 370 
? 14 373 765 250 189 226 10 78 474 20 718 259 361 141 335 
? 14 476 402 273 690 753 435 202 514 613 620 676 324 741 230 
? 14 231 688 777 7 360 605 663 654 399 659 224 556 615 414 
? 14 201 34 97 576 621 455 384 278 214 341 519 306 50 328 
? 14 246 136 612 790 235 162 502 504 164 494 193 532 221 633 
? 14 261 135 154 115 697 415 28 546 730 53 124 434 755 94 
? 14 156 236 289 763 799 183 348 90 587 172 464 251 103 377 
? 14 670 320 91 334 687 16 134 668 55 242 350 626 276 664 
? 14 410 684 127 725 586 81 267 749 256 262 220 752 704 61 
? 14 275 656 269 309 120 38 733 678 766 505 40 217 351 386 
? 14 470 82 317 158 793 429 222 380 603 549 17 440 205 602 
? 14 302 140 570 71 327 39 585 487 500 783 173 438 561 483 
? 14 199 541 26 761 472 315 625 200 653 132 44 607 41 352 
? 14 149 595 523 493 21 492 655 647 64 490 512 52 525 0 
? 14 36 96 742 252 87 762 692 336 507 95 292 241 304 516 
? 14 363 637 463 412 466 714 530 32 423 281 707 518 732 489 
? 14 191 167 130 151 215 788 178 648 1 729 550 316 526 184 
? 14 295 326 420 608 395 247 642 471 478 577 643 219 329 186 
? 14 86 362 68 545 311 794 234 447 797 432 102 80 367 237 
? 14 562 527 424 346 473 686 116 497 724 591 357 508 750 79 
? 14 590 456 265 640 442 51 416 558 11 667 108 431 563 673 
? 14 679 635 418 365 465 792 204 294 617 57 63 238 468 672 
? 14 152 649 411 122 161 89 767 658 689 318 188 579 791 677 
? 14 441 604 584 717 187 30 444 5 170 627 322 454 531 378 
? 14 18 554 628 542 144 347 83 703 436 708 666 392 713 564 
? 14 62 106 175 240 594 581 138 391 650 248 430 458 125 118 
? 14 210 206 722 796 578 539 2 49 109 646 54 59 543 421 
? 14 609 553 72 25 223 364 112 4 592 700 405 459 287 9 
? 14 641 400 143 736 460 23 137 597 74 528 787 390 574 770 
? 14 301 630 443 232 413 775 369 181 513 333 169 629 104 702 
? 14 778 290 538 354 754 342 734 461 479 547 283 760 404 146 
? 14 166 484 145 93 469 382 110 76 632 372 671 266 148 774 
? 14 6 208 253 229 533 70 631 227 383 706 616 691 652 258 
? 14 624 366 786 35 396 310 798 795 588 521 419 401 403 495 
? 14 198 123 773 491 445 24 355 674 746 340 751 257 168 727 
? 14 699 611 769 457 133 43 683 177 705 583 65 255 758 506 
? 14 665 593 376 293 8 509 709 757 639 651 566 42 194 580 
? 14 573 22 338 660 559 147 728 485 388 279 477 623 768 486 
? 14 280 685 33 394 535 60 271 14 300 117 260 680 3 249 
? 14 745 572 694 698 150 606 681 645 182 503 693 268 245 428 
? 14 779 84 782 515 212 480 45 426 190 407 75 139 349 343 
? 14 537 406 669 73 738 448 555 312 371 619 784 743 263 325 
? 14 153 634 569 781 92 748 298 48 239 332 696 740 216 46 
? 14 375 622 511 121 296 67 475 358 225 719 58 353 517 747 
? 14 439 113 228 544 101 501 308 551 29 218 422 185 701 433 
? 14 142 270 598 567 625 682 105 560 15 272 720 610 427 368 
? 14 303 47 710 529 174 723 417 314 534 207 203 565 313 159 
? 14 69 379 520 425 644 180 337 771 582 282 31 462 107 195 
? 14 409 196 437 398 131 397 339 467 737 571 157 614 100 381 
? 14 575 695 557 254 451 330 27 711 85 780 715 286 726 114 
? 14 452 389 359 126 408 98 13 284 19 77 37 601 321 510 
? 14 453 449 499 498 179 160 385 291 744 288 285 356 344 233 
? 14 165 772 211 119 716 12 524 99 370 373 765 599 662 250 
? 14 657 213 189 274 618 226 10 197 78 474 540 171 446 20 
? 14 718 522 374 259 361 141 661 335 192 476 402 273 690 753 
? 14 435 450 202 536 514 613 638 620 776 676 56 324 789 741 
? 14 230 277 231 482 688 777 7 319 488 360 176 605 596 244 
? 14 552 548 663 785 654 399 659 224 209 305 556 756 721 615 
? 14 675 414 759 155 264 201 34 393 97 66 576 600 735 621 
? 14 455 384 278 299 739 764 128 214 88 589 731 297 341 111 
? 14 519 481 306 50 328 246 129 136 387 568 612 712 636 790 
? 14 243 345 323 307 235 496 162 502 163 504 331 164 677 494 
? 14 791 193 579 532 221 188 633 261 135 154 318 115 689 697 
? 14 415 658 767 89 28 546 161 122 730 53 124 411 434 755 
? 14 649 94 156 152 672 236 468 238 289 763 63 57 617 294 
? 14 204 799 792 465 365 418 183 635 679 348 673 90 587 563 
? 14 172 431 108 667 464 11 251 558 103 416 377 670 51 320 
? 14 442 91 334 687 640 265 16 134 668 55 456 590 242 79 
? 14 750 350 508 357 626 276 591 724 497 116 664 686 473 410 
? 14 346 424 684 527 127 562 725 237 586 367 80 81 102 432 
? 14 447 797 267 749 234 794 311 256 545 262 68 220 362 752 
? 14 86 186 329 704 61 219 275 643 577 656 269 309 478 120 
? 14 471 38 733 678 642 766 505 247 40 217 395 608 420 326 
? 14 295 351 386 470 184 526 82 316 550 317 158 793 429 729 
? 14 222 380 1 648 178 788 215 603 151 549 17 440 205 602 
? 14 130 167 191 302 140 570 71 327 39 585 489 487 500 783 
? 14 173 732 438 561 518 483 199 707 541 26 761 281 423 472 
? 14 32 315 530 714 200 466 653 132 412 44 463 637 363 516 
? 14 607 304 41 241 352 292 95 149 507 595 336 692 523 762 
? 14 87 493 252 21 492 655 647 742 64 490 96 512 52 36 
init_score -6.3114e+06
final_score: -7.00931e+06
times: 38593
update: 172
accept: 4
!
30 170 378 441 444 564 
30 444
30 441
170 444
170 378
378 564
175 240 248 539 554 578 581 703 
175 703
240 581
240 554
248 581
248 703
539 578
578 581
2 109 
2 109
400 
4 143 145 290 354 369 390 404 443 479 538 574 630 700 734 754 770 775 
4 390
4 700
143 700
145 404
145 479
290 369
290 354
354 538
354 734
369 775
390 770
390 574
404 734
443 775
479 754
574 630
770 775
266 283 774 
266 774
283 774
24 35 148 198 227 366 382 533 798 
24 198
35 366
35 198
35 227
148 382
198 798
227 533
382 533
8 43 65 177 340 457 583 709 746 751 
8 583
43 457
43 177
43 65
65 709
65 583
340 746
457 751
746 751
194 566 
194 566
14 22 84 150 190 212 343 480 559 580 745 779 
14 745
22 559
84 480
150 745
150 559
190 212
190 480
212 779
343 480
559 580
745 779
426 
73 153 263 371 406 448 537 619 669 738 
73 619
73 537
153 448
153 263
263 619
371 537
406 619
448 669
669 738
325 634 
325 634
45 245 260 280 428 515 572 645 693 
45 515
45 428
245 693
245 572
260 280
260 572
428 693
645 693
486 623 
486 623
249 535 698 
249 535
249 698
147 279 293 338 376 485 506 509 639 727 728 
147 485
147 728
279 338
293 639
293 509
293 727
338 509
338 485
376 509
376 506
699 769 
699 769
355 616 
355 616
258 401 403 521 588 
258 521
401 588
403 521
403 588
229 631 652 691 786 795 
229 691
631 795
652 786
652 691
691 795
484 760 
484 760
76 104 169 181 208 342 372 469 513 629 632 671 702 778 
76 372
76 671
104 702
169 629
169 513
181 513
208 469
342 778
342 671
372 632
469 632
629 778
702 778
137 287 301 333 413 641 787 
137 333
287 641
287 787
301 787
301 413
333 413
25 49 118 125 138 206 210 223 391 405 458 459 592 609 650 722 796 
25 223
25 49
49 206
49 118
118 125
125 138
138 391
206 458
206 796
210 391
223 609
223 592
405 459
458 650
459 592
722 796
62 83 144 347 542 
62 347
83 347
83 542
144 542
5 187 322 454 531 584 604 627 717 
5 717
5 531
5 322
187 584
187 627
454 531
584 604
604 717
18 392 436 628 666 708 
18 628
392 666
436 708
436 628
666 708
6 9 23 54 59 70 72 74 93 106 110 112 146 166 232 253 364 383 421 430 460 461 528 543 547 553 594 597 646 713 736 
6 253
6 166
9 736
9 364
23 460
23 597
54 553
59 646
70 383
70 93
72 364
72 553
72 421
74 528
74 736
93 146
106 594
110 253
112 460
146 547
166 461
166 547
232 528
232 461
421 543
430 594
430 543
543 646
594 713
597 736
310 396 624 706 
310 624
310 706
396 624
123 168 257 419 445 491 495 674 773 
123 773
123 445
168 445
257 445
419 495
491 495
491 674
674 773
611 
255 683 758 
255 758
683 758
705 
133 
42 388 477 573 593 651 665 757 
42 651
42 593
42 477
388 477
573 651
593 665
665 757
660 
3 33 60 117 300 394 768 
3 768
3 300
33 768
33 394
60 394
117 394
75 139 271 680 685 
75 139
139 271
271 680
680 685
182 268 349 503 606 681 782 
182 503
182 681
268 606
268 782
349 782
503 606
694 
407 
312 555 
312 555
46 48 92 298 569 743 784 
46 92
48 569
48 298
92 298
569 743
743 784
121 216 228 296 308 353 622 719 747 748 
121 296
216 622
216 748
228 353
228 308
228 747
296 622
353 719
622 719
185 270 433 598 
185 598
270 433
433 598
682 
69 105 180 207 272 520 529 565 710 771 
69 565
69 180
105 272
180 771
207 565
207 520
207 710
272 529
272 710
157 195 339 389 409 571 582 614 711 
157 339
195 582
195 409
195 389
339 409
339 711
389 614
571 614
114 179 284 359 381 437 510 557 601 
114 557
179 601
284 601
284 510
284 359
359 437
381 557
381 437
119 171 285 291 524 599 662 772 
119 772
119 171
119 524
171 599
285 772
285 291
599 662
197 213 618 657 
197 213
197 618
618 657
498 
56 176 192 244 264 277 319 374 482 488 522 536 552 596 675 776 789 
56 789
56 776
176 244
176 319
192 522
192 374
192 776
244 552
264 596
277 789
277 482
319 488
319 482
488 596
536 776
596 675
155 209 548 759 785 
155 759
155 548
209 785
548 785
66 393 600 739 
66 739
393 600
393 739
128 
111 297 307 387 568 589 636 
111 568
297 589
297 387
307 568
387 568
387 636
496 
50 129 243 323 345 481 712 
50 323
129 712
129 481
243 345
243 712
323 345
88 384 764 
88 764
88 384
299 731 735 
299 731
299 735
278 341 
278 341
10 12 27 34 78 85 97 98 99 141 160 189 201 211 233 274 305 321 335 344 356 370 399 435 446 450 476 540 576 605 638 654 661 715 721 744 756 
10 540
10 78
10 370
12 356
27 98
27 85
34 97
34 721
34 576
78 189
78 141
85 715
97 201
98 321
99 370
99 233
141 335
160 321
160 356
211 344
211 370
211 356
233 744
274 540
305 756
335 476
399 654
399 721
435 476
435 638
446 661
446 540
450 638
605 654
605 638
721 756
254 451 695 780 
254 780
451 695
695 780
397 737 
397 737
100 131 196 398 467 
100 196
100 467
131 398
196 398
47 159 203 313 427 462 534 723 
47 723
47 534
159 313
159 723
159 462
203 534
427 723
58 422 439 544 560 
58 544
422 560
422 544
439 544
101 113 239 332 475 501 517 696 740 781 
101 781
113 517
113 501
239 740
332 696
332 781
475 517
475 740
696 740
29 67 358 375 511 551 
29 67
29 551
67 358
358 511
375 511
15 218 225 303 567 625 701 
15 567
218 701
225 303
303 701
567 701
567 625
142 610 720 
142 610
610 720
107 174 314 368 379 417 425 644 
107 425
107 174
314 417
314 368
379 644
379 417
425 644
31 282 337 
31 337
282 337
726 
13 126 286 330 408 452 575 
13 452
126 408
126 575
286 452
330 575
408 452
19 37 77 165 288 373 385 449 453 499 716 
19 453
37 453
37 77
77 499
165 373
288 385
288 716
288 373
385 453
449 499
250 474 765 
250 765
474 765
361 
20 226 
20 226
259 718 
259 718
202 231 273 613 620 676 690 753 
202 613
202 676
202 231
273 613
273 753
613 620
690 753
7 360 402 514 688 777 
7 777
7 360
360 514
402 514
688 777
741 
324 
214 224 306 455 556 615 621 659 663 
214 556
214 455
214 306
224 663
455 621
556 659
615 659
659 663
230 
414 
328 519 
328 519
246 
136 164 193 235 494 612 790 
136 612
136 494
164 494
193 494
235 790
612 790
154 
16 28 53 90 91 94 115 124 172 262 289 320 334 348 377 410 464 587 626 664 687 749 763 799 
16 334
28 124
28 53
53 94
53 115
90 464
90 348
91 377
91 687
94 799
124 763
172 377
172 587
172 799
262 410
262 749
289 763
320 464
320 334
334 626
410 664
464 587
626 664
61 267 269 275 586 656 725 
61 275
61 269
267 269
267 586
275 656
586 725
120 309 678 733 766 
120 309
309 733
678 733
733 766
217 
40 82 317 505 
40 82
40 505
82 317
17 140 158 327 380 429 487 549 570 585 783 793 
17 549
17 585
140 570
140 585
158 429
327 570
380 793
380 549
429 793
487 783
487 585
173 
71 
438 483 500 
438 483
483 500
132 199 200 472 541 653 
132 653
132 472
199 541
200 653
472 541
149 607 
149 607
26 
41 352 490 492 523 647 
41 523
352 523
490 492
492 523
492 647
0 52 64 512 525 655 
0 525
52 64
52 525
64 512
512 655
742 
21 44 315 412 493 595 637 714 
21 493
21 595
44 637
44 315
412 637
412 493
637 714
39 130 167 191 205 215 222 302 351 386 423 440 470 489 550 561 602 603 648 732 761 
39 302
39 561
130 167
130 602
167 191
191 215
205 602
205 603
205 302
222 351
222 603
351 386
386 470
423 732
440 603
470 550
489 732
561 732
561 761
602 648
752 
38 471 
38 471
81 86 186 220 237 256 346 686 704 
81 256
81 237
86 186
86 346
220 256
237 686
256 704
346 686
116 127 527 684 797 
116 527
116 797
127 684
127 797
55 79 276 350 473 497 591 724 
55 276
79 473
79 497
276 724
276 350
473 724
473 591
103 134 236 242 251 442 563 668 670 673 
103 251
103 670
103 236
134 670
134 668
242 668
251 563
442 563
563 673
57 183 204 238 418 635 679 
57 204
57 238
57 418
183 635
418 635
418 679
135 152 156 161 261 411 415 434 546 649 689 697 730 755 
135 261
135 689
152 649
156 755
161 411
261 697
411 649
415 697
434 546
434 649
546 730
546 697
730 755
188 221 
188 221
162 163 331 502 504 532 633 
162 502
163 331
331 504
502 504
504 532
532 633
677 
579 791 
579 791
63 89 122 294 318 365 465 468 617 658 672 767 792 
63 617
63 468
89 122
89 658
294 617
318 767
365 617
365 465
465 792
468 672
658 767
672 767
11 51 108 416 431 558 667 
11 558
51 416
108 431
108 667
416 667
431 558
265 357 456 508 590 640 
265 640
265 590
357 508
456 590
508 590
424 545 562 
424 562
424 545
68 80 102 219 234 311 329 362 367 432 447 577 643 750 794 
68 329
68 794
68 362
80 432
80 367
102 432
219 329
234 447
234 362
234 311
329 577
367 750
432 794
577 643
478 642 
478 642
184 247 295 316 326 395 526 608 
184 526
247 326
295 326
295 316
316 526
326 608
395 608
1 420 729 
1 729
420 729
151 178 788 
151 178
178 788
32 281 518 707 
32 281
281 707
518 707
95 241 252 292 304 363 463 466 507 516 530 762 
95 304
95 241
241 762
252 516
292 507
292 463
304 516
363 463
363 466
463 530
507 762
87 336 692 
87 336
336 692
36 96 
36 96
Score = 236464
