0 4
1 1
2 2
3 3
4 7
5 5
6 6
7 8
9 9
9 10
11 11
12 12
13 13
14 14
15 15
16 16
16 17
18 18
19 19
19 20
21 21
21 22
23 23
23 24
24 25
26 26
26 27
29 29
28 28
29 31
30 30
32 32
32 34
33 33
34 35
35 36
37 37
38 38
40 40
39 39
41 41
41 42
45 45
43 43
44 44
45 48
46 46
47 47
48 49
50 50
50 52
51 51
53 53
54 54
55 55
55 56
56 57
57 58
58 59
60 60
61 61
61 63
62 62
63 64
65 65
66 66
66 67
68 68
68 69
70 70
71 71
71 72
72 73
73 74
75 75
75 76
76 77
77 78
78 79
79 82
80 80
81 81
83 83
85 85
84 84
86 86
86 87
87 88
88 90
89 89
90 91
91 92
93 93
93 95
94 94
95 96
96 97
99 99
98 98
99 0
