? 9 403 482 112 745 399 30 450 401 593 
? 9 549 69 81 223 145 447 646 129 427 
? 9 187 729 225 50 314 496 596 535 473 
? 9 202 338 251 558 312 647 16 113 166 
? 9 675 530 373 610 245 163 370 500 28 
? 9 698 789 155 348 712 252 53 277 720 
? 9 704 0 308 791 295 671 539 377 179 
? 9 99 164 674 272 266 275 156 739 346 
? 9 41 603 224 364 89 194 410 615 178 
? 9 466 32 652 650 510 58 195 239 95 
? 9 648 620 335 543 43 463 605 278 38 
? 9 441 635 319 336 534 204 777 471 501 
? 9 360 747 60 678 796 379 412 90 523 
? 9 497 641 660 101 327 588 15 529 228 
? 9 456 444 406 670 332 659 413 597 787 
? 9 382 259 522 299 174 359 443 446 124 
? 9 345 355 387 316 262 209 623 476 71 
? 9 68 673 591 486 546 396 146 459 528 
? 9 356 763 780 691 570 516 494 759 269 
? 9 162 453 474 445 502 3 77 333 489 
? 9 234 770 688 475 754 203 215 263 107 
? 9 85 182 301 764 587 578 121 727 27 
? 9 419 696 751 254 455 633 152 326 281 
? 9 645 540 374 237 503 287 555 217 548 
? 9 323 216 321 361 231 733 46 394 111 
? 9 55 577 533 65 328 253 662 668 350 
? 9 676 709 78 404 525 128 723 604 711 
? 9 357 542 169 199 624 221 708 719 210 
? 9 490 61 241 734 270 72 467 748 778 
? 9 793 667 102 569 625 742 80 431 736 
? 9 157 249 585 388 172 1 414 261 515 
? 9 721 76 631 341 666 104 672 181 116 
? 9 686 550 607 177 776 567 744 62 454 
? 9 354 614 353 142 602 384 273 557 731 
? 9 469 730 363 389 457 562 465 636 198 
? 9 658 692 214 189 54 568 186 433 701 
? 9 790 547 452 679 448 716 285 580 488 
? 9 779 415 296 682 380 143 653 151 244 
? 9 109 98 435 690 753 618 595 280 538 
? 9 8 227 728 176 87 133 289 376 20 
? 9 637 606 42 267 599 774 470 279 105 
? 9 23 117 320 213 94 608 309 795 544 
? 9 532 322 397 775 554 478 507 740 551 
? 9 390 649 17 484 432 56 34 49 386 
? 9 134 378 372 741 462 536 25 161 315 
? 9 663 566 119 192 306 127 782 88 458 
? 9 472 743 392 48 123 96 434 784 40 
? 9 439 64 268 589 200 629 369 798 421 
? 9 564 36 110 5 122 487 638 767 274 
? 9 168 141 260 537 724 785 683 293 725 
? 9 282 229 393 57 449 318 67 211 483 
? 9 400 423 250 611 29 4 513 154 738 
? 9 240 247 495 190 680 586 511 139 39 
? 9 83 695 651 334 22 560 180 735 201 
? 9 337 255 783 349 422 407 617 772 766 
? 9 499 21 362 310 339 425 702 661 584 
? 9 305 233 428 531 769 205 601 288 257 
? 9 51 191 573 243 91 367 313 687 590 
? 9 26 343 574 705 797 70 693 424 100 
? 9 118 755 451 398 74 45 437 351 11 
? 9 173 726 132 707 236 292 706 464 230 
? 9 632 12 722 689 402 506 264 592 33 
? 9 572 600 565 149 79 571 290 640 492 
? 9 137 52 256 768 579 613 616 634 438 
? 9 553 694 193 235 524 426 206 283 391 
? 9 788 44 703 440 93 514 749 460 125 
? 9 148 59 138 219 752 627 381 207 684 
? 9 417 480 420 6 561 175 512 150 655 
? 9 612 559 408 430 664 582 365 10 265 
? 9 713 416 73 657 75 92 196 331 324 
? 9 479 799 681 699 307 246 628 732 594 
? 9 126 700 436 159 294 35 576 144 183 
? 9 771 756 366 18 131 556 184 685 2 
? 9 171 185 97 552 347 395 527 330 717 
? 9 758 344 9 518 583 248 220 271 136 
? 9 644 375 303 103 208 405 311 654 188 
? 9 325 773 135 14 760 517 498 665 508 
? 9 792 340 563 519 697 317 509 746 794 
? 9 47 358 526 158 609 368 669 737 630 
? 9 120 242 621 757 258 761 7 238 504 
? 9 329 418 298 622 575 167 429 468 581 
? 9 718 762 13 710 677 84 342 781 786 
? 9 297 626 383 218 302 409 197 284 520 
? 9 115 477 656 371 232 639 31 491 598 
? 9 505 304 286 291 66 765 642 86 222 
? 9 352 541 481 521 715 130 750 212 106 
? 9 140 276 300 485 165 545 493 147 63 
? 9 411 160 226 24 82 170 643 108 442 
? 9 403 482 112 239 745 399 30 650 450 
? 9 401 652 593 466 549 69 81 223 145 
? 9 447 646 364 129 427 187 729 225 50 
? 9 314 496 346 739 596 266 674 535 473 
? 9 202 338 251 558 312 647 377 671 295 
? 9 308 704 720 16 113 166 712 348 789 
? 9 698 675 530 373 610 245 163 370 500 
? 9 259 28 382 155 413 252 53 277 670 
? 9 0 406 791 444 456 539 15 327 101 
? 9 660 179 641 497 99 164 272 523 275 
? 9 156 90 412 379 796 747 41 603 224 
? 9 89 194 360 410 501 471 615 777 204 
? 9 534 336 178 32 635 441 510 38 58 
? 9 195 278 605 95 648 463 620 543 335 
? 9 234 43 489 333 77 3 502 445 474 
? 9 453 162 269 759 754 494 516 570 691 
? 9 780 319 763 356 528 459 146 396 587 
? 9 60 678 546 486 591 588 27 529 673 
? 9 68 228 71 476 623 209 262 332 152 
? 9 659 597 316 387 355 787 345 124 446 
? 9 443 359 174 299 522 281 645 326 374 
? 9 237 633 503 555 217 455 216 254 751 
? 9 696 361 419 727 121 578 533 764 301 
? 9 182 85 107 253 662 263 215 203 128 
? 9 723 475 688 604 770 357 542 169 199 
? 9 624 221 708 719 525 404 490 78 61 
? 9 709 734 270 72 467 748 778 793 676 
? 9 350 668 328 625 742 65 80 431 736 
? 9 577 55 157 111 394 46 388 172 1 
? 9 733 414 231 261 721 321 76 323 631 
? 9 548 666 287 672 181 540 550 607 177 
? 9 686 776 567 744 62 454 354 478 116 
? 9 614 353 142 104 602 341 384 273 557 
? 9 279 731 469 515 730 363 389 457 562 
? 9 465 636 585 198 658 692 249 289 214 
? 9 189 54 568 186 433 133 701 569 87 
? 9 102 667 790 547 452 679 448 176 716 
? 9 241 285 210 580 488 779 415 296 682 
? 9 380 143 711 653 151 244 109 123 48 
? 9 392 782 98 435 690 127 753 618 306 
? 9 595 192 566 280 538 8 227 728 462 
? 9 376 378 134 20 637 606 42 267 56 
? 9 599 432 774 470 105 23 117 320 213 
? 9 94 608 309 795 544 532 322 397 775 
? 9 554 390 507 551 740 250 423 400 483 
? 9 211 649 17 67 318 449 484 57 393 
? 9 229 282 293 34 683 49 785 386 724 
? 9 537 372 260 141 168 741 767 638 487 
? 9 536 25 161 110 36 315 663 200 589 
? 9 119 268 439 88 458 40 784 472 743 
? 9 434 96 428 305 584 661 702 425 339 
? 9 64 310 629 362 21 499 369 766 772 
? 9 617 407 422 798 421 564 349 783 5 
? 9 122 255 337 201 735 180 560 274 22 
? 9 334 651 695 83 725 39 139 118 511 
? 9 586 680 190 495 247 240 738 154 513 
? 9 4 29 611 236 706 464 292 707 230 
? 9 722 689 402 132 506 726 173 11 351 
? 9 437 264 45 600 74 565 149 398 451 
? 9 755 100 79 290 492 137 256 424 693 
? 9 613 70 797 634 438 553 705 574 694 
? 9 343 26 193 590 235 687 313 206 367 
? 9 91 243 573 283 191 51 257 288 391 
? 9 788 601 44 205 440 93 514 769 125 
? 9 148 59 531 138 233 219 752 460 627 
? 9 381 207 749 684 703 417 6 561 426 
? 9 524 512 655 612 559 408 616 430 664 
? 9 579 582 768 52 365 10 640 571 265 
? 9 713 416 73 657 75 92 572 33 592 
? 9 196 331 324 12 479 632 799 681 699 
? 9 307 246 628 732 594 761 126 700 436 
? 9 159 294 35 576 144 120 183 771 756 
? 9 366 18 131 556 158 184 685 2 171 
? 9 185 358 97 552 347 395 527 330 717 
? 9 758 344 150 519 9 175 518 583 248 
? 9 220 271 420 136 480 644 375 303 103 
? 9 208 405 311 14 654 325 188 352 773 
? 9 135 222 760 86 642 517 498 291 665 
? 9 286 508 304 792 340 505 491 563 31 
? 9 697 317 509 656 746 115 520 794 409 
? 9 302 47 526 626 609 368 786 781 342 
? 9 84 669 677 737 630 242 710 762 621 
? 9 757 718 581 468 429 622 298 418 329 
? 9 258 238 7 461 504 19 385 714 575 
? 9 167 37 13 619 114 153 442 108 643 
? 9 170 297 82 383 24 218 226 160 197 
? 9 284 411 63 477 147 493 371 545 232 
? 9 639 165 598 485 300 276 140 106 66 
? 9 335 620 403 648 482 95 605 112 239 
? 9 745 399 195 30 58 510 650 450 401 
? 9 652 593 32 466 549 178 69 81 223 
? 9 145 777 615 447 646 410 360 194 89 
? 9 364 129 224 427 187 603 41 729 225 
? 9 50 314 496 796 346 739 596 156 275 
? 9 266 272 674 164 99 497 641 179 535 
? 9 473 202 338 251 558 312 647 377 539 
? 9 671 295 791 406 308 0 704 720 16 
? 9 113 166 277 53 252 712 348 155 789 
? 9 698 675 28 530 373 610 245 163 370 
? 9 500 281 522 299 174 359 259 443 446 
? 9 382 124 345 787 355 387 316 597 413 
? 9 659 152 332 670 262 209 254 444 456 
? 9 623 476 71 228 68 673 529 15 27 
? 9 588 327 727 101 660 591 523 486 90 
? 9 412 379 546 678 60 587 396 747 146 
? 9 459 182 528 356 501 471 204 763 534 
? 9 336 319 780 691 570 516 635 494 754 
? 9 759 441 38 269 162 453 474 445 502 
? 9 3 77 333 278 489 463 43 234 543 
? 9 770 199 604 688 221 475 719 723 128 
? 9 525 404 78 203 709 734 270 72 215 
? 9 778 676 350 668 263 662 253 107 328 
? 9 742 85 65 301 431 764 533 577 55 
? 9 578 111 394 46 388 121 172 733 231 
? 9 261 419 361 696 751 321 216 455 323 
? 9 631 548 666 217 555 287 503 633 237 
? 9 181 374 540 326 645 607 177 550 686 
? 9 776 507 567 744 62 454 354 478 116 
? 9 672 775 614 353 142 104 602 341 384 
? 9 273 76 608 557 320 117 105 279 470 
? 9 731 721 469 515 730 363 389 457 562 
? 9 414 465 1 42 636 606 585 198 658 
? 9 20 692 249 157 289 214 189 736 54 
? 9 568 80 186 433 133 625 701 569 87 
? 9 102 667 790 547 793 748 467 452 679 
? 9 448 176 716 241 8 61 285 490 210 
? 9 580 708 488 618 624 779 415 169 98 
? 9 542 296 682 380 143 357 711 653 151 
? 9 96 244 109 123 434 48 392 743 472 
? 9 40 458 88 782 435 439 690 268 127 
? 9 753 306 595 192 119 566 589 280 200 
? 9 663 315 538 36 227 110 161 728 25 
? 9 536 638 767 462 741 168 260 372 376 
? 9 378 537 134 724 386 785 637 49 683 
? 9 34 293 267 282 56 599 432 393 774 
? 9 57 484 23 213 94 309 795 17 544 
? 9 532 649 322 397 554 390 483 551 250 
? 9 740 706 423 400 292 236 707 611 29 
? 9 211 4 513 154 738 240 247 67 318 
? 9 437 495 449 190 680 74 586 511 755 
? 9 118 229 139 39 725 83 695 693 651 
? 9 334 22 141 797 274 560 705 574 343 
? 9 180 26 487 590 735 201 337 255 687 
? 9 313 122 91 5 783 243 349 191 257 
? 9 288 564 421 798 601 422 205 407 617 
? 9 772 766 369 499 21 362 629 769 310 
? 9 64 339 425 702 531 661 584 784 305 
? 9 428 233 138 219 59 752 148 125 460 
? 9 627 381 207 749 514 684 93 440 703 
? 9 417 44 788 391 51 283 6 573 367 
? 9 206 561 426 524 235 193 694 553 438 
? 9 634 655 612 70 559 616 613 430 424 
? 9 664 579 582 768 256 52 365 10 137 
? 9 492 640 290 571 265 79 100 713 416 
? 9 73 657 75 451 398 92 149 565 600 
? 9 572 33 45 592 264 351 196 331 11 
? 9 173 726 506 132 402 324 689 722 12 
? 9 479 632 230 799 699 307 246 464 628 
? 9 732 7 594 761 258 126 700 436 681 
? 9 159 294 757 621 35 576 144 242 120 
? 9 183 630 737 771 756 366 669 18 131 
? 9 556 609 158 184 685 2 171 526 185 
? 9 358 47 97 552 347 408 794 395 527 
? 9 330 717 746 758 317 344 150 697 512 
? 9 519 9 175 563 518 583 248 220 340 
? 9 271 420 136 792 480 644 508 375 303 
? 9 665 103 498 517 208 405 311 760 14 
? 9 135 654 325 188 541 352 773 222 481 
? 9 521 715 86 130 642 765 750 212 66 
? 9 106 291 286 304 505 140 276 300 485 
? 9 598 491 165 31 639 232 545 371 493 
? 9 509 147 656 477 63 115 411 520 284 
? 9 197 160 226 409 302 218 24 383 626 
? 9 82 297 170 368 786 781 643 342 84 
? 9 108 677 442 153 114 710 619 13 762 
? 9 718 37 581 468 429 167 575 622 298 
? 9 335 543 43 620 403 463 648 482 95 
? 9 605 112 278 239 745 399 445 195 30 
? 9 58 38 510 441 650 450 759 401 494 
? 9 652 635 593 32 466 549 319 178 336 
? 9 69 534 81 223 763 145 204 777 615 
? 9 471 501 447 646 410 360 194 89 364 
? 9 129 224 427 146 187 603 41 729 747 
? 9 225 50 314 496 60 678 796 346 379 
? 9 412 739 596 90 156 275 266 523 272 
? 9 674 164 99 497 641 179 535 591 660 
? 9 473 202 101 338 327 251 588 558 15 
? 9 529 312 647 377 539 228 671 295 456 
? 9 444 791 406 308 0 704 262 720 16 
? 9 113 670 166 332 277 659 53 252 413 
? 9 597 387 712 787 348 155 789 124 698 
? 9 382 675 28 530 259 373 610 245 163 
? 9 370 299 500 281 522 174 359 645 443 
? 9 446 345 326 355 316 540 374 181 237 
? 9 152 633 503 287 555 217 666 548 631 
? 9 323 455 209 216 254 321 751 696 361 
? 9 623 476 71 419 68 673 27 727 261 
? 9 231 733 172 121 486 388 46 394 111 
? 9 546 578 55 587 577 533 764 396 431 
? 9 301 459 65 182 528 85 742 356 328 
? 9 107 253 662 263 668 350 676 778 780 
? 9 215 72 691 570 270 734 516 709 203 
? 9 78 754 404 525 269 128 723 719 162 
? 9 453 475 474 221 502 688 604 3 199 
? 9 770 77 333 489 234 151 653 711 357 
? 9 244 109 123 48 392 143 380 682 296 
? 9 782 542 98 169 415 435 779 690 624 
? 9 127 753 618 488 306 595 192 566 708 
? 9 280 580 210 490 538 285 61 8 241 
? 9 716 227 728 176 448 679 452 467 748 
? 9 793 547 790 667 102 87 569 701 625 
? 9 133 462 433 186 80 568 54 736 189 
? 9 214 289 157 376 249 378 134 692 20 
? 9 658 198 637 585 606 636 42 1 267 
? 9 465 414 562 457 389 363 56 599 730 
? 9 515 469 432 721 731 774 470 279 105 
? 9 23 117 320 557 213 94 608 309 76 
? 9 795 273 384 544 341 602 104 532 142 
? 9 353 322 397 614 775 672 554 116 478 
? 9 390 354 454 62 744 567 507 551 776 
? 9 686 550 177 607 740 250 706 423 400 
? 9 292 236 707 611 483 29 211 4 649 
? 9 513 154 738 240 247 17 67 318 437 
? 9 495 449 190 484 57 680 74 586 393 
? 9 511 755 118 229 282 139 39 725 293 
? 9 34 83 695 683 49 693 785 651 386 
? 9 724 537 334 22 372 260 141 797 168 
? 9 274 560 741 705 574 343 767 180 26 
? 9 638 487 590 735 201 536 337 255 687 
? 9 313 25 122 91 5 783 243 349 161 
? 9 191 257 110 288 36 564 421 798 601 
? 9 422 205 407 617 772 766 369 315 499 
? 9 21 362 629 663 200 589 119 769 310 
? 9 268 64 439 339 425 88 702 531 458 
? 9 40 661 584 784 472 743 305 428 434 
? 9 96 233 138 219 59 752 311 148 125 
? 9 460 405 208 627 381 207 749 103 303 
? 9 514 684 375 93 440 644 703 417 480 
? 9 44 788 420 391 271 220 51 283 248 
? 9 6 573 583 367 206 561 426 524 175 
? 9 235 9 193 512 150 344 694 553 758 
? 9 438 634 717 655 330 612 527 395 70 
? 9 559 408 347 552 616 613 97 430 185 
? 9 171 424 664 579 582 768 256 52 365 
? 9 10 685 137 184 492 640 290 571 265 
? 9 79 100 713 416 73 556 657 75 131 
? 9 451 398 92 149 18 565 600 572 33 
? 9 45 592 264 183 351 196 331 144 576 
? 9 11 35 173 726 506 132 402 324 689 
? 9 722 12 479 632 294 159 230 799 681 
? 9 699 307 436 700 246 126 464 628 594 
? 9 732 7 761 238 461 504 19 258 329 
? 9 418 385 714 298 622 575 167 429 468 
? 9 581 37 718 757 621 762 13 619 710 
? 9 242 120 114 630 153 737 771 442 756 
? 9 677 366 669 108 84 342 643 781 786 
? 9 368 609 170 158 297 82 626 2 526 
? 9 383 24 218 358 47 302 409 226 160 
? 9 197 794 284 520 411 115 746 63 477 
? 9 656 147 509 317 493 697 519 371 545 
? 9 232 639 31 165 563 518 491 598 485 
? 9 300 276 140 505 340 136 792 304 508 
? 9 286 665 291 106 66 498 517 212 750 
? 9 765 642 130 86 760 715 521 481 14 
? 9 335 543 234 43 620 403 463 648 482 
? 9 489 95 605 112 278 239 333 77 770 
? 9 745 199 3 604 688 502 399 221 445 
? 9 195 474 475 453 162 30 58 719 723 
? 9 128 269 525 404 38 510 441 650 450 
? 9 759 754 401 494 78 203 709 652 635 
? 9 593 516 734 270 32 466 549 570 691 
? 9 72 215 780 319 178 336 69 778 534 
? 9 81 223 676 350 668 763 145 263 204 
? 9 777 615 471 501 662 253 107 447 328 
? 9 646 356 410 360 194 742 85 528 89 
? 9 182 364 65 129 459 224 427 146 187 
? 9 301 431 603 41 729 747 396 764 533 
? 9 577 225 587 55 50 314 578 496 60 
? 9 678 796 546 346 379 111 412 739 596 
? 9 90 394 46 388 486 121 172 156 275 
? 9 266 523 272 733 674 164 99 497 231 
? 9 261 641 179 535 591 660 473 202 101 
? 9 727 338 327 251 588 27 558 15 529 
? 9 312 647 377 539 673 68 228 671 419 
? 9 295 71 476 623 456 444 791 406 361 
? 9 696 751 308 321 254 216 0 209 455 
? 9 323 704 262 720 631 16 113 548 670 
? 9 166 666 217 555 287 332 503 633 152 
? 9 277 659 237 53 252 413 181 597 374 
? 9 540 316 387 355 712 326 787 348 155 
? 9 789 345 124 698 382 446 675 443 28 
? 9 530 259 373 610 645 359 245 174 163 
? 9 370 299 522 500 281 740 250 607 177 
? 9 550 706 686 776 551 423 400 507 292 
? 9 236 567 744 707 611 62 483 454 354 
? 9 390 478 116 554 672 775 614 29 397 
? 9 322 353 211 4 649 513 142 532 104 
? 9 154 602 738 240 341 544 247 17 384 
? 9 273 67 795 76 318 309 608 437 94 
? 9 495 213 557 320 449 190 117 23 484 
? 9 57 105 279 680 470 74 586 774 393 
? 9 731 511 721 432 469 515 755 730 599 
? 9 56 363 118 389 457 562 229 282 139 
? 9 414 39 725 465 267 293 1 34 42 
? 9 83 636 606 585 695 683 49 637 198 
? 9 658 693 785 651 386 724 20 692 134 
? 9 537 334 378 249 376 157 289 22 372 
? 9 260 214 141 189 797 168 736 54 274 
? 9 568 80 560 741 186 433 462 133 705 
? 9 574 343 767 180 625 701 26 569 638 
? 9 487 87 102 590 735 201 667 536 337 
? 9 255 687 790 313 547 793 25 122 748 
init_score -2.30563e+06
final_score: -2.64805e+06
times: 46929
update: 201
accept: 6
!
335 463 620 
335 620
463 620
95 112 239 482 605 648 745 
95 648
95 239
95 112
239 605
239 745
482 745
30 58 195 450 
30 450
58 195
195 450
32 69 81 178 399 401 466 510 549 593 650 652 
32 178
32 466
69 81
69 549
399 401
399 650
401 593
466 549
466 652
510 650
593 652
41 50 89 129 145 187 194 223 224 225 314 346 360 410 427 447 496 603 615 646 729 739 747 777 796 
41 225
41 187
41 747
50 496
89 194
89 224
129 427
145 223
145 447
187 427
194 410
194 646
224 729
225 314
225 496
314 346
346 796
360 410
447 646
447 615
603 747
603 729
615 777
739 796
99 156 164 179 202 251 266 272 275 338 473 497 535 558 596 641 674 
99 164
99 497
99 272
156 275
164 179
164 674
179 535
202 338
202 535
251 473
251 338
266 275
266 596
272 275
338 558
497 641
295 312 377 647 671 
295 377
295 671
312 647
312 671
0 308 406 456 704 720 791 
0 704
0 456
308 720
406 456
456 791
704 720
16 28 53 113 155 163 166 174 245 252 281 299 348 359 370 373 382 413 443 446 500 522 530 610 675 698 712 789 
16 113
28 698
28 382
53 166
53 413
113 166
155 348
163 610
163 500
174 299
174 446
174 382
245 373
245 370
252 712
252 413
281 359
299 522
348 712
359 443
373 530
373 675
443 446
530 610
675 789
698 789
712 789
124 259 316 345 355 
124 345
124 316
259 316
345 355
71 209 254 262 277 332 387 444 455 476 597 623 659 670 673 787 
71 476
71 444
209 262
209 476
254 455
262 670
277 332
277 659
332 670
387 597
387 787
444 673
455 623
476 623
597 659
15 327 529 588 
15 588
327 588
529 588
27 68 228 539 727 
27 727
27 228
68 228
228 539
101 660 
101 660
38 60 90 146 182 204 269 319 336 356 364 379 412 441 459 471 486 494 501 516 523 528 534 546 570 578 587 591 635 678 691 754 759 763 
38 441
60 678
60 546
60 364
90 412
90 486
90 523
146 459
146 364
182 528
204 534
204 471
269 759
269 754
319 336
319 763
319 516
336 534
356 528
356 763
379 412
412 678
441 759
441 635
459 528
471 501
494 754
516 570
523 591
546 587
570 691
578 587
691 754
3 77 162 278 333 445 474 489 770 780 
3 77
3 489
3 445
77 770
162 474
162 780
162 333
278 445
333 489
403 
43 65 72 78 85 107 128 199 203 215 221 234 253 263 270 301 328 350 404 431 453 475 502 525 533 543 577 604 662 668 676 688 709 719 723 734 742 764 778 
43 543
65 742
65 431
72 778
72 270
78 709
78 404
85 107
85 301
107 263
128 723
128 525
199 221
203 709
215 263
221 719
234 543
234 502
253 662
263 662
270 734
301 764
328 662
328 350
350 676
404 525
404 719
431 577
453 688
453 502
475 688
533 577
533 764
604 688
604 723
668 676
668 778
709 734
55 111 396 
55 111
111 396
46 121 152 172 216 231 261 287 321 323 388 394 419 540 548 696 733 751 
46 394
46 121
152 696
172 388
172 733
216 696
216 321
231 261
231 733
231 419
287 548
287 323
287 540
321 323
388 394
419 696
696 751
237 631 
237 631
217 503 555 633 
217 503
503 555
555 633
361 
62 116 177 181 326 353 354 374 454 478 507 550 567 607 614 645 666 672 686 744 775 776 
62 354
62 567
62 116
116 614
116 672
177 776
181 374
181 666
326 374
353 614
354 454
478 744
478 775
507 776
550 607
550 686
567 744
567 686
607 645
666 672
744 776
76 104 142 213 273 279 320 341 544 602 
76 273
104 341
142 602
142 213
213 320
273 341
279 320
341 602
544 602
23 42 105 117 363 389 414 457 465 470 515 562 585 606 636 721 730 731 774 
23 117
23 774
42 606
42 465
105 730
105 774
363 730
363 389
389 731
414 515
414 585
457 562
457 515
465 636
465 562
470 774
515 721
562 730
1 198 658 692 
1 198
198 658
658 692
157 189 214 249 289 
157 249
189 249
189 289
214 289
20 625 
20 625
54 80 133 186 568 736 
54 186
54 736
80 186
80 568
133 568
87 102 433 569 701 790 
87 701
102 790
102 569
433 790
701 790
547 679 
547 679
8 61 98 109 143 151 169 176 210 241 244 285 296 357 380 415 448 452 467 490 542 580 595 624 653 667 682 708 711 716 748 753 779 793 
8 716
61 241
61 285
98 682
109 244
143 682
151 653
151 244
169 542
169 624
176 448
210 490
210 285
210 708
210 580
241 716
296 682
296 415
296 380
357 711
380 711
415 779
448 716
448 467
448 452
467 748
580 595
595 753
624 708
624 779
653 711
667 748
667 793
48 64 88 96 123 127 192 268 305 392 435 439 458 472 618 690 743 782 
48 743
48 96
48 392
64 458
64 439
88 458
88 782
96 123
127 618
127 192
268 439
305 472
435 690
458 472
472 743
618 690
690 782
306 315 488 566 663 
306 315
306 566
315 663
488 566
25 36 119 161 200 227 280 536 538 589 728 
25 227
25 536
25 161
36 161
119 200
119 589
227 728
227 538
280 538
280 589
487 638 741 767 
487 638
638 767
741 767
134 141 168 260 372 376 378 386 537 637 683 724 
134 378
134 637
134 683
141 168
168 260
260 372
372 537
376 378
386 724
386 683
537 724
34 49 229 267 282 469 785 
34 49
34 267
34 229
49 785
229 282
282 469
56 57 309 393 432 484 599 795 
56 599
56 795
57 484
57 393
309 795
393 432
432 599
94 608 
94 608
17 322 384 397 532 554 557 
17 532
322 532
322 554
384 532
384 557
397 532
240 
29 250 292 390 400 423 483 551 706 707 740 
29 292
29 400
250 740
250 423
292 706
292 707
390 551
390 483
400 423
400 483
236 611 
236 611
211 649 
211 649
4 39 67 74 83 118 139 154 190 247 293 318 437 449 495 511 513 586 680 695 725 738 755 
4 154
39 139
39 725
67 318
74 586
74 190
74 755
83 725
83 695
118 139
118 755
154 513
154 247
190 437
190 495
247 738
293 725
318 449
318 738
449 495
511 680
511 586
693 
22 334 462 560 
22 560
334 560
462 560
5 26 122 180 201 243 255 274 313 337 343 349 573 574 590 651 687 705 735 783 797 
5 783
5 349
26 590
26 343
122 180
122 735
180 651
201 337
201 735
243 313
243 573
255 337
255 590
274 651
313 687
343 705
349 735
574 705
590 687
705 797
21 110 191 205 257 288 310 407 421 422 564 601 617 629 766 772 798 
21 766
21 629
21 310
110 191
191 257
205 601
257 288
288 601
407 601
407 772
421 564
421 798
422 798
422 617
617 766
629 772
339 362 369 425 499 531 584 661 702 769 
339 702
339 584
339 362
362 769
369 769
369 499
425 661
425 531
661 702
40 44 59 93 125 138 148 207 219 233 381 417 428 434 440 460 514 627 684 703 749 752 784 
40 784
40 434
44 703
59 125
59 752
59 138
93 703
93 514
93 749
125 460
125 148
138 233
207 381
207 684
219 752
233 428
381 627
417 684
428 434
440 514
460 627
627 749
6 51 91 283 391 788 
6 283
51 91
91 283
283 391
391 788
206 367 426 524 561 694 
206 367
206 426
426 524
426 694
524 561
235 553 
235 553
193 438 634 
193 438
438 634
612 
52 70 256 408 424 430 559 579 582 613 616 655 768 
52 768
70 613
256 424
256 768
408 582
424 613
430 559
559 616
559 655
579 768
579 582
613 616
73 75 79 100 137 265 290 365 416 492 571 640 657 664 713 
73 416
73 75
79 100
79 290
137 290
265 571
265 416
290 492
365 664
416 713
492 640
571 640
640 664
657 713
92 149 451 565 
92 149
149 565
451 565
45 264 398 572 600 
45 600
264 572
398 600
572 600
11 33 132 173 196 324 331 351 402 506 592 689 726 
11 173
11 351
33 351
33 592
132 726
132 402
173 726
196 331
324 689
331 592
402 506
402 689
7 12 35 126 144 159 230 246 258 294 307 436 464 479 576 594 621 628 630 632 681 699 700 722 732 757 761 799 
7 761
7 258
12 632
12 722
12 479
35 576
35 621
126 700
144 576
159 294
159 621
230 722
246 307
246 628
294 436
307 699
436 700
464 628
479 799
576 630
594 761
594 732
621 757
628 732
681 799
681 699
681 700
120 183 242 737 771 
120 737
120 183
120 242
737 771
10 18 131 158 184 366 556 609 669 685 756 
10 184
18 366
18 131
131 556
158 609
158 184
184 685
366 756
366 669
556 685
2 47 171 358 526 
2 171
47 358
171 358
358 526
9 97 136 150 175 185 220 248 271 330 344 347 395 509 512 518 519 527 552 563 583 697 717 746 758 794 
9 175
9 150
97 395
97 185
136 220
136 271
150 512
150 344
220 248
248 583
330 527
330 794
344 758
344 519
347 552
347 527
395 527
509 794
518 563
518 583
519 697
519 563
527 717
697 746
717 758
103 303 340 375 508 644 792 
103 303
303 375
340 792
340 644
375 644
508 792
208 311 405 420 480 498 517 665 
208 405
208 498
311 405
420 498
420 480
498 665
498 517
14 654 760 
14 760
14 654
188 
135 325 
135 325
86 222 521 642 715 765 773 
86 521
86 222
86 765
222 773
222 642
521 715
66 106 130 212 352 481 541 750 
66 106
66 541
106 212
130 750
212 750
352 541
352 481
140 276 286 291 300 304 505 
140 276
140 300
276 505
286 291
286 304
304 505
31 232 317 485 491 598 
31 491
232 491
232 598
232 485
317 598
165 371 493 545 639 
165 545
165 371
371 639
493 545
24 63 82 115 147 160 197 218 226 284 302 383 409 411 477 520 626 656 
24 82
24 160
63 477
63 411
115 520
115 656
147 477
160 226
197 284
218 383
226 411
284 520
302 409
302 626
383 626
409 520
477 656
84 170 297 342 368 643 781 786 
84 643
170 297
170 368
342 786
368 786
643 781
781 786
13 37 108 114 153 167 298 329 429 442 468 575 581 619 677 710 718 762 
13 619
13 718
37 167
108 442
114 153
114 619
153 442
153 677
167 575
298 575
298 329
329 429
429 468
468 581
581 718
710 762
718 762
19 238 385 418 461 504 622 714 
19 461
19 714
238 504
385 714
418 622
461 504
504 622
Score = 419272
