? 3 716 322 370 
? 3 75 183 517 
? 3 149 277 319 
? 3 115 660 290 
? 3 700 456 679 
? 3 498 42 245 
? 3 152 332 640 
? 3 313 435 633 
? 3 88 407 13 
? 3 607 466 772 
? 3 22 72 279 
? 3 47 259 50 
? 3 527 759 606 
? 3 603 735 83 
? 3 595 553 377 
? 3 86 117 558 
? 3 26 420 491 
? 3 619 305 791 
? 3 182 343 442 
? 3 334 403 512 
? 3 101 635 185 
? 3 274 639 242 
? 3 659 345 29 
? 3 555 452 161 
? 3 57 515 539 
? 3 129 783 768 
? 3 320 219 31 
? 3 106 738 521 
? 3 100 174 681 
? 3 328 9 260 
? 3 271 284 157 
? 3 186 56 629 
? 3 61 592 3 
? 3 643 408 754 
? 3 597 225 417 
? 3 103 304 784 
? 3 779 478 300 
? 3 326 488 293 
? 3 455 565 428 
? 3 739 620 329 
? 3 234 526 54 
? 3 391 546 399 
? 3 375 728 338 
? 3 482 273 341 
? 3 586 755 458 
? 3 327 528 21 
? 3 644 477 540 
? 3 496 244 167 
? 3 358 201 544 
? 3 5 534 187 
? 3 426 199 181 
? 3 780 71 447 
? 3 221 699 89 
? 3 237 153 665 
? 3 693 240 749 
? 3 386 427 295 
? 3 676 235 599 
? 3 214 383 44 
? 3 464 197 425 
? 3 398 683 12 
? 3 600 708 163 
? 3 432 680 632 
? 3 531 387 62 
? 3 233 180 688 
? 3 184 166 43 
? 3 769 622 541 
? 3 585 325 126 
? 3 506 374 350 
? 3 405 568 373 
? 3 270 278 742 
? 3 757 433 222 
? 3 567 248 128 
? 3 124 684 301 
? 3 196 91 280 
? 3 281 572 7 
? 3 159 514 645 
? 3 766 776 210 
? 3 262 762 68 
? 3 385 468 748 
? 3 215 380 112 
? 3 583 689 303 
? 3 27 733 190 
? 3 623 231 46 
? 3 587 799 395 
? 3 609 296 299 
? 3 532 51 73 
? 3 337 630 346 
? 3 378 134 287 
? 3 510 703 194 
? 3 508 618 39 
? 3 706 605 371 
? 3 524 20 176 
? 3 465 367 376 
? 3 254 0 252 
? 3 590 602 476 
? 3 206 87 111 
? 3 668 238 315 
? 3 104 366 249 
? 3 108 81 264 
? 3 344 132 717 
? 3 662 389 570 
? 3 404 734 601 
? 3 28 309 616 
? 3 146 793 781 
? 3 372 48 139 
? 3 486 493 93 
? 3 122 624 355 
? 3 655 59 494 
? 3 537 763 559 
? 3 120 121 450 
? 3 666 758 485 
? 3 745 581 647 
? 3 670 697 460 
? 3 677 41 133 
? 3 256 714 175 
? 3 545 509 507 
? 3 566 765 359 
? 3 502 423 520 
? 3 732 593 560 
? 3 690 258 45 
? 3 55 429 113 
? 3 140 671 8 
? 3 266 594 155 
? 3 764 431 311 
? 3 393 542 416 
? 3 82 760 65 
? 3 381 761 475 
? 3 135 487 424 
? 3 443 289 351 
? 3 695 142 64 
? 3 563 501 438 
? 3 156 38 495 
? 3 652 794 212 
? 3 67 774 354 
? 3 444 569 785 
? 3 105 203 651 
? 3 627 263 449 
? 3 58 750 614 
? 3 685 363 682 
? 3 667 746 276 
? 3 480 414 310 
? 3 641 401 297 
? 3 726 98 312 
? 3 747 78 397 
? 3 701 782 473 
? 3 612 11 191 
? 3 446 661 227 
? 3 330 92 492 
? 3 798 790 642 
? 3 788 226 335 
? 3 324 84 321 
? 3 525 392 415 
? 3 702 483 298 
? 3 470 243 731 
? 3 579 208 17 
? 3 205 625 621 
? 3 36 246 241 
? 3 217 434 529 
? 3 588 422 650 
? 3 615 109 192 
? 3 294 32 418 
? 3 770 154 216 
? 3 513 169 741 
? 3 720 125 316 
? 3 707 207 430 
? 3 195 282 489 
? 3 229 711 710 
? 3 582 637 792 
? 3 314 406 503 
? 3 795 481 171 
? 3 557 691 516 
? 3 224 90 116 
? 3 575 445 53 
? 3 352 130 519 
? 3 261 288 451 
? 3 211 490 165 
? 3 94 511 220 
? 3 771 102 97 
? 3 696 340 40 
? 3 70 718 283 
? 3 209 79 773 
? 3 144 198 725 
? 3 364 604 60 
? 3 379 268 179 
? 3 265 538 694 
? 3 23 556 472 
? 3 178 561 348 
? 3 653 402 484 
? 3 339 136 704 
? 3 797 318 369 
? 3 608 474 1 
? 3 698 400 230 
? 3 145 562 598 
? 3 664 95 669 
? 3 576 751 649 
? 3 787 673 767 
? 3 158 189 687 
? 3 523 25 107 
? 3 636 663 549 
? 3 709 573 631 
? 3 705 469 500 
? 3 342 736 518 
? 3 453 439 14 
? 3 35 356 551 
? 3 409 251 360 
? 3 410 110 611 
? 3 505 654 719 
? 3 347 66 786 
? 3 34 722 740 
? 3 119 419 365 
? 3 715 564 15 
? 3 19 368 247 
? 3 413 74 118 
? 3 533 584 536 
? 3 223 323 678 
? 3 412 437 16 
? 3 448 440 333 
? 3 272 657 411 
? 3 69 672 646 
? 3 37 724 24 
? 3 789 2 522 
? 3 752 471 713 
? 3 292 461 457 
? 3 76 6 658 
? 3 686 257 177 
? 3 712 275 33 
? 3 390 626 188 
? 3 504 4 357 
? 3 589 727 441 
? 3 796 353 302 
? 3 49 148 552 
? 3 638 255 151 
? 3 164 775 331 
? 3 467 744 462 
? 3 577 131 150 
? 3 267 172 138 
? 3 499 30 52 
? 3 160 497 63 
? 3 674 80 236 
? 3 648 239 454 
? 3 143 463 200 
? 3 574 99 147 
? 3 10 228 548 
? 3 137 218 269 
? 3 85 530 317 
? 3 193 168 578 
? 3 308 336 232 
? 3 114 384 170 
? 3 628 18 743 
? 3 382 253 162 
? 3 362 96 543 
? 3 571 436 580 
? 3 730 778 737 
? 3 123 729 617 
? 3 692 361 349 
? 3 213 396 596 
? 3 554 459 723 
? 3 656 250 394 
? 3 550 202 535 
? 3 204 421 613 
? 3 756 547 127 
? 3 721 388 77 
? 3 141 610 777 
? 3 285 591 634 
? 3 286 306 675 
? 3 291 307 479 
? 3 716 322 370 
? 3 75 183 157 
? 3 517 149 260 
? 3 277 319 115 
? 3 100 660 521 
? 3 290 700 456 
? 3 679 498 42 
? 3 245 152 332 
? 3 640 161 313 
? 3 435 633 88 
? 3 407 242 13 
? 3 274 185 512 
? 3 403 607 466 
? 3 772 22 72 
? 3 279 47 182 
? 3 259 50 305 
? 3 527 759 606 
? 3 603 735 83 
? 3 595 553 377 
? 3 86 117 558 
? 3 26 420 491 
? 3 375 399 619 
? 3 391 791 54 
? 3 526 343 442 
? 3 234 334 101 
? 3 635 620 639 
? 3 739 659 345 
? 3 565 29 555 
? 3 452 293 57 
? 3 515 488 539 
? 3 129 783 768 
? 3 320 300 219 
? 3 31 304 784 
? 3 103 106 738 
? 3 225 597 174 
? 3 681 754 328 
? 3 9 271 284 
? 3 592 186 61 
? 3 56 629 197 
? 3 464 44 383 
? 3 214 599 3 
? 3 643 408 235 
? 3 676 295 427 
? 3 386 432 749 
? 3 240 693 665 
? 3 417 153 237 
? 3 89 779 478 
? 3 699 326 221 
? 3 506 447 71 
? 3 780 181 199 
? 3 426 455 187 
? 3 428 534 5 
? 3 544 201 358 
? 3 329 167 244 
? 3 496 540 477 
? 3 644 21 528 
? 3 327 458 755 
? 3 586 341 546 
? 3 273 482 338 
? 3 728 572 281 
? 3 280 91 196 
? 3 645 766 776 
? 3 262 301 684 
? 3 68 124 385 
? 3 468 128 248 
? 3 567 222 433 
? 3 757 742 278 
? 3 270 373 380 
? 3 112 583 568 
? 3 405 350 374 
? 3 126 325 585 
? 3 541 733 622 
? 3 769 623 43 
? 3 166 184 688 
? 3 180 233 46 
? 3 62 387 531 
? 3 632 296 680 
? 3 163 708 51 
? 3 600 12 683 
? 3 398 425 346 
? 3 630 337 378 
? 3 73 287 510 
? 3 532 299 703 
? 3 609 395 194 
? 3 799 587 371 
? 3 231 190 524 
? 3 20 27 303 
? 3 465 689 367 
? 3 376 254 0 
? 3 215 252 590 
? 3 602 476 748 
? 3 87 111 668 
? 3 238 762 315 
? 3 104 210 249 
? 3 108 514 159 
? 3 7 264 344 
? 3 132 717 662 
? 3 389 570 81 
? 3 404 734 366 
? 3 601 28 309 
? 3 616 266 206 
? 3 146 793 781 
? 3 140 55 372 
? 3 48 139 486 
? 3 258 493 93 
? 3 176 122 624 
? 3 355 655 765 
? 3 59 605 706 
? 3 494 537 39 
? 3 618 763 559 
? 3 508 509 120 
? 3 121 714 256 
? 3 450 134 666 
? 3 697 758 485 
? 3 745 581 647 
? 3 670 460 667 
? 3 677 41 133 
? 3 175 545 614 
? 3 507 750 58 
? 3 449 566 359 
? 3 502 423 520 
? 3 651 732 593 
? 3 203 560 690 
? 3 785 569 45 
? 3 444 429 113 
? 3 671 212 794 
? 3 8 652 38 
? 3 438 563 594 
? 3 155 764 431 
? 3 64 311 393 
? 3 142 542 695 
? 3 351 289 416 
? 3 82 760 381 
? 3 65 761 475 
init_score 128983
final_score: 96733.8
times: 46658
update: 104
accept: 7
!
186 322 716 
186 322
322 716
61 
9 75 106 115 149 157 174 183 225 260 271 277 284 319 328 370 517 521 597 660 681 738 
9 328
9 271
75 370
75 157
106 738
106 521
115 660
149 183
157 284
174 681
174 597
174 521
183 517
183 370
225 597
260 277
260 271
271 284
277 319
328 681
521 660
290 456 700 
290 700
456 700
31 100 679 
31 100
31 679
219 320 
219 320
42 129 152 245 332 498 539 768 783 
42 245
42 498
42 332
42 783
129 539
129 783
152 245
768 783
57 452 515 
57 515
57 452
88 161 313 435 555 565 633 
88 435
161 565
161 313
313 633
435 633
555 565
13 29 242 345 407 659 
13 407
29 659
242 345
242 407
345 659
640 
101 185 274 334 403 466 512 607 635 639 
101 635
101 334
185 274
185 512
274 639
403 512
403 607
466 607
512 635
22 47 50 54 72 182 259 279 305 343 442 772 791 
22 772
22 72
47 279
47 182
47 343
50 259
50 305
54 791
72 279
182 259
259 791
343 442
83 399 527 553 603 606 619 735 759 
83 735
83 553
399 619
527 606
603 735
603 606
606 759
606 619
377 595 
377 595
26 86 117 338 420 491 558 728 
26 491
26 117
86 117
117 558
338 728
338 420
420 491
273 341 375 391 482 546 586 
273 482
273 341
341 586
341 546
375 546
391 546
21 327 458 528 684 755 
21 327
21 684
327 458
327 755
528 755
124 167 234 244 329 477 496 526 540 644 
124 477
167 329
167 244
234 496
244 496
477 644
477 540
496 540
526 644
5 181 187 199 201 293 358 426 428 455 488 534 544 620 739 
5 534
5 201
181 199
187 534
199 426
201 544
201 358
293 455
293 426
426 488
428 455
428 739
428 534
620 739
71 89 103 126 221 300 304 325 326 447 478 506 585 699 779 780 784 
71 447
89 478
103 304
103 779
126 506
221 447
221 699
300 478
300 326
304 784
325 585
325 699
326 447
478 779
506 585
699 780
153 237 387 417 531 665 
153 237
153 387
387 531
417 665
531 665
240 693 749 
240 749
693 749
295 386 427 432 676 754 
295 427
295 386
386 432
427 676
427 754
3 12 44 51 56 73 163 197 214 235 287 296 299 337 346 378 383 398 408 425 464 510 532 592 599 600 629 630 632 643 680 683 708 
3 643
3 383
3 592
12 683
12 600
12 235
44 425
44 214
51 532
51 708
56 629
56 592
73 287
73 378
163 296
197 464
214 383
214 599
287 510
296 680
299 510
299 532
337 630
346 630
378 630
383 464
398 683
398 599
408 643
600 708
632 708
632 680
395 609 
395 609
43 46 62 166 180 184 190 231 233 587 623 688 769 799 
43 184
43 166
43 623
46 180
46 799
62 233
166 769
180 688
184 688
190 231
231 623
233 688
587 799
0 20 27 112 215 222 248 254 270 278 303 350 373 374 380 405 433 465 524 541 567 568 583 590 602 616 622 689 733 742 757 
0 254
0 112
20 303
20 524
27 303
27 733
112 380
112 583
215 380
215 590
222 433
222 567
248 567
248 616
270 373
270 278
278 757
303 465
350 405
350 374
350 583
350 689
373 568
405 568
433 742
465 689
541 733
541 622
590 602
742 757
68 128 385 468 748 762 
68 762
68 385
128 468
385 468
468 748
108 210 249 262 280 301 514 645 766 776 
108 645
210 776
210 249
262 776
262 301
280 766
514 645
645 766
766 776
7 91 132 159 196 264 281 344 572 662 717 
7 159
7 91
91 196
132 717
132 662
159 344
196 281
264 717
264 344
281 572
81 
28 65 82 87 104 111 238 309 311 315 366 389 404 431 570 601 668 734 
28 309
28 431
65 389
82 404
87 668
87 111
104 366
238 309
238 668
238 315
311 431
315 366
366 601
389 570
404 570
404 734
601 734
8 55 140 146 206 252 266 476 671 781 793 
8 266
55 140
140 671
140 781
146 793
146 266
206 793
206 476
252 781
252 476
48 139 372 486 
48 139
48 372
139 486
93 367 376 493 
93 493
367 376
367 493
39 59 122 176 203 258 355 359 371 494 537 559 605 618 624 655 706 763 765 
39 618
39 706
39 537
59 494
59 359
122 655
122 176
176 258
203 624
355 655
355 624
355 359
359 765
371 605
494 537
559 763
605 706
618 763
194 508 509 
194 508
508 509
41 120 121 133 134 175 256 450 545 666 677 697 703 714 745 
41 677
41 256
120 121
120 703
121 450
133 697
133 677
134 666
175 256
175 545
256 714
450 714
450 666
666 745
276 310 401 414 480 485 581 641 647 667 670 682 746 758 
276 480
310 414
310 641
401 682
401 641
414 480
480 746
485 758
581 647
581 746
647 670
667 682
670 758
78 98 312 363 397 460 685 747 
78 747
78 397
98 312
98 685
312 747
363 685
363 460
614 
507 750 
507 750
612 
449 566 
449 566
58 92 263 423 446 502 520 593 627 651 661 732 
58 502
92 627
263 661
423 520
423 502
446 661
520 732
593 732
593 651
627 651
627 661
45 
105 560 642 690 
105 642
105 560
560 690
67 113 212 226 298 321 335 354 392 429 444 483 525 569 774 785 794 
67 794
67 774
113 429
212 794
212 429
226 335
298 483
321 525
321 335
354 392
354 774
392 525
429 444
444 785
483 774
569 785
38 243 470 495 652 
38 495
38 652
243 470
470 495
155 156 438 501 563 594 731 764 
155 594
155 764
156 438
438 501
438 563
501 731
563 594
64 142 393 542 695 
64 142
142 542
393 542
542 695
17 36 60 135 144 198 205 208 241 246 289 351 364 381 416 424 443 475 487 579 604 621 625 760 761 
17 208
17 579
36 246
60 604
135 424
135 381
144 198
198 364
205 621
205 487
205 625
208 443
241 246
246 579
289 416
289 443
351 416
364 604
364 621
381 761
381 760
424 487
443 487
475 761
79 209 217 434 529 588 773 
79 209
79 773
209 529
217 434
434 588
529 588
32 40 53 84 109 125 154 169 192 211 216 220 261 288 294 316 324 340 415 418 422 451 492 513 519 615 650 696 702 718 720 741 770 771 788 790 798 
32 294
40 615
40 696
53 125
53 519
84 324
84 415
109 192
109 650
109 615
125 720
125 316
154 216
154 415
154 770
169 211
192 294
211 288
211 513
220 771
220 770
261 288
261 451
288 519
324 788
340 696
415 702
418 770
422 650
422 718
492 798
492 741
696 771
720 741
788 790
790 798
227 330 
227 330
191 207 430 575 707 
191 707
207 430
207 707
430 575
11 116 195 229 282 297 473 489 582 637 701 710 711 726 782 792 
11 473
116 489
116 195
195 282
229 711
229 726
282 473
297 637
473 701
489 710
582 637
582 792
637 726
701 782
710 711
224 
314 691 
314 691
171 342 406 469 481 500 503 516 549 557 573 631 663 705 709 736 795 
171 795
171 557
342 736
342 469
406 503
469 500
481 503
500 705
503 795
516 557
549 663
549 709
557 573
573 709
573 631
631 705
14 25 35 90 107 158 189 356 523 551 636 687 767 
14 356
25 636
25 35
35 356
35 523
90 158
107 636
107 189
158 189
158 767
356 551
523 687
95 360 410 576 649 669 673 751 787 
95 576
360 410
410 669
576 751
576 669
576 649
649 787
673 787
145 445 562 598 664 
145 562
445 598
562 598
598 664
230 400 
230 400
505 
130 352 
130 352
1 34 66 94 102 119 136 165 318 347 369 474 490 511 608 654 698 704 740 786 797 
1 474
1 698
34 786
34 608
34 318
66 347
66 654
66 786
94 511
102 136
119 740
136 704
165 369
318 797
318 369
474 608
490 698
511 704
511 797
740 797
15 97 339 365 402 484 564 653 
15 564
97 484
339 402
339 564
365 564
402 653
484 653
19 348 368 
19 368
348 368
23 70 74 178 179 247 265 268 283 379 413 472 533 536 538 556 561 584 694 725 
23 694
23 556
70 178
74 556
178 472
178 561
179 265
179 725
179 538
247 413
265 584
268 536
283 472
283 556
379 725
413 561
533 584
536 584
538 694
223 323 
223 323
239 
648 
16 80 118 160 236 412 437 674 678 
16 437
16 118
16 160
80 674
236 412
236 678
412 437
412 674
30 52 497 499 
30 52
30 499
52 497
448 
69 131 138 150 172 267 272 333 411 419 440 577 657 715 
69 411
131 150
131 577
138 172
150 272
150 267
172 267
272 657
333 715
333 411
411 419
411 657
440 715
331 462 467 646 672 722 744 
331 744
331 467
462 744
467 646
646 672
672 722
2 24 37 522 719 724 789 
2 522
2 789
24 789
24 724
24 37
522 719
292 461 471 713 752 
292 713
461 713
471 752
471 713
775 
457 
6 76 110 177 251 257 409 611 658 686 
6 658
6 686
76 110
76 686
110 611
177 658
251 257
251 409
257 686
33 49 148 255 552 638 
33 148
49 552
49 148
255 638
552 638
275 712 
275 712
4 188 353 357 390 439 453 504 518 589 626 727 796 
4 188
4 439
4 453
188 504
353 796
357 589
357 727
390 626
453 518
504 626
504 796
727 796
349 361 692 
349 361
361 692
123 213 396 617 729 
123 729
213 396
213 617
396 729
441 737 778 
441 737
737 778
436 459 554 580 596 730 
436 580
459 554
554 596
580 730
596 730
96 202 250 302 362 394 543 550 571 656 723 
96 362
96 394
96 202
250 394
250 656
302 571
362 550
394 543
543 571
656 723
18 77 85 114 127 141 151 162 164 168 170 193 204 232 253 308 317 336 382 384 388 421 530 535 547 578 613 628 721 743 756 
18 743
77 141
77 721
85 530
114 170
114 232
114 384
127 547
127 721
151 164
151 743
162 253
164 628
168 578
168 193
168 721
170 628
193 317
193 530
204 613
204 421
204 535
253 382
308 578
308 336
382 743
384 535
388 721
547 756
547 613
10 63 99 137 147 218 228 269 285 286 291 306 548 591 610 634 675 777 
10 228
10 285
63 99
99 147
137 218
137 610
147 675
218 269
218 548
228 777
285 591
286 306
286 634
291 675
306 675
548 777
591 634
454 753 
454 753
143 173 200 307 463 479 574 
143 463
173 200
173 307
173 574
200 463
307 479
Score = 293853
