? 3 677 129 439 
? 3 70 230 612 
? 3 477 327 249 
? 3 317 668 98 
? 3 778 427 161 
? 3 219 41 44 
? 3 377 20 148 
? 3 711 51 262 
? 3 763 54 271 
? 3 330 31 152 
? 3 165 213 240 
? 3 540 307 782 
? 3 132 339 755 
? 3 640 719 448 
? 3 331 504 571 
? 3 464 617 5 
? 3 772 234 123 
? 3 482 633 385 
? 3 53 184 730 
? 3 777 37 202 
? 3 460 449 434 
? 3 509 700 386 
? 3 792 688 769 
? 3 15 589 735 
? 3 529 306 520 
? 3 709 416 419 
? 3 783 36 470 
? 3 189 27 641 
? 3 563 716 548 
? 3 581 794 316 
? 3 605 484 706 
? 3 284 655 364 
? 3 576 425 367 
? 3 525 406 426 
? 3 738 417 466 
? 3 231 467 319 
? 3 720 62 421 
? 3 64 537 432 
? 3 786 313 50 
? 3 572 168 718 
? 3 246 365 9 
? 3 423 577 204 
? 3 128 295 173 
? 3 208 613 167 
? 3 361 185 305 
? 3 349 292 373 
? 3 215 584 614 
? 3 135 157 236 
? 3 269 673 486 
? 3 282 746 414 
? 3 721 592 458 
? 3 565 43 324 
? 3 300 452 749 
? 3 66 237 302 
? 3 615 443 773 
? 3 186 604 704 
? 3 253 160 451 
? 3 259 395 545 
? 3 177 146 757 
? 3 353 24 680 
? 3 180 121 450 
? 3 689 715 88 
? 3 527 679 634 
? 3 273 497 223 
? 3 274 699 420 
? 3 171 515 446 
? 3 276 629 444 
? 3 68 245 114 
? 3 252 560 546 
? 3 28 81 217 
? 3 96 126 120 
? 3 155 55 404 
? 3 321 247 616 
? 3 52 422 587 
? 3 358 182 480 
? 3 398 430 210 
? 3 35 145 556 
? 3 534 728 112 
? 3 519 199 766 
? 3 346 744 314 
? 3 22 277 505 
? 3 781 654 56 
? 3 40 514 736 
? 3 445 637 687 
? 3 156 544 200 
? 3 411 293 371 
? 3 570 196 131 
? 3 474 366 90 
? 3 154 74 787 
? 3 795 713 336 
? 3 621 45 791 
? 3 761 69 530 
? 3 67 750 23 
? 3 490 618 733 
? 3 328 797 59 
? 3 784 18 597 
? 3 266 138 376 
? 3 32 272 312 
? 3 345 256 299 
? 3 178 76 491 
? 3 737 334 347 
? 3 658 405 650 
? 3 235 691 586 
? 3 19 102 436 
? 3 745 622 648 
? 3 524 672 447 
? 3 392 244 555 
? 3 287 686 400 
? 3 343 767 708 
? 3 543 352 743 
? 3 83 684 209 
? 3 499 599 496 
? 3 164 175 255 
? 3 510 147 456 
? 3 531 742 71 
? 3 382 516 770 
? 3 34 350 344 
? 3 119 512 82 
? 3 707 176 799 
? 3 356 166 685 
? 3 649 141 10 
? 3 488 751 502 
? 3 479 478 762 
? 3 278 265 693 
? 3 100 254 47 
? 3 785 722 627 
? 3 270 723 764 
? 3 297 127 652 
? 3 481 428 776 
? 3 89 351 714 
? 3 29 194 760 
? 3 79 151 609 
? 3 368 501 601 
? 3 495 38 418 
? 3 397 281 251 
? 3 109 78 201 
? 3 619 268 241 
? 3 741 695 517 
? 3 642 229 630 
? 3 610 193 117 
? 3 440 137 260 
? 3 107 748 172 
? 3 624 506 389 
? 3 110 233 335 
? 3 726 696 211 
? 3 11 662 518 
? 3 6 717 140 
? 3 224 30 656 
? 3 754 453 665 
? 3 683 410 595 
? 3 734 796 225 
? 3 258 424 116 
? 3 60 740 674 
? 3 628 779 660 
? 3 623 667 681 
? 3 93 4 533 
? 3 558 758 651 
? 3 602 198 562 
? 3 39 384 569 
? 3 355 511 780 
? 3 187 455 49 
? 3 402 72 468 
? 3 698 207 158 
? 3 408 363 710 
? 3 97 771 608 
? 3 535 142 285 
? 3 606 554 494 
? 3 206 620 549 
? 3 607 144 692 
? 3 653 391 332 
? 3 580 638 192 
? 3 190 63 731 
? 3 561 409 360 
? 3 250 625 7 
? 3 375 279 793 
? 3 48 378 280 
? 3 242 513 333 
? 3 133 238 798 
? 3 768 94 401 
? 3 149 248 108 
? 3 95 756 690 
? 3 431 179 567 
? 3 14 483 559 
? 3 703 337 359 
? 3 115 588 670 
? 3 183 195 310 
? 3 557 591 765 
? 3 203 603 125 
? 3 600 666 383 
? 3 340 214 526 
? 3 585 790 433 
? 3 374 469 473 
? 3 489 678 379 
? 3 724 528 304 
? 3 267 532 174 
? 3 21 598 523 
? 3 399 348 221 
? 3 326 218 46 
? 3 752 323 290 
? 3 575 701 536 
? 3 788 33 441 
? 3 99 369 2 
? 3 232 553 143 
? 3 84 407 75 
? 3 170 459 671 
? 3 73 318 381 
? 3 315 594 342 
? 3 303 362 669 
? 3 775 106 65 
? 3 611 465 492 
? 3 521 476 163 
? 3 472 498 644 
? 3 574 169 329 
? 3 542 538 547 
? 3 294 475 325 
? 3 390 631 212 
? 3 263 113 626 
? 3 551 12 508 
? 3 413 105 205 
? 3 639 435 80 
? 3 712 291 136 
? 3 732 111 463 
? 3 579 124 471 
? 3 393 552 725 
? 3 676 729 539 
? 3 503 522 789 
? 3 541 442 461 
? 3 257 394 493 
? 3 485 593 181 
? 3 357 243 191 
? 3 85 283 564 
? 3 500 130 635 
? 3 568 462 727 
? 3 289 311 596 
? 3 429 438 682 
? 3 86 220 118 
? 3 320 550 17 
? 3 646 661 590 
? 3 162 26 288 
? 3 228 25 91 
? 3 566 134 645 
? 3 150 437 338 
? 3 487 275 694 
? 3 87 239 261 
? 3 61 759 103 
? 3 309 77 747 
? 3 301 507 58 
? 3 380 308 415 
? 3 286 42 582 
? 3 227 372 705 
? 3 664 659 197 
? 3 647 216 578 
? 3 583 388 387 
? 3 92 341 663 
? 3 322 296 454 
? 3 370 573 636 
? 3 657 16 739 
? 3 702 774 697 
? 3 632 264 139 
? 3 3 354 226 
? 3 412 101 298 
? 3 753 153 13 
? 3 188 8 222 
? 3 457 122 396 
? 3 57 1 675 
? 3 643 159 104 
? 3 677 129 439 
? 3 189 70 230 
? 3 470 419 612 
? 3 306 529 477 
? 3 327 249 317 
? 3 386 668 98 
? 3 509 449 778 
? 3 460 427 161 
? 3 219 41 44 
? 3 377 20 148 
? 3 37 777 730 
? 3 711 51 262 
? 3 385 763 54 
? 3 123 271 234 
? 3 330 31 152 
? 3 772 165 213 
? 3 240 540 307 
? 3 782 132 339 
? 3 331 755 640 
? 3 719 448 365 
? 3 718 504 50 
? 3 313 571 786 
? 3 464 432 617 
? 3 5 421 62 
? 3 319 482 633 
? 3 467 53 466 
? 3 184 738 202 
? 3 434 525 700 
? 3 792 688 769 
? 3 367 425 15 
? 3 589 576 364 
? 3 655 284 735 
? 3 520 709 416 
? 3 484 605 316 
? 3 783 794 581 
? 3 548 36 716 
? 3 563 641 237 
? 3 27 66 749 
? 3 452 300 706 
? 3 324 43 565 
? 3 458 592 721 
? 3 414 746 282 
? 3 406 486 426 
? 3 673 417 269 
? 3 236 231 157 
? 3 135 614 584 
? 3 720 215 373 
? 3 292 349 305 
? 3 185 361 167 
? 3 613 208 173 
? 3 64 537 295 
? 3 128 204 577 
? 3 572 423 9 
? 3 168 246 546 
? 3 28 81 560 
? 3 252 114 245 
? 3 96 126 120 
? 3 155 68 55 
? 3 404 444 247 
? 3 629 276 587 
? 3 446 515 171 
? 3 358 420 480 
? 3 398 699 274 
? 3 223 497 273 
? 3 634 679 527 
? 3 88 430 210 
? 3 35 715 689 
? 3 145 556 450 
? 3 121 180 728 
? 3 680 24 353 
? 3 112 757 146 
? 3 519 177 545 
? 3 395 259 451 
? 3 160 314 22 
? 3 253 781 704 
? 3 604 514 186 
? 3 773 445 443 
? 3 637 615 302 
? 3 544 156 200 
? 3 411 687 293 
? 3 736 40 56 
? 3 654 505 277 
? 3 744 366 90 
? 3 346 766 199 
? 3 154 787 336 
? 3 534 791 761 
? 3 69 67 23 
? 3 490 618 733 
? 3 182 328 797 
? 3 784 18 597 
? 3 422 138 376 
? 3 32 52 616 
? 3 272 312 321 
? 3 345 256 299 
? 3 178 217 76 
? 3 491 737 334 
? 3 347 658 405 
? 3 266 650 235 
? 3 691 586 59 
? 3 693 19 265 
? 3 278 102 750 
? 3 436 745 622 
? 3 530 648 524 
? 3 141 649 672 
? 3 447 392 244 
? 3 356 45 621 
? 3 555 287 686 
? 3 713 795 400 
? 3 34 74 343 
? 3 767 708 543 
? 3 71 352 474 
? 3 742 743 131 
? 3 83 196 456 
? 3 570 684 209 
? 3 371 499 164 
? 3 599 496 175 
? 3 255 510 147 
? 3 531 382 630 
? 3 229 516 517 
? 3 770 268 350 
? 3 344 119 512 
? 3 82 707 176 
? 3 799 166 685 
? 3 10 488 751 
? 3 38 601 502 
? 3 368 479 478 
? 3 762 79 760 
? 3 100 254 47 
? 3 29 785 722 
? 3 714 627 270 
? 3 723 764 297 
? 3 127 652 481 
? 3 60 428 116 
? 3 776 89 424 
init_score 121153
final_score: 110261
times: 91254
update: 60
accept: 10
!
15 36 70 98 129 189 230 249 284 306 316 327 416 419 439 470 477 520 529 548 612 641 655 677 688 709 735 769 778 783 792 
15 769
15 735
36 548
36 470
36 783
70 439
70 230
98 327
98 778
129 677
129 439
189 470
189 439
249 327
249 477
284 520
284 655
284 735
306 529
306 612
316 783
327 688
416 709
416 419
419 783
439 641
520 709
520 529
688 769
769 792
5 9 20 22 27 31 37 40 41 43 44 50 51 53 54 56 62 64 66 74 88 123 128 132 135 146 148 152 156 157 160 161 165 167 168 173 180 184 185 186 200 202 204 208 213 215 219 231 234 236 237 240 246 253 262 269 271 274 277 282 292 293 295 300 302 305 307 313 314 317 319 324 330 331 339 346 349 358 361 364 365 367 373 377 385 386 406 411 414 417 420 421 423 425 426 427 432 434 443 445 448 449 452 458 460 464 466 467 482 484 486 504 505 509 514 525 537 540 544 545 560 563 565 571 572 576 577 581 584 589 592 604 605 613 614 615 617 633 637 640 654 668 673 687 700 704 706 711 716 718 719 720 721 730 736 738 744 746 749 755 763 772 773 777 781 782 786 794 
5 617
5 772
9 577
9 560
20 148
20 377
22 314
27 237
31 772
31 152
31 330
37 777
40 56
40 736
41 44
41 219
43 324
43 253
44 161
50 313
50 571
51 711
51 385
53 467
53 466
54 763
54 123
54 385
56 654
56 514
62 421
64 537
64 432
66 302
66 186
74 346
88 236
88 274
123 633
123 271
128 572
132 464
132 782
132 339
135 614
146 180
146 282
148 777
156 687
156 637
157 231
157 236
160 346
161 427
165 772
165 213
167 361
167 613
168 246
168 572
168 423
173 537
173 295
173 358
180 486
184 730
184 466
184 738
185 361
185 305
186 604
186 773
200 293
200 687
202 427
204 577
204 295
208 613
208 358
213 240
215 292
215 584
215 420
219 377
231 467
234 330
236 269
237 302
240 540
246 718
253 300
262 711
274 614
277 505
277 744
282 746
292 349
293 411
300 452
302 615
305 349
305 421
307 540
313 786
314 744
317 668
319 482
319 720
324 706
324 565
331 504
331 755
331 339
346 744
349 373
364 576
364 721
365 718
367 425
367 414
373 720
386 509
386 668
406 525
414 545
414 721
417 426
417 738
423 577
425 700
426 486
427 460
432 571
434 509
434 700
443 445
445 773
445 637
448 640
449 509
449 460
452 749
452 704
458 592
458 721
464 571
482 633
484 605
486 673
505 781
514 773
525 700
540 782
544 637
563 716
565 721
576 589
581 716
581 794
584 614
604 704
605 794
605 706
640 755
654 781
719 755
730 777
18 24 28 32 35 52 55 67 68 76 81 96 100 112 114 120 121 126 127 138 145 155 171 177 178 182 199 210 217 223 245 247 252 254 256 259 266 272 273 276 299 312 321 334 336 345 347 353 376 395 398 404 405 422 430 444 446 450 451 480 490 491 497 515 519 527 534 546 556 587 597 616 618 629 634 652 658 679 680 689 699 715 728 733 737 757 766 784 785 
18 784
18 597
18 266
24 112
24 177
24 680
28 81
32 138
35 210
35 145
52 376
52 616
55 404
55 155
67 634
68 444
68 245
76 491
76 127
81 217
96 126
96 256
100 254
112 728
112 336
114 245
114 252
120 126
120 155
121 450
127 652
138 376
138 266
145 556
145 534
171 446
171 515
177 519
177 395
178 299
178 217
182 784
182 733
199 766
210 430
223 273
223 699
247 616
252 546
254 658
254 405
256 299
259 451
259 395
272 321
272 616
273 497
273 634
273 527
276 587
276 629
312 345
312 737
321 345
321 404
334 737
334 347
334 785
347 658
353 680
353 757
376 422
398 480
398 699
404 444
422 587
430 527
446 629
450 556
450 689
451 766
480 618
490 733
491 737
527 679
534 728
618 733
689 715
19 23 34 45 59 69 102 141 154 176 235 244 265 278 287 328 344 350 356 392 400 436 447 488 512 524 530 555 586 621 622 648 649 672 685 686 691 693 707 713 745 750 751 761 787 791 795 797 
19 586
19 102
23 750
23 797
34 400
45 621
45 791
59 691
69 530
69 761
102 328
141 649
154 787
176 707
235 586
235 691
244 392
244 791
265 278
265 693
287 686
287 713
287 621
328 797
344 350
344 555
356 392
392 447
400 795
436 745
436 622
436 750
447 672
488 622
488 751
512 555
512 707
524 672
524 648
530 745
555 686
586 693
622 648
649 672
649 685
713 795
787 795
71 83 90 107 117 131 137 147 164 175 193 196 209 255 260 343 352 366 371 382 440 456 474 496 499 506 510 516 531 543 570 599 610 624 684 708 742 743 767 
71 382
71 742
83 196
83 131
90 366
107 260
107 624
117 624
117 506
131 474
131 743
137 260
137 440
147 456
147 255
164 599
164 255
175 510
193 506
193 610
196 570
209 570
209 371
209 684
255 510
343 767
352 743
352 708
366 474
382 543
382 516
456 531
496 499
499 599
516 610
531 742
543 767
708 767
4 10 29 30 38 39 47 60 78 79 82 89 93 94 109 116 119 149 151 166 179 194 198 201 224 225 229 241 251 258 268 270 281 297 333 351 355 368 384 397 410 418 424 428 431 453 478 479 481 495 501 502 513 517 518 533 558 562 569 595 601 602 609 619 623 627 628 630 642 650 651 656 660 662 665 667 674 681 683 690 695 714 717 722 723 734 740 741 754 756 758 760 762 764 770 776 779 796 798 799 
4 558
4 681
10 38
29 714
29 194
30 355
30 224
38 601
39 569
39 562
39 665
47 722
60 428
78 717
78 518
79 760
79 762
82 799
82 119
82 201
89 776
93 533
94 651
109 717
109 251
109 166
116 776
119 268
149 681
151 609
179 740
179 779
194 650
198 562
198 798
198 602
201 518
224 397
225 758
225 533
225 796
229 517
229 630
241 741
241 268
251 281
258 351
258 424
268 619
270 764
270 627
281 397
297 764
297 723
333 513
333 384
351 776
351 714
355 569
368 501
368 502
384 562
410 595
410 665
418 495
418 601
424 667
428 481
431 756
453 754
453 683
453 665
478 762
478 479
479 502
481 723
495 501
501 754
517 642
517 695
518 662
558 651
595 734
609 683
623 667
623 681
623 660
627 722
628 779
630 770
651 758
656 754
660 779
674 740
690 756
695 741
714 722
734 796
756 779
511 780 
511 780
6 7 11 48 49 72 97 140 158 187 207 211 250 335 360 363 402 408 409 455 468 561 608 625 696 698 710 726 771 
6 140
7 48
7 625
11 187
11 72
49 468
49 402
72 468
97 771
97 363
97 696
140 187
158 211
158 207
158 408
187 455
207 698
250 360
250 625
335 608
335 726
360 710
363 408
363 710
409 561
468 698
561 771
696 726
110 142 172 192 233 285 389 535 580 606 653 692 748 
110 233
110 389
110 142
142 535
142 192
172 748
192 580
285 748
285 606
580 653
606 653
653 692
46 144 206 218 221 290 326 494 549 554 607 620 752 
46 549
46 752
144 607
144 554
206 620
206 494
218 290
218 326
218 752
221 326
221 607
494 554
2 21 33 63 99 174 190 267 304 332 348 369 391 399 441 523 528 532 536 575 598 638 724 788 
2 369
21 532
21 267
33 788
33 441
33 99
63 190
99 369
99 174
174 267
174 598
190 528
267 304
332 391
332 523
348 399
348 391
399 575
441 536
523 598
528 724
528 532
532 638
73 84 143 170 214 232 242 279 280 315 318 340 342 362 374 375 378 379 381 407 433 459 469 473 489 526 585 594 669 678 731 790 793 
73 381
73 489
84 407
84 143
143 232
170 459
170 407
214 526
214 340
242 280
242 585
279 793
279 433
280 378
315 594
318 381
340 669
342 594
342 362
362 669
374 433
375 793
375 473
378 790
378 433
379 678
379 731
433 469
459 489
473 678
489 678
526 585
65 106 125 133 203 238 383 600 603 666 775 
65 106
65 600
106 775
125 203
133 238
133 666
203 603
238 603
383 666
600 666
115 163 183 195 310 337 359 401 465 472 476 492 498 521 538 542 557 588 591 611 644 670 703 765 768 
115 588
115 359
163 476
163 472
183 521
183 476
183 670
195 670
195 310
310 591
310 557
337 703
337 359
359 644
401 588
465 492
465 611
472 498
492 521
498 644
538 542
538 703
591 765
670 768
14 25 26 91 95 108 113 134 169 212 228 248 263 288 294 325 329 390 475 483 547 551 559 566 567 574 626 631 
14 483
14 567
25 91
25 626
26 288
91 566
95 108
95 483
95 559
108 248
113 631
113 212
134 263
134 566
169 574
169 329
212 475
212 325
228 626
228 551
263 631
288 551
294 547
294 475
325 567
329 547
390 631
12 80 86 105 136 162 205 220 291 320 413 435 508 550 590 639 646 661 712 
12 413
80 435
80 712
86 220
105 413
136 291
162 590
205 646
205 550
220 320
291 712
320 712
413 508
435 639
435 550
508 661
590 646
646 661
3 8 13 16 17 42 57 58 61 75 77 85 87 92 101 103 111 118 122 124 130 139 153 181 188 191 197 216 222 226 227 239 243 257 261 264 283 286 289 296 298 301 303 308 309 311 322 323 341 354 357 370 372 380 387 388 393 394 396 412 415 429 438 442 454 457 461 462 463 471 485 493 500 503 507 522 539 541 552 553 564 568 573 578 579 582 583 593 596 632 635 636 647 657 659 663 664 671 676 682 694 697 701 702 705 725 727 729 732 739 747 753 759 774 789 
3 139
3 582
8 759
8 222
13 747
13 188
16 657
16 739
17 103
42 727
42 286
57 396
58 380
58 753
61 759
61 261
75 671
77 309
77 747
85 283
85 789
87 694
87 239
92 341
101 226
103 309
103 759
111 732
118 507
118 682
122 457
124 393
124 303
130 635
130 503
130 500
139 264
153 747
181 357
181 593
181 341
191 357
191 243
197 659
197 647
216 739
216 583
216 647
222 457
226 412
226 354
227 372
239 396
239 261
243 442
243 789
257 461
257 394
257 485
264 632
283 564
286 412
289 311
289 471
296 322
296 454
298 412
298 308
301 507
301 747
308 415
311 727
311 596
322 663
323 394
370 636
372 702
372 739
380 415
380 429
387 388
387 636
388 583
388 578
393 471
393 552
429 438
429 463
438 682
442 541
442 461
454 573
462 568
462 725
463 579
485 493
503 539
503 522
522 553
539 568
552 725
552 676
564 578
573 636
632 697
635 705
659 705
664 705
671 729
676 729
682 732
697 774
701 789
702 774
0 1 104 150 159 275 338 403 437 487 643 645 675 
0 104
0 403
1 675
1 159
1 338
104 159
150 437
275 487
338 437
437 487
487 645
643 675
Score = 524957
