0 1
2 2
2 3
3 4
5 5
6 6
6 7
7 8
9 9
9 10
11 11
11 12
13 13
13 14
14 15
15 16
17 17
17 18
18 19
20 20
20 22
21 21
22 24
23 23
24 25
26 26
26 27
27 30
28 28
29 29
32 32
31 31
33 33
34 34
34 35
36 36
36 37
38 38
38 40
39 39
41 41
41 42
43 43
43 44
48 48
45 45
46 46
47 47
49 49
50 50
50 51
52 52
53 53
54 54
55 55
55 56
57 57
58 58
58 60
59 59
60 61
62 62
62 63
64 64
65 65
65 66
66 68
67 67
68 69
70 70
70 71
71 72
73 73
73 74
75 75
75 76
76 77
77 78
78 79
79 80
80 81
82 82
84 84
83 83
84 85
86 86
87 87
87 88
88 89
89 90
91 91
92 92
93 93
93 94
94 95
95 96
97 97
97 98
98 99
0 0
