0 2
1 1
2 3
4 4
4 7
5 5
6 6
7 8
8 9
10 10
11 11
12 12
12 13
14 14
14 15
15 17
16 16
17 18
18 19
21 21
20 20
21 22
22 24
23 23
24 26
25 25
27 27
27 28
28 29
29 30
31 31
31 32
32 33
33 35
34 34
36 36
36 38
37 37
38 39
40 40
40 41
42 42
42 43
43 44
44 45
45 47
46 46
47 49
48 48
50 50
51 51
51 52
54 54
53 53
54 55
56 56
56 57
57 58
59 59
60 60
61 61
61 63
62 62
64 64
64 65
66 66
66 67
67 68
69 69
71 71
70 70
72 72
73 73
73 74
74 75
75 76
77 77
77 82
78 78
79 79
80 80
81 81
82 83
83 84
85 85
85 86
88 88
87 87
88 89
89 90
90 91
91 92
95 95
93 93
94 94
95 96
98 98
97 97
99 99
99 0
