0 1
3 3
2 2
3 4
6 6
5 5
6 8
7 7
9 9
11 11
10 10
11 12
12 13
13 14
15 15
16 16
16 17
18 18
18 20
19 19
21 21
21 22
23 23
23 24
25 25
26 26
26 27
27 28
29 29
30 30
30 32
31 31
32 33
33 34
34 35
37 37
36 36
37 38
38 39
41 41
40 40
41 42
42 43
45 45
44 44
45 46
46 48
47 47
50 50
49 49
50 51
51 52
53 53
54 54
54 55
57 57
56 56
58 58
58 59
60 60
61 61
61 62
62 63
63 64
65 65
65 67
66 66
68 68
68 72
69 69
70 70
71 71
72 73
74 74
75 75
75 77
76 76
78 78
78 79
79 80
80 81
81 82
83 83
83 84
85 85
85 86
86 87
88 88
88 89
89 91
90 90
91 92
92 93
93 94
95 95
96 96
96 97
98 98
99 99
0 0
