158 6 8 13 10 12 1 20 16 21 7 1 7 3 0 17 1 9 5 17 6 5 3 10 0 1 0 21 22 5 0 8 8 6 18 10 8 14 7 13 23 13 0 8 6 19 4 14 15 19 20 5 21 20 9 16 9 17 20 14 11 4 6 11 0 19 22 4 23 21 11 11 20 9 4 0 10 6 20 0 22 9 17 7 9 12 8 10 1 18 17 10 4 3 15 2 12 4 8 3 7 8 23 21 17 10 6 1 11 14 22 12 5 23 17 7 19 10 3 9 22 3 21 12 9 14 13 15 4 3 11 18 23 5 17 14 18 1 17 17 5 9 15 2 8 1 14 8 4 13 6 13 14 5 5 11 4 6 23 23 12 18 10 2 6 20 14 23 20 22 21 16 0 9 9 8 0 11 15 19 12 16 19 23 3 8 3 17 9 4 1 6 14 14 1 14 20 16 22 19 17 4 16 8 16 4 20 0 3 11 18 16 2 7 3 19 15 11 5 23 8 1 20 11 12 20 21 15 2 15 0 3 17 4 18 23 5 11 2 15 8 15 20 21 20 9 2 16 15 3 9 6 12 13 17 10 13 12 6 16 5 4 4 22 1 3 19 15 16 8 12 3 13 15 14 7 1 18 13 11 7 13 7 5 11 13 2 5 19 23 22 23 14 7 21 11 9 9 19 8 2 0 19 0 5 19 8 12 11 2 16 8 14 16 11 18 7 
0
0
0
0
0
0
0
0
0
0
0
0
0
0
0
0
0
0
0
0
0
0
0
0
0
0
0
0
0
0
0
0
0
0
0
0
0
0
0
0
0
0
0
0
0
0
0
0
0
0
0
0
0
0
0
0
0
0
0
0
0
0
0
0
0
0
0
0
0
0
0
0
0
0
0
0
0
0
0
0
0
0
0
0
0
0
0
0
0
0
0
0
0
0
0
0
0
0
0
0
0
0
0
0
0
0
0
0
0
0
0
0
0
0
0
0
0
