259 24 5 15 11 2 10 0 15 7 22 15 24 6 4 23 25 22 2 19 11 19 19 1 5 22 21 13 3 25 16 23 3 21 19 25 4 3 22 16 3 23 6 11 10 9 15 15 21 4 4 9 26 3 3 26 19 0 6 1 26 9 11 18 16 26 25 19 7 12 16 6 1 9 8 10 23 16 22 25 2 9 18 20 18 8 13 5 21 8 18 3 11 8 19 21 17 6 20 2 19 17 17 22 4 22 24 17 7 20 4 1 18 0 25 21 0 9 20 14 12 24 17 6 8 19 21 8 23 7 0 13 17 13 0 22 14 18 18 12 1 17 15 18 26 24 14 9 2 24 23 7 12 20 20 17 21 23 15 2 25 7 20 8 16 16 20 15 26 13 19 20 1 25 0 20 12 25 18 7 18 9 13 26 6 4 6 10 12 14 8 12 11 14 4 15 0 5 11 17 12 13 12 13 9 26 13 13 21 8 25 18 22 17 23 2 0 19 17 0 17 6 13 4 20 13 7 20 10 8 3 17 19 9 0 17 5 25 21 5 24 23 11 18 8 1 10 12 23 10 9 2 13 1 21 16 25 15 5 15 19 0 1 23 19 21 8 11 26 25 7 0 3 6 18 11 4 5 0 0 20 3 24 12 20 9 17 7 5 9 22 11 0 5 19 10 16 3 16 24 2 5 3 1 16 8 12 5 26 10 18 11 13 2 15 1 2 14 23 25 10 1 23 25 26 20 16 14 25 3 7 6 10 6 25 24 12 17 0 16 8 11 15 12 18 23 13 26 1 6 16 2 8 26 11 11 22 19 23 11 20 18 1 19 0 3 26 5 15 18 13 0 8 18 24 10 1 23 22 22 26 5 7 13 15 22 9 25 24 21 25 25 13 20 22 14 20 12 14 3 9 26 8 24 9 14 18 3 18 17 2 16 16 5 13 8 8 11 2 13 26 21 3 15 12 20 26 26 15 15 15 6 12 20 14 10 19 4 15 12 8 21 5 15 7 24 20 19 2 6 19 18 6 11 24 16 6 11 6 26 17 1 12 26 22 14 16 23 8 0 11 9 6 15 17 17 9 11 17 18 4 21 13 7 17 8 1 15 9 5 17 11 19 8 10 10 5 21 11 16 10 7 11 8 21 12 10 6 6 16 13 4 1 7 26 16 18 13 5 
0
0
0
0
0
0
0
0
0
0
0
