1 1
3 3
2 2
3 4
4 5
5 6
7 7
8 8
8 9
10 10
10 11
12 12
12 13
14 14
14 17
15 15
16 16
17 18
19 19
19 20
20 21
21 22
23 23
24 24
24 25
25 26
26 28
27 27
30 30
29 29
30 31
32 32
33 33
34 34
34 35
35 36
37 37
39 39
38 38
40 40
40 41
42 42
43 43
45 45
44 44
45 46
47 47
48 48
48 49
50 50
51 51
51 52
52 54
53 53
54 55
56 56
56 57
58 58
58 59
59 60
60 61
61 62
63 63
63 64
64 65
66 66
67 67
67 70
68 68
69 69
70 72
71 71
72 74
73 73
75 75
76 76
77 77
78 78
78 79
79 80
80 81
81 83
82 82
83 84
85 85
85 87
86 86
87 88
88 89
93 93
90 90
91 91
92 92
94 94
95 95
95 96
97 97
98 98
99 99
99 0
