1 1
2 2
2 3
3 4
4 5
5 6
7 7
7 8
8 9
9 10
10 12
11 11
12 13
13 15
14 14
16 16
16 18
17 17
18 20
19 19
20 21
21 22
22 23
24 24
24 25
25 28
26 26
27 27
28 29
30 30
30 31
31 32
32 33
33 34
36 36
35 35
36 37
37 38
38 39
40 40
41 41
42 42
42 43
44 44
44 45
45 48
46 46
47 47
49 49
50 50
53 53
51 51
52 52
53 56
54 54
55 55
58 58
57 57
59 59
60 60
60 61
61 62
64 64
63 63
65 65
65 66
66 67
69 69
68 68
71 71
70 70
72 72
73 73
73 74
76 76
75 75
76 77
78 78
80 80
79 79
80 81
82 82
82 83
83 84
85 85
86 86
86 87
88 88
89 89
90 90
90 91
92 92
94 94
93 93
94 96
95 95
96 97
97 0
98 98
99 99
