279 30 1 3 8 16 23 2 3 25 1 15 6 7 29 19 15 19 28 7 19 23 18 7 9 12 0 13 10 2 11 3 10 0 10 25 20 10 5 20 18 11 27 6 4 5 25 17 18 29 24 11 16 23 22 19 29 1 5 6 24 12 29 22 29 19 17 14 3 1 12 3 2 31 8 7 17 6 11 29 31 8 10 1 27 11 31 29 16 9 24 6 26 24 14 4 21 28 1 28 20 23 28 3 31 5 13 20 0 28 17 9 29 2 15 19 1 17 26 6 10 6 6 23 8 21 15 21 22 26 24 16 21 30 3 8 31 12 15 10 20 20 4 7 5 7 12 10 23 28 25 15 26 1 16 24 17 21 1 22 2 29 18 22 4 29 0 22 6 30 29 15 29 16 31 16 15 19 31 13 12 27 13 23 25 15 10 0 13 24 7 5 15 19 9 24 2 31 10 15 14 11 11 25 23 21 9 11 21 23 12 2 13 3 4 8 14 15 4 2 1 25 11 19 13 13 24 14 27 11 6 21 27 15 8 9 6 23 16 21 3 19 3 9 14 19 22 26 0 12 11 22 0 7 25 3 12 31 6 13 6 15 12 14 30 1 0 20 14 17 2 4 26 13 22 17 28 2 21 23 1 16 13 0 24 15 18 27 8 8 4 23 10 13 26 20 27 22 14 27 18 12 13 13 31 6 8 2 17 10 30 2 26 1 7 4 19 27 4 31 4 8 3 29 26 4 14 27 15 3 29 3 6 29 9 26 3 14 25 0 6 28 14 27 29 24 5 12 3 18 16 22 11 24 0 26 17 16 11 26 5 23 3 9 22 0 4 10 7 4 1 10 25 7 11 12 22 9 27 13 20 29 15 12 5 15 24 27 23 15 0 25 15 15 22 1 2 9 12 7 15 1 18 25 13 11 24 7 13 27 27 15 16 29 22 6 13 6 20 16 7 17 14 19 5 9 11 9 8 14 23 13 4 18 21 26 28 26 9 22 21 13 9 6 14 8 1 18 8 8 20 12 10 30 11 11 9 19 7 28 3 10 28 3 16 30 14 25 8 17 30 28 28 28 12 31 26 11 4 5 9 30 5 24 9 5 12 20 12 29 6 14 15 9 17 8 13 1 31 14 13 21 7 29 13 17 4 31 23 31 30 13 14 31 19 17 24 8 18 21 13 21 17 12 7 5 2 4 3 0 1 31 28 6 28 1 9 24 26 26 26 27 2 17 6 17 9 16 27 28 5 5 5 25 4 30 17 8 12 
0
0
0
0
0
0
0
0
0
0
0
0
0
0
0
0
0
0
0
0
0
0
0
0
0
0
0
0
0
0
0
0
0
0
0
0
0
0
0
0
0
0
0
0
0
0
0
0
0
0
0
0
0
0
0
0
0
0
0
0
0
0
0
0
0
0
0
0
0
0
0
0
0
0
0
0
0
0
0
0
0
0
0
0
0
0
0
0
0
0
0
0
