0 1
2 2
3 3
3 5
4 4
5 6
7 7
7 9
8 8
9 10
11 11
11 12
12 13
14 14
14 15
15 16
19 19
17 17
18 18
19 20
20 22
21 21
22 23
24 24
24 25
25 26
26 27
28 28
28 31
29 29
30 30
32 32
32 34
33 33
35 35
36 36
36 37
37 39
38 38
40 40
41 41
42 42
43 43
43 44
45 45
45 47
46 46
47 48
49 49
49 50
51 51
52 52
52 53
53 54
54 55
57 57
56 56
58 58
58 59
59 60
62 62
61 61
63 63
63 64
64 65
66 66
66 67
67 68
69 69
69 71
70 70
71 72
72 74
73 73
74 75
75 77
76 76
80 80
78 78
79 79
80 81
81 82
82 83
84 84
84 85
86 86
86 87
87 88
89 89
89 90
90 91
94 94
92 92
93 93
96 96
95 95
96 97
98 98
99 99
99 0
