272 26 20 8 2 12 5 26 4 24 8 30 14 23 24 9 31 14 15 26 33 10 5 30 33 23 18 25 21 24 4 0 5 27 7 8 21 25 26 3 8 20 19 7 10 7 30 24 20 18 10 18 2 31 30 12 10 19 7 10 0 11 27 3 14 5 1 26 22 17 13 4 17 1 9 0 8 33 28 32 29 25 29 16 7 13 9 11 12 22 25 32 24 21 16 1 7 17 0 23 5 15 18 4 4 8 14 2 0 23 12 15 25 33 23 5 31 27 5 19 27 16 17 4 0 20 2 0 29 2 15 23 14 7 18 1 13 7 27 27 19 9 33 7 31 0 1 2 25 17 23 12 32 17 21 23 7 7 4 7 6 33 17 21 22 21 4 19 1 18 8 3 12 9 3 11 1 17 18 1 3 3 24 19 25 21 7 25 15 17 33 3 18 8 26 22 2 11 3 17 11 4 29 0 20 12 26 10 2 18 14 24 12 27 0 13 6 14 4 29 30 22 17 30 5 10 32 15 29 13 21 33 1 11 33 32 20 28 12 29 19 29 25 10 13 22 4 0 22 4 15 33 4 15 5 6 11 27 17 32 0 22 11 9 18 6 13 7 1 9 1 18 17 12 33 3 31 13 2 4 11 14 13 14 1 20 15 13 29 23 21 25 9 22 8 31 4 6 15 28 31 8 7 26 6 6 5 27 27 23 33 19 16 23 0 4 2 1 18 12 22 30 29 5 29 11 8 20 10 26 16 14 7 6 32 11 6 32 33 3 1 9 29 22 27 9 15 1 23 26 8 1 21 13 14 13 32 22 10 25 23 5 22 11 17 16 24 0 24 33 19 13 23 14 28 29 21 1 11 25 17 26 24 10 24 27 2 22 15 15 3 32 18 19 13 3 5 0 10 11 24 21 14 3 20 33 9 5 27 32 3 25 2 27 15 23 9 28 22 16 20 21 18 8 11 23 3 27 29 27 25 24 22 11 26 8 5 18 19 19 9 9 23 25 0 6 0 14 26 20 17 31 22 24 16 2 4 24 27 16 26 10 9 29 15 19 3 13 16 8 32 24 1 19 11 8 0 13 18 3 26 33 21 26 14 11 31 14 20 31 1 22 6 19 29 20 31 2 19 0 31 31 13 21 20 7 20 6 21 9 27 20 26 6 23 5 28 0 12 24 25 28 4 18 22 22 19 17 25 20 8 9 20 6 3 28 18 28 24 15 23 3 33 12 0 
0
0
0
0
0
0
0
0
0
0
0
0
0
0
0
0
0
0
0
0
0
0
0
0
0
0
0
0
0
0
0
0
0
0
0
0
0
0
0
0
0
0
0
0
0
0
0
0
0
0
0
0
0
0
0
0
0
0
0
