2 2
1 1
2 3
4 4
6 6
5 5
8 8
7 7
9 9
11 11
10 10
12 12
13 13
13 14
14 15
15 16
16 17
18 18
18 19
19 21
20 20
21 22
22 24
23 23
24 25
26 26
26 27
27 28
28 29
30 30
30 31
32 32
32 33
34 34
34 35
35 37
36 36
38 38
39 39
39 40
40 41
41 42
43 43
44 44
44 46
45 45
46 47
49 49
48 48
50 50
51 51
51 52
52 53
53 54
54 55
55 56
56 57
57 59
58 58
61 61
60 60
61 63
62 62
63 64
65 65
66 66
66 67
68 68
69 69
70 70
71 71
72 72
73 73
73 74
75 75
76 76
77 77
79 79
78 78
79 80
80 82
81 81
82 83
84 84
84 85
85 86
86 87
87 88
88 89
89 90
91 91
91 92
92 93
93 94
95 95
97 97
96 96
97 98
98 0
99 99
