430 11 9 2 16 11 8 7 6 31 16 21 12 3 11 16 4 15 9 20 19 28 8 12 10 20 14 28 29 11 16 25 25 13 27 6 16 24 4 13 12 17 1 4 22 13 18 8 0 4 30 9 21 15 5 21 5 1 3 10 22 8 10 7 1 8 25 9 14 11 23 23 3 30 23 8 27 13 5 17 18 22 2 21 15 26 24 8 3 7 30 0 11 31 8 22 8 32 10 13 10 24 2 1 0 4 28 26 20 15 25 19 3 16 8 27 30 12 17 21 9 32 28 20 17 14 2 11 31 29 25 26 10 20 31 1 21 19 1 23 21 12 30 26 6 28 2 25 1 29 1 18 21 9 4 24 14 12 15 32 17 21 19 24 17 32 12 12 13 1 10 3 9 0 8 12 7 29 19 7 26 23 9 16 0 1 17 6 12 24 20 27 5 27 32 17 9 20 2 31 11 30 21 2 4 22 25 14 8 17 3 0 25 5 17 11 12 19 5 15 12 2 14 2 12 3 32 6 2 11 0 16 9 24 8 18 4 23 26 6 29 10 10 27 7 6 18 31 14 30 5 27 28 13 29 4 20 3 7 11 25 29 32 10 17 18 25 4 12 18 17 32 19 17 5 17 14 14 19 16 2 9 32 27 1 12 18 17 24 7 13 19 14 28 26 12 4 21 24 17 7 15 14 26 2 5 31 10 27 15 1 13 9 28 18 28 4 16 11 16 19 28 22 14 13 19 24 18 10 5 25 4 16 0 28 13 14 12 1 17 10 13 3 25 23 5 15 10 13 4 26 23 1 23 23 29 11 11 6 26 12 7 8 28 31 9 16 23 11 3 13 3 23 17 32 23 5 16 30 6 14 6 32 25 32 26 29 16 23 4 18 14 32 31 2 3 25 26 26 25 9 29 13 21 29 20 4 14 30 30 17 29 16 11 29 8 17 30 7 19 26 12 20 26 31 17 20 18 8 16 6 2 31 1 27 15 27 8 15 29 30 22 10 9 9 28 20 1 19 28 0 1 15 17 16 19 9 30 26 19 7 1 5 15 20 14 6 32 31 8 31 2 6 23 19 13 16 19 32 16 15 22 27 9 24 1 32 15 7 21 18 29 6 18 23 6 5 4 2 22 6 24 10 26 22 24 24 20 6 9 12 14 4 18 15 1 7 32 21 17 13 4 6 19 20 25 13 25 11 22 31 20 21 24 31 8 19 16 28 11 14 11 19 5 8 32 3 18 30 30 0 7 22 0 4 18 19 32 7 18 6 31 4 20 25 14 10 4 10 21 32 18 0 20 11 16 21 13 0 27 3 5 13 11 11 10 15 6 23 31 30 3 21 14 15 22 20 8 7 31 27 31 20 28 12 27 9 20 10 25 30 1 29 27 15 21 11 14 17 25 21 29 9 12 22 23 28 28 24 9 6 29 27 1 23 4 4 5 3 3 17 19 18 19 12 0 22 10 30 22 0 6 20 25 5 11 21 27 21 30 31 15 3 23 16 20 15 21 16 20 8 18 11 24 27 22 4 15 16 32 15 23 7 5 1 9 26 31 32 18 2 26 14 16 31 17 22 26 18 9 28 16 17 3 15 1 13 8 23 22 17 4 14 31 6 21 26 19 29 27 17 12 28 13 21 24 22 11 18 26 4 26 0 2 22 6 10 13 31 17 27 20 28 31 18 5 11 10 20 2 26 15 18 31 24 10 5 15 22 25 3 0 20 23 30 21 7 28 14 19 22 13 25 18 28 4 0 32 25 30 15 24 0 30 29 8 5 21 1 27 19 32 5 12 26 13 19 13 23 0 31 32 23 28 10 7 4 7 24 10 7 21 3 26 8 6 0 6 7 7 28 3 29 24 12 19 16 23 32 6 27 16 26 5 21 22 13 25 15 0 6 14 11 27 13 2 20 0 14 15 10 12 11 20 23 24 6 9 18 31 22 
0
0
0
0
0
0
0
0
0
0
0
0
0
0
0
0
0
0
0
0
0
0
0
0
0
0
0
0
0
0
0
0
0
0
0
0
0
0
0
0
0
0
0
0
0
0
0
0
0
0
0
0
0
0
0
0
0
0
0
0
0
0
0
0
0
0
0
0
0
0
0
0
0
0
0
0
0
0
0
0
0
0
0
0
0
0
0
0
0
