1 1
1 3
2 2
4 4
4 5
7 7
6 6
7 8
9 9
9 10
12 12
11 11
12 13
13 15
14 14
16 16
17 17
17 18
18 20
19 19
21 21
22 22
22 23
23 24
26 26
25 25
27 27
28 28
29 29
29 30
31 31
31 32
33 33
35 35
34 34
36 36
36 37
37 38
39 39
39 40
40 41
41 42
42 43
44 44
44 45
46 46
46 47
48 48
48 49
49 50
50 51
51 52
53 53
53 54
54 55
55 57
56 56
58 58
58 59
59 60
60 61
62 62
63 63
64 64
65 65
65 66
67 67
67 68
69 69
69 70
72 72
71 71
73 73
73 74
74 75
75 76
76 77
77 78
78 79
81 81
80 80
81 82
82 83
84 84
84 87
85 85
86 86
89 89
88 88
90 90
91 91
92 92
92 94
93 93
94 95
96 96
96 97
97 98
99 99
99 0
