0 1
2 2
2 3
5 5
4 4
5 6
8 8
7 7
9 9
9 10
10 11
11 12
13 13
13 15
14 14
16 16
16 17
18 18
18 20
19 19
22 22
21 21
24 24
23 23
24 25
26 26
27 27
27 28
31 31
29 29
30 30
31 34
32 32
33 33
34 35
35 36
37 37
37 38
39 39
40 40
40 42
41 41
42 44
43 43
45 45
45 46
46 48
47 47
48 49
49 51
50 50
52 52
52 53
54 54
54 55
55 56
56 57
57 58
58 59
60 60
60 61
61 62
63 63
63 64
64 65
66 66
67 67
67 68
68 69
69 70
70 71
71 72
72 73
73 74
74 75
77 77
76 76
77 78
78 79
79 80
81 81
84 84
82 82
83 83
85 85
85 86
86 87
87 88
89 89
90 90
93 93
91 91
92 92
93 94
94 96
95 95
96 97
98 98
0 0
99 99
