0 2
1 1
2 3
4 4
4 5
5 6
6 7
9 9
8 8
9 10
11 11
11 12
12 13
14 14
14 15
17 17
16 16
17 18
18 19
20 20
20 21
22 22
24 24
23 23
25 25
25 27
26 26
27 29
28 28
29 31
30 30
31 33
32 32
33 34
34 35
35 37
36 36
38 38
38 39
39 40
41 41
42 42
43 43
44 44
45 45
46 46
47 47
49 49
48 48
49 51
50 50
52 52
52 53
53 54
55 55
55 56
56 57
58 58
58 59
59 60
61 61
62 62
62 63
63 64
64 65
65 66
66 67
68 68
68 69
70 70
70 74
71 71
72 72
73 73
74 75
75 77
76 76
79 79
78 78
79 80
82 82
81 81
82 83
83 84
85 85
85 86
87 87
87 90
88 88
89 89
90 91
94 94
92 92
93 93
94 96
95 95
97 97
97 99
98 98
0 0
