283 20 12 12 26 13 7 17 11 5 19 25 6 7 21 24 7 23 18 4 12 9 2 25 15 5 5 6 16 16 12 7 17 2 19 22 10 5 8 13 22 7 19 21 18 19 23 15 17 20 4 23 5 3 24 14 8 3 5 1 16 15 13 3 16 6 20 14 18 4 14 18 16 13 25 13 1 7 2 8 13 18 0 21 3 11 5 10 24 11 7 12 8 8 3 22 4 21 16 12 0 4 6 8 9 23 13 14 0 19 18 18 2 7 15 2 10 8 7 1 4 9 21 1 11 7 26 16 4 18 10 5 26 6 10 6 7 22 12 20 26 11 21 4 23 1 13 0 6 2 1 10 1 9 10 18 6 0 19 13 3 17 26 7 8 25 26 24 24 9 12 24 12 8 22 13 15 25 22 16 22 14 16 5 9 1 24 19 7 21 0 4 7 16 14 4 4 15 19 19 5 23 3 17 19 22 19 11 19 12 20 9 14 0 5 8 16 24 14 2 23 4 8 10 22 26 9 18 14 14 10 10 8 16 25 12 14 21 11 18 12 3 22 11 17 1 18 6 6 6 23 17 21 3 26 14 2 24 2 10 20 6 14 10 11 1 5 25 0 22 14 3 3 16 8 15 1 11 3 20 14 17 24 5 15 8 5 5 11 15 7 19 25 0 25 17 13 24 16 20 22 2 6 26 14 0 9 14 12 9 17 16 10 18 22 14 4 22 24 8 20 9 7 20 10 0 1 26 1 0 22 11 15 15 15 21 9 12 2 15 24 19 3 17 3 26 19 22 1 24 21 14 14 23 11 19 15 2 4 6 2 20 17 19 20 16 18 21 7 0 8 17 5 1 20 0 15 5 24 21 13 6 11 26 21 5 22 10 13 3 18 8 11 26 23 26 12 6 9 9 4 21 23 8 25 23 23 18 8 14 23 9 19 1 26 24 9 25 10 19 1 12 16 25 8 23 8 2 12 4 10 17 15 16 16 11 12 6 25 16 0 0 3 16 2 1 3 26 3 13 17 23 0 22 6 26 17 22 17 12 11 2 8 3 7 3 13 7 10 11 9 7 12 18 4 8 1 12 6 19 11 15 5 21 25 5 6 12 24 23 15 5 17 20 6 14 20 3 9 2 17 2 14 4 1 3 11 20 24 15 11 7 24 20 21 5 13 5 3 22 22 24 19 26 5 20 2 15 3 19 13 2 0 21 5 2 25 25 4 9 25 25 13 0 17 21 20 4 25 26 7 5 0 13 13 6 4 4 21 17 1 26 25 22 26 14 26 
0
0
0
0
0
0
0
0
0
