1 1
1 3
2 2
3 4
4 5
6 6
6 7
8 8
9 9
10 10
11 11
12 12
12 13
15 15
14 14
15 16
17 17
19 19
18 18
19 20
20 21
21 22
24 24
23 23
25 25
25 26
27 27
28 28
28 29
29 30
31 31
31 33
32 32
36 36
34 34
35 35
37 37
38 38
39 39
39 40
40 41
41 42
42 44
43 43
44 45
46 46
47 47
47 48
49 49
49 50
50 51
51 52
54 54
53 53
54 55
56 56
57 57
59 59
58 58
60 60
60 62
61 61
62 63
63 64
64 65
65 66
66 67
67 69
68 68
69 72
70 70
71 71
72 73
74 74
75 75
75 77
76 76
79 79
78 78
79 81
80 80
81 82
83 83
85 85
84 84
85 87
86 86
88 88
88 89
89 90
91 91
91 92
93 93
93 95
94 94
95 96
96 97
97 98
98 99
99 0
