136 16 12 13 11 7 6 11 2 10 5 17 14 9 9 16 7 10 0 8 7 12 13 2 1 18 11 15 12 11 11 13 18 7 17 17 19 17 13 18 19 2 16 19 12 8 10 12 12 13 4 0 5 13 12 5 8 18 3 15 0 15 19 3 18 14 9 13 6 2 9 3 8 17 16 4 14 3 10 15 16 17 10 14 11 17 18 12 3 7 11 13 14 12 18 15 4 1 6 4 9 18 10 0 14 6 14 4 1 3 0 16 15 10 14 17 6 6 10 14 5 13 0 17 1 13 10 19 14 16 9 1 13 18 0 0 18 0 16 5 0 6 5 8 19 6 18 16 11 5 2 13 2 14 13 10 7 2 5 11 9 10 8 18 17 7 2 1 11 9 1 1 15 15 18 9 4 15 2 1 0 14 1 6 1 10 16 4 12 17 12 7 13 13 17 0 8 5 17 12 9 2 3 19 2 2 19 13 19 11 17 15 13 3 13 18 9 6 12 9 11 3 4 12 5 19 7 13 8 8 16 10 12 14 3 8 5 19 9 10 10 12 16 10 18 15 8 9 17 4 16 5 4 1 17 0 12 11 15 16 14 5 11 12 10 19 18 16 3 6 16 17 8 
0
0
0
0
0
0
0
0
0
0
0
0
0
0
0
0
0
0
0
0
0
0
0
0
0
0
0
0
0
0
0
0
0
0
0
0
0
0
0
0
0
0
0
0
0
0
0
0
0
0
0
0
0
0
0
0
