0 1
2 2
3 3
4 4
4 5
6 6
6 8
7 7
9 9
9 10
12 12
11 11
14 14
13 13
14 15
15 16
16 17
17 18
18 19
19 20
22 22
21 21
22 23
24 24
24 26
25 25
27 27
27 29
28 28
30 30
30 32
31 31
32 33
33 35
34 34
35 36
36 38
37 37
38 40
39 39
40 41
42 42
42 43
43 45
44 44
45 46
46 47
48 48
49 49
49 51
50 50
51 52
52 55
53 53
54 54
55 57
56 56
57 58
59 59
60 60
60 61
62 62
63 63
64 64
64 65
65 66
66 67
67 68
68 69
70 70
71 71
72 72
73 73
73 74
75 75
76 76
77 77
78 78
78 79
79 81
80 80
81 83
82 82
83 84
86 86
85 85
87 87
88 88
89 89
89 90
90 91
91 92
92 93
94 94
94 95
95 96
97 97
97 98
98 99
99 0
