343 15 9 23 16 20 5 23 5 5 18 26 9 19 17 0 19 28 3 8 7 18 9 21 28 16 5 13 1 12 10 20 13 9 2 7 18 12 14 18 13 11 11 27 8 25 24 5 9 21 7 28 29 11 17 16 1 20 18 7 12 17 8 27 17 27 15 3 11 6 1 10 1 15 5 6 28 26 16 19 1 28 26 26 0 16 22 23 22 27 27 16 10 28 0 24 21 25 1 19 0 4 8 19 15 14 25 28 5 29 10 20 9 22 2 23 3 18 16 22 11 26 25 15 24 7 27 16 27 17 17 17 2 12 2 28 21 1 9 22 0 1 14 17 6 7 20 13 5 18 1 18 3 18 5 24 23 7 29 5 27 19 6 20 11 23 12 0 1 10 20 2 12 8 28 4 26 14 0 3 19 3 5 11 5 27 22 29 12 13 9 4 20 0 13 3 0 5 7 22 6 3 16 11 13 27 10 17 21 2 20 24 19 21 25 17 19 22 15 18 7 8 21 12 25 23 29 15 17 11 21 14 12 25 4 25 27 9 25 9 15 13 19 25 22 24 8 5 14 5 16 2 22 20 20 13 11 14 20 29 17 19 28 25 12 19 19 1 28 19 4 12 0 5 3 9 23 6 26 8 9 23 1 10 16 6 4 3 13 24 2 26 28 2 8 9 17 8 14 0 17 12 18 4 15 1 23 9 8 10 7 4 6 27 24 5 23 6 13 24 17 26 3 22 19 23 24 18 27 5 25 2 15 13 29 7 10 9 0 3 25 1 4 29 4 26 5 0 3 1 26 0 10 15 29 2 3 12 20 11 19 17 23 19 23 20 2 20 24 26 13 25 29 26 23 20 3 0 22 16 12 24 28 23 14 24 0 13 7 9 13 24 25 27 6 22 9 10 26 1 18 15 26 8 19 1 11 15 19 4 29 7 3 5 21 14 10 16 14 28 11 29 8 21 3 18 29 1 0 14 22 19 12 27 4 3 23 9 5 29 20 7 0 10 22 6 11 7 16 14 6 13 4 27 20 6 19 27 12 13 13 28 9 18 18 28 16 18 20 23 7 23 18 21 1 17 28 18 2 25 18 21 21 11 23 13 17 21 5 21 4 6 8 15 4 26 11 10 10 24 15 12 22 4 17 4 2 26 7 2 10 16 8 28 14 22 26 29 22 4 10 24 11 21 0 14 4 3 7 16 16 10 29 17 4 20 27 26 19 20 1 14 28 14 18 28 18 8 26 16 3 7 5 0 5 11 3 13 15 14 3 29 2 1 7 15 11 16 18 20 22 6 22 17 26 0 24 12 6 22 23 0 8 21 17 5 0 7 25 20 29 15 2 26 21 19 21 21 12 8 4 16 25 29 15 23 20 25 6 10 18 2 6 1 2 1 21 6 17 13 21 28 7 5 12 3 28 8 1 7 23 19 25 25 10 29 24 25 20 20 16 22 4 9 27 0 27 21 10 29 28 3 9 17 11 29 6 15 23 27 2 28 23 13 23 18 22 14 14 19 3 6 15 16 20 9 11 11 9 3 21 18 24 12 12 12 27 
0
0
0
0
0
0
0
0
0
0
0
0
0
0
0
0
0
0
0
0
0
0
0
0
0
0
0
0
0
0
0
0
0
0
0
0
0
0
0
0
0
0
0
0
0
0
0
0
0
0
0
0
0
0
0
0
0
0
0
0
0
0
0
0
0
0
0
0
0
0
0
0
0
0
0
0
0
0
