0 1
1 2
3 3
3 4
4 6
5 5
6 7
7 8
9 9
9 10
12 12
11 11
13 13
14 14
17 17
15 15
16 16
17 18
18 20
19 19
22 22
21 21
22 23
23 24
24 25
27 27
26 26
27 30
28 28
29 29
30 31
31 32
33 33
33 34
35 35
35 36
37 37
38 38
38 39
39 40
41 41
41 42
42 43
43 44
46 46
45 45
46 47
47 48
50 50
49 49
51 51
51 53
52 52
54 54
55 55
56 56
57 57
59 59
58 58
59 60
60 61
62 62
64 64
63 63
64 65
65 66
66 68
67 67
68 69
69 70
70 71
71 72
72 74
73 73
74 77
75 75
76 76
77 78
79 79
80 80
81 81
83 83
82 82
84 84
84 85
85 86
86 87
87 88
90 90
89 89
91 91
92 92
92 94
93 93
95 95
95 96
96 97
98 98
99 99
99 0
