0 1
1 2
3 3
3 4
6 6
5 5
8 8
7 7
8 9
10 10
10 11
11 12
12 13
14 14
14 15
15 16
17 17
18 18
18 19
20 20
20 22
21 21
22 24
23 23
24 25
27 27
26 26
28 28
28 29
29 30
31 31
32 32
34 34
33 33
34 37
35 35
36 36
37 38
38 39
39 40
43 43
41 41
42 42
44 44
44 45
46 46
46 47
48 48
48 49
49 51
50 50
51 52
53 53
53 54
54 55
57 57
56 56
58 58
59 59
59 60
61 61
61 62
62 63
63 64
64 65
65 66
66 67
67 68
69 69
70 70
70 72
71 71
73 73
74 74
75 75
76 76
76 77
78 78
78 79
79 80
81 81
81 82
83 83
84 84
84 85
86 86
86 88
87 87
88 89
89 90
90 91
92 92
92 93
94 94
94 95
95 96
97 97
97 0
98 98
99 99
