54 54
2 2
3 3
3 4
4 5
5 6
7 7
8 8
8 9
9 10
10 11
11 13
12 12
13 14
14 15
15 16
16 18
17 17
18 19
19 21
20 20
21 22
24 24
23 23
26 26
25 25
26 27
28 28
28 29
29 30
30 31
31 32
33 33
33 34
35 35
37 37
36 36
37 38
38 40
39 39
41 41
41 42
43 43
43 44
45 45
45 46
46 47
48 48
48 49
49 50
51 51
52 52
52 53
53 54
54 55
56 56
57 57
58 58
58 59
59 60
61 61
61 62
63 63
66 66
64 64
65 65
67 67
67 68
68 69
69 72
70 70
71 71
72 73
75 75
74 74
75 76
76 77
77 78
79 79
80 80
80 81
81 82
82 84
83 83
85 85
85 87
86 86
89 89
88 88
89 93
90 90
91 91
92 92
93 94
95 95
95 96
96 97
97 98
99 99
1 1
