0 2
1 1
3 3
4 4
5 5
6 6
7 7
8 8
8 9
9 10
10 11
12 12
12 13
13 14
14 16
15 15
17 17
17 18
18 19
19 20
20 21
21 22
24 24
23 23
24 27
25 25
26 26
28 28
29 29
29 31
30 30
31 32
32 33
33 34
36 36
35 35
37 37
38 38
38 39
40 40
41 41
43 43
42 42
43 44
44 45
46 46
48 48
47 47
48 50
49 49
50 51
52 52
52 53
53 54
54 55
56 56
56 57
57 58
58 59
60 60
61 61
62 62
63 63
63 66
64 64
65 65
67 67
67 68
68 69
70 70
70 71
72 72
73 73
74 74
74 75
76 76
76 77
77 78
78 81
79 79
80 80
84 84
82 82
83 83
84 85
86 86
87 87
87 88
88 90
89 89
93 93
91 91
92 92
94 94
94 95
97 97
96 96
98 98
98 99
99 0
