165 10 3 13 20 7 10 11 5 4 9 20 14 7 1 0 12 12 9 12 2 4 7 3 8 13 15 18 14 13 6 19 4 15 16 20 7 13 3 13 18 2 1 18 16 5 18 2 14 14 19 9 1 3 6 8 16 14 7 9 10 18 10 17 15 6 3 16 0 10 0 12 7 9 3 11 8 15 10 1 15 14 5 10 9 12 11 10 7 3 15 18 5 11 2 9 5 9 19 14 9 17 13 12 0 16 9 5 10 3 17 6 9 5 4 3 10 1 13 20 3 9 2 10 18 16 7 20 5 3 13 10 11 0 3 15 12 17 11 6 11 5 8 10 16 1 17 2 3 6 5 19 13 16 4 20 16 3 4 0 8 18 7 11 15 6 2 19 1 14 0 19 9 20 19 12 5 18 0 1 0 8 4 7 2 9 15 7 18 13 10 13 1 4 11 14 2 16 18 5 1 2 9 2 7 8 14 10 4 10 1 18 20 9 8 20 12 13 12 3 2 1 2 19 15 16 2 6 15 5 12 17 19 19 6 16 14 7 6 2 16 4 0 19 11 15 6 14 11 8 9 9 6 8 3 0 16 9 13 18 3 17 1 8 5 3 19 11 13 0 14 7 4 15 8 15 1 5 6 8 0 10 6 5 14 8 20 6 0 7 13 0 1 11 3 8 1 1 11 0 18 13 8 7 8 6 19 9 17 2 12 15 3 7 15 8 7 4 20 1 4 6 17 11 1 18 12 12 17 11 20 
0
0
0
0
0
0
0
0
0
0
0
0
0
0
0
0
0
0
0
0
0
0
0
0
0
0
0
0
0
0
0
0
0
0
0
0
0
0
0
0
0
0
0
0
0
0
0
0
0
0
0
0
0
0
0
0
0
0
0
0
0
0
0
0
0
0
0
0
0
0
0
0
0
0
0
0
0
0
0
0
0
0
0
0
0
0
0
0
0
0
0
0
0
0
0
0
0
0
