0 1
2 2
2 4
3 3
4 5
8 8
6 6
7 7
9 9
9 10
11 11
12 12
12 13
13 14
15 15
16 16
16 17
18 18
18 19
21 21
20 20
22 22
23 23
23 24
24 25
25 26
26 27
27 28
28 29
29 30
31 31
31 32
32 33
33 35
34 34
35 36
37 37
38 38
38 39
41 41
40 40
41 42
42 43
43 44
44 45
45 46
46 47
48 48
48 49
49 50
50 51
51 52
52 53
53 54
54 55
55 56
56 57
58 58
58 59
60 60
61 61
61 62
62 63
64 64
66 66
65 65
68 68
67 67
68 69
70 70
70 71
73 73
72 72
74 74
74 75
76 76
76 77
78 78
80 80
79 79
81 81
83 83
82 82
84 84
84 85
86 86
89 89
87 87
88 88
89 90
90 91
93 93
92 92
93 94
94 95
95 96
97 97
97 98
98 0
99 99
