0 2
1 1
2 3
3 4
4 6
5 5
7 7
8 8
8 9
9 11
10 10
12 12
12 13
14 14
17 17
15 15
16 16
17 18
18 19
19 22
20 20
21 21
22 23
26 26
24 24
25 25
26 27
27 28
28 29
29 30
30 31
33 33
32 32
33 34
35 35
35 37
36 36
37 39
38 38
39 40
40 41
41 43
42 42
43 45
44 44
46 46
46 47
47 48
48 49
51 51
50 50
51 52
53 53
53 54
55 55
56 56
57 57
58 58
59 59
60 60
60 61
61 62
62 63
64 64
64 66
65 65
67 67
67 69
68 68
69 70
70 73
71 71
72 72
74 74
74 75
75 76
76 77
78 78
78 79
81 81
80 80
81 82
83 83
85 85
84 84
85 86
86 87
88 88
88 91
89 89
90 90
92 92
92 93
94 94
95 95
95 96
99 99
97 97
98 98
99 0
