0 1
2 2
3 3
3 4
6 6
5 5
8 8
7 7
8 9
9 12
10 10
11 11
12 13
14 14
15 15
15 16
17 17
18 18
19 19
21 21
20 20
23 23
22 22
24 24
24 25
26 26
26 27
27 28
29 29
29 30
31 31
32 32
33 33
33 34
35 35
35 37
36 36
38 38
39 39
39 41
40 40
42 42
43 43
45 45
44 44
46 46
46 47
47 48
48 49
49 50
50 51
51 52
54 54
53 53
54 55
56 56
56 57
57 58
60 60
59 59
61 61
61 62
63 63
63 64
64 65
65 66
67 67
67 68
69 69
70 70
70 71
72 72
72 74
73 73
75 75
75 76
77 77
77 78
78 79
80 80
80 81
82 82
82 83
83 84
84 86
85 85
87 87
88 88
89 89
89 90
90 91
91 93
92 92
93 94
94 95
96 96
96 98
97 97
0 0
99 99
