0 1
1 2
4 4
3 3
4 5
6 6
6 7
8 8
8 9
9 11
10 10
11 12
13 13
13 14
14 15
16 16
16 17
17 18
19 19
19 20
20 21
22 22
22 24
23 23
25 25
26 26
27 27
27 28
29 29
29 30
30 33
31 31
32 32
33 34
34 35
35 36
36 37
37 39
38 38
41 41
40 40
42 42
42 43
43 44
44 45
46 46
48 48
47 47
50 50
49 49
50 51
51 52
53 53
54 54
54 55
55 56
57 57
57 58
58 61
59 59
60 60
64 64
62 62
63 63
64 65
66 66
67 67
67 68
68 69
70 70
70 71
72 72
73 73
73 75
74 74
75 76
76 77
77 78
79 79
79 80
82 82
81 81
82 83
84 84
84 85
85 87
86 86
87 88
90 90
89 89
94 94
91 91
92 92
93 93
94 95
95 96
96 97
97 98
98 99
99 0
