281 6 15 25 15 12 30 4 24 20 15 22 15 27 17 9 21 10 11 28 13 11 10 17 4 22 1 5 8 25 0 24 21 5 2 22 7 16 5 22 3 14 10 8 9 3 2 13 5 28 28 28 1 4 19 23 16 12 4 23 0 23 28 16 29 0 1 15 7 19 20 0 26 11 8 15 24 1 10 7 1 10 30 29 14 30 15 22 11 5 7 24 9 12 23 30 19 26 21 8 7 11 29 24 27 9 12 15 9 10 13 30 13 15 30 14 28 19 18 13 7 4 11 1 12 6 9 18 9 11 0 25 23 27 4 30 24 17 25 2 21 7 28 1 25 16 8 28 5 22 17 5 10 11 16 15 13 9 6 26 26 20 5 21 0 8 27 4 29 7 6 27 10 25 5 22 25 18 1 13 24 20 9 29 16 13 18 14 14 27 15 25 10 5 6 23 26 14 25 26 9 22 5 0 21 16 10 29 18 17 16 1 0 11 5 8 30 17 8 6 5 22 21 30 21 2 6 2 9 18 24 23 20 19 0 28 7 18 21 3 5 22 9 7 10 20 27 29 20 27 0 14 8 13 1 12 17 15 4 11 18 27 20 8 15 24 13 24 17 10 28 19 12 21 18 28 9 5 14 29 4 16 1 26 8 20 28 24 1 30 8 30 2 9 29 1 4 23 22 19 16 16 17 3 10 21 20 9 8 2 11 20 23 10 19 25 28 25 18 26 30 1 14 5 16 6 13 28 22 19 14 21 22 0 13 15 15 20 3 12 28 21 6 26 3 20 1 4 26 0 28 1 22 17 18 15 22 21 4 4 22 22 30 1 30 4 13 29 0 28 24 26 19 0 11 17 28 14 3 8 0 5 30 5 18 21 29 1 8 2 26 0 5 12 11 24 30 16 14 4 1 26 13 26 1 25 20 11 2 20 17 4 28 7 4 3 12 24 4 19 25 18 13 3 0 7 8 1 2 19 8 4 6 15 11 2 17 22 27 11 25 23 10 7 17 12 21 13 13 26 11 29 10 10 22 19 4 26 14 20 21 8 11 30 11 21 12 14 19 15 2 14 0 6 24 30 17 20 30 8 18 20 19 6 7 18 7 9 2 4 15 27 12 12 19 14 21 25 7 5 4 19 6 30 6 27 23 14 17 8 22 29 30 2 13 2 3 2 15 29 23 1 27 25 12 4 9 11 3 10 7 2 8 17 22 9 16 22 19 18 26 8 13 11 12 28 3 17 2 6 26 24 11 17 20 12 15 16 12 15 18 22 13 
0
0
0
0
0
0
0
0
0
0
0
0
0
0
0
0
0
0
