0 24 22
0 34 16
2 25 22
2 26 22
2 27 22
2 28 22
2 29 22
2 30 22
2 31 22
2 32 22
2 33 22
4 34 22
1 34 21
1 34 20
1 34 19
1 34 18
1 34 17
-1
-1
-1
-1
-1
-1
-1
-1
-1
-1
-1
-1
-1
-1
-1
-1
-1
-1
-1
-1
-1
-1
-1
-1
-1
-1
-1
-1
-1
-1
-1
-1
-1
-1
-1
-1
-1
-1
-1
-1
-1
-1
-1
-1
-1
-1
-1
-1
-1
-1
-1
-1
-1
-1
-1
-1
-1
-1
-1
-1
-1
-1
-1
-1
-1
-1
-1
-1
-1
-1
-1
-1
-1
-1
-1
-1
-1
-1
-1
-1
-1
-1
-1
-1
-1
-1
-1
-1
-1
-1
-1
-1
-1
-1
-1
-1
-1
-1
-1
-1
-1
-1
-1
-1
-1
-1
-1
-1
-1
-1
-1
-1
-1
-1
-1
-1
-1
-1
-1
-1
-1
-1
-1
-1
-1
-1
-1
-1
-1
-1
-1
-1
-1
-1
-1
-1
-1
-1
-1
-1
-1
-1
-1
-1
-1
-1
-1
-1
-1
-1
-1
-1
-1
-1
-1
-1
-1
-1
-1
-1
-1
-1
-1
-1
-1
-1
-1
-1
-1
-1
-1
-1
-1
-1
-1
-1
-1
-1
-1
-1
-1
-1
-1
-1
-1
-1
-1
-1
-1
-1
-1
-1
0 24 40
1 24 39
1 24 38
1 24 37
1 24 36
1 24 35
1 24 34
1 24 33
1 24 32
1 24 31
1 24 30
1 24 29
1 24 28
1 24 27
1 24 26
1 24 25
1 24 24
1 24 23
-1
-1
-1
-1
-1
-1
-1
-1
-1
-1
-1
-1
-1
-1
-1
-1
-1
-1
-1
-1
-1
-1
-1
-1
-1
-1
-1
-1
-1
-1
-1
-1
-1
-1
-1
-1
-1
-1
-1
-1
-1
-1
-1
-1
-1
-1
-1
-1
-1
-1
-1
0 40 13
2 35 16
2 36 16
2 37 16
2 38 16
2 39 16
4 40 16
1 40 15
1 40 14
-1
-1
-1
-1
-1
-1
-1
-1
-1
-1
-1
-1
-1
-1
-1
-1
-1
-1
-1
-1
-1
-1
-1
-1
-1
-1
-1
-1
-1
0 44 12
2 41 13
2 42 13
2 43 13
4 44 13
-1
-1
-1
-1
-1
-1
-1
-1
-1
-1
-1
-1
-1
-1
-1
-1
-1
-1
-1
-1
-1
-1
-1
-1
-1
-1
-1
0 32 46
2 25 40
2 26 40
2 27 40
2 28 40
2 29 40
2 30 40
2 31 40
5 32 40
1 32 41
1 32 42
1 32 43
1 32 44
1 32 45
-1
-1
-1
-1
-1
-1
-1
-1
-1
-1
0 15 40
2 16 40
2 17 40
2 18 40
2 19 40
2 20 40
2 21 40
2 22 40
2 23 40
-1
-1
-1
-1
-1
-1
-1
-1
0 45 8
4 45 12
1 45 11
1 45 10
1 45 9
-1
-1
-1
-1
-1
-1
-1
-1
-1
0 20 43
2 21 43
2 22 43
2 23 43
4 24 43
1 24 42
1 24 41
-1
-1
-1
-1
-1
0 47 5
2 46 8
4 47 8
1 47 7
1 47 6
-1
-1
-1
-1
-1
0 36 12
2 37 12
2 38 12
2 39 12
5 40 12
-1
-1
-1
-1
0 36 42
2 33 46
2 34 46
2 35 46
4 36 46
1 36 45
1 36 44
1 36 43
-1
-1
0 9 33
2 10 33
2 11 33
2 12 33
2 13 33
2 14 33
5 15 33
1 15 34
1 15 35
1 15 36
1 15 37
1 15 38
1 15 39
0 1 32
2 2 32
2 3 32
2 4 32
2 5 32
2 6 32
2 7 32
2 8 32
5 9 32
0 47 36
2 37 42
2 38 42
2 39 42
2 40 42
2 41 42
2 42 42
2 43 42
2 44 42
2 45 42
2 46 42
4 47 42
1 47 41
1 47 40
1 47 39
1 47 38
1 47 37
0 30 15
2 31 15
2 32 15
2 33 15
5 34 15
0 30 20
1 30 19
1 30 18
1 30 17
1 30 16
0 45 33
2 46 33
5 47 33
1 47 34
1 47 35
0 35 38
5 36 38
1 36 39
1 36 40
1 36 41
0 45 24
1 45 25
1 45 26
1 45 27
1 45 28
1 45 29
1 45 30
1 45 31
1 45 32
0 20 21
2 21 21
2 22 21
2 23 21
5 24 21
0 18 30
2 19 30
4 20 30
1 20 29
1 20 28
1 20 27
1 20 26
1 20 25
1 20 24
1 20 23
1 20 22
0 42 22
2 43 22
2 44 22
5 45 22
1 45 23
0 18 35
1 18 34
1 18 33
1 18 32
1 18 31
0 22 34
2 19 35
2 20 35
2 21 35
4 22 35
0 35 33
1 35 34
1 35 35
1 35 36
1 35 37
0 34 28
5 35 28
1 35 29
1 35 30
1 35 31
1 35 32
0 34 23
1 34 24
1 34 25
1 34 26
1 34 27
-1
-1
-1
-1
-1
-1
-1
-1
-1
-1
-1
-1
-1
-1
-1
-1
-1
-1
-1
-1
-1
-1
-1
-1
-1
-1
-1
-1
-1
-1
-1
-1
-1
-1
-1
-1
-1
-1
-1
-1
-1
-1
-1
-1
-1
-1
-1
-1
-1
-1
-1
-1
-1
-1
-1
-1
-1
-1
-1
-1
-1
-1
-1
-1
-1
-1
-1
-1
-1
-1
-1
-1
-1
-1
-1
-1
-1
-1
-1
-1
-1
-1
-1
-1
-1
-1
-1
-1
-1
-1
-1
-1
-1
-1
-1
-1
-1
-1
-1
-1
-1
-1
-1
-1
-1
-1
-1
-1
-1
-1
-1
-1
-1
-1
-1
-1
-1
-1
-1
-1
-1
-1
-1
-1
-1
-1
-1
-1
-1
-1
-1
-1
-1
-1
-1
-1
-1
-1
-1
-1
-1
-1
-1
-1
-1
-1
-1
-1
-1
-1
-1
-1
-1
-1
-1
-1
-1
-1
-1
-1
-1
-1
-1
-1
-1
-1
-1
-1
-1
-1
-1
-1
-1
-1
-1
-1
-1
-1
-1
-1
-1
-1
-1
-1
-1
-1
-1
-1
-1
-1
-1
-1
-1
-1
-1
-1
-1
-1
-1
-1
-1
-1
-1
-1
-1
-1
-1
-1
-1
-1
-1
-1
-1
-1
-1
-1
-1
-1
-1
-1
-1
-1
-1
-1
-1
-1
-1
-1
-1
-1
-1
-1
-1
-1
-1
-1
-1
-1
-1
-1
-1
