0 3 8
0 46 19
2 4 8
2 5 8
2 6 8
2 7 8
2 8 8
2 9 8
2 10 8
2 11 8
2 12 8
2 13 8
2 14 8
2 15 8
2 16 8
2 17 8
2 18 8
2 19 8
2 20 8
2 21 8
2 22 8
2 23 8
2 24 8
2 25 8
2 26 8
2 27 8
2 28 8
2 29 8
2 30 8
2 31 8
2 32 8
2 33 8
2 34 8
2 35 8
2 36 8
2 37 8
2 38 8
2 39 8
2 40 8
2 41 8
2 42 8
2 43 8
2 44 8
2 45 8
5 46 8
1 46 9
1 46 10
1 46 11
1 46 12
1 46 13
1 46 14
1 46 15
1 46 16
1 46 17
1 46 18
-1
-1
-1
-1
-1
-1
-1
-1
-1
-1
-1
-1
-1
-1
-1
-1
-1
-1
-1
-1
-1
-1
-1
-1
-1
-1
-1
-1
-1
-1
-1
-1
-1
-1
-1
-1
-1
-1
-1
-1
-1
-1
-1
-1
-1
-1
-1
-1
-1
-1
-1
-1
-1
-1
-1
-1
-1
-1
-1
-1
-1
-1
0 30 39
2 31 39
2 32 39
2 33 39
2 34 39
2 35 39
2 36 39
2 37 39
2 38 39
2 39 39
2 40 39
2 41 39
2 42 39
2 43 39
2 44 39
2 45 39
4 46 39
1 46 38
1 46 37
1 46 36
1 46 35
1 46 34
1 46 33
1 46 32
1 46 31
1 46 30
1 46 29
1 46 28
1 46 27
1 46 26
1 46 25
1 46 24
1 46 23
1 46 22
1 46 21
1 46 20
-1
-1
-1
-1
-1
-1
0 1 11
2 2 11
4 3 11
1 3 10
1 3 9
-1
-1
-1
-1
-1
-1
-1
-1
-1
-1
-1
-1
-1
-1
-1
-1
-1
-1
-1
0 47 33
5 47 19
1 47 20
1 47 21
1 47 22
1 47 23
1 47 24
1 47 25
1 47 26
1 47 27
1 47 28
1 47 29
1 47 30
1 47 31
1 47 32
-1
-1
-1
-1
-1
-1
0 44 44
2 45 44
2 46 44
4 47 44
1 47 43
1 47 42
1 47 41
1 47 40
1 47 39
1 47 38
1 47 37
1 47 36
1 47 35
1 47 34
-1
0 41 46
2 42 46
2 43 46
4 44 46
1 44 45
-1
-1
-1
-1
-1
-1
0 37 19
2 38 19
2 39 19
2 40 19
2 41 19
2 42 19
2 43 19
2 44 19
2 45 19
0 33 20
2 34 20
2 35 20
2 36 20
4 37 20
-1
-1
-1
-1
-1
0 16 21
2 17 21
2 18 21
2 19 21
2 20 21
2 21 21
2 22 21
2 23 21
2 24 21
2 25 21
2 26 21
2 27 21
2 28 21
2 29 21
2 30 21
2 31 21
2 32 21
4 33 21
0 12 13
2 13 13
2 14 13
2 15 13
5 16 13
1 16 14
1 16 15
1 16 16
1 16 17
1 16 18
1 16 19
1 16 20
0 10 10
2 11 10
5 12 10
1 12 11
1 12 12
0 28 36
2 29 36
5 30 36
1 30 37
1 30 38
0 37 14
1 37 15
1 37 16
1 37 17
1 37 18
0 36 46
2 37 46
2 38 46
2 39 46
2 40 46
0 48 37
5 48 33
1 48 34
1 48 35
1 48 36
0 24 19
2 25 19
2 26 19
2 27 19
2 28 19
2 29 19
2 30 19
2 31 19
2 32 19
5 33 19
0 26 43
2 27 43
2 28 43
2 29 43
4 30 43
1 30 42
1 30 41
1 30 40
0 40 16
2 38 14
2 39 14
5 40 14
1 40 15
0 6 15
2 7 15
2 8 15
2 9 15
2 10 15
2 11 15
4 12 15
1 12 14
0 44 13
2 41 16
2 42 16
2 43 16
4 44 16
1 44 15
1 44 14
0 24 32
2 25 32
2 26 32
2 27 32
5 28 32
1 28 33
1 28 34
1 28 35
0 35 41
5 36 41
1 36 42
1 36 43
1 36 44
1 36 45
0 12 23
2 13 23
2 14 23
2 15 23
4 16 23
1 16 22
0 42 9
2 43 9
5 44 9
1 44 10
1 44 11
1 44 12
0 24 26
1 24 27
1 24 28
1 24 29
1 24 30
1 24 31
0 22 23
2 23 23
5 24 23
1 24 24
1 24 25
0 3 3
1 3 4
1 3 5
1 3 6
1 3 7
0 30 26
2 25 26
2 26 26
2 27 26
2 28 26
2 29 26
0 8 4
2 4 3
2 5 3
2 6 3
2 7 3
5 8 3
0 12 2
2 9 4
2 10 4
2 11 4
4 12 4
1 12 3
0 33 29
2 31 26
2 32 26
5 33 26
1 33 27
1 33 28
0 33 34
1 33 33
1 33 32
1 33 31
1 33 30
0 39 34
2 34 34
2 35 34
2 36 34
2 37 34
2 38 34
0 40 38
5 40 34
1 40 35
1 40 36
1 40 37
0 36 9
5 37 9
1 37 10
1 37 11
1 37 12
1 37 13
0 33 11
2 34 11
2 35 11
4 36 11
1 36 10
0 10 28
2 11 28
4 12 28
1 12 27
1 12 26
1 12 25
1 12 24
0 37 28
2 34 29
2 35 29
2 36 29
4 37 29
0 39 24
2 38 28
4 39 28
1 39 27
1 39 26
1 39 25
0 44 26
2 40 24
2 41 24
2 42 24
2 43 24
5 44 24
1 44 25
0 43 30
4 44 30
1 44 29
1 44 28
1 44 27
0 2 16
2 3 16
2 4 16
2 5 16
4 6 16
0 1 22
4 2 22
1 2 21
1 2 20
1 2 19
1 2 18
1 2 17
0 22 45
2 23 45
2 24 45
2 25 45
4 26 45
1 26 44
0 29 22
5 30 22
1 30 23
1 30 24
1 30 25
0 15 4
2 13 2
2 14 2
5 15 2
1 15 3
0 43 36
2 41 38
2 42 38
4 43 38
1 43 37
-1
-1
-1
-1
-1
-1
-1
-1
-1
-1
-1
-1
-1
-1
-1
-1
-1
-1
-1
-1
-1
-1
-1
-1
-1
-1
-1
-1
-1
-1
-1
-1
-1
-1
-1
-1
-1
-1
-1
-1
-1
-1
-1
-1
-1
-1
-1
-1
-1
-1
-1
-1
-1
-1
-1
-1
-1
-1
-1
-1
-1
-1
-1
-1
-1
-1
-1
-1
-1
-1
-1
-1
-1
-1
-1
-1
-1
-1
-1
-1
-1
-1
-1
-1
-1
-1
-1
-1
-1
-1
-1
-1
-1
-1
-1
-1
-1
-1
-1
-1
-1
-1
-1
-1
-1
-1
-1
-1
-1
-1
-1
-1
-1
-1
-1
-1
-1
-1
-1
-1
-1
-1
-1
-1
-1
-1
-1
-1
-1
-1
-1
-1
-1
-1
-1
-1
-1
-1
-1
-1
-1
-1
-1
-1
-1
-1
-1
-1
-1
-1
-1
-1
-1
-1
-1
-1
-1
-1
-1
-1
-1
-1
-1
-1
-1
-1
-1
-1
-1
-1
-1
-1
-1
-1
-1
-1
-1
-1
-1
-1
-1
-1
-1
-1
-1
-1
-1
-1
-1
-1
-1
-1
-1
-1
-1
-1
-1
-1
-1
-1
-1
-1
-1
-1
-1
-1
-1
-1
-1
-1
-1
-1
-1
-1
-1
-1
-1
-1
-1
-1
-1
-1
-1
-1
-1
-1
-1
-1
-1
-1
-1
-1
-1
-1
-1
-1
-1
-1
-1
-1
-1
-1
-1
-1
-1
-1
-1
-1
-1
-1
-1
-1
-1
-1
-1
-1
-1
-1
-1
-1
-1
-1
-1
-1
-1
-1
-1
-1
-1
-1
-1
-1
-1
-1
-1
-1
-1
-1
-1
-1
-1
-1
-1
-1
-1
-1
-1
-1
-1
-1
-1
-1
-1
-1
-1
-1
-1
-1
-1
-1
-1
-1
