0 2 34
0 15 8
2 3 34
2 4 34
2 5 34
2 6 34
2 7 34
2 8 34
2 9 34
2 10 34
2 11 34
2 12 34
2 13 34
2 14 34
4 15 34
1 15 33
1 15 32
1 15 31
1 15 30
1 15 29
1 15 28
1 15 27
1 15 26
1 15 25
1 15 24
1 15 23
1 15 22
1 15 21
1 15 20
1 15 19
1 15 18
1 15 17
1 15 16
1 15 15
1 15 14
1 15 13
1 15 12
1 15 11
1 15 10
1 15 9
-1
-1
-1
-1
-1
-1
-1
-1
-1
-1
-1
-1
-1
-1
-1
-1
-1
-1
-1
-1
-1
-1
-1
-1
-1
-1
-1
-1
-1
-1
-1
-1
-1
-1
-1
-1
-1
-1
-1
-1
-1
-1
-1
-1
-1
-1
-1
-1
-1
-1
-1
-1
-1
-1
-1
-1
-1
-1
-1
-1
-1
-1
-1
-1
-1
-1
-1
-1
-1
-1
-1
-1
-1
-1
-1
-1
-1
-1
-1
-1
-1
-1
-1
-1
-1
-1
-1
-1
-1
-1
0 47 17
2 16 8
2 17 8
2 18 8
2 19 8
2 20 8
2 21 8
2 22 8
2 23 8
2 24 8
2 25 8
2 26 8
2 27 8
2 28 8
2 29 8
2 30 8
2 31 8
2 32 8
2 33 8
2 34 8
2 35 8
2 36 8
2 37 8
2 38 8
2 39 8
2 40 8
2 41 8
2 42 8
2 43 8
2 44 8
2 45 8
2 46 8
5 47 8
1 47 9
1 47 10
1 47 11
1 47 12
1 47 13
1 47 14
1 47 15
1 47 16
-1
-1
-1
-1
-1
-1
-1
-1
-1
-1
-1
-1
-1
-1
-1
-1
-1
-1
-1
-1
-1
-1
-1
-1
-1
-1
-1
-1
0 47 39
1 47 38
1 47 37
1 47 36
1 47 35
1 47 34
1 47 33
1 47 32
1 47 31
1 47 30
1 47 29
1 47 28
1 47 27
1 47 26
1 47 25
1 47 24
1 47 23
1 47 22
1 47 21
1 47 20
1 47 19
1 47 18
-1
-1
-1
-1
-1
-1
-1
-1
-1
-1
-1
0 42 39
2 43 39
2 44 39
2 45 39
2 46 39
-1
-1
-1
-1
-1
-1
-1
-1
-1
-1
-1
-1
-1
-1
-1
-1
-1
0 15 3
1 15 4
1 15 5
1 15 6
1 15 7
-1
-1
-1
-1
-1
-1
-1
-1
-1
-1
-1
-1
-1
0 42 48
1 42 47
1 42 46
1 42 45
1 42 44
1 42 43
1 42 42
1 42 41
1 42 40
-1
-1
-1
-1
-1
-1
-1
-1
0 30 48
2 31 48
2 32 48
2 33 48
2 34 48
2 35 48
2 36 48
2 37 48
2 38 48
2 39 48
2 40 48
2 41 48
-1
-1
-1
0 2 22
1 2 23
1 2 24
1 2 25
1 2 26
1 2 27
1 2 28
1 2 29
1 2 30
1 2 31
1 2 32
1 2 33
0 3 18
4 3 22
1 3 21
1 3 20
1 3 19
-1
-1
-1
-1
-1
-1
-1
0 32 35
2 33 35
2 34 35
2 35 35
2 36 35
2 37 35
2 38 35
2 39 35
2 40 35
2 41 35
5 42 35
1 42 36
1 42 37
1 42 38
0 21 25
2 22 25
2 23 25
2 24 25
2 25 25
2 26 25
2 27 25
2 28 25
2 29 25
2 30 25
2 31 25
5 32 25
1 32 26
1 32 27
1 32 28
1 32 29
1 32 30
1 32 31
1 32 32
1 32 33
1 32 34
0 16 27
2 17 27
2 18 27
2 19 27
2 20 27
4 21 27
1 21 26
0 21 19
1 21 20
1 21 21
1 21 22
1 21 23
1 21 24
0 28 16
2 22 19
2 23 19
2 24 19
2 25 19
2 26 19
2 27 19
4 28 19
1 28 18
1 28 17
0 37 39
2 38 39
2 39 39
2 40 39
2 41 39
0 36 45
4 37 45
1 37 44
1 37 43
1 37 42
1 37 41
1 37 40
0 32 44
2 33 44
2 34 44
2 35 44
5 36 44
0 17 0
2 16 3
4 17 3
1 17 2
1 17 1
0 27 44
2 28 44
2 29 44
2 30 44
2 31 44
0 5 13
2 4 18
4 5 18
1 5 17
1 5 16
1 5 15
1 5 14
0 38 2
2 18 0
2 19 0
2 20 0
2 21 0
2 22 0
2 23 0
2 24 0
2 25 0
2 26 0
2 27 0
2 28 0
2 29 0
2 30 0
2 31 0
2 32 0
2 33 0
2 34 0
2 35 0
2 36 0
2 37 0
5 38 0
1 38 1
0 36 5
2 37 5
4 38 5
1 38 4
1 38 3
0 29 4
2 30 4
2 31 4
2 32 4
2 33 4
2 34 4
2 35 4
5 36 4
0 33 16
2 29 16
2 30 16
2 31 16
2 32 16
0 48 34
4 48 39
1 48 38
1 48 37
1 48 36
1 48 35
0 27 11
5 28 11
1 28 12
1 28 13
1 28 14
1 28 15
0 9 15
2 6 13
2 7 13
2 8 13
5 9 13
1 9 14
0 39 24
2 34 16
2 35 16
2 36 16
2 37 16
2 38 16
5 39 16
1 39 17
1 39 18
1 39 19
1 39 20
1 39 21
1 39 22
1 39 23
0 44 25
2 40 24
2 41 24
2 42 24
2 43 24
5 44 24
-1
-1
-1
-1
-1
-1
-1
-1
-1
-1
-1
-1
-1
-1
-1
-1
-1
-1
-1
-1
-1
-1
-1
-1
-1
-1
-1
-1
-1
-1
-1
-1
-1
-1
-1
-1
-1
-1
-1
-1
-1
-1
-1
-1
-1
-1
-1
-1
-1
-1
-1
-1
-1
-1
-1
-1
-1
-1
-1
-1
-1
-1
-1
-1
-1
-1
-1
-1
-1
-1
-1
-1
-1
-1
-1
-1
-1
-1
-1
-1
-1
-1
-1
-1
-1
-1
-1
-1
-1
-1
-1
-1
-1
-1
-1
-1
-1
-1
-1
-1
-1
-1
-1
-1
-1
-1
-1
-1
-1
-1
-1
-1
-1
-1
-1
-1
-1
-1
-1
-1
-1
-1
-1
-1
-1
-1
-1
-1
-1
-1
-1
-1
-1
-1
-1
-1
-1
-1
-1
-1
-1
-1
-1
-1
-1
-1
-1
-1
-1
-1
-1
-1
-1
-1
-1
-1
-1
-1
-1
-1
-1
-1
-1
-1
-1
-1
-1
-1
-1
-1
-1
-1
-1
-1
-1
-1
-1
-1
-1
-1
-1
-1
-1
-1
-1
-1
-1
-1
-1
-1
-1
-1
-1
-1
-1
-1
-1
-1
-1
-1
-1
-1
-1
-1
-1
-1
-1
-1
-1
-1
-1
-1
-1
-1
-1
-1
-1
-1
-1
-1
-1
-1
-1
-1
-1
-1
-1
-1
-1
-1
-1
-1
-1
-1
-1
-1
-1
-1
-1
-1
-1
-1
-1
-1
-1
-1
-1
-1
-1
-1
-1
-1
-1
-1
-1
-1
-1
-1
-1
-1
-1
-1
-1
-1
-1
-1
-1
-1
-1
-1
-1
-1
-1
-1
-1
-1
-1
-1
-1
-1
-1
-1
-1
-1
-1
-1
-1
-1
-1
-1
-1
-1
-1
-1
-1
-1
-1
-1
-1
-1
-1
