0 19 1
0 34 28
2 20 1
2 21 1
2 22 1
2 23 1
2 24 1
2 25 1
2 26 1
2 27 1
2 28 1
2 29 1
2 30 1
2 31 1
2 32 1
2 33 1
5 34 1
1 34 2
1 34 3
1 34 4
1 34 5
1 34 6
1 34 7
1 34 8
1 34 9
1 34 10
1 34 11
1 34 12
1 34 13
1 34 14
1 34 15
1 34 16
1 34 17
1 34 18
1 34 19
1 34 20
1 34 21
1 34 22
1 34 23
1 34 24
1 34 25
1 34 26
1 34 27
-1
-1
-1
-1
-1
-1
-1
-1
-1
0 44 25
2 35 28
2 36 28
2 37 28
2 38 28
2 39 28
2 40 28
2 41 28
2 42 28
2 43 28
4 44 28
1 44 27
1 44 26
-1
-1
-1
-1
-1
-1
-1
-1
-1
-1
-1
-1
-1
-1
-1
-1
-1
-1
-1
-1
-1
0 7 28
2 8 28
2 9 28
2 10 28
2 11 28
2 12 28
2 13 28
2 14 28
2 15 28
2 16 28
2 17 28
2 18 28
2 19 28
2 20 28
2 21 28
2 22 28
2 23 28
2 24 28
2 25 28
2 26 28
2 27 28
2 28 28
2 29 28
2 30 28
2 31 28
2 32 28
2 33 28
0 1 22
2 2 22
2 3 22
2 4 22
2 5 22
2 6 22
5 7 22
1 7 23
1 7 24
1 7 25
1 7 26
1 7 27
0 47 35
2 45 25
2 46 25
5 47 25
1 47 26
1 47 27
1 47 28
1 47 29
1 47 30
1 47 31
1 47 32
1 47 33
1 47 34
-1
0 4 1
2 5 1
2 6 1
2 7 1
2 8 1
2 9 1
2 10 1
2 11 1
2 12 1
2 13 1
2 14 1
2 15 1
2 16 1
2 17 1
2 18 1
0 4 6
1 4 5
1 4 4
1 4 3
1 4 2
0 6 37
4 7 37
1 7 36
1 7 35
1 7 34
1 7 33
1 7 32
1 7 31
1 7 30
1 7 29
0 40 20
2 41 20
2 42 20
2 43 20
5 44 20
1 44 21
1 44 22
1 44 23
1 44 24
0 2 28
2 3 28
2 4 28
2 5 28
2 6 28
0 5 10
5 5 6
1 5 7
1 5 8
1 5 9
0 7 17
2 6 10
5 7 10
1 7 11
1 7 12
1 7 13
1 7 14
1 7 15
1 7 16
0 35 20
2 36 20
2 37 20
2 38 20
2 39 20
0 19 6
1 19 5
1 19 4
1 19 3
1 19 2
0 22 4
2 20 6
2 21 6
4 22 6
1 22 5
0 6 42
1 6 41
1 6 40
1 6 39
1 6 38
0 17 42
2 7 42
2 8 42
2 9 42
2 10 42
2 11 42
2 12 42
2 13 42
2 14 42
2 15 42
2 16 42
0 14 39
2 15 39
2 16 39
5 17 39
1 17 40
1 17 41
0 32 31
2 33 31
4 34 31
1 34 30
1 34 29
0 39 24
4 40 24
1 40 23
1 40 22
1 40 21
0 14 32
1 14 33
1 14 34
1 14 35
1 14 36
1 14 37
1 14 38
0 12 29
2 13 29
5 14 29
1 14 30
1 14 31
0 38 35
2 39 35
2 40 35
2 41 35
2 42 35
2 43 35
2 44 35
2 45 35
2 46 35
0 38 42
1 38 41
1 38 40
1 38 39
1 38 38
1 38 37
1 38 36
0 2 43
2 3 43
2 4 43
2 5 43
4 6 43
0 17 47
1 17 46
1 17 45
1 17 44
1 17 43
0 12 47
2 13 47
2 14 47
2 15 47
2 16 47
0 18 33
2 15 32
2 16 32
2 17 32
5 18 32
0 44 41
2 39 42
2 40 42
2 41 42
2 42 42
2 43 42
4 44 42
0 27 2
2 23 4
2 24 4
2 25 4
2 26 4
4 27 4
1 27 3
0 22 43
2 18 42
2 19 42
2 20 42
2 21 42
5 22 42
0 9 32
2 10 32
2 11 32
2 12 32
2 13 32
0 28 30
2 29 30
2 30 30
2 31 30
5 32 30
0 28 36
1 28 35
1 28 34
1 28 33
1 28 32
1 28 31
0 14 6
2 15 6
2 16 6
2 17 6
2 18 6
0 3 18
2 4 18
2 5 18
2 6 18
4 7 18
0 32 39
2 29 36
2 30 36
2 31 36
5 32 36
1 32 37
1 32 38
0 17 9
2 18 9
4 19 9
1 19 8
1 19 7
0 29 41
2 30 41
2 31 41
4 32 41
1 32 40
-1
-1
-1
-1
-1
-1
-1
-1
-1
-1
-1
-1
-1
-1
-1
-1
-1
-1
-1
-1
-1
-1
-1
-1
-1
-1
-1
-1
-1
-1
-1
-1
-1
-1
-1
-1
-1
-1
-1
-1
-1
-1
-1
-1
-1
-1
-1
-1
-1
-1
-1
-1
-1
-1
-1
-1
-1
-1
-1
-1
-1
-1
-1
-1
-1
-1
-1
-1
-1
-1
-1
-1
-1
-1
-1
-1
-1
-1
-1
-1
-1
-1
-1
-1
-1
-1
-1
-1
-1
-1
-1
-1
-1
-1
-1
-1
-1
-1
-1
-1
-1
-1
-1
-1
-1
-1
-1
-1
-1
-1
-1
-1
-1
-1
-1
-1
-1
-1
-1
-1
-1
-1
-1
-1
-1
-1
-1
-1
-1
-1
-1
-1
-1
-1
-1
-1
-1
-1
-1
-1
-1
-1
-1
-1
-1
-1
-1
-1
-1
-1
-1
-1
-1
-1
-1
-1
-1
-1
-1
-1
-1
-1
-1
-1
-1
-1
-1
-1
-1
-1
-1
-1
-1
-1
-1
-1
-1
-1
-1
-1
-1
-1
-1
-1
-1
-1
-1
-1
-1
-1
-1
-1
-1
-1
-1
-1
-1
-1
-1
-1
-1
-1
-1
-1
-1
-1
-1
-1
-1
-1
-1
-1
-1
-1
-1
-1
-1
-1
-1
-1
-1
-1
-1
-1
-1
-1
-1
-1
-1
-1
-1
-1
-1
-1
-1
-1
-1
-1
-1
-1
-1
-1
-1
-1
-1
-1
-1
-1
-1
-1
-1
-1
-1
-1
-1
-1
-1
-1
-1
-1
-1
-1
-1
-1
-1
-1
-1
-1
-1
-1
-1
-1
-1
-1
-1
-1
-1
-1
-1
-1
-1
-1
-1
-1
-1
-1
-1
-1
-1
-1
-1
-1
-1
-1
-1
-1
-1
-1
-1
-1
-1
-1
-1
-1
-1
-1
-1
-1
-1
-1
-1
-1
-1
-1
-1
-1
-1
-1
-1
-1
-1
-1
-1
-1
-1
-1
-1
-1
-1
-1
-1
-1
-1
-1
-1
-1
-1
-1
-1
-1
-1
-1
-1
-1
-1
-1
-1
-1
-1
-1
-1
-1
-1
-1
-1
-1
-1
-1
-1
-1
-1
-1
-1
-1
-1
-1
-1
-1
-1
-1
-1
-1
-1
-1
-1
-1
-1
-1
-1
-1
-1
-1
-1
-1
-1
-1
-1
-1
-1
-1
-1
-1
-1
-1
-1
-1
-1
-1
-1
-1
-1
-1
-1
-1
-1
-1
-1
-1
-1
-1
-1
-1
-1
-1
-1
-1
-1
-1
-1
-1
-1
-1
-1
-1
-1
-1
-1
-1
-1
-1
-1
-1
-1
-1
-1
-1
-1
-1
-1
-1
-1
-1
-1
-1
-1
