0 7 6
0 22 18
2 8 6
2 9 6
2 10 6
2 11 6
2 12 6
2 13 6
2 14 6
2 15 6
2 16 6
2 17 6
2 18 6
2 19 6
2 20 6
2 21 6
5 22 6
1 22 7
1 22 8
1 22 9
1 22 10
1 22 11
1 22 12
1 22 13
1 22 14
1 22 15
1 22 16
1 22 17
-1
-1
-1
-1
-1
-1
-1
-1
-1
-1
-1
-1
-1
-1
-1
-1
-1
-1
-1
-1
-1
-1
-1
-1
-1
-1
-1
-1
-1
-1
-1
-1
-1
-1
-1
-1
-1
-1
-1
-1
-1
-1
-1
-1
-1
-1
-1
-1
-1
-1
-1
-1
-1
-1
-1
-1
-1
-1
-1
-1
-1
-1
-1
0 41 23
2 23 18
2 24 18
2 25 18
2 26 18
2 27 18
2 28 18
2 29 18
2 30 18
2 31 18
2 32 18
2 33 18
2 34 18
2 35 18
2 36 18
2 37 18
2 38 18
2 39 18
2 40 18
5 41 18
1 41 19
1 41 20
1 41 21
1 41 22
-1
-1
-1
-1
-1
-1
-1
-1
0 44 25
2 42 23
2 43 23
5 44 23
1 44 24
-1
-1
-1
-1
-1
-1
-1
-1
-1
-1
-1
0 21 30
4 22 30
1 22 29
1 22 28
1 22 27
1 22 26
1 22 25
1 22 24
1 22 23
1 22 22
1 22 21
1 22 20
1 22 19
-1
-1
0 17 46
2 18 46
2 19 46
2 20 46
4 21 46
1 21 45
1 21 44
1 21 43
1 21 42
1 21 41
1 21 40
1 21 39
1 21 38
1 21 37
1 21 36
1 21 35
1 21 34
1 21 33
1 21 32
1 21 31
0 9 41
2 10 41
2 11 41
2 12 41
2 13 41
2 14 41
2 15 41
2 16 41
5 17 41
1 17 42
1 17 43
1 17 44
1 17 45
0 16 30
2 17 30
2 18 30
2 19 30
2 20 30
0 30 23
2 31 23
2 32 23
2 33 23
2 34 23
2 35 23
2 36 23
2 37 23
2 38 23
2 39 23
2 40 23
0 47 23
2 45 25
2 46 25
4 47 25
1 47 24
0 45 8
2 46 8
5 47 8
1 47 9
1 47 10
1 47 11
1 47 12
1 47 13
1 47 14
1 47 15
1 47 16
1 47 17
1 47 18
1 47 19
1 47 20
1 47 21
1 47 22
0 6 2
5 7 2
1 7 3
1 7 4
1 7 5
0 42 10
2 43 10
2 44 10
4 45 10
1 45 9
0 40 15
2 41 15
4 42 15
1 42 14
1 42 13
1 42 12
1 42 11
0 16 25
1 16 26
1 16 27
1 16 28
1 16 29
0 9 36
1 9 37
1 9 38
1 9 39
1 9 40
0 39 7
2 40 7
2 41 7
5 42 7
1 42 8
1 42 9
0 12 38
2 10 36
2 11 36
5 12 36
1 12 37
0 42 28
2 43 28
4 44 28
1 44 27
1 44 26
0 36 27
2 37 27
2 38 27
2 39 27
2 40 27
2 41 27
5 42 27
0 32 28
2 33 28
2 34 28
2 35 28
4 36 28
0 13 33
2 14 33
2 15 33
4 16 33
1 16 32
1 16 31
0 35 5
2 36 5
2 37 5
2 38 5
5 39 5
1 39 6
0 29 36
2 30 36
2 31 36
4 32 36
1 32 35
1 32 34
1 32 33
1 32 32
1 32 31
1 32 30
1 32 29
0 28 41
4 29 41
1 29 40
1 29 39
1 29 38
1 29 37
0 24 43
2 25 43
2 26 43
2 27 43
4 28 43
1 28 42
0 48 16
4 48 23
1 48 22
1 48 21
1 48 20
1 48 19
1 48 18
1 48 17
0 3 8
2 4 8
2 5 8
2 6 8
4 7 8
1 7 7
0 20 38
2 13 38
2 14 38
2 15 38
2 16 38
2 17 38
2 18 38
2 19 38
0 19 27
2 20 27
5 21 27
1 21 28
1 21 29
0 44 4
5 45 4
1 45 5
1 45 6
1 45 7
0 26 4
2 27 4
2 28 4
2 29 4
2 30 4
2 31 4
2 32 4
2 33 4
2 34 4
5 35 4
0 16 4
2 17 4
2 18 4
2 19 4
2 20 4
2 21 4
2 22 4
2 23 4
2 24 4
2 25 4
0 28 26
2 29 26
4 30 26
1 30 25
1 30 24
0 11 4
2 12 4
2 13 4
2 14 4
2 15 4
0 24 36
2 25 36
2 26 36
2 27 36
2 28 36
0 29 19
5 30 19
1 30 20
1 30 21
1 30 22
0 17 21
4 17 25
1 17 24
1 17 23
1 17 22
0 27 33
2 28 33
5 29 33
1 29 34
1 29 35
0 35 14
2 36 14
2 37 14
2 38 14
2 39 14
5 40 14
0 30 14
2 31 14
2 32 14
2 33 14
2 34 14
0 26 15
2 27 15
2 28 15
2 29 15
4 30 15
0 23 13
2 24 13
2 25 13
5 26 13
1 26 14
0 29 9
5 30 9
1 30 10
1 30 11
1 30 12
1 30 13
0 3 33
2 4 33
2 5 33
2 6 33
2 7 33
2 8 33
5 9 33
1 9 34
1 9 35
-1
-1
-1
-1
-1
-1
-1
-1
-1
-1
-1
-1
-1
-1
-1
-1
-1
-1
-1
-1
-1
-1
-1
-1
-1
-1
-1
-1
-1
-1
-1
-1
-1
-1
-1
-1
-1
-1
-1
-1
-1
-1
-1
-1
-1
-1
-1
-1
-1
-1
-1
-1
-1
-1
-1
-1
-1
-1
-1
-1
-1
-1
-1
-1
-1
-1
-1
-1
-1
-1
-1
-1
-1
-1
-1
-1
-1
-1
-1
-1
-1
-1
-1
-1
-1
-1
-1
-1
-1
-1
-1
-1
-1
-1
-1
-1
-1
-1
-1
-1
-1
-1
-1
-1
-1
-1
-1
-1
-1
-1
-1
-1
-1
-1
-1
-1
-1
-1
-1
-1
-1
-1
-1
-1
-1
-1
-1
-1
-1
-1
-1
-1
-1
-1
-1
-1
-1
-1
-1
-1
-1
-1
-1
-1
-1
-1
-1
-1
-1
-1
-1
-1
-1
-1
-1
-1
-1
-1
-1
-1
-1
-1
-1
-1
-1
-1
-1
-1
-1
-1
-1
-1
-1
-1
-1
-1
-1
-1
-1
-1
-1
-1
-1
-1
-1
-1
-1
-1
-1
-1
-1
-1
-1
-1
-1
-1
-1
-1
-1
-1
-1
-1
-1
-1
-1
-1
-1
-1
-1
-1
-1
-1
-1
-1
-1
-1
-1
-1
-1
-1
-1
-1
-1
-1
-1
-1
-1
-1
-1
-1
-1
-1
-1
-1
-1
-1
-1
-1
-1
-1
-1
-1
-1
-1
-1
-1
-1
-1
-1
-1
-1
-1
-1
-1
-1
-1
-1
-1
-1
-1
-1
-1
-1
-1
-1
-1
-1
-1
-1
-1
-1
-1
-1
-1
-1
-1
-1
-1
-1
-1
-1
-1
-1
-1
-1
-1
-1
-1
-1
-1
-1
-1
-1
-1
-1
-1
-1
-1
-1
-1
-1
-1
-1
-1
-1
-1
-1
-1
-1
-1
-1
-1
-1
-1
-1
-1
-1
-1
-1
-1
-1
-1
-1
-1
-1
-1
-1
-1
-1
-1
-1
-1
-1
-1
-1
-1
-1
-1
-1
-1
-1
-1
-1
-1
-1
-1
-1
-1
-1
-1
-1
-1
-1
-1
-1
-1
-1
-1
-1
-1
-1
-1
-1
-1
-1
-1
-1
