0 0 6
0 44 8
2 1 6
2 2 6
2 3 6
2 4 6
2 5 6
2 6 6
2 7 6
2 8 6
2 9 6
2 10 6
2 11 6
2 12 6
2 13 6
2 14 6
2 15 6
2 16 6
2 17 6
2 18 6
2 19 6
2 20 6
2 21 6
2 22 6
2 23 6
2 24 6
2 25 6
2 26 6
2 27 6
2 28 6
2 29 6
2 30 6
2 31 6
2 32 6
2 33 6
2 34 6
2 35 6
2 36 6
2 37 6
2 38 6
2 39 6
2 40 6
2 41 6
2 42 6
2 43 6
5 44 6
1 44 7
-1
-1
-1
-1
-1
-1
-1
-1
-1
-1
-1
-1
-1
-1
0 46 13
2 45 8
5 46 8
1 46 9
1 46 10
1 46 11
1 46 12
-1
-1
-1
-1
-1
-1
-1
-1
-1
-1
-1
-1
-1
-1
-1
-1
-1
-1
-1
-1
-1
-1
-1
-1
-1
-1
-1
-1
-1
0 46 28
1 46 27
1 46 26
1 46 25
1 46 24
1 46 23
1 46 22
1 46 21
1 46 20
1 46 19
1 46 18
1 46 17
1 46 16
1 46 15
1 46 14
-1
-1
-1
-1
-1
-1
-1
-1
-1
-1
-1
-1
-1
-1
0 42 42
2 43 42
2 44 42
2 45 42
4 46 42
1 46 41
1 46 40
1 46 39
1 46 38
1 46 37
1 46 36
1 46 35
1 46 34
1 46 33
1 46 32
1 46 31
1 46 30
1 46 29
-1
-1
-1
-1
-1
0 27 28
2 28 28
2 29 28
2 30 28
2 31 28
2 32 28
2 33 28
2 34 28
2 35 28
2 36 28
2 37 28
2 38 28
2 39 28
2 40 28
2 41 28
2 42 28
2 43 28
2 44 28
2 45 28
-1
-1
0 14 18
2 15 18
2 16 18
2 17 18
2 18 18
2 19 18
2 20 18
2 21 18
2 22 18
2 23 18
2 24 18
2 25 18
2 26 18
5 27 18
1 27 19
1 27 20
1 27 21
1 27 22
1 27 23
1 27 24
1 27 25
1 27 26
1 27 27
0 36 43
2 37 43
2 38 43
2 39 43
2 40 43
2 41 43
4 42 43
0 39 35
2 40 35
2 41 35
5 42 35
1 42 36
1 42 37
1 42 38
1 42 39
1 42 40
1 42 41
0 11 20
2 12 20
2 13 20
4 14 20
1 14 19
0 0 11
1 0 10
1 0 9
1 0 8
1 0 7
-1
0 47 37
5 47 28
1 47 29
1 47 30
1 47 31
1 47 32
1 47 33
1 47 34
1 47 35
1 47 36
0 3 9
2 1 11
2 2 11
4 3 11
1 3 10
0 48 41
5 48 37
1 48 38
1 48 39
1 48 40
0 37 13
2 38 13
2 39 13
2 40 13
2 41 13
2 42 13
2 43 13
2 44 13
2 45 13
0 10 16
5 11 16
1 11 17
1 11 18
1 11 19
0 30 16
2 31 16
2 32 16
2 33 16
2 34 16
2 35 16
2 36 16
4 37 16
1 37 15
1 37 14
0 30 22
1 30 21
1 30 20
1 30 19
1 30 18
1 30 17
0 31 26
5 31 22
1 31 23
1 31 24
1 31 25
0 25 31
2 26 31
4 27 31
1 27 30
1 27 29
0 32 45
2 33 45
2 34 45
2 35 45
4 36 45
1 36 44
0 22 13
2 23 13
2 24 13
2 25 13
2 26 13
2 27 13
2 28 13
2 29 13
5 30 13
1 30 14
1 30 15
0 21 17
4 22 17
1 22 16
1 22 15
1 22 14
0 37 32
2 38 32
5 39 32
1 39 33
1 39 34
0 32 32
2 33 32
2 34 32
2 35 32
2 36 32
0 0 17
1 0 16
1 0 15
1 0 14
1 0 13
1 0 12
0 0 1
1 0 2
1 0 3
1 0 4
1 0 5
0 3 3
2 1 1
2 2 1
5 3 1
1 3 2
0 37 26
2 32 26
2 33 26
2 34 26
2 35 26
2 36 26
0 37 21
1 37 22
1 37 23
1 37 24
1 37 25
0 34 19
2 35 19
2 36 19
5 37 19
1 37 20
0 6 1
2 4 3
2 5 3
4 6 3
1 6 2
0 39 8
2 40 8
2 41 8
2 42 8
2 43 8
0 38 39
4 39 39
1 39 38
1 39 37
1 39 36
0 17 13
2 18 13
2 19 13
2 20 13
2 21 13
0 15 10
2 16 10
5 17 10
1 17 11
1 17 12
0 7 5
5 7 1
1 7 2
1 7 3
1 7 4
0 6 14
2 7 14
2 8 14
2 9 14
5 10 14
1 10 15
-1
-1
-1
-1
-1
-1
-1
-1
-1
-1
-1
-1
-1
-1
-1
-1
-1
-1
-1
-1
-1
-1
-1
-1
-1
-1
-1
-1
-1
-1
-1
-1
-1
-1
-1
-1
-1
-1
-1
-1
-1
-1
-1
-1
-1
-1
-1
-1
-1
-1
-1
-1
-1
-1
-1
-1
-1
-1
-1
-1
-1
-1
-1
-1
-1
-1
-1
-1
-1
-1
-1
-1
-1
-1
-1
-1
-1
-1
-1
-1
-1
-1
-1
-1
-1
-1
-1
-1
-1
-1
-1
-1
-1
-1
-1
-1
-1
-1
-1
-1
-1
-1
-1
-1
-1
-1
-1
-1
-1
-1
-1
-1
-1
-1
-1
-1
-1
-1
-1
-1
-1
-1
-1
-1
-1
-1
-1
-1
-1
-1
-1
-1
-1
-1
-1
-1
-1
-1
-1
-1
-1
-1
-1
-1
-1
-1
-1
-1
-1
-1
-1
-1
-1
-1
-1
-1
-1
-1
-1
-1
-1
-1
-1
-1
-1
-1
-1
-1
-1
-1
-1
-1
-1
-1
-1
-1
-1
-1
-1
-1
-1
-1
-1
-1
-1
-1
-1
-1
-1
-1
-1
-1
-1
-1
-1
-1
-1
-1
-1
-1
-1
-1
-1
-1
-1
-1
-1
-1
-1
-1
-1
-1
-1
-1
-1
-1
-1
-1
-1
-1
-1
-1
-1
-1
-1
-1
-1
-1
-1
-1
-1
-1
-1
-1
-1
-1
-1
-1
-1
-1
-1
-1
-1
-1
-1
-1
-1
-1
-1
-1
-1
-1
-1
-1
-1
-1
-1
-1
-1
-1
-1
-1
-1
-1
-1
-1
-1
-1
-1
-1
-1
-1
-1
-1
-1
-1
-1
-1
-1
-1
-1
-1
-1
-1
-1
-1
-1
-1
-1
-1
-1
-1
-1
-1
-1
-1
-1
-1
-1
-1
-1
-1
-1
-1
-1
-1
-1
-1
-1
-1
-1
-1
-1
-1
-1
-1
-1
-1
-1
-1
-1
-1
-1
-1
-1
-1
-1
-1
-1
-1
-1
-1
-1
-1
-1
-1
-1
-1
-1
-1
-1
-1
-1
-1
-1
-1
-1
-1
-1
-1
-1
-1
-1
-1
-1
-1
-1
-1
-1
-1
-1
-1
-1
-1
-1
-1
-1
-1
-1
-1
-1
-1
-1
-1
-1
-1
-1
-1
-1
-1
-1
-1
-1
-1
-1
-1
-1
-1
-1
-1
-1
-1
-1
-1
-1
-1
-1
-1
-1
-1
-1
-1
-1
-1
-1
-1
-1
-1
-1
-1
-1
-1
-1
-1
-1
-1
-1
-1
-1
