0 1 45
0 46 30
2 2 45
2 3 45
2 4 45
2 5 45
2 6 45
2 7 45
2 8 45
2 9 45
2 10 45
2 11 45
2 12 45
2 13 45
2 14 45
2 15 45
2 16 45
2 17 45
2 18 45
2 19 45
2 20 45
2 21 45
2 22 45
2 23 45
2 24 45
2 25 45
2 26 45
2 27 45
2 28 45
2 29 45
2 30 45
2 31 45
2 32 45
2 33 45
2 34 45
2 35 45
2 36 45
2 37 45
2 38 45
2 39 45
2 40 45
2 41 45
2 42 45
2 43 45
2 44 45
2 45 45
4 46 45
1 46 44
1 46 43
1 46 42
1 46 41
1 46 40
1 46 39
1 46 38
1 46 37
1 46 36
1 46 35
1 46 34
1 46 33
1 46 32
1 46 31
-1
-1
-1
-1
-1
-1
-1
-1
-1
-1
-1
-1
-1
-1
-1
-1
-1
-1
-1
-1
-1
-1
-1
-1
-1
-1
-1
-1
-1
0 39 16
2 40 16
2 41 16
2 42 16
2 43 16
2 44 16
2 45 16
5 46 16
1 46 17
1 46 18
1 46 19
1 46 20
1 46 21
1 46 22
1 46 23
1 46 24
1 46 25
1 46 26
1 46 27
1 46 28
1 46 29
-1
-1
-1
-1
-1
-1
-1
-1
-1
-1
-1
-1
-1
-1
-1
-1
-1
-1
-1
0 33 11
2 34 11
2 35 11
2 36 11
2 37 11
2 38 11
5 39 11
1 39 12
1 39 13
1 39 14
1 39 15
-1
-1
-1
-1
-1
-1
-1
-1
-1
-1
-1
-1
-1
-1
0 39 22
1 39 21
1 39 20
1 39 19
1 39 18
1 39 17
-1
-1
-1
-1
-1
-1
-1
-1
-1
-1
-1
-1
-1
-1
-1
-1
-1
-1
-1
-1
-1
-1
0 5 3
2 6 3
2 7 3
2 8 3
2 9 3
2 10 3
2 11 3
2 12 3
2 13 3
2 14 3
2 15 3
2 16 3
2 17 3
2 18 3
2 19 3
2 20 3
2 21 3
2 22 3
2 23 3
2 24 3
2 25 3
2 26 3
2 27 3
2 28 3
2 29 3
2 30 3
2 31 3
2 32 3
5 33 3
1 33 4
1 33 5
1 33 6
1 33 7
1 33 8
1 33 9
1 33 10
0 15 11
2 16 11
2 17 11
2 18 11
2 19 11
2 20 11
2 21 11
2 22 11
2 23 11
2 24 11
2 25 11
2 26 11
2 27 11
2 28 11
2 29 11
2 30 11
2 31 11
2 32 11
0 24 15
2 25 15
2 26 15
2 27 15
2 28 15
2 29 15
2 30 15
2 31 15
2 32 15
4 33 15
1 33 14
1 33 13
1 33 12
0 47 26
4 47 30
1 47 29
1 47 28
1 47 27
0 36 25
2 37 25
2 38 25
4 39 25
1 39 24
1 39 23
-1
-1
-1
0 33 35
2 34 35
2 35 35
4 36 35
1 36 34
1 36 33
1 36 32
1 36 31
1 36 30
1 36 29
1 36 28
1 36 27
1 36 26
0 19 15
2 20 15
2 21 15
2 22 15
2 23 15
-1
-1
-1
0 0 49
4 1 49
1 1 48
1 1 47
1 1 46
-1
-1
-1
0 0 41
5 1 41
1 1 42
1 1 43
1 1 44
-1
-1
-1
0 0 35
1 0 36
1 0 37
1 0 38
1 0 39
1 0 40
-1
-1
-1
0 25 42
2 26 42
2 27 42
2 28 42
2 29 42
2 30 42
2 31 42
2 32 42
4 33 42
1 33 41
1 33 40
1 33 39
1 33 38
1 33 37
1 33 36
0 13 42
2 14 42
2 15 42
2 16 42
2 17 42
2 18 42
2 19 42
2 20 42
2 21 42
2 22 42
2 23 42
2 24 42
0 16 17
2 17 17
2 18 17
4 19 17
1 19 16
0 8 40
2 9 40
2 10 40
2 11 40
2 12 40
5 13 40
1 13 41
0 5 42
2 6 42
2 7 42
4 8 42
1 8 41
0 48 18
4 48 26
1 48 25
1 48 24
1 48 23
1 48 22
1 48 21
1 48 20
1 48 19
0 46 15
2 47 15
5 48 15
1 48 16
1 48 17
0 40 30
2 41 30
2 42 30
2 43 30
2 44 30
2 45 30
0 5 10
1 5 9
1 5 8
1 5 7
1 5 6
1 5 5
1 5 4
0 0 30
1 0 31
1 0 32
1 0 33
1 0 34
0 23 19
4 24 19
1 24 18
1 24 17
1 24 16
0 0 25
1 0 26
1 0 27
1 0 28
1 0 29
0 37 32
2 38 32
2 39 32
4 40 32
1 40 31
0 21 41
2 22 41
2 23 41
2 24 41
5 25 41
0 5 31
2 1 30
2 2 30
2 3 30
2 4 30
5 5 30
0 37 39
1 37 38
1 37 37
1 37 36
1 37 35
1 37 34
1 37 33
0 43 13
2 44 13
2 45 13
5 46 13
1 46 14
0 15 6
1 15 7
1 15 8
1 15 9
1 15 10
0 40 11
2 41 11
2 42 11
5 43 11
1 43 12
0 39 44
2 38 39
5 39 39
1 39 40
1 39 41
1 39 42
1 39 43
0 42 42
2 40 44
2 41 44
4 42 44
1 42 43
0 3 23
2 1 25
2 2 25
4 3 25
1 3 24
0 28 34
2 29 34
2 30 34
2 31 34
2 32 34
5 33 34
0 28 39
1 28 38
1 28 37
1 28 36
1 28 35
0 31 41
2 29 39
2 30 39
5 31 39
1 31 40
-1
-1
-1
-1
-1
-1
-1
-1
-1
-1
-1
-1
-1
-1
-1
-1
-1
-1
-1
-1
-1
-1
-1
-1
-1
-1
-1
-1
-1
-1
-1
-1
-1
-1
-1
-1
-1
-1
-1
-1
-1
-1
-1
-1
-1
-1
-1
-1
-1
-1
-1
-1
-1
-1
-1
-1
-1
-1
-1
-1
-1
-1
-1
-1
-1
-1
-1
-1
-1
-1
-1
-1
-1
-1
-1
-1
-1
-1
-1
-1
-1
-1
-1
-1
-1
-1
-1
-1
-1
-1
-1
-1
-1
-1
-1
-1
-1
-1
-1
-1
-1
-1
-1
-1
-1
-1
-1
-1
-1
-1
-1
-1
-1
-1
-1
-1
-1
-1
-1
-1
-1
-1
-1
-1
-1
-1
-1
-1
-1
-1
-1
-1
-1
-1
-1
-1
-1
-1
-1
-1
-1
-1
-1
-1
-1
-1
-1
-1
-1
-1
-1
-1
-1
-1
-1
-1
-1
-1
-1
-1
-1
-1
-1
-1
-1
-1
-1
-1
-1
-1
-1
-1
-1
-1
-1
-1
-1
-1
-1
-1
-1
-1
-1
-1
-1
-1
-1
-1
-1
-1
-1
-1
-1
-1
-1
-1
-1
-1
-1
-1
-1
-1
-1
-1
-1
-1
-1
-1
-1
-1
-1
-1
-1
-1
-1
-1
-1
-1
-1
-1
-1
-1
-1
-1
-1
-1
-1
-1
-1
-1
-1
-1
-1
-1
-1
-1
-1
-1
-1
-1
-1
-1
-1
-1
-1
-1
-1
-1
-1
-1
-1
-1
-1
-1
-1
-1
-1
-1
-1
-1
-1
-1
-1
-1
-1
-1
-1
-1
-1
-1
-1
-1
-1
-1
-1
-1
-1
-1
-1
-1
-1
-1
-1
-1
-1
-1
-1
-1
-1
-1
-1
-1
-1
-1
-1
-1
-1
-1
-1
-1
-1
-1
-1
-1
-1
-1
-1
-1
-1
-1
-1
-1
-1
-1
-1
-1
-1
-1
-1
-1
-1
-1
-1
-1
-1
-1
-1
-1
-1
-1
-1
-1
-1
