0 0 39
0 20 21
2 1 39
2 2 39
2 3 39
2 4 39
2 5 39
2 6 39
2 7 39
2 8 39
2 9 39
2 10 39
2 11 39
2 12 39
2 13 39
2 14 39
2 15 39
2 16 39
2 17 39
2 18 39
2 19 39
4 20 39
1 20 38
1 20 37
1 20 36
1 20 35
1 20 34
1 20 33
1 20 32
1 20 31
1 20 30
1 20 29
1 20 28
1 20 27
1 20 26
1 20 25
1 20 24
1 20 23
1 20 22
-1
-1
-1
-1
-1
-1
-1
-1
-1
-1
-1
-1
-1
-1
-1
-1
-1
-1
-1
-1
-1
-1
-1
-1
-1
-1
-1
-1
-1
-1
-1
-1
-1
-1
-1
-1
-1
-1
-1
-1
-1
-1
-1
-1
-1
-1
-1
-1
-1
-1
-1
-1
-1
-1
-1
-1
-1
-1
0 34 19
2 21 21
2 22 21
2 23 21
2 24 21
2 25 21
2 26 21
2 27 21
2 28 21
2 29 21
2 30 21
2 31 21
2 32 21
2 33 21
4 34 21
1 34 20
-1
-1
-1
-1
-1
-1
-1
-1
-1
-1
-1
-1
-1
-1
-1
-1
-1
-1
-1
-1
-1
-1
-1
-1
-1
-1
-1
-1
-1
-1
-1
-1
-1
-1
-1
-1
-1
-1
0 41 45
2 35 19
2 36 19
2 37 19
2 38 19
2 39 19
2 40 19
5 41 19
1 41 20
1 41 21
1 41 22
1 41 23
1 41 24
1 41 25
1 41 26
1 41 27
1 41 28
1 41 29
1 41 30
1 41 31
1 41 32
1 41 33
1 41 34
1 41 35
1 41 36
1 41 37
1 41 38
1 41 39
1 41 40
1 41 41
1 41 42
1 41 43
1 41 44
-1
0 28 17
2 29 17
2 30 17
2 31 17
2 32 17
2 33 17
5 34 17
1 34 18
-1
-1
-1
-1
-1
-1
-1
-1
-1
-1
-1
-1
0 17 2
2 18 2
2 19 2
5 20 2
1 20 3
1 20 4
1 20 5
1 20 6
1 20 7
1 20 8
1 20 9
1 20 10
1 20 11
1 20 12
1 20 13
1 20 14
1 20 15
1 20 16
1 20 17
1 20 18
1 20 19
1 20 20
0 25 19
2 26 19
2 27 19
4 28 19
1 28 18
-1
0 29 47
2 30 47
2 31 47
2 32 47
2 33 47
2 34 47
2 35 47
2 36 47
2 37 47
2 38 47
2 39 47
2 40 47
4 41 47
1 41 46
0 28 12
1 28 13
1 28 14
1 28 15
1 28 16
0 0 46
1 0 45
1 0 44
1 0 43
1 0 42
1 0 41
1 0 40
0 32 13
2 29 12
2 30 12
2 31 12
5 32 12
0 6 46
2 1 46
2 2 46
2 3 46
2 4 46
2 5 46
0 24 15
5 25 15
1 25 16
1 25 17
1 25 18
0 5 42
5 6 42
1 6 43
1 6 44
1 6 45
0 13 45
2 7 46
2 8 46
2 9 46
2 10 46
2 11 46
2 12 46
4 13 46
0 38 10
2 33 13
2 34 13
2 35 13
2 36 13
2 37 13
4 38 13
1 38 12
1 38 11
0 16 41
2 14 45
2 15 45
4 16 45
1 16 44
1 16 43
1 16 42
0 20 44
2 17 41
2 18 41
2 19 41
5 20 41
1 20 42
1 20 43
0 43 31
2 42 45
4 43 45
1 43 44
1 43 43
1 43 42
1 43 41
1 43 40
1 43 39
1 43 38
1 43 37
1 43 36
1 43 35
1 43 34
1 43 33
1 43 32
0 25 48
2 26 48
2 27 48
2 28 48
4 29 48
0 46 37
2 44 31
2 45 31
5 46 31
1 46 32
1 46 33
1 46 34
1 46 35
1 46 36
0 9 2
2 10 2
2 11 2
2 12 2
2 13 2
2 14 2
2 15 2
2 16 2
0 9 8
1 9 7
1 9 6
1 9 5
1 9 4
1 9 3
0 24 42
2 21 44
2 22 44
2 23 44
4 24 44
1 24 43
0 11 41
2 12 41
2 13 41
2 14 41
2 15 41
0 4 9
2 5 9
2 6 9
2 7 9
2 8 9
4 9 9
0 41 7
2 39 10
2 40 10
4 41 10
1 41 9
1 41 8
0 26 9
2 27 9
5 28 9
1 28 10
1 28 11
0 34 9
2 35 9
2 36 9
2 37 9
5 38 9
0 28 40
2 25 42
2 26 42
2 27 42
4 28 42
1 28 41
0 32 41
2 29 40
2 30 40
2 31 40
5 32 40
0 34 38
2 33 41
4 34 41
1 34 40
1 34 39
0 34 31
1 34 32
1 34 33
1 34 34
1 34 35
1 34 36
1 34 37
0 28 28
2 29 28
2 30 28
2 31 28
2 32 28
2 33 28
5 34 28
1 34 29
1 34 30
0 26 25
2 27 25
5 28 25
1 28 26
1 28 27
0 27 44
2 28 44
5 29 44
1 29 45
1 29 46
0 45 41
4 46 41
1 46 40
1 46 39
1 46 38
0 36 35
2 35 38
4 36 38
1 36 37
1 36 36
0 4 2
2 5 2
2 6 2
2 7 2
2 8 2
0 1 4
2 2 4
2 3 4
4 4 4
1 4 3
0 39 37
2 37 35
2 38 35
5 39 35
1 39 36
0 36 45
2 37 45
2 38 45
2 39 45
2 40 45
0 10 15
5 10 8
1 10 9
1 10 10
1 10 11
1 10 12
1 10 13
1 10 14
0 10 23
1 10 22
1 10 21
1 10 20
1 10 19
1 10 18
1 10 17
1 10 16
0 8 27
2 9 27
4 10 27
1 10 26
1 10 25
1 10 24
0 5 31
2 6 31
2 7 31
4 8 31
1 8 30
1 8 29
1 8 28
0 5 36
1 5 35
1 5 34
1 5 33
1 5 32
0 8 38
2 6 36
2 7 36
5 8 36
1 8 37
0 15 15
2 11 15
2 12 15
2 13 15
2 14 15
-1
-1
-1
-1
-1
-1
-1
-1
-1
-1
-1
-1
-1
-1
-1
-1
-1
-1
-1
-1
-1
-1
-1
-1
-1
-1
-1
-1
-1
-1
-1
-1
-1
-1
-1
-1
-1
-1
-1
-1
-1
-1
-1
-1
-1
-1
-1
-1
-1
-1
-1
-1
-1
-1
-1
-1
-1
-1
-1
-1
-1
-1
-1
-1
-1
-1
-1
-1
-1
-1
-1
-1
-1
-1
-1
-1
-1
-1
-1
-1
-1
-1
-1
-1
-1
-1
-1
-1
-1
-1
-1
-1
-1
-1
-1
-1
-1
-1
-1
-1
-1
-1
-1
-1
-1
-1
-1
-1
-1
-1
-1
-1
-1
-1
-1
-1
-1
-1
-1
-1
-1
-1
-1
-1
-1
-1
-1
-1
-1
-1
-1
-1
-1
-1
-1
-1
-1
-1
-1
-1
-1
-1
-1
-1
-1
-1
-1
-1
-1
-1
-1
-1
-1
-1
-1
-1
-1
-1
-1
-1
-1
-1
-1
-1
-1
-1
-1
-1
-1
-1
-1
-1
-1
-1
-1
-1
-1
-1
-1
-1
-1
-1
-1
-1
-1
-1
-1
-1
-1
-1
-1
-1
-1
-1
-1
-1
-1
-1
-1
-1
-1
-1
-1
-1
-1
-1
-1
-1
-1
-1
-1
-1
-1
-1
-1
-1
-1
-1
-1
-1
-1
-1
-1
-1
-1
-1
-1
-1
-1
-1
-1
-1
-1
-1
-1
-1
-1
-1
-1
-1
-1
-1
-1
-1
-1
-1
-1
-1
-1
-1
-1
-1
-1
-1
-1
-1
-1
-1
-1
-1
-1
-1
-1
-1
-1
-1
-1
-1
-1
-1
-1
-1
-1
-1
-1
-1
-1
-1
-1
-1
-1
-1
-1
-1
-1
-1
-1
-1
-1
-1
-1
-1
-1
-1
-1
-1
