0 6 34
0 33 8
2 7 34
2 8 34
2 9 34
2 10 34
2 11 34
2 12 34
2 13 34
2 14 34
2 15 34
2 16 34
2 17 34
2 18 34
2 19 34
2 20 34
2 21 34
2 22 34
2 23 34
2 24 34
2 25 34
2 26 34
2 27 34
2 28 34
2 29 34
2 30 34
2 31 34
2 32 34
4 33 34
1 33 33
1 33 32
1 33 31
1 33 30
1 33 29
1 33 28
1 33 27
1 33 26
1 33 25
1 33 24
1 33 23
1 33 22
1 33 21
1 33 20
1 33 19
1 33 18
1 33 17
1 33 16
1 33 15
1 33 14
1 33 13
1 33 12
1 33 11
1 33 10
1 33 9
-1
-1
-1
-1
-1
-1
-1
-1
-1
-1
-1
-1
-1
-1
-1
0 32 3
5 33 3
1 33 4
1 33 5
1 33 6
1 33 7
-1
-1
-1
-1
-1
-1
-1
-1
-1
-1
-1
-1
-1
-1
-1
0 6 39
1 6 38
1 6 37
1 6 36
1 6 35
-1
-1
-1
-1
-1
-1
-1
-1
-1
0 15 38
2 7 39
2 8 39
2 9 39
2 10 39
2 11 39
2 12 39
2 13 39
2 14 39
4 15 39
-1
0 29 5
2 30 5
2 31 5
4 32 5
1 32 4
-1
-1
0 13 35
2 14 35
5 15 35
1 15 36
1 15 37
-1
0 28 1
5 29 1
1 29 2
1 29 3
1 29 4
0 1 39
2 2 39
2 3 39
2 4 39
2 5 39
0 6 45
1 6 44
1 6 43
1 6 42
1 6 41
1 6 40
0 10 43
2 7 45
2 8 45
2 9 45
4 10 45
1 10 44
0 14 45
2 11 43
2 12 43
2 13 43
5 14 43
1 14 44
0 20 43
2 15 45
2 16 45
2 17 45
2 18 45
2 19 45
4 20 45
1 20 44
0 26 40
2 21 43
2 22 43
2 23 43
2 24 43
2 25 43
4 26 43
1 26 42
1 26 41
0 30 37
2 27 40
2 28 40
2 29 40
4 30 40
1 30 39
1 30 38
0 2 33
2 3 33
2 4 33
2 5 33
5 6 33
0 35 5
2 34 8
4 35 8
1 35 7
1 35 6
0 33 35
2 31 37
2 32 37
4 33 37
1 33 36
0 34 28
4 34 35
1 34 34
1 34 33
1 34 32
1 34 31
1 34 30
1 34 29
0 36 24
2 35 28
4 36 28
1 36 27
1 36 26
1 36 25
0 35 20
5 36 20
1 36 21
1 36 22
1 36 23
0 10 37
2 11 37
2 12 37
4 13 37
1 13 36
0 35 0
1 35 1
1 35 2
1 35 3
1 35 4
0 28 9
4 29 9
1 29 8
1 29 7
1 29 6
0 24 37
2 25 37
5 26 37
1 26 38
1 26 39
0 25 3
2 26 3
2 27 3
4 28 3
1 28 2
0 18 36
2 16 38
2 17 38
4 18 38
1 18 37
0 22 9
2 23 9
2 24 9
2 25 9
2 26 9
2 27 9
0 40 25
2 37 24
2 38 24
2 39 24
5 40 24
0 40 31
1 40 30
1 40 29
1 40 28
1 40 27
1 40 26
0 41 35
5 41 31
1 41 32
1 41 33
1 41 34
0 16 9
2 17 9
2 18 9
2 19 9
2 20 9
2 21 9
0 39 38
2 40 38
4 41 38
1 41 37
1 41 36
0 16 16
1 16 15
1 16 14
1 16 13
1 16 12
1 16 11
1 16 10
0 16 21
1 16 20
1 16 19
1 16 18
1 16 17
0 11 26
2 12 26
2 13 26
2 14 26
2 15 26
4 16 26
1 16 25
1 16 24
1 16 23
1 16 22
0 11 31
1 11 30
1 11 29
1 11 28
1 11 27
0 14 29
2 12 31
2 13 31
4 14 31
1 14 30
0 17 27
2 15 29
2 16 29
4 17 29
1 17 28
0 22 27
2 18 27
2 19 27
2 20 27
2 21 27
0 26 22
2 23 27
2 24 27
2 25 27
4 26 27
1 26 26
1 26 25
1 26 24
1 26 23
0 40 4
2 36 5
2 37 5
2 38 5
2 39 5
4 40 5
0 35 40
2 36 40
2 37 40
2 38 40
4 39 40
1 39 39
0 28 19
2 27 22
4 28 22
1 28 21
1 28 20
0 21 32
4 22 32
1 22 31
1 22 30
1 22 29
1 22 28
0 32 43
2 33 43
2 34 43
4 35 43
1 35 42
1 35 41
0 41 10
5 41 4
1 41 5
1 41 6
1 41 7
1 41 8
1 41 9
0 45 11
2 42 10
2 43 10
2 44 10
5 45 10
0 47 14
2 46 11
5 47 11
1 47 12
1 47 13
0 47 19
1 47 18
1 47 17
1 47 16
1 47 15
0 42 19
2 43 19
2 44 19
2 45 19
2 46 19
0 5 26
2 6 26
2 7 26
2 8 26
2 9 26
2 10 26
0 11 16
2 12 16
2 13 16
2 14 16
2 15 16
-1
-1
-1
-1
-1
-1
-1
-1
-1
-1
-1
-1
-1
-1
-1
-1
-1
-1
-1
-1
-1
-1
-1
-1
-1
-1
-1
-1
-1
-1
-1
-1
-1
-1
-1
-1
-1
-1
-1
-1
-1
-1
-1
-1
-1
-1
-1
-1
-1
-1
-1
-1
-1
-1
-1
-1
-1
-1
-1
-1
-1
-1
-1
-1
-1
-1
-1
-1
-1
-1
-1
-1
-1
-1
-1
-1
-1
-1
-1
-1
-1
-1
-1
-1
-1
-1
-1
-1
-1
-1
-1
-1
-1
-1
-1
-1
-1
-1
-1
-1
-1
-1
-1
-1
-1
-1
-1
-1
-1
-1
-1
-1
-1
-1
-1
-1
-1
-1
-1
-1
-1
-1
-1
-1
-1
-1
-1
-1
-1
-1
-1
-1
-1
-1
-1
-1
-1
-1
-1
-1
-1
-1
-1
-1
-1
-1
-1
-1
-1
-1
-1
-1
-1
-1
-1
-1
-1
-1
-1
-1
-1
-1
-1
-1
-1
-1
-1
-1
-1
-1
-1
-1
-1
-1
-1
-1
-1
-1
-1
-1
-1
-1
-1
-1
-1
-1
-1
-1
-1
-1
-1
-1
-1
-1
-1
-1
-1
-1
-1
-1
-1
-1
-1
-1
-1
-1
-1
-1
-1
-1
-1
-1
-1
-1
-1
-1
-1
-1
-1
-1
-1
-1
-1
-1
-1
-1
-1
-1
-1
-1
-1
-1
-1
-1
-1
-1
-1
-1
-1
-1
-1
-1
-1
-1
-1
-1
-1
-1
-1
-1
-1
-1
-1
-1
-1
-1
-1
-1
-1
-1
-1
-1
-1
-1
-1
-1
-1
-1
-1
-1
-1
-1
-1
-1
-1
-1
-1
-1
-1
-1
-1
-1
-1
-1
-1
-1
-1
-1
-1
-1
-1
-1
-1
-1
-1
-1
-1
-1
-1
-1
-1
-1
-1
-1
-1
-1
-1
-1
-1
-1
-1
-1
-1
-1
-1
-1
-1
-1
-1
-1
-1
-1
-1
-1
-1
-1
-1
-1
-1
-1
-1
-1
-1
-1
-1
-1
-1
-1
-1
-1
-1
-1
-1
-1
-1
-1
-1
-1
-1
-1
-1
-1
-1
-1
-1
-1
-1
-1
-1
-1
-1
-1
-1
-1
-1
-1
-1
-1
-1
-1
-1
-1
-1
-1
-1
-1
-1
-1
-1
-1
-1
-1
-1
-1
-1
-1
-1
-1
-1
-1
-1
-1
-1
-1
-1
-1
-1
-1
-1
-1
-1
-1
-1
-1
-1
