0 32 39
0 47 3
2 33 39
2 34 39
2 35 39
2 36 39
2 37 39
2 38 39
2 39 39
2 40 39
2 41 39
2 42 39
2 43 39
2 44 39
2 45 39
2 46 39
4 47 39
1 47 38
1 47 37
1 47 36
1 47 35
1 47 34
1 47 33
1 47 32
1 47 31
1 47 30
1 47 29
1 47 28
1 47 27
1 47 26
1 47 25
1 47 24
1 47 23
1 47 22
1 47 21
1 47 20
1 47 19
1 47 18
1 47 17
1 47 16
1 47 15
1 47 14
1 47 13
1 47 12
1 47 11
1 47 10
1 47 9
1 47 8
1 47 7
1 47 6
1 47 5
1 47 4
-1
-1
-1
-1
-1
-1
-1
-1
-1
-1
-1
-1
-1
-1
0 25 47
2 26 47
2 27 47
2 28 47
2 29 47
2 30 47
2 31 47
4 32 47
1 32 46
1 32 45
1 32 44
1 32 43
1 32 42
1 32 41
1 32 40
0 32 30
1 32 31
1 32 32
1 32 33
1 32 34
1 32 35
1 32 36
1 32 37
1 32 38
0 35 28
2 33 30
2 34 30
4 35 30
1 35 29
-1
0 36 32
5 36 28
1 36 29
1 36 30
1 36 31
0 18 45
2 19 45
2 20 45
2 21 45
2 22 45
2 23 45
2 24 45
5 25 45
1 25 46
0 4 33
2 5 33
2 6 33
2 7 33
2 8 33
2 9 33
2 10 33
2 11 33
2 12 33
2 13 33
2 14 33
2 15 33
2 16 33
2 17 33
5 18 33
1 18 34
1 18 35
1 18 36
1 18 37
1 18 38
1 18 39
1 18 40
1 18 41
1 18 42
1 18 43
1 18 44
0 39 30
2 37 32
2 38 32
4 39 32
1 39 31
0 48 7
5 48 3
1 48 4
1 48 5
1 48 6
0 30 14
2 31 14
5 32 14
1 32 15
1 32 16
1 32 17
1 32 18
1 32 19
1 32 20
1 32 21
1 32 22
1 32 23
1 32 24
1 32 25
1 32 26
1 32 27
1 32 28
1 32 29
0 26 13
2 27 13
2 28 13
2 29 13
5 30 13
0 33 24
2 34 24
5 35 24
1 35 25
1 35 26
1 35 27
0 3 37
4 4 37
1 4 36
1 4 35
1 4 34
0 39 25
1 39 26
1 39 27
1 39 28
1 39 29
0 36 37
1 36 36
1 36 35
1 36 34
1 36 33
0 1 40
2 2 40
4 3 40
1 3 39
1 3 38
0 21 48
2 22 48
2 23 48
2 24 48
4 25 48
0 28 17
2 29 17
4 30 17
1 30 16
1 30 15
0 0 35
2 1 35
2 2 35
5 3 35
1 3 36
0 16 48
2 17 48
4 18 48
1 18 47
1 18 46
0 1 46
1 1 45
1 1 44
1 1 43
1 1 42
1 1 41
0 4 44
2 2 46
2 3 46
4 4 46
1 4 45
0 7 41
2 5 44
2 6 44
4 7 44
1 7 43
1 7 42
0 13 42
2 8 41
2 9 41
2 10 41
2 11 41
2 12 41
5 13 41
0 23 9
2 24 9
2 25 9
5 26 9
1 26 10
1 26 11
1 26 12
0 27 39
2 28 39
2 29 39
2 30 39
2 31 39
0 42 1
2 43 1
2 44 1
2 45 1
2 46 1
5 47 1
1 47 2
0 42 6
1 42 5
1 42 4
1 42 3
1 42 2
0 43 10
5 43 6
1 43 7
1 43 8
1 43 9
0 23 41
2 24 41
2 25 41
2 26 41
4 27 41
1 27 40
0 2 30
2 3 30
5 4 30
1 4 31
1 4 32
0 11 45
2 12 45
4 13 45
1 13 44
1 13 43
0 19 40
2 20 40
2 21 40
2 22 40
5 23 40
0 49 11
5 49 7
1 49 8
1 49 9
1 49 10
0 40 36
2 37 37
2 38 37
2 39 37
4 40 37
0 43 38
2 41 36
2 42 36
5 43 36
1 43 37
0 28 22
1 28 21
1 28 20
1 28 19
1 28 18
0 8 47
2 9 47
2 10 47
4 11 47
1 11 46
0 15 35
2 14 42
4 15 42
1 15 41
1 15 40
1 15 39
1 15 38
1 15 37
1 15 36
0 9 35
2 10 35
2 11 35
2 12 35
2 13 35
2 14 35
0 42 28
2 40 30
2 41 30
4 42 30
1 42 29
0 23 15
2 24 15
2 25 15
4 26 15
1 26 14
0 46 26
2 43 28
2 44 28
2 45 28
4 46 28
1 46 27
0 33 19
1 33 20
1 33 21
1 33 22
1 33 23
0 36 17
2 34 19
2 35 19
4 36 19
1 36 18
0 36 11
1 36 12
1 36 13
1 36 14
1 36 15
1 36 16
0 32 10
2 33 10
2 34 10
2 35 10
5 36 10
0 29 8
2 30 8
2 31 8
5 32 8
1 32 9
0 37 22
2 38 22
5 39 22
1 39 23
1 39 24
0 1 26
5 2 26
1 2 27
1 2 28
1 2 29
-1
-1
-1
-1
-1
-1
-1
-1
-1
-1
-1
-1
-1
-1
-1
-1
-1
-1
-1
-1
-1
-1
-1
-1
-1
-1
-1
-1
-1
-1
-1
-1
-1
-1
-1
-1
-1
-1
-1
-1
-1
-1
-1
-1
-1
-1
-1
-1
-1
-1
-1
-1
-1
-1
-1
-1
-1
-1
-1
-1
-1
-1
-1
-1
-1
-1
-1
-1
-1
-1
-1
-1
-1
-1
-1
-1
-1
-1
-1
-1
-1
-1
-1
-1
-1
-1
-1
-1
-1
-1
-1
-1
-1
-1
-1
-1
-1
-1
-1
-1
-1
-1
-1
-1
-1
-1
-1
-1
-1
-1
-1
-1
-1
-1
-1
-1
-1
-1
-1
-1
-1
-1
-1
-1
-1
-1
-1
-1
-1
-1
-1
-1
-1
-1
-1
-1
-1
-1
-1
-1
-1
-1
-1
-1
-1
-1
-1
-1
-1
-1
-1
-1
-1
-1
-1
-1
-1
-1
-1
-1
-1
-1
-1
-1
-1
-1
-1
-1
-1
-1
-1
-1
-1
-1
-1
-1
-1
-1
-1
-1
-1
-1
-1
-1
-1
-1
-1
-1
-1
-1
-1
-1
-1
-1
-1
-1
-1
-1
-1
-1
-1
-1
-1
-1
-1
-1
-1
-1
-1
-1
-1
-1
-1
-1
-1
-1
-1
-1
-1
-1
-1
-1
-1
-1
-1
-1
-1
-1
-1
-1
-1
-1
-1
-1
-1
-1
-1
-1
-1
-1
-1
-1
-1
-1
-1
-1
-1
-1
-1
-1
-1
-1
-1
-1
-1
-1
-1
-1
-1
-1
-1
-1
-1
-1
-1
-1
-1
-1
-1
-1
-1
-1
-1
-1
-1
-1
-1
-1
-1
-1
-1
-1
-1
-1
-1
-1
-1
-1
-1
-1
-1
-1
-1
-1
-1
-1
-1
-1
-1
-1
-1
-1
-1
-1
-1
-1
-1
-1
-1
-1
-1
-1
-1
-1
-1
-1
-1
-1
-1
-1
-1
-1
-1
-1
-1
-1
-1
-1
-1
-1
-1
-1
-1
-1
-1
-1
-1
-1
-1
-1
-1
-1
-1
-1
-1
-1
-1
-1
-1
-1
-1
-1
-1
-1
-1
-1
-1
-1
-1
-1
-1
-1
-1
-1
-1
-1
-1
-1
-1
-1
-1
-1
-1
-1
-1
-1
-1
-1
-1
-1
-1
-1
-1
-1
-1
-1
-1
-1
-1
-1
-1
-1
-1
-1
-1
-1
-1
-1
-1
-1
-1
-1
-1
-1
-1
-1
-1
-1
-1
-1
-1
-1
-1
-1
-1
-1
-1
-1
-1
