0 3 7
0 42 18
2 4 7
2 5 7
2 6 7
2 7 7
2 8 7
2 9 7
2 10 7
2 11 7
2 12 7
2 13 7
2 14 7
2 15 7
2 16 7
2 17 7
2 18 7
2 19 7
2 20 7
2 21 7
2 22 7
2 23 7
2 24 7
2 25 7
2 26 7
2 27 7
2 28 7
2 29 7
2 30 7
2 31 7
2 32 7
2 33 7
2 34 7
2 35 7
2 36 7
2 37 7
2 38 7
2 39 7
2 40 7
2 41 7
5 42 7
1 42 8
1 42 9
1 42 10
1 42 11
1 42 12
1 42 13
1 42 14
1 42 15
1 42 16
1 42 17
-1
-1
-1
-1
-1
-1
0 36 19
2 37 19
2 38 19
2 39 19
2 40 19
2 41 19
4 42 19
-1
-1
-1
-1
-1
-1
-1
-1
-1
-1
-1
-1
-1
-1
-1
-1
-1
-1
-1
-1
-1
-1
-1
-1
-1
-1
-1
-1
-1
-1
-1
-1
-1
-1
-1
-1
-1
-1
-1
-1
-1
-1
-1
0 22 26
2 23 26
2 24 26
2 25 26
2 26 26
2 27 26
2 28 26
2 29 26
2 30 26
2 31 26
2 32 26
2 33 26
2 34 26
2 35 26
4 36 26
1 36 25
1 36 24
1 36 23
1 36 22
1 36 21
1 36 20
-1
-1
-1
-1
-1
-1
-1
-1
-1
-1
-1
-1
0 22 37
1 22 36
1 22 35
1 22 34
1 22 33
1 22 32
1 22 31
1 22 30
1 22 29
1 22 28
1 22 27
-1
-1
-1
-1
-1
-1
-1
-1
-1
-1
-1
0 23 44
5 23 37
1 23 38
1 23 39
1 23 40
1 23 41
1 23 42
1 23 43
-1
-1
-1
-1
-1
-1
-1
-1
0 22 20
1 22 21
1 22 22
1 22 23
1 22 24
1 22 25
-1
-1
-1
-1
-1
-1
-1
-1
0 44 12
2 43 18
4 44 18
1 44 17
1 44 16
1 44 15
1 44 14
1 44 13
-1
-1
-1
-1
0 26 15
2 23 20
2 24 20
2 25 20
4 26 20
1 26 19
1 26 18
1 26 17
1 26 16
-1
-1
0 30 8
2 27 15
2 28 15
2 29 15
4 30 15
1 30 14
1 30 13
1 30 12
1 30 11
1 30 10
1 30 9
0 13 26
2 14 26
2 15 26
2 16 26
2 17 26
2 18 26
2 19 26
2 20 26
2 21 26
0 42 2
2 43 2
5 44 2
1 44 3
1 44 4
1 44 5
1 44 6
1 44 7
1 44 8
1 44 9
1 44 10
1 44 11
0 9 30
2 10 30
2 11 30
2 12 30
4 13 30
1 13 29
1 13 28
1 13 27
0 46 6
2 45 12
4 46 12
1 46 11
1 46 10
1 46 9
1 46 8
1 46 7
0 36 11
1 36 12
1 36 13
1 36 14
1 36 15
1 36 16
1 36 17
1 36 18
0 16 37
2 17 37
2 18 37
2 19 37
2 20 37
2 21 37
0 21 15
2 22 15
2 23 15
2 24 15
2 25 15
0 18 19
2 19 19
2 20 19
2 21 19
5 22 19
0 3 14
1 3 13
1 3 12
1 3 11
1 3 10
1 3 9
1 3 8
0 7 15
2 4 14
2 5 14
2 6 14
5 7 14
0 12 10
2 8 15
2 9 15
2 10 15
2 11 15
4 12 15
1 12 14
1 12 13
1 12 12
1 12 11
0 8 9
2 9 9
2 10 9
2 11 9
5 12 9
0 18 24
1 18 23
1 18 22
1 18 21
1 18 20
0 31 12
5 31 8
1 31 9
1 31 10
1 31 11
0 6 27
2 7 27
2 8 27
5 9 27
1 9 28
1 9 29
0 32 16
5 32 12
1 32 13
1 32 14
1 32 15
0 30 23
2 31 23
4 32 23
1 32 22
1 32 21
1 32 20
1 32 19
1 32 18
1 32 17
0 27 25
2 28 25
2 29 25
4 30 25
1 30 24
0 24 12
2 25 12
5 26 12
1 26 13
1 26 14
0 1 17
2 2 17
4 3 17
1 3 16
1 3 15
0 29 44
2 24 44
2 25 44
2 26 44
2 27 44
2 28 44
0 13 19
2 14 19
2 15 19
2 16 19
2 17 19
0 15 41
4 16 41
1 16 40
1 16 39
1 16 38
0 12 46
2 13 46
2 14 46
4 15 46
1 15 45
1 15 44
1 15 43
1 15 42
0 29 19
5 30 19
1 30 20
1 30 21
1 30 22
0 7 21
1 7 20
1 7 19
1 7 18
1 7 17
1 7 16
0 39 9
2 37 11
2 38 11
4 39 11
1 39 10
0 3 2
1 3 3
1 3 4
1 3 5
1 3 6
0 8 2
2 4 2
2 5 2
2 6 2
2 7 2
0 13 3
2 9 2
2 10 2
2 11 2
2 12 2
5 13 2
0 19 3
2 14 3
2 15 3
2 16 3
2 17 3
2 18 3
0 12 36
2 13 36
2 14 36
2 15 36
5 16 36
0 22 0
2 20 3
2 21 3
4 22 3
1 22 2
1 22 1
-1
-1
-1
-1
-1
-1
-1
-1
-1
-1
-1
-1
-1
-1
-1
-1
-1
-1
-1
-1
-1
-1
-1
-1
-1
-1
-1
-1
-1
-1
-1
-1
-1
-1
-1
-1
-1
-1
-1
-1
-1
-1
-1
-1
-1
-1
-1
-1
-1
-1
-1
-1
-1
-1
-1
-1
-1
-1
-1
-1
-1
-1
-1
-1
-1
-1
-1
-1
-1
-1
-1
-1
-1
-1
-1
-1
-1
-1
-1
-1
-1
-1
-1
-1
-1
-1
-1
-1
-1
-1
-1
-1
-1
-1
-1
-1
-1
-1
-1
-1
-1
-1
-1
-1
-1
-1
-1
-1
-1
-1
-1
-1
-1
-1
-1
-1
-1
-1
-1
-1
-1
-1
-1
-1
-1
-1
-1
-1
-1
-1
-1
-1
-1
-1
-1
-1
-1
-1
-1
-1
-1
-1
-1
-1
-1
-1
-1
-1
-1
-1
-1
-1
-1
-1
-1
-1
-1
-1
-1
-1
-1
-1
-1
-1
-1
-1
-1
-1
-1
-1
-1
-1
-1
-1
-1
-1
-1
-1
-1
-1
-1
-1
-1
-1
-1
-1
-1
-1
-1
-1
-1
-1
-1
-1
-1
-1
-1
-1
-1
-1
-1
-1
-1
-1
-1
-1
-1
-1
-1
-1
-1
-1
-1
-1
-1
-1
-1
-1
-1
-1
-1
-1
-1
-1
-1
-1
-1
-1
-1
-1
-1
-1
-1
-1
-1
-1
-1
-1
-1
-1
-1
-1
-1
-1
-1
-1
-1
-1
-1
-1
-1
-1
-1
-1
-1
-1
-1
-1
-1
-1
-1
-1
-1
-1
-1
-1
-1
-1
-1
-1
-1
-1
-1
-1
-1
-1
-1
-1
-1
-1
-1
-1
-1
-1
-1
-1
-1
-1
-1
-1
-1
-1
-1
-1
-1
-1
-1
-1
-1
-1
-1
-1
-1
-1
-1
-1
-1
-1
-1
-1
-1
-1
-1
-1
-1
-1
-1
-1
-1
-1
-1
-1
-1
-1
-1
-1
-1
-1
-1
-1
-1
-1
-1
-1
-1
-1
-1
-1
-1
-1
-1
-1
-1
-1
-1
-1
-1
-1
-1
-1
-1
-1
-1
-1
-1
-1
-1
-1
-1
-1
-1
-1
-1
-1
-1
-1
-1
-1
