0 3 46
0 19 22
2 4 46
2 5 46
2 6 46
2 7 46
2 8 46
2 9 46
2 10 46
2 11 46
2 12 46
2 13 46
2 14 46
2 15 46
2 16 46
2 17 46
2 18 46
4 19 46
1 19 45
1 19 44
1 19 43
1 19 42
1 19 41
1 19 40
1 19 39
1 19 38
1 19 37
1 19 36
1 19 35
1 19 34
1 19 33
1 19 32
1 19 31
1 19 30
1 19 29
1 19 28
1 19 27
1 19 26
1 19 25
1 19 24
1 19 23
-1
-1
-1
-1
-1
-1
-1
-1
-1
-1
-1
-1
-1
-1
-1
-1
-1
-1
-1
-1
-1
-1
-1
-1
-1
-1
-1
-1
-1
-1
-1
-1
-1
-1
0 23 5
2 20 22
2 21 22
2 22 22
4 23 22
1 23 21
1 23 20
1 23 19
1 23 18
1 23 17
1 23 16
1 23 15
1 23 14
1 23 13
1 23 12
1 23 11
1 23 10
1 23 9
1 23 8
1 23 7
1 23 6
-1
-1
-1
0 0 48
2 1 48
2 2 48
4 3 48
1 3 47
-1
-1
-1
-1
-1
-1
-1
0 19 14
1 19 15
1 19 16
1 19 17
1 19 18
1 19 19
1 19 20
1 19 21
-1
-1
0 22 1
5 23 1
1 23 2
1 23 3
1 23 4
-1
-1
0 16 11
2 17 11
2 18 11
5 19 11
1 19 12
1 19 13
0 14 8
2 15 8
5 16 8
1 16 9
1 16 10
-1
0 1 43
2 2 43
5 3 43
1 3 44
1 3 45
0 27 11
2 24 5
2 25 5
2 26 5
5 27 5
1 27 6
1 27 7
1 27 8
1 27 9
1 27 10
0 11 14
2 12 14
2 13 14
2 14 14
2 15 14
2 16 14
2 17 14
2 18 14
0 10 18
4 11 18
1 11 17
1 11 16
1 11 15
0 45 16
2 28 11
2 29 11
2 30 11
2 31 11
2 32 11
2 33 11
2 34 11
2 35 11
2 36 11
2 37 11
2 38 11
2 39 11
2 40 11
2 41 11
2 42 11
2 43 11
2 44 11
5 45 11
1 45 12
1 45 13
1 45 14
1 45 15
0 44 26
4 45 26
1 45 25
1 45 24
1 45 23
1 45 22
1 45 21
1 45 20
1 45 19
1 45 18
1 45 17
0 21 10
2 20 14
4 21 14
1 21 13
1 21 12
1 21 11
0 49 17
2 46 16
2 47 16
2 48 16
5 49 16
0 11 3
2 12 3
2 13 3
5 14 3
1 14 4
1 14 5
1 14 6
1 14 7
0 9 11
2 10 11
5 11 11
1 11 12
1 11 13
0 1 9
2 2 9
2 3 9
2 4 9
2 5 9
2 6 9
2 7 9
2 8 9
5 9 9
1 9 10
0 25 18
2 26 18
4 27 18
1 27 17
1 27 16
1 27 15
1 27 14
1 27 13
1 27 12
0 25 25
1 25 24
1 25 23
1 25 22
1 25 21
1 25 20
1 25 19
0 25 47
1 25 46
1 25 45
1 25 44
1 25 43
1 25 42
1 25 41
1 25 40
1 25 39
1 25 38
1 25 37
1 25 36
1 25 35
1 25 34
1 25 33
1 25 32
1 25 31
1 25 30
1 25 29
1 25 28
1 25 27
1 25 26
0 20 47
2 21 47
2 22 47
2 23 47
2 24 47
0 0 13
4 1 13
1 1 12
1 1 11
1 1 10
0 1 4
1 1 5
1 1 6
1 1 7
1 1 8
0 37 22
2 38 22
2 39 22
2 40 22
2 41 22
2 42 22
2 43 22
5 44 22
1 44 23
1 44 24
1 44 25
0 18 2
2 19 2
2 20 2
2 21 2
4 22 2
0 26 33
5 26 25
1 26 26
1 26 27
1 26 28
1 26 29
1 26 30
1 26 31
1 26 32
0 27 39
5 27 33
1 27 34
1 27 35
1 27 36
1 27 37
1 27 38
0 20 42
1 20 43
1 20 44
1 20 45
1 20 46
0 7 4
2 8 4
2 9 4
2 10 4
4 11 4
0 4 6
2 2 4
2 3 4
5 4 4
1 4 5
0 6 17
2 7 17
2 8 17
2 9 17
5 10 17
0 47 20
2 48 20
4 49 20
1 49 19
1 49 18
0 21 38
4 21 42
1 21 41
1 21 40
1 21 39
0 26 43
4 26 47
1 26 46
1 26 45
1 26 44
0 2 18
2 3 18
2 4 18
2 5 18
4 6 18
0 10 24
1 10 23
1 10 22
1 10 21
1 10 20
1 10 19
0 13 26
2 11 24
2 12 24
5 13 24
1 13 25
0 14 30
5 14 26
1 14 27
1 14 28
1 14 29
0 18 28
2 15 30
2 16 30
2 17 30
4 18 30
1 18 29
0 36 17
5 37 17
1 37 18
1 37 19
1 37 20
1 37 21
0 35 12
5 36 12
1 36 13
1 36 14
1 36 15
1 36 16
0 31 14
2 32 14
2 33 14
2 34 14
4 35 14
1 35 13
0 31 19
1 31 18
1 31 17
1 31 16
1 31 15
0 19 7
2 20 7
5 21 7
1 21 8
1 21 9
0 14 22
2 15 22
2 16 22
2 17 22
2 18 22
0 40 16
2 41 16
2 42 16
2 43 16
2 44 16
0 4 11
2 5 11
2 6 11
2 7 11
2 8 11
0 14 37
1 14 36
1 14 35
1 14 34
1 14 33
1 14 32
1 14 31
0 15 41
5 15 37
1 15 38
1 15 39
1 15 40
0 11 43
2 12 43
2 13 43
2 14 43
4 15 43
1 15 42
0 7 42
2 8 42
2 9 42
2 10 42
5 11 42
0 10 38
2 11 38
2 12 38
2 13 38
4 14 38
0 5 1
2 6 1
5 7 1
1 7 2
1 7 3
0 16 45
5 16 41
1 16 42
1 16 43
1 16 44
-1
-1
-1
-1
-1
-1
-1
-1
-1
-1
-1
-1
-1
-1
-1
-1
-1
-1
-1
-1
-1
-1
-1
-1
-1
-1
-1
-1
-1
-1
-1
-1
-1
-1
-1
-1
-1
-1
-1
-1
-1
-1
-1
-1
-1
-1
-1
-1
-1
-1
-1
-1
-1
-1
-1
-1
-1
-1
-1
-1
-1
-1
-1
-1
-1
-1
-1
-1
-1
-1
-1
-1
-1
-1
-1
-1
-1
-1
-1
-1
-1
-1
-1
-1
-1
-1
-1
-1
-1
-1
-1
-1
-1
-1
-1
-1
-1
-1
-1
-1
-1
-1
-1
-1
-1
-1
-1
-1
-1
-1
-1
-1
-1
-1
-1
-1
-1
-1
-1
-1
-1
-1
-1
-1
-1
-1
-1
-1
-1
-1
-1
-1
-1
-1
-1
-1
-1
-1
-1
-1
-1
-1
-1
-1
-1
-1
-1
-1
-1
-1
-1
-1
-1
-1
-1
-1
-1
-1
-1
-1
-1
-1
-1
-1
-1
-1
-1
-1
-1
-1
-1
-1
-1
-1
-1
-1
-1
-1
-1
-1
-1
-1
-1
-1
-1
-1
-1
-1
-1
-1
-1
-1
-1
-1
-1
-1
-1
-1
-1
-1
-1
-1
-1
-1
-1
-1
-1
-1
-1
-1
-1
-1
-1
-1
-1
-1
-1
-1
-1
-1
-1
-1
-1
-1
-1
-1
-1
-1
-1
-1
-1
-1
-1
-1
-1
-1
-1
-1
-1
-1
-1
-1
-1
-1
-1
-1
-1
-1
-1
-1
-1
-1
-1
-1
-1
-1
-1
-1
-1
-1
-1
-1
-1
-1
-1
-1
-1
-1
-1
-1
-1
-1
-1
-1
-1
-1
-1
-1
-1
-1
-1
-1
-1
-1
-1
-1
-1
-1
-1
-1
-1
-1
-1
-1
-1
-1
-1
-1
-1
-1
-1
-1
-1
-1
-1
-1
-1
-1
-1
-1
-1
-1
-1
-1
-1
-1
-1
-1
-1
-1
-1
-1
-1
-1
-1
-1
-1
-1
-1
-1
-1
-1
-1
-1
-1
-1
