0 4 15
0 7 46
2 5 15
2 6 15
5 7 15
1 7 16
1 7 17
1 7 18
1 7 19
1 7 20
1 7 21
1 7 22
1 7 23
1 7 24
1 7 25
1 7 26
1 7 27
1 7 28
1 7 29
1 7 30
1 7 31
1 7 32
1 7 33
1 7 34
1 7 35
1 7 36
1 7 37
1 7 38
1 7 39
1 7 40
1 7 41
1 7 42
1 7 43
1 7 44
1 7 45
-1
-1
-1
-1
-1
-1
-1
-1
-1
-1
-1
-1
-1
-1
-1
-1
-1
-1
-1
-1
-1
-1
-1
-1
-1
0 11 45
2 8 46
2 9 46
2 10 46
4 11 46
-1
-1
-1
-1
-1
-1
-1
-1
-1
-1
-1
-1
-1
-1
-1
-1
-1
-1
0 2 19
2 3 19
4 4 19
1 4 18
1 4 17
1 4 16
-1
-1
-1
-1
-1
-1
-1
-1
-1
-1
-1
-1
0 0 8
2 1 8
2 2 8
2 3 8
5 4 8
1 4 9
1 4 10
1 4 11
1 4 12
1 4 13
1 4 14
-1
-1
-1
0 14 43
2 12 45
2 13 45
4 14 45
1 14 44
-1
-1
-1
-1
-1
-1
-1
0 27 48
2 15 43
2 16 43
2 17 43
2 18 43
2 19 43
2 20 43
2 21 43
2 22 43
2 23 43
2 24 43
2 25 43
2 26 43
5 27 43
1 27 44
1 27 45
1 27 46
1 27 47
0 3 47
2 4 47
2 5 47
2 6 47
4 7 47
0 2 41
5 3 41
1 3 42
1 3 43
1 3 44
1 3 45
1 3 46
0 2 33
1 2 34
1 2 35
1 2 36
1 2 37
1 2 38
1 2 39
1 2 40
0 28 35
4 28 48
1 28 47
1 28 46
1 28 45
1 28 44
1 28 43
1 28 42
1 28 41
1 28 40
1 28 39
1 28 38
1 28 37
1 28 36
0 33 9
2 29 35
2 30 35
2 31 35
2 32 35
4 33 35
1 33 34
1 33 33
1 33 32
1 33 31
1 33 30
1 33 29
1 33 28
1 33 27
1 33 26
1 33 25
1 33 24
1 33 23
1 33 22
1 33 21
1 33 20
1 33 19
1 33 18
1 33 17
1 33 16
1 33 15
1 33 14
1 33 13
1 33 12
1 33 11
1 33 10
0 42 10
2 34 9
2 35 9
2 36 9
2 37 9
2 38 9
2 39 9
2 40 9
2 41 9
5 42 9
0 48 13
2 43 10
2 44 10
2 45 10
2 46 10
2 47 10
5 48 10
1 48 11
1 48 12
0 41 15
4 42 15
1 42 14
1 42 13
1 42 12
1 42 11
0 36 15
2 37 15
2 38 15
2 39 15
2 40 15
0 1 29
5 2 29
1 2 30
1 2 31
1 2 32
0 26 9
2 27 9
2 28 9
2 29 9
2 30 9
2 31 9
2 32 9
0 32 5
5 33 5
1 33 6
1 33 7
1 33 8
0 6 34
2 3 33
2 4 33
2 5 33
5 6 33
0 6 39
1 6 38
1 6 37
1 6 36
1 6 35
0 49 8
4 49 13
1 49 12
1 49 11
1 49 10
1 49 9
0 47 5
2 48 5
5 49 5
1 49 6
1 49 7
0 18 8
2 19 8
2 20 8
2 21 8
2 22 8
2 23 8
2 24 8
2 25 8
5 26 8
0 10 8
2 11 8
2 12 8
2 13 8
2 14 8
2 15 8
2 16 8
2 17 8
0 14 13
2 15 13
2 16 13
2 17 13
4 18 13
1 18 12
1 18 11
1 18 10
1 18 9
0 13 20
4 14 20
1 14 19
1 14 18
1 14 17
1 14 16
1 14 15
1 14 14
0 10 23
2 11 23
2 12 23
4 13 23
1 13 22
1 13 21
0 6 9
2 7 9
2 8 9
2 9 9
4 10 9
0 4 4
2 5 4
5 6 4
1 6 5
1 6 6
1 6 7
1 6 8
0 10 30
1 10 29
1 10 28
1 10 27
1 10 26
1 10 25
1 10 24
0 0 49
2 1 49
2 2 49
4 3 49
1 3 48
0 46 17
2 47 17
4 48 17
1 48 16
1 48 15
1 48 14
0 9 18
2 10 18
2 11 18
2 12 18
5 13 18
1 13 19
0 2 1
2 3 1
5 4 1
1 4 2
1 4 3
0 0 44
2 1 44
4 2 44
1 2 43
1 2 42
0 9 42
2 10 42
5 11 42
1 11 43
1 11 44
0 17 1
5 18 1
1 18 2
1 18 3
1 18 4
1 18 5
1 18 6
1 18 7
0 13 2
2 14 2
2 15 2
2 16 2
4 17 2
0 45 22
4 46 22
1 46 21
1 46 20
1 46 19
1 46 18
0 2 24
1 2 23
1 2 22
1 2 21
1 2 20
0 5 22
2 3 24
2 4 24
4 5 24
1 5 23
0 29 3
2 30 3
2 31 3
5 32 3
1 32 4
0 13 39
5 14 39
1 14 40
1 14 41
1 14 42
0 24 3
2 25 3
2 26 3
2 27 3
2 28 3
0 22 6
2 23 6
4 24 6
1 24 5
1 24 4
0 0 13
1 0 12
1 0 11
1 0 10
1 0 9
0 10 37
2 11 37
2 12 37
5 13 37
1 13 38
0 43 4
2 44 4
2 45 4
2 46 4
5 47 4
0 38 4
2 39 4
2 40 4
2 41 4
2 42 4
0 36 1
2 37 1
5 38 1
1 38 2
1 38 3
0 41 1
2 42 1
5 43 1
1 43 2
1 43 3
0 14 28
2 11 30
2 12 30
2 13 30
4 14 30
1 14 29
0 17 24
2 15 28
2 16 28
4 17 28
1 17 27
1 17 26
1 17 25
0 21 22
2 18 24
2 19 24
2 20 24
4 21 24
1 21 23
-1
-1
-1
-1
-1
-1
-1
-1
-1
-1
-1
-1
-1
-1
-1
-1
-1
-1
-1
-1
-1
-1
-1
-1
-1
-1
-1
-1
-1
-1
-1
-1
-1
-1
-1
-1
-1
-1
-1
-1
-1
-1
-1
-1
-1
-1
-1
-1
-1
-1
-1
-1
-1
-1
-1
-1
-1
-1
-1
-1
-1
-1
-1
-1
-1
-1
-1
-1
-1
-1
-1
-1
-1
-1
-1
-1
-1
-1
-1
-1
-1
-1
-1
-1
-1
-1
-1
-1
-1
-1
-1
-1
-1
-1
-1
-1
-1
-1
-1
-1
-1
-1
-1
-1
-1
-1
-1
-1
-1
-1
-1
-1
-1
-1
-1
-1
-1
-1
-1
-1
-1
-1
-1
-1
-1
-1
-1
-1
-1
-1
-1
-1
-1
-1
-1
-1
-1
-1
-1
-1
-1
-1
-1
-1
-1
-1
-1
-1
-1
-1
-1
-1
-1
-1
-1
-1
-1
-1
-1
-1
-1
-1
-1
-1
-1
-1
-1
-1
-1
-1
-1
-1
-1
-1
-1
-1
-1
-1
-1
-1
-1
-1
-1
-1
-1
-1
-1
-1
-1
-1
-1
-1
-1
-1
-1
-1
-1
-1
-1
-1
-1
-1
-1
-1
-1
-1
-1
-1
-1
-1
-1
-1
-1
-1
-1
-1
-1
-1
-1
-1
-1
-1
-1
-1
-1
-1
-1
-1
-1
-1
-1
-1
-1
-1
-1
-1
-1
-1
-1
-1
-1
-1
-1
-1
-1
-1
-1
-1
-1
-1
-1
-1
-1
-1
-1
-1
-1
-1
-1
-1
-1
-1
-1
-1
-1
-1
-1
-1
-1
-1
-1
-1
-1
-1
-1
-1
-1
-1
-1
-1
-1
-1
-1
-1
-1
-1
-1
-1
-1
-1
-1
-1
-1
-1
-1
-1
-1
-1
-1
-1
-1
-1
-1
-1
-1
-1
-1
-1
-1
-1
-1
-1
-1
-1
-1
-1
-1
-1
-1
-1
-1
-1
-1
-1
-1
-1
-1
-1
-1
-1
-1
-1
-1
