0 14 41
0 35 9
2 15 41
2 16 41
2 17 41
2 18 41
2 19 41
2 20 41
2 21 41
2 22 41
2 23 41
2 24 41
2 25 41
2 26 41
2 27 41
2 28 41
2 29 41
2 30 41
2 31 41
2 32 41
2 33 41
2 34 41
4 35 41
1 35 40
1 35 39
1 35 38
1 35 37
1 35 36
1 35 35
1 35 34
1 35 33
1 35 32
1 35 31
1 35 30
1 35 29
1 35 28
1 35 27
1 35 26
1 35 25
1 35 24
1 35 23
1 35 22
1 35 21
1 35 20
1 35 19
1 35 18
1 35 17
1 35 16
1 35 15
1 35 14
1 35 13
1 35 12
1 35 11
1 35 10
-1
-1
-1
-1
-1
-1
-1
-1
-1
-1
-1
-1
-1
-1
-1
-1
-1
-1
-1
-1
-1
-1
-1
0 1 37
2 2 37
2 3 37
2 4 37
2 5 37
2 6 37
2 7 37
2 8 37
2 9 37
2 10 37
2 11 37
2 12 37
2 13 37
5 14 37
1 14 38
1 14 39
1 14 40
-1
-1
-1
-1
-1
-1
-1
-1
-1
-1
0 1 31
1 1 32
1 1 33
1 1 34
1 1 35
1 1 36
-1
-1
-1
-1
-1
-1
-1
-1
-1
0 5 30
2 2 31
2 3 31
2 4 31
4 5 31
-1
-1
-1
-1
-1
-1
-1
0 4 24
5 5 24
1 5 25
1 5 26
1 5 27
1 5 28
1 5 29
-1
-1
-1
-1
0 10 27
2 6 30
2 7 30
2 8 30
2 9 30
4 10 30
1 10 29
1 10 28
-1
-1
0 17 29
2 11 27
2 12 27
2 13 27
2 14 27
2 15 27
2 16 27
5 17 27
1 17 28
0 20 31
2 18 29
2 19 29
5 20 29
1 20 30
-1
0 33 5
2 34 5
5 35 5
1 35 6
1 35 7
1 35 8
-1
-1
0 21 1
2 22 1
2 23 1
2 24 1
2 25 1
2 26 1
2 27 1
2 28 1
2 29 1
2 30 1
2 31 1
2 32 1
5 33 1
1 33 2
1 33 3
1 33 4
0 26 31
2 21 31
2 22 31
2 23 31
2 24 31
2 25 31
0 15 0
2 16 0
2 17 0
2 18 0
2 19 0
2 20 0
5 21 0
0 37 12
2 36 9
5 37 9
1 37 10
1 37 11
0 14 6
4 15 6
1 15 5
1 15 4
1 15 3
1 15 2
1 15 1
0 10 21
1 10 22
1 10 23
1 10 24
1 10 25
1 10 26
0 30 32
2 27 31
2 28 31
2 29 31
5 30 31
0 10 8
2 11 8
2 12 8
2 13 8
4 14 8
1 14 7
0 6 16
2 7 16
2 8 16
2 9 16
5 10 16
1 10 17
1 10 18
1 10 19
1 10 20
0 31 40
5 31 32
1 31 33
1 31 34
1 31 35
1 31 36
1 31 37
1 31 38
1 31 39
0 40 10
2 38 12
2 39 12
4 40 12
1 40 11
0 5 9
2 6 9
2 7 9
2 8 9
2 9 9
4 10 9
0 1 8
2 2 8
2 3 8
2 4 8
5 5 8
0 20 10
4 21 10
1 21 9
1 21 8
1 21 7
1 21 6
1 21 5
1 21 4
1 21 3
1 21 2
0 20 38
1 20 37
1 20 36
1 20 35
1 20 34
1 20 33
1 20 32
0 16 11
2 17 11
2 18 11
2 19 11
4 20 11
0 16 16
1 16 15
1 16 14
1 16 13
1 16 12
0 33 36
2 32 40
4 33 40
1 33 39
1 33 38
1 33 37
0 11 4
2 12 4
2 13 4
5 14 4
1 14 5
0 24 34
2 25 34
4 26 34
1 26 33
1 26 32
0 0 41
4 1 41
1 1 40
1 1 39
1 1 38
0 11 17
4 11 21
1 11 20
1 11 19
1 11 18
0 37 22
1 37 21
1 37 20
1 37 19
1 37 18
1 37 17
1 37 16
1 37 15
1 37 14
1 37 13
0 39 29
2 38 22
5 39 22
1 39 23
1 39 24
1 39 25
1 39 26
1 39 27
1 39 28
0 46 28
2 40 29
2 41 29
2 42 29
2 43 29
2 44 29
2 45 29
4 46 29
0 47 43
5 47 28
1 47 29
1 47 30
1 47 31
1 47 32
1 47 33
1 47 34
1 47 35
1 47 36
1 47 37
1 47 38
1 47 39
1 47 40
1 47 41
1 47 42
0 48 37
4 48 43
1 48 42
1 48 41
1 48 40
1 48 39
1 48 38
0 38 33
4 39 33
1 39 32
1 39 31
1 39 30
0 18 19
2 17 16
5 18 16
1 18 17
1 18 18
0 44 24
2 45 24
5 46 24
1 46 25
1 46 26
1 46 27
0 38 43
2 39 43
2 40 43
2 41 43
2 42 43
2 43 43
2 44 43
2 45 43
2 46 43
0 35 46
2 36 46
2 37 46
4 38 46
1 38 45
1 38 44
0 30 46
2 31 46
2 32 46
2 33 46
2 34 46
-1
-1
-1
-1
-1
-1
-1
-1
-1
-1
-1
-1
-1
-1
-1
-1
-1
-1
-1
-1
-1
-1
-1
-1
-1
-1
-1
-1
-1
-1
-1
-1
-1
-1
-1
-1
-1
-1
-1
-1
-1
-1
-1
-1
-1
-1
-1
-1
-1
-1
-1
-1
-1
-1
-1
-1
-1
-1
-1
-1
-1
-1
-1
-1
-1
-1
-1
-1
-1
-1
-1
-1
-1
-1
-1
-1
-1
-1
-1
-1
-1
-1
-1
-1
-1
-1
-1
-1
-1
-1
-1
-1
-1
-1
-1
-1
-1
-1
-1
-1
-1
-1
-1
-1
-1
-1
-1
-1
-1
-1
-1
-1
-1
-1
-1
-1
-1
-1
-1
-1
-1
-1
-1
-1
-1
-1
-1
-1
-1
-1
-1
-1
-1
-1
-1
-1
-1
-1
-1
-1
-1
-1
-1
-1
-1
-1
-1
-1
-1
-1
-1
-1
-1
-1
-1
-1
-1
-1
-1
-1
-1
-1
-1
-1
-1
-1
-1
-1
-1
-1
-1
-1
-1
-1
-1
-1
-1
-1
-1
-1
-1
-1
-1
-1
-1
-1
-1
-1
-1
-1
-1
-1
-1
-1
-1
-1
-1
-1
-1
-1
-1
-1
-1
-1
-1
-1
-1
-1
-1
-1
-1
-1
-1
-1
-1
-1
-1
-1
-1
-1
-1
-1
-1
-1
-1
-1
-1
-1
-1
-1
-1
-1
-1
-1
-1
-1
-1
-1
-1
-1
-1
-1
-1
-1
-1
-1
-1
-1
-1
-1
-1
-1
-1
-1
-1
-1
-1
-1
-1
-1
-1
-1
-1
-1
-1
-1
-1
-1
-1
-1
-1
-1
-1
-1
-1
-1
-1
-1
-1
-1
-1
-1
-1
-1
-1
-1
-1
-1
-1
-1
-1
-1
-1
-1
-1
-1
-1
-1
-1
-1
-1
-1
-1
-1
-1
-1
-1
-1
-1
-1
-1
-1
-1
-1
-1
-1
-1
-1
-1
-1
-1
-1
-1
-1
-1
-1
-1
-1
-1
-1
-1
-1
-1
-1
-1
-1
-1
-1
-1
-1
-1
-1
-1
-1
-1
-1
-1
-1
-1
-1
-1
-1
-1
-1
-1
-1
-1
-1
-1
-1
-1
-1
-1
-1
-1
-1
-1
-1
-1
-1
-1
-1
-1
-1
-1
-1
-1
-1
-1
-1
-1
-1
-1
-1
-1
-1
-1
-1
-1
-1
-1
-1
-1
-1
