0 9 26
0 30 45
2 10 26
2 11 26
2 12 26
2 13 26
2 14 26
2 15 26
2 16 26
2 17 26
2 18 26
2 19 26
2 20 26
2 21 26
2 22 26
2 23 26
2 24 26
2 25 26
2 26 26
2 27 26
2 28 26
2 29 26
5 30 26
1 30 27
1 30 28
1 30 29
1 30 30
1 30 31
1 30 32
1 30 33
1 30 34
1 30 35
1 30 36
1 30 37
1 30 38
1 30 39
1 30 40
1 30 41
1 30 42
1 30 43
1 30 44
-1
-1
-1
-1
-1
-1
-1
-1
-1
-1
-1
-1
-1
-1
-1
-1
-1
-1
-1
-1
-1
-1
-1
-1
-1
-1
-1
-1
-1
-1
-1
-1
-1
-1
-1
-1
-1
-1
-1
-1
-1
-1
-1
-1
-1
-1
-1
-1
-1
-1
-1
-1
-1
-1
-1
-1
-1
-1
-1
-1
-1
-1
-1
-1
-1
-1
-1
-1
-1
0 0 26
2 1 26
2 2 26
2 3 26
2 4 26
2 5 26
2 6 26
2 7 26
2 8 26
-1
-1
-1
-1
-1
-1
-1
-1
-1
-1
-1
-1
-1
-1
-1
-1
-1
-1
-1
-1
-1
-1
-1
-1
-1
-1
-1
-1
-1
-1
0 9 14
1 9 15
1 9 16
1 9 17
1 9 18
1 9 19
1 9 20
1 9 21
1 9 22
1 9 23
1 9 24
1 9 25
-1
-1
-1
-1
-1
-1
-1
-1
-1
-1
-1
-1
-1
-1
-1
-1
-1
-1
0 11 2
2 10 14
4 11 14
1 11 13
1 11 12
1 11 11
1 11 10
1 11 9
1 11 8
1 11 7
1 11 6
1 11 5
1 11 4
1 11 3
-1
-1
-1
-1
-1
-1
-1
-1
-1
-1
0 39 43
2 31 45
2 32 45
2 33 45
2 34 45
2 35 45
2 36 45
2 37 45
2 38 45
4 39 45
1 39 44
-1
-1
-1
-1
-1
0 40 49
5 40 43
1 40 44
1 40 45
1 40 46
1 40 47
1 40 48
-1
-1
-1
-1
0 14 0
2 12 2
2 13 2
4 14 2
1 14 1
-1
-1
-1
-1
-1
0 23 46
2 24 46
2 25 46
2 26 46
2 27 46
2 28 46
2 29 46
4 30 46
-1
0 37 40
2 38 40
5 39 40
1 39 41
1 39 42
-1
-1
0 34 43
2 35 43
2 36 43
2 37 43
2 38 43
-1
-1
0 20 1
2 15 0
2 16 0
2 17 0
2 18 0
2 19 0
5 20 0
0 2 14
2 3 14
2 4 14
2 5 14
2 6 14
2 7 14
2 8 14
0 18 47
2 19 47
2 20 47
2 21 47
2 22 47
4 23 47
0 34 37
2 35 37
2 36 37
5 37 37
1 37 38
1 37 39
0 30 3
2 21 1
2 22 1
2 23 1
2 24 1
2 25 1
2 26 1
2 27 1
2 28 1
2 29 1
5 30 1
1 30 2
0 22 38
5 23 38
1 23 39
1 23 40
1 23 41
1 23 42
1 23 43
1 23 44
1 23 45
0 13 47
2 14 47
2 15 47
2 16 47
2 17 47
0 17 34
2 18 34
2 19 34
2 20 34
2 21 34
5 22 34
1 22 35
1 22 36
1 22 37
0 12 32
2 13 32
2 14 32
2 15 32
2 16 32
5 17 32
1 17 33
0 26 14
2 27 14
2 28 14
2 29 14
4 30 14
1 30 13
1 30 12
1 30 11
1 30 10
1 30 9
1 30 8
1 30 7
1 30 6
1 30 5
1 30 4
0 25 18
4 26 18
1 26 17
1 26 16
1 26 15
0 17 18
2 18 18
2 19 18
2 20 18
2 21 18
2 22 18
2 23 18
2 24 18
0 14 22
2 15 22
2 16 22
4 17 22
1 17 21
1 17 20
1 17 19
0 10 21
2 11 21
2 12 21
2 13 21
5 14 21
0 35 49
2 36 49
2 37 49
2 38 49
2 39 49
0 32 40
2 33 40
2 34 40
2 35 40
2 36 40
0 43 47
2 41 49
2 42 49
4 43 49
1 43 48
0 7 1
2 8 1
2 9 1
2 10 1
5 11 1
0 8 36
2 9 36
2 10 36
2 11 36
4 12 36
1 12 35
1 12 34
1 12 33
0 5 27
2 6 27
2 7 27
2 8 27
4 9 27
-1
-1
-1
-1
-1
-1
-1
-1
-1
-1
-1
-1
-1
-1
-1
-1
-1
-1
-1
-1
-1
-1
-1
-1
-1
-1
-1
-1
-1
-1
-1
-1
-1
-1
-1
-1
-1
-1
-1
-1
-1
-1
-1
-1
-1
-1
-1
-1
-1
-1
-1
-1
-1
-1
-1
-1
-1
-1
-1
-1
-1
-1
-1
-1
-1
-1
-1
-1
-1
-1
-1
-1
-1
-1
-1
-1
-1
-1
-1
-1
-1
-1
-1
-1
-1
-1
-1
-1
-1
-1
-1
-1
-1
-1
-1
-1
-1
-1
-1
-1
-1
-1
-1
-1
-1
-1
-1
-1
-1
-1
-1
-1
-1
-1
-1
-1
-1
-1
-1
-1
-1
-1
-1
-1
-1
-1
-1
-1
-1
-1
-1
-1
-1
-1
-1
-1
-1
-1
-1
-1
-1
-1
-1
-1
-1
-1
-1
-1
-1
-1
-1
-1
-1
-1
-1
-1
-1
-1
-1
-1
-1
-1
-1
-1
-1
-1
-1
-1
-1
-1
-1
-1
-1
-1
-1
-1
-1
-1
-1
-1
-1
-1
-1
-1
-1
-1
-1
-1
-1
-1
-1
-1
-1
-1
-1
-1
-1
-1
-1
-1
-1
-1
-1
-1
-1
-1
-1
-1
-1
-1
-1
-1
-1
-1
-1
-1
-1
-1
-1
-1
-1
-1
-1
-1
-1
-1
-1
-1
-1
-1
-1
-1
-1
-1
-1
-1
-1
-1
-1
-1
-1
-1
-1
-1
-1
-1
-1
-1
-1
-1
-1
-1
-1
-1
-1
-1
-1
-1
-1
-1
-1
-1
-1
-1
-1
-1
-1
-1
-1
-1
-1
-1
-1
-1
-1
-1
-1
-1
-1
-1
-1
-1
-1
-1
-1
-1
-1
-1
-1
-1
-1
-1
-1
-1
-1
-1
-1
-1
-1
-1
-1
-1
-1
-1
-1
-1
-1
-1
-1
-1
-1
-1
-1
-1
-1
-1
-1
-1
-1
-1
-1
-1
-1
-1
-1
-1
-1
-1
-1
-1
-1
-1
-1
-1
-1
-1
-1
-1
-1
-1
-1
-1
-1
-1
-1
-1
-1
-1
-1
-1
-1
-1
-1
-1
-1
-1
-1
-1
-1
-1
-1
-1
-1
-1
-1
-1
-1
-1
-1
-1
-1
-1
-1
-1
-1
-1
-1
-1
-1
-1
-1
-1
-1
-1
-1
-1
-1
-1
-1
-1
-1
-1
-1
-1
-1
-1
