0 19 28
0 37 43
2 20 28
2 21 28
2 22 28
2 23 28
2 24 28
2 25 28
2 26 28
2 27 28
2 28 28
2 29 28
2 30 28
2 31 28
2 32 28
2 33 28
2 34 28
2 35 28
2 36 28
5 37 28
1 37 29
1 37 30
1 37 31
1 37 32
1 37 33
1 37 34
1 37 35
1 37 36
1 37 37
1 37 38
1 37 39
1 37 40
1 37 41
1 37 42
-1
-1
-1
-1
-1
-1
-1
-1
-1
-1
-1
-1
-1
-1
-1
-1
-1
-1
-1
-1
-1
-1
-1
-1
-1
-1
-1
-1
-1
-1
-1
-1
-1
-1
-1
-1
-1
-1
-1
-1
-1
-1
-1
-1
-1
-1
-1
-1
-1
-1
-1
-1
-1
-1
-1
-1
-1
-1
-1
-1
-1
-1
-1
-1
-1
-1
-1
-1
-1
-1
-1
-1
-1
-1
-1
-1
-1
-1
-1
-1
0 3 31
2 4 31
2 5 31
2 6 31
2 7 31
2 8 31
2 9 31
2 10 31
2 11 31
2 12 31
2 13 31
2 14 31
2 15 31
2 16 31
2 17 31
2 18 31
4 19 31
1 19 30
1 19 29
-1
-1
-1
-1
-1
-1
-1
-1
-1
-1
-1
-1
-1
-1
-1
-1
-1
-1
-1
-1
-1
-1
-1
-1
-1
-1
-1
-1
-1
-1
-1
-1
-1
-1
-1
-1
-1
-1
-1
-1
-1
-1
-1
-1
-1
-1
-1
-1
-1
-1
-1
-1
-1
-1
-1
-1
-1
-1
-1
-1
-1
-1
-1
-1
-1
-1
-1
-1
-1
-1
-1
-1
0 40 6
2 38 43
2 39 43
4 40 43
1 40 42
1 40 41
1 40 40
1 40 39
1 40 38
1 40 37
1 40 36
1 40 35
1 40 34
1 40 33
1 40 32
1 40 31
1 40 30
1 40 29
1 40 28
1 40 27
1 40 26
1 40 25
1 40 24
1 40 23
1 40 22
1 40 21
1 40 20
1 40 19
1 40 18
1 40 17
1 40 16
1 40 15
1 40 14
1 40 13
1 40 12
1 40 11
1 40 10
1 40 9
1 40 8
1 40 7
-1
-1
-1
-1
-1
0 13 28
2 14 28
2 15 28
2 16 28
2 17 28
2 18 28
-1
-1
-1
-1
-1
-1
-1
-1
-1
-1
-1
-1
-1
-1
-1
-1
-1
-1
0 29 6
2 30 6
2 31 6
2 32 6
2 33 6
2 34 6
2 35 6
2 36 6
2 37 6
2 38 6
2 39 6
-1
-1
-1
-1
-1
-1
-1
-1
-1
0 29 16
1 29 15
1 29 14
1 29 13
1 29 12
1 29 11
1 29 10
1 29 9
1 29 8
1 29 7
-1
-1
-1
-1
-1
-1
0 32 12
2 30 16
2 31 16
4 32 16
1 32 15
1 32 14
1 32 13
-1
-1
-1
-1
-1
-1
-1
-1
-1
0 25 45
2 26 45
2 27 45
2 28 45
2 29 45
2 30 45
2 31 45
2 32 45
2 33 45
2 34 45
2 35 45
2 36 45
4 37 45
1 37 44
0 18 46
2 19 46
2 20 46
2 21 46
2 22 46
2 23 46
2 24 46
4 25 46
-1
-1
-1
-1
0 42 17
2 41 6
5 42 6
1 42 7
1 42 8
1 42 9
1 42 10
1 42 11
1 42 12
1 42 13
1 42 14
1 42 15
1 42 16
0 8 15
2 9 15
2 10 15
2 11 15
2 12 15
5 13 15
1 13 16
1 13 17
1 13 18
1 13 19
1 13 20
1 13 21
1 13 22
1 13 23
1 13 24
1 13 25
1 13 26
1 13 27
0 6 12
2 7 12
5 8 12
1 8 13
1 8 14
0 24 16
2 25 16
2 26 16
2 27 16
2 28 16
0 23 22
4 24 22
1 24 21
1 24 20
1 24 19
1 24 18
1 24 17
0 19 16
2 20 16
2 21 16
2 22 16
2 23 16
0 31 43
2 32 43
2 33 43
2 34 43
2 35 43
2 36 43
0 2 14
2 3 14
2 4 14
2 5 14
4 6 14
1 6 13
0 28 40
2 29 40
2 30 40
5 31 40
1 31 41
1 31 42
0 43 11
4 43 17
1 43 16
1 43 15
1 43 14
1 43 13
1 43 12
0 29 23
1 29 22
1 29 21
1 29 20
1 29 19
1 29 18
1 29 17
0 47 13
2 44 11
2 45 11
2 46 11
5 47 11
1 47 12
0 23 6
2 24 6
2 25 6
2 26 6
2 27 6
2 28 6
0 23 1
1 23 2
1 23 3
1 23 4
1 23 5
0 27 0
2 24 1
2 25 1
2 26 1
4 27 1
0 36 21
2 30 23
2 31 23
2 32 23
2 33 23
2 34 23
2 35 23
4 36 23
1 36 22
0 25 38
2 26 38
2 27 38
5 28 38
1 28 39
0 0 33
2 1 33
2 2 33
4 3 33
1 3 32
0 32 20
2 33 20
2 34 20
2 35 20
5 36 20
0 8 44
2 9 44
2 10 44
2 11 44
2 12 44
2 13 44
2 14 44
2 15 44
2 16 44
2 17 44
5 18 44
1 18 45
0 6 6
1 6 7
1 6 8
1 6 9
1 6 10
1 6 11
-1
-1
-1
-1
-1
-1
-1
-1
-1
-1
-1
-1
-1
-1
-1
-1
-1
-1
-1
-1
-1
-1
-1
-1
-1
-1
-1
-1
-1
-1
-1
-1
-1
-1
-1
-1
-1
-1
-1
-1
-1
-1
-1
-1
-1
-1
-1
-1
-1
-1
-1
-1
-1
-1
-1
-1
-1
-1
-1
-1
-1
-1
-1
-1
-1
-1
-1
-1
-1
-1
-1
-1
-1
-1
-1
-1
-1
-1
-1
-1
-1
-1
-1
-1
-1
-1
-1
-1
-1
-1
-1
-1
-1
-1
-1
-1
-1
-1
-1
-1
-1
-1
-1
-1
-1
-1
-1
-1
-1
-1
-1
-1
-1
-1
-1
-1
-1
-1
-1
-1
-1
-1
-1
-1
-1
-1
-1
-1
-1
-1
-1
-1
-1
-1
-1
-1
-1
-1
-1
-1
-1
-1
-1
-1
-1
-1
-1
-1
-1
-1
-1
-1
-1
-1
-1
-1
-1
-1
-1
-1
-1
-1
-1
-1
-1
-1
-1
-1
-1
-1
-1
-1
-1
-1
-1
-1
-1
-1
-1
-1
-1
-1
-1
-1
-1
-1
-1
-1
-1
-1
-1
-1
-1
-1
-1
-1
-1
-1
-1
-1
-1
-1
-1
-1
-1
-1
-1
-1
-1
-1
-1
-1
-1
-1
-1
-1
-1
-1
-1
-1
-1
-1
-1
-1
-1
-1
-1
-1
-1
-1
-1
-1
-1
-1
-1
-1
-1
-1
-1
-1
-1
-1
-1
-1
-1
-1
-1
-1
-1
-1
-1
-1
-1
-1
-1
-1
-1
-1
-1
-1
-1
-1
-1
-1
-1
-1
-1
-1
-1
-1
-1
-1
-1
-1
-1
-1
-1
-1
-1
-1
-1
-1
-1
-1
-1
-1
-1
-1
-1
-1
-1
-1
-1
-1
-1
-1
-1
-1
-1
