0 17 3
0 25 33
2 18 3
2 19 3
2 20 3
2 21 3
2 22 3
2 23 3
2 24 3
5 25 3
1 25 4
1 25 5
1 25 6
1 25 7
1 25 8
1 25 9
1 25 10
1 25 11
1 25 12
1 25 13
1 25 14
1 25 15
1 25 16
1 25 17
1 25 18
1 25 19
1 25 20
1 25 21
1 25 22
1 25 23
1 25 24
1 25 25
1 25 26
1 25 27
1 25 28
1 25 29
1 25 30
1 25 31
1 25 32
-1
-1
-1
-1
-1
-1
-1
-1
-1
-1
-1
-1
-1
-1
0 30 32
2 26 33
2 27 33
2 28 33
2 29 33
4 30 33
-1
-1
-1
-1
-1
-1
-1
-1
-1
-1
-1
-1
-1
-1
-1
-1
-1
-1
-1
-1
-1
-1
-1
-1
-1
-1
-1
-1
-1
-1
-1
-1
-1
-1
-1
-1
-1
-1
-1
-1
-1
-1
-1
-1
-1
-1
-1
-1
-1
-1
-1
-1
-1
-1
-1
-1
-1
-1
-1
-1
-1
0 42 14
2 31 32
2 32 32
2 33 32
2 34 32
2 35 32
2 36 32
2 37 32
2 38 32
2 39 32
2 40 32
2 41 32
4 42 32
1 42 31
1 42 30
1 42 29
1 42 28
1 42 27
1 42 26
1 42 25
1 42 24
1 42 23
1 42 22
1 42 21
1 42 20
1 42 19
1 42 18
1 42 17
1 42 16
1 42 15
-1
-1
-1
-1
-1
-1
-1
-1
-1
-1
-1
0 25 41
1 25 40
1 25 39
1 25 38
1 25 37
1 25 36
1 25 35
1 25 34
-1
-1
-1
-1
-1
-1
-1
-1
-1
-1
-1
-1
-1
-1
-1
-1
-1
-1
-1
-1
-1
0 5 41
2 6 41
2 7 41
2 8 41
2 9 41
2 10 41
2 11 41
2 12 41
2 13 41
2 14 41
2 15 41
2 16 41
2 17 41
2 18 41
2 19 41
2 20 41
2 21 41
2 22 41
2 23 41
2 24 41
-1
-1
-1
-1
-1
0 5 24
1 5 25
1 5 26
1 5 27
1 5 28
1 5 29
1 5 30
1 5 31
1 5 32
1 5 33
1 5 34
1 5 35
1 5 36
1 5 37
1 5 38
1 5 39
1 5 40
0 2 22
2 3 22
2 4 22
5 5 22
1 5 23
-1
-1
-1
-1
-1
-1
-1
-1
-1
0 2 13
1 2 14
1 2 15
1 2 16
1 2 17
1 2 18
1 2 19
1 2 20
1 2 21
-1
-1
-1
0 21 44
2 22 44
2 23 44
2 24 44
4 25 44
1 25 43
1 25 42
-1
-1
-1
-1
-1
0 29 21
5 30 21
1 30 22
1 30 23
1 30 24
1 30 25
1 30 26
1 30 27
1 30 28
1 30 29
1 30 30
1 30 31
0 15 6
2 16 6
4 17 6
1 17 5
1 17 4
-1
-1
-1
0 27 26
2 28 26
4 29 26
1 29 25
1 29 24
1 29 23
1 29 22
-1
-1
0 37 40
2 26 41
2 27 41
2 28 41
2 29 41
2 30 41
2 31 41
2 32 41
2 33 41
2 34 41
2 35 41
2 36 41
4 37 41
0 42 42
2 38 40
2 39 40
2 40 40
2 41 40
5 42 40
1 42 41
0 44 11
2 43 14
4 44 14
1 44 13
1 44 12
0 26 10
2 27 10
2 28 10
5 29 10
1 29 11
1 29 12
1 29 13
1 29 14
1 29 15
1 29 16
1 29 17
1 29 18
1 29 19
1 29 20
0 26 2
1 26 3
1 26 4
1 26 5
1 26 6
1 26 7
1 26 8
1 26 9
0 14 45
2 15 45
2 16 45
2 17 45
2 18 45
2 19 45
2 20 45
4 21 45
0 20 33
2 21 33
2 22 33
2 23 33
2 24 33
0 38 9
2 39 9
2 40 9
2 41 9
2 42 9
2 43 9
5 44 9
1 44 10
0 8 1
2 9 1
2 10 1
2 11 1
2 12 1
2 13 1
2 14 1
2 15 1
2 16 1
5 17 1
1 17 2
0 22 1
2 23 1
2 24 1
2 25 1
5 26 1
0 9 45
2 10 45
2 11 45
2 12 45
2 13 45
0 12 3
2 13 3
2 14 3
2 15 3
2 16 3
0 17 43
2 18 43
2 19 43
2 20 43
5 21 43
-1
-1
-1
-1
-1
-1
-1
-1
-1
-1
-1
-1
-1
-1
-1
-1
-1
-1
-1
-1
-1
-1
-1
-1
-1
-1
-1
-1
-1
-1
-1
-1
-1
-1
-1
-1
-1
-1
-1
-1
-1
-1
-1
-1
-1
-1
-1
-1
-1
-1
-1
-1
-1
-1
-1
-1
-1
-1
-1
-1
-1
-1
-1
-1
-1
-1
-1
-1
-1
-1
-1
-1
-1
-1
-1
-1
-1
-1
-1
-1
-1
-1
-1
-1
-1
-1
-1
-1
-1
-1
-1
-1
-1
-1
-1
-1
-1
-1
-1
-1
-1
-1
-1
-1
-1
-1
-1
-1
-1
-1
-1
-1
-1
-1
-1
-1
-1
-1
-1
-1
-1
-1
-1
-1
-1
-1
-1
-1
-1
-1
-1
-1
-1
-1
-1
-1
-1
-1
-1
-1
-1
-1
-1
-1
-1
-1
-1
-1
-1
-1
-1
-1
-1
-1
-1
-1
-1
-1
-1
-1
-1
-1
-1
-1
-1
-1
-1
-1
-1
-1
-1
-1
-1
-1
-1
-1
-1
-1
-1
-1
-1
-1
-1
-1
-1
-1
-1
-1
-1
-1
-1
-1
-1
-1
-1
-1
-1
-1
-1
-1
-1
-1
-1
-1
-1
-1
-1
-1
-1
-1
-1
-1
-1
-1
-1
-1
-1
-1
-1
-1
-1
-1
-1
-1
-1
-1
-1
-1
-1
-1
-1
-1
-1
-1
-1
-1
-1
-1
-1
-1
-1
-1
-1
-1
-1
-1
-1
-1
-1
-1
-1
-1
-1
-1
-1
-1
-1
-1
-1
-1
-1
-1
-1
-1
-1
-1
-1
-1
-1
-1
-1
-1
-1
-1
-1
-1
-1
-1
-1
-1
-1
-1
-1
-1
-1
-1
-1
-1
-1
-1
-1
-1
-1
-1
-1
-1
-1
-1
-1
-1
-1
-1
-1
-1
-1
-1
-1
-1
-1
-1
-1
-1
-1
-1
-1
-1
-1
-1
-1
-1
-1
-1
-1
-1
-1
-1
-1
-1
-1
-1
-1
-1
-1
-1
-1
-1
-1
-1
-1
-1
-1
-1
-1
-1
-1
-1
-1
-1
-1
-1
-1
-1
-1
-1
-1
-1
-1
-1
-1
-1
-1
-1
-1
-1
-1
-1
-1
-1
-1
-1
-1
-1
-1
-1
-1
-1
-1
-1
-1
-1
-1
-1
-1
-1
-1
-1
-1
-1
-1
-1
-1
-1
-1
-1
-1
-1
-1
-1
-1
-1
-1
-1
