0 1 34
0 31 8
2 2 34
2 3 34
2 4 34
2 5 34
2 6 34
2 7 34
2 8 34
2 9 34
2 10 34
2 11 34
2 12 34
2 13 34
2 14 34
2 15 34
2 16 34
2 17 34
2 18 34
2 19 34
2 20 34
2 21 34
2 22 34
2 23 34
2 24 34
2 25 34
2 26 34
2 27 34
2 28 34
2 29 34
2 30 34
4 31 34
1 31 33
1 31 32
1 31 31
1 31 30
1 31 29
1 31 28
1 31 27
1 31 26
1 31 25
1 31 24
1 31 23
1 31 22
1 31 21
1 31 20
1 31 19
1 31 18
1 31 17
1 31 16
1 31 15
1 31 14
1 31 13
1 31 12
1 31 11
1 31 10
1 31 9
-1
-1
-1
-1
-1
-1
-1
-1
-1
-1
-1
-1
-1
-1
-1
-1
-1
-1
-1
-1
-1
-1
-1
-1
-1
-1
-1
-1
-1
-1
-1
-1
-1
-1
-1
-1
-1
-1
-1
0 1 39
1 1 38
1 1 37
1 1 36
1 1 35
-1
-1
-1
-1
-1
-1
-1
-1
-1
-1
-1
-1
-1
-1
-1
-1
-1
-1
-1
-1
-1
-1
-1
-1
-1
-1
-1
-1
-1
0 38 8
2 32 8
2 33 8
2 34 8
2 35 8
2 36 8
2 37 8
-1
-1
-1
-1
-1
-1
-1
-1
-1
-1
-1
-1
-1
-1
-1
-1
-1
-1
-1
-1
-1
0 35 21
2 36 21
2 37 21
4 38 21
1 38 20
1 38 19
1 38 18
1 38 17
1 38 16
1 38 15
1 38 14
1 38 13
1 38 12
1 38 11
1 38 10
1 38 9
-1
-1
-1
-1
0 39 4
4 39 8
1 39 7
1 39 6
1 39 5
-1
-1
-1
-1
-1
-1
-1
-1
-1
0 33 27
2 34 27
4 35 27
1 35 26
1 35 25
1 35 24
1 35 23
1 35 22
-1
-1
-1
-1
-1
0 33 36
1 33 35
1 33 34
1 33 33
1 33 32
1 33 31
1 33 30
1 33 29
1 33 28
-1
0 36 2
2 37 2
2 38 2
5 39 2
1 39 3
-1
-1
-1
-1
0 22 8
2 23 8
2 24 8
2 25 8
2 26 8
2 27 8
2 28 8
2 29 8
2 30 8
0 16 10
2 17 10
2 18 10
2 19 10
2 20 10
2 21 10
4 22 10
1 22 9
0 3 13
2 4 13
2 5 13
2 6 13
2 7 13
2 8 13
2 9 13
2 10 13
2 11 13
2 12 13
2 13 13
2 14 13
2 15 13
4 16 13
1 16 12
1 16 11
0 0 22
2 1 22
2 2 22
4 3 22
1 3 21
1 3 20
1 3 19
1 3 18
1 3 17
1 3 16
1 3 15
1 3 14
0 33 42
1 33 41
1 33 40
1 33 39
1 33 38
1 33 37
0 28 42
2 29 42
2 30 42
2 31 42
2 32 42
0 32 1
2 33 1
2 34 1
2 35 1
5 36 1
0 0 28
1 0 27
1 0 26
1 0 25
1 0 24
1 0 23
0 4 27
2 1 28
2 2 28
2 3 28
4 4 28
0 8 29
2 5 27
2 6 27
2 7 27
5 8 27
1 8 28
0 7 33
4 8 33
1 8 32
1 8 31
1 8 30
0 12 31
2 9 29
2 10 29
2 11 29
5 12 29
1 12 30
0 14 4
2 15 4
5 16 4
1 16 5
1 16 6
1 16 7
1 16 8
1 16 9
0 27 4
2 28 4
2 29 4
2 30 4
5 31 4
1 31 5
1 31 6
1 31 7
0 21 4
5 22 4
1 22 5
1 22 6
1 22 7
0 34 15
5 35 15
1 35 16
1 35 17
1 35 18
1 35 19
1 35 20
0 27 47
4 28 47
1 28 46
1 28 45
1 28 44
1 28 43
0 1 8
2 2 8
5 3 8
1 3 9
1 3 10
1 3 11
1 3 12
0 10 5
2 11 5
2 12 5
2 13 5
4 14 5
0 10 10
1 10 9
1 10 8
1 10 7
1 10 6
0 34 32
4 34 36
1 34 35
1 34 34
1 34 33
0 46 5
2 40 4
2 41 4
2 42 4
2 43 4
2 44 4
2 45 4
5 46 4
0 13 22
4 13 31
1 13 30
1 13 29
1 13 28
1 13 27
1 13 26
1 13 25
1 13 24
1 13 23
0 11 19
2 12 19
5 13 19
1 13 20
1 13 21
0 5 19
2 6 19
2 7 19
2 8 19
2 9 19
2 10 19
0 17 24
2 14 22
2 15 22
2 16 22
5 17 22
1 17 23
0 35 6
2 36 6
2 37 6
5 38 6
1 38 7
0 20 22
2 18 24
2 19 24
4 20 24
1 20 23
0 26 18
2 21 22
2 22 22
2 23 22
2 24 22
2 25 22
4 26 22
1 26 21
1 26 20
1 26 19
0 29 16
2 27 18
2 28 18
4 29 18
1 29 17
0 30 20
5 30 16
1 30 17
1 30 18
1 30 19
0 28 24
2 29 24
4 30 24
1 30 23
1 30 22
1 30 21
0 44 32
2 35 32
2 36 32
2 37 32
2 38 32
2 39 32
2 40 32
2 41 32
2 42 32
2 43 32
0 44 24
1 44 25
1 44 26
1 44 27
1 44 28
1 44 29
1 44 30
1 44 31
0 43 20
5 44 20
1 44 21
1 44 22
1 44 23
0 43 37
4 44 37
1 44 36
1 44 35
1 44 34
1 44 33
0 39 24
2 40 24
2 41 24
2 42 24
2 43 24
0 38 28
4 39 28
1 39 27
1 39 26
1 39 25
0 18 18
2 19 18
5 20 18
1 20 19
1 20 20
1 20 21
0 15 16
2 16 16
2 17 16
5 18 16
1 18 17
0 12 1
2 13 1
5 14 1
1 14 2
1 14 3
0 42 13
5 43 13
1 43 14
1 43 15
1 43 16
1 43 17
1 43 18
1 43 19
-1
-1
-1
-1
-1
-1
-1
-1
-1
-1
-1
-1
-1
-1
-1
-1
-1
-1
-1
-1
-1
-1
-1
-1
-1
-1
-1
-1
-1
-1
-1
-1
-1
-1
-1
-1
-1
-1
-1
-1
-1
-1
-1
-1
-1
-1
-1
-1
-1
-1
-1
-1
-1
-1
-1
-1
-1
-1
-1
-1
-1
-1
-1
-1
-1
-1
-1
-1
-1
-1
-1
-1
-1
-1
-1
-1
-1
-1
-1
-1
-1
-1
-1
-1
-1
-1
-1
-1
-1
-1
-1
-1
-1
-1
-1
-1
-1
-1
-1
-1
-1
-1
-1
-1
-1
-1
-1
-1
-1
-1
-1
-1
-1
-1
-1
-1
-1
-1
-1
-1
-1
-1
-1
-1
-1
-1
-1
-1
-1
-1
-1
-1
-1
-1
-1
-1
-1
-1
-1
-1
-1
-1
-1
-1
-1
-1
-1
-1
-1
-1
-1
-1
-1
-1
-1
-1
-1
-1
-1
-1
-1
-1
-1
-1
-1
-1
-1
-1
-1
-1
-1
-1
-1
-1
-1
-1
-1
-1
-1
-1
-1
-1
-1
-1
-1
-1
-1
-1
-1
-1
-1
-1
-1
-1
-1
-1
-1
-1
-1
-1
-1
-1
-1
-1
-1
-1
-1
-1
-1
-1
-1
-1
-1
-1
-1
-1
-1
-1
-1
-1
-1
-1
-1
-1
-1
-1
-1
-1
-1
-1
-1
-1
-1
-1
-1
-1
-1
-1
-1
-1
-1
-1
-1
-1
-1
-1
-1
-1
-1
-1
-1
-1
-1
-1
-1
-1
-1
-1
-1
-1
-1
-1
-1
-1
-1
-1
-1
-1
-1
-1
-1
-1
-1
-1
-1
-1
-1
-1
-1
-1
-1
-1
-1
-1
-1
-1
-1
-1
-1
-1
-1
-1
-1
-1
-1
-1
-1
