0 3 27
0 11 16
2 4 27
2 5 27
2 6 27
2 7 27
2 8 27
2 9 27
2 10 27
4 11 27
1 11 26
1 11 25
1 11 24
1 11 23
1 11 22
1 11 21
1 11 20
1 11 19
1 11 18
1 11 17
-1
-1
-1
-1
-1
-1
-1
-1
-1
-1
-1
-1
-1
-1
-1
-1
-1
-1
-1
-1
-1
-1
-1
-1
-1
-1
-1
-1
-1
-1
-1
-1
-1
-1
-1
-1
-1
-1
-1
-1
-1
-1
-1
-1
-1
-1
-1
-1
-1
-1
-1
-1
-1
-1
-1
-1
-1
-1
-1
-1
-1
-1
-1
-1
-1
-1
-1
-1
-1
-1
-1
-1
-1
-1
-1
-1
-1
-1
-1
-1
-1
-1
-1
-1
-1
-1
-1
-1
-1
-1
-1
-1
-1
-1
-1
-1
-1
-1
-1
-1
-1
-1
-1
-1
-1
0 24 11
2 12 16
2 13 16
2 14 16
2 15 16
2 16 16
2 17 16
2 18 16
2 19 16
2 20 16
2 21 16
2 22 16
2 23 16
4 24 16
1 24 15
1 24 14
1 24 13
1 24 12
-1
-1
-1
-1
-1
-1
-1
-1
-1
-1
-1
-1
-1
-1
-1
-1
-1
-1
-1
-1
-1
-1
-1
-1
-1
-1
-1
-1
-1
-1
-1
-1
-1
-1
-1
-1
-1
-1
-1
-1
-1
-1
-1
-1
-1
-1
-1
-1
-1
0 44 16
2 25 11
2 26 11
2 27 11
2 28 11
2 29 11
2 30 11
2 31 11
2 32 11
2 33 11
2 34 11
2 35 11
2 36 11
2 37 11
2 38 11
2 39 11
2 40 11
2 41 11
2 42 11
2 43 11
5 44 11
1 44 12
1 44 13
1 44 14
1 44 15
-1
-1
-1
-1
-1
-1
-1
-1
-1
0 24 6
1 24 7
1 24 8
1 24 9
1 24 10
-1
-1
-1
-1
-1
-1
-1
-1
-1
-1
-1
-1
-1
-1
-1
0 47 14
2 45 16
2 46 16
4 47 16
1 47 15
-1
-1
-1
-1
-1
-1
-1
-1
-1
-1
-1
-1
-1
-1
-1
-1
-1
-1
0 44 43
1 44 42
1 44 41
1 44 40
1 44 39
1 44 38
1 44 37
1 44 36
1 44 35
1 44 34
1 44 33
1 44 32
1 44 31
1 44 30
1 44 29
1 44 28
1 44 27
1 44 26
1 44 25
1 44 24
1 44 23
1 44 22
1 44 21
1 44 20
1 44 19
1 44 18
1 44 17
0 47 41
2 45 43
2 46 43
4 47 43
1 47 42
0 41 45
2 42 45
2 43 45
4 44 45
1 44 44
-1
-1
-1
-1
0 6 16
2 7 16
2 8 16
2 9 16
2 10 16
-1
-1
-1
-1
-1
-1
-1
0 29 42
2 30 42
2 31 42
2 32 42
2 33 42
2 34 42
2 35 42
2 36 42
2 37 42
2 38 42
2 39 42
2 40 42
5 41 42
1 41 43
1 41 44
0 29 48
1 29 47
1 29 46
1 29 45
1 29 44
1 29 43
0 6 21
1 6 20
1 6 19
1 6 18
1 6 17
0 10 23
2 7 21
2 8 21
2 9 21
5 10 21
1 10 22
0 8 26
2 9 26
4 10 26
1 10 25
1 10 24
0 35 16
2 36 16
2 37 16
2 38 16
2 39 16
2 40 16
2 41 16
2 42 16
2 43 16
0 3 10
2 4 10
2 5 10
5 6 10
1 6 11
1 6 12
1 6 13
1 6 14
1 6 15
0 29 7
2 25 6
2 26 6
2 27 6
2 28 6
5 29 6
0 10 11
5 11 11
1 11 12
1 11 13
1 11 14
1 11 15
0 29 36
1 29 37
1 29 38
1 29 39
1 29 40
1 29 41
0 34 36
2 30 36
2 31 36
2 32 36
2 33 36
0 36 47
2 37 47
2 38 47
2 39 47
2 40 47
4 41 47
1 41 46
0 1 24
2 2 24
5 3 24
1 3 25
1 3 26
0 38 33
2 35 36
2 36 36
2 37 36
4 38 36
1 38 35
1 38 34
0 39 26
4 39 33
1 39 32
1 39 31
1 39 30
1 39 29
1 39 28
1 39 27
0 8 8
2 9 8
5 10 8
1 10 9
1 10 10
0 45 36
2 46 36
5 47 36
1 47 37
1 47 38
1 47 39
1 47 40
0 1 16
2 2 16
2 3 16
2 4 16
2 5 16
0 5 6
2 6 6
2 7 6
5 8 6
1 8 7
0 24 36
2 25 36
2 26 36
2 27 36
2 28 36
0 29 31
1 29 32
1 29 33
1 29 34
1 29 35
0 27 26
2 28 26
5 29 26
1 29 27
1 29 28
1 29 29
1 29 30
0 34 41
1 34 40
1 34 39
1 34 38
1 34 37
0 39 41
2 35 41
2 36 41
2 37 41
2 38 41
0 16 6
2 17 6
2 18 6
2 19 6
2 20 6
2 21 6
2 22 6
2 23 6
0 48 45
5 48 41
1 48 42
1 48 43
1 48 44
0 46 48
2 47 48
4 48 48
1 48 47
1 48 46
-1
-1
-1
-1
-1
-1
-1
-1
-1
-1
-1
-1
-1
-1
-1
-1
-1
-1
-1
-1
-1
-1
-1
-1
-1
-1
-1
-1
-1
-1
-1
-1
-1
-1
-1
-1
-1
-1
-1
-1
-1
-1
-1
-1
-1
-1
-1
-1
-1
-1
-1
-1
-1
-1
-1
-1
-1
-1
-1
-1
-1
-1
-1
-1
-1
-1
-1
-1
-1
-1
-1
-1
-1
-1
-1
-1
-1
-1
-1
-1
-1
-1
-1
-1
-1
-1
-1
-1
-1
-1
-1
-1
-1
-1
-1
-1
-1
-1
-1
-1
-1
-1
-1
-1
-1
-1
-1
-1
-1
-1
-1
-1
-1
-1
-1
-1
-1
-1
-1
-1
-1
-1
-1
-1
-1
-1
-1
-1
-1
-1
-1
-1
-1
-1
-1
-1
-1
-1
-1
-1
-1
-1
-1
-1
-1
-1
-1
-1
-1
-1
-1
-1
-1
-1
-1
-1
-1
-1
-1
-1
-1
-1
-1
-1
-1
-1
-1
-1
-1
-1
-1
-1
-1
-1
-1
-1
-1
-1
-1
-1
-1
-1
-1
-1
-1
-1
-1
-1
-1
-1
-1
-1
-1
-1
-1
-1
-1
-1
-1
-1
-1
-1
-1
-1
-1
-1
-1
-1
-1
-1
-1
-1
-1
-1
-1
-1
-1
-1
-1
-1
-1
-1
-1
-1
-1
-1
-1
-1
-1
-1
-1
-1
-1
-1
-1
-1
-1
-1
-1
-1
-1
-1
-1
-1
-1
-1
-1
-1
-1
-1
-1
-1
-1
-1
-1
-1
-1
-1
-1
-1
-1
-1
-1
-1
-1
-1
-1
-1
-1
-1
-1
-1
-1
-1
-1
-1
-1
-1
-1
-1
-1
-1
-1
-1
-1
-1
-1
-1
-1
-1
-1
-1
-1
-1
-1
-1
-1
-1
-1
-1
-1
-1
-1
-1
-1
-1
