0 1 30
0 36 10
2 2 30
2 3 30
2 4 30
2 5 30
2 6 30
2 7 30
2 8 30
2 9 30
2 10 30
2 11 30
2 12 30
2 13 30
2 14 30
2 15 30
2 16 30
2 17 30
2 18 30
2 19 30
2 20 30
2 21 30
2 22 30
2 23 30
2 24 30
2 25 30
2 26 30
2 27 30
2 28 30
2 29 30
2 30 30
2 31 30
2 32 30
2 33 30
2 34 30
2 35 30
4 36 30
1 36 29
1 36 28
1 36 27
1 36 26
1 36 25
1 36 24
1 36 23
1 36 22
1 36 21
1 36 20
1 36 19
1 36 18
1 36 17
1 36 16
1 36 15
1 36 14
1 36 13
1 36 12
1 36 11
-1
-1
-1
-1
-1
-1
-1
-1
-1
-1
-1
-1
-1
-1
-1
-1
-1
-1
-1
-1
-1
-1
-1
0 30 9
2 31 9
2 32 9
2 33 9
2 34 9
2 35 9
5 36 9
-1
-1
-1
-1
-1
-1
-1
-1
-1
-1
-1
-1
-1
-1
-1
-1
-1
-1
-1
-1
-1
-1
-1
-1
-1
-1
-1
-1
-1
-1
-1
-1
-1
-1
-1
-1
-1
-1
-1
-1
-1
-1
0 1 3
1 1 4
1 1 5
1 1 6
1 1 7
1 1 8
1 1 9
1 1 10
1 1 11
1 1 12
1 1 13
1 1 14
1 1 15
1 1 16
1 1 17
1 1 18
1 1 19
1 1 20
1 1 21
1 1 22
1 1 23
1 1 24
1 1 25
1 1 26
1 1 27
1 1 28
1 1 29
-1
-1
-1
-1
-1
-1
-1
-1
-1
-1
-1
-1
-1
0 45 22
2 37 10
2 38 10
2 39 10
2 40 10
2 41 10
2 42 10
2 43 10
2 44 10
5 45 10
1 45 11
1 45 12
1 45 13
1 45 14
1 45 15
1 45 16
1 45 17
1 45 18
1 45 19
1 45 20
1 45 21
-1
-1
-1
-1
-1
0 27 2
2 28 2
2 29 2
5 30 2
1 30 3
1 30 4
1 30 5
1 30 6
1 30 7
1 30 8
-1
-1
-1
-1
-1
-1
-1
0 46 27
5 46 22
1 46 23
1 46 24
1 46 25
1 46 26
-1
-1
-1
-1
-1
-1
-1
-1
-1
-1
0 9 3
2 2 3
2 3 3
2 4 3
2 5 3
2 6 3
2 7 3
2 8 3
-1
-1
-1
-1
-1
-1
-1
-1
-1
-1
0 39 45
2 40 45
2 41 45
2 42 45
2 43 45
2 44 45
2 45 45
4 46 45
1 46 44
1 46 43
1 46 42
1 46 41
1 46 40
1 46 39
1 46 38
1 46 37
1 46 36
1 46 35
1 46 34
1 46 33
1 46 32
1 46 31
1 46 30
1 46 29
1 46 28
0 25 45
2 26 45
2 27 45
2 28 45
2 29 45
2 30 45
2 31 45
2 32 45
2 33 45
2 34 45
2 35 45
2 36 45
2 37 45
2 38 45
0 22 36
2 23 36
2 24 36
5 25 36
1 25 37
1 25 38
1 25 39
1 25 40
1 25 41
1 25 42
1 25 43
1 25 44
0 35 46
2 36 46
2 37 46
2 38 46
4 39 46
0 9 18
1 9 17
1 9 16
1 9 15
1 9 14
1 9 13
1 9 12
1 9 11
1 9 10
1 9 9
1 9 8
1 9 7
1 9 6
1 9 5
1 9 4
0 49 25
2 47 27
2 48 27
4 49 27
1 49 26
0 18 9
2 19 9
2 20 9
2 21 9
2 22 9
2 23 9
2 24 9
2 25 9
2 26 9
2 27 9
2 28 9
2 29 9
0 1 47
1 1 46
1 1 45
1 1 44
1 1 43
1 1 42
1 1 41
1 1 40
1 1 39
1 1 38
1 1 37
1 1 36
1 1 35
1 1 34
1 1 33
1 1 32
1 1 31
0 41 27
2 42 27
2 43 27
2 44 27
2 45 27
0 14 18
2 10 18
2 11 18
2 12 18
2 13 18
0 41 36
1 41 35
1 41 34
1 41 33
1 41 32
1 41 31
1 41 30
1 41 29
1 41 28
0 42 41
5 42 36
1 42 37
1 42 38
1 42 39
1 42 40
0 16 22
2 15 18
5 16 18
1 16 19
1 16 20
1 16 21
0 5 43
2 2 47
2 3 47
2 4 47
4 5 47
1 5 46
1 5 45
1 5 44
-1
-1
-1
-1
-1
-1
-1
-1
-1
-1
-1
-1
-1
-1
-1
-1
-1
-1
-1
-1
-1
-1
-1
-1
-1
-1
-1
-1
-1
-1
-1
-1
-1
-1
-1
-1
-1
-1
-1
-1
-1
-1
-1
-1
-1
-1
-1
-1
-1
-1
-1
-1
-1
-1
-1
-1
-1
-1
-1
-1
-1
-1
-1
-1
-1
-1
-1
-1
-1
-1
-1
-1
-1
-1
-1
-1
-1
-1
-1
-1
-1
-1
-1
-1
-1
-1
-1
-1
-1
-1
-1
-1
-1
-1
-1
-1
-1
-1
-1
-1
-1
-1
-1
-1
-1
-1
-1
-1
-1
-1
-1
-1
-1
-1
-1
-1
-1
-1
-1
-1
-1
-1
-1
-1
-1
-1
-1
-1
-1
-1
-1
-1
-1
-1
-1
-1
-1
-1
-1
-1
-1
-1
-1
-1
-1
-1
-1
-1
-1
-1
-1
-1
-1
-1
-1
-1
-1
-1
-1
-1
-1
-1
-1
-1
-1
-1
-1
-1
-1
-1
-1
-1
-1
-1
-1
-1
-1
-1
-1
-1
-1
-1
-1
-1
-1
-1
-1
-1
-1
-1
-1
-1
-1
-1
-1
-1
-1
-1
-1
-1
-1
-1
-1
-1
-1
-1
-1
-1
-1
-1
-1
-1
-1
-1
-1
-1
-1
-1
-1
-1
-1
-1
-1
-1
-1
-1
-1
-1
-1
-1
-1
-1
-1
-1
-1
-1
-1
-1
-1
-1
-1
-1
-1
-1
-1
-1
-1
-1
-1
-1
-1
-1
-1
-1
-1
-1
-1
-1
-1
-1
-1
-1
-1
-1
-1
-1
-1
-1
-1
-1
-1
-1
-1
-1
-1
-1
-1
-1
-1
-1
-1
-1
-1
-1
-1
-1
-1
-1
-1
-1
-1
-1
-1
-1
-1
-1
-1
-1
-1
-1
-1
-1
-1
-1
-1
-1
-1
-1
-1
-1
-1
-1
-1
-1
-1
-1
-1
-1
-1
-1
-1
-1
-1
-1
-1
-1
-1
-1
-1
-1
-1
-1
-1
-1
-1
-1
-1
-1
-1
-1
-1
-1
-1
-1
-1
-1
-1
-1
-1
-1
-1
-1
-1
-1
-1
-1
-1
-1
-1
-1
-1
-1
-1
-1
-1
-1
-1
-1
-1
-1
-1
-1
-1
-1
-1
-1
-1
-1
-1
-1
-1
-1
-1
-1
-1
-1
-1
-1
-1
-1
-1
-1
-1
-1
-1
-1
-1
-1
-1
-1
-1
-1
-1
-1
-1
-1
-1
-1
-1
-1
-1
