0 13 4
0 23 46
2 14 4
2 15 4
2 16 4
2 17 4
2 18 4
2 19 4
2 20 4
2 21 4
2 22 4
5 23 4
1 23 5
1 23 6
1 23 7
1 23 8
1 23 9
1 23 10
1 23 11
1 23 12
1 23 13
1 23 14
1 23 15
1 23 16
1 23 17
1 23 18
1 23 19
1 23 20
1 23 21
1 23 22
1 23 23
1 23 24
1 23 25
1 23 26
1 23 27
1 23 28
1 23 29
1 23 30
1 23 31
1 23 32
1 23 33
1 23 34
1 23 35
1 23 36
1 23 37
1 23 38
1 23 39
1 23 40
1 23 41
1 23 42
1 23 43
1 23 44
1 23 45
-1
-1
-1
-1
-1
-1
-1
-1
-1
0 3 11
2 4 11
2 5 11
2 6 11
2 7 11
2 8 11
2 9 11
2 10 11
2 11 11
2 12 11
4 13 11
1 13 10
1 13 9
1 13 8
1 13 7
1 13 6
1 13 5
-1
-1
-1
-1
-1
-1
-1
-1
-1
-1
-1
-1
-1
0 47 39
2 24 46
2 25 46
2 26 46
2 27 46
2 28 46
2 29 46
2 30 46
2 31 46
2 32 46
2 33 46
2 34 46
2 35 46
2 36 46
2 37 46
2 38 46
2 39 46
2 40 46
2 41 46
2 42 46
2 43 46
2 44 46
2 45 46
2 46 46
4 47 46
1 47 45
1 47 44
1 47 43
1 47 42
1 47 41
1 47 40
0 8 4
2 9 4
2 10 4
2 11 4
2 12 4
0 16 46
2 17 46
2 18 46
2 19 46
2 20 46
2 21 46
2 22 46
0 11 1
2 12 1
5 13 1
1 13 2
1 13 3
-1
0 45 36
2 46 36
5 47 36
1 47 37
1 47 38
-1
0 6 7
2 7 7
4 8 7
1 8 6
1 8 5
-1
0 39 39
2 40 39
2 41 39
2 42 39
2 43 39
2 44 39
2 45 39
2 46 39
0 6 46
2 7 46
2 8 46
2 9 46
2 10 46
2 11 46
2 12 46
2 13 46
2 14 46
2 15 46
0 48 43
5 48 39
1 48 40
1 48 41
1 48 42
0 2 17
4 3 17
1 3 16
1 3 15
1 3 14
1 3 13
1 3 12
0 36 42
2 37 42
2 38 42
4 39 42
1 39 41
1 39 40
0 11 45
2 12 45
2 13 45
2 14 45
2 15 45
5 16 45
0 3 38
2 4 38
2 5 38
5 6 38
1 6 39
1 6 40
1 6 41
1 6 42
1 6 43
1 6 44
1 6 45
0 45 47
2 46 47
2 47 47
4 48 47
1 48 46
1 48 45
1 48 44
0 5 1
2 6 1
2 7 1
5 8 1
1 8 2
1 8 3
0 34 45
2 35 45
4 36 45
1 36 44
1 36 43
0 29 44
2 30 44
2 31 44
2 32 44
2 33 44
5 34 44
0 2 34
5 3 34
1 3 35
1 3 36
1 3 37
0 0 40
2 1 40
2 2 40
4 3 40
1 3 39
0 1 7
2 2 7
2 3 7
2 4 7
2 5 7
0 45 30
1 45 31
1 45 32
1 45 33
1 45 34
1 45 35
0 2 27
1 2 28
1 2 29
1 2 30
1 2 31
1 2 32
1 2 33
0 17 26
2 3 27
2 4 27
2 5 27
2 6 27
2 7 27
2 8 27
2 9 27
2 10 27
2 11 27
2 12 27
2 13 27
2 14 27
2 15 27
2 16 27
4 17 27
0 11 22
2 12 22
2 13 22
2 14 22
2 15 22
2 16 22
5 17 22
1 17 23
1 17 24
1 17 25
0 10 17
5 11 17
1 11 18
1 11 19
1 11 20
1 11 21
0 7 15
2 8 15
2 9 15
5 10 15
1 10 16
0 19 18
2 18 26
4 19 26
1 19 25
1 19 24
1 19 23
1 19 22
1 19 21
1 19 20
1 19 19
0 34 38
2 35 38
2 36 38
2 37 38
2 38 38
5 39 38
0 20 48
2 21 48
2 22 48
4 23 48
1 23 47
0 26 41
2 27 41
2 28 41
5 29 41
1 29 42
1 29 43
0 9 40
2 10 40
5 11 40
1 11 41
1 11 42
1 11 43
1 11 44
0 0 46
2 1 46
2 2 46
2 3 46
2 4 46
2 5 46
0 12 26
2 13 26
2 14 26
2 15 26
2 16 26
0 34 33
1 34 34
1 34 35
1 34 36
1 34 37
0 2 3
2 3 3
2 4 3
4 5 3
1 5 2
0 19 12
1 19 13
1 19 14
1 19 15
1 19 16
1 19 17
0 17 9
2 18 9
5 19 9
1 19 10
1 19 11
0 6 22
2 7 22
2 8 22
2 9 22
2 10 22
0 37 28
2 35 33
2 36 33
4 37 33
1 37 32
1 37 31
1 37 30
1 37 29
0 40 47
2 41 47
2 42 47
2 43 47
2 44 47
0 37 49
2 38 49
2 39 49
4 40 49
1 40 48
0 32 49
2 33 49
2 34 49
2 35 49
2 36 49
0 27 49
2 28 49
2 29 49
2 30 49
2 31 49
0 22 10
2 20 12
2 21 12
4 22 12
1 22 11
0 22 16
2 20 18
2 21 18
4 22 18
1 22 17
0 43 26
2 44 26
5 45 26
1 45 27
1 45 28
1 45 29
-1
-1
-1
-1
-1
-1
-1
-1
-1
-1
-1
-1
-1
-1
-1
-1
-1
-1
-1
-1
-1
-1
-1
-1
-1
-1
-1
-1
-1
-1
-1
-1
-1
-1
-1
-1
-1
-1
-1
-1
-1
-1
-1
-1
-1
-1
-1
-1
-1
-1
-1
-1
-1
-1
-1
-1
-1
-1
-1
-1
-1
-1
-1
-1
-1
-1
-1
-1
-1
-1
-1
-1
-1
-1
-1
-1
-1
-1
-1
-1
-1
-1
-1
-1
-1
-1
-1
-1
-1
-1
-1
-1
-1
-1
-1
-1
-1
-1
-1
-1
-1
-1
-1
-1
-1
-1
-1
-1
-1
-1
-1
-1
-1
-1
-1
-1
-1
-1
-1
-1
-1
-1
-1
-1
-1
-1
-1
-1
-1
-1
-1
-1
-1
-1
-1
-1
-1
-1
-1
-1
-1
-1
-1
-1
-1
-1
-1
-1
-1
-1
-1
-1
-1
-1
-1
-1
-1
-1
-1
-1
-1
-1
-1
-1
-1
-1
-1
-1
-1
-1
-1
-1
-1
-1
-1
-1
-1
-1
-1
-1
-1
-1
-1
-1
-1
-1
-1
-1
-1
-1
-1
-1
-1
-1
-1
-1
-1
-1
-1
-1
-1
-1
-1
-1
-1
-1
-1
-1
-1
-1
-1
-1
-1
-1
-1
-1
-1
-1
-1
-1
-1
-1
-1
-1
-1
-1
-1
-1
-1
-1
-1
-1
-1
-1
-1
-1
-1
-1
-1
-1
-1
-1
-1
-1
-1
-1
-1
-1
-1
-1
-1
-1
-1
-1
-1
-1
-1
-1
-1
-1
-1
-1
-1
-1
-1
-1
-1
-1
-1
-1
-1
-1
-1
-1
-1
-1
-1
-1
-1
-1
-1
-1
-1
-1
-1
-1
-1
-1
-1
-1
-1
-1
-1
-1
-1
-1
-1
-1
-1
-1
-1
-1
-1
-1
-1
-1
-1
-1
-1
-1
-1
-1
-1
-1
-1
-1
-1
-1
-1
-1
-1
-1
-1
-1
-1
-1
-1
-1
-1
-1
-1
-1
-1
-1
-1
-1
-1
-1
-1
-1
-1
-1
-1
-1
-1
-1
-1
-1
-1
-1
-1
-1
-1
-1
-1
-1
-1
-1
-1
-1
-1
-1
-1
-1
-1
-1
-1
-1
-1
-1
-1
-1
-1
-1
-1
-1
-1
-1
-1
-1
-1
-1
-1
-1
-1
-1
-1
-1
-1
-1
