0 0 2
0 48 34
2 1 2
2 2 2
2 3 2
2 4 2
2 5 2
2 6 2
2 7 2
2 8 2
2 9 2
2 10 2
2 11 2
2 12 2
2 13 2
2 14 2
2 15 2
2 16 2
2 17 2
2 18 2
2 19 2
2 20 2
2 21 2
2 22 2
2 23 2
2 24 2
2 25 2
2 26 2
2 27 2
2 28 2
2 29 2
2 30 2
2 31 2
2 32 2
2 33 2
2 34 2
2 35 2
2 36 2
2 37 2
2 38 2
2 39 2
2 40 2
2 41 2
2 42 2
2 43 2
2 44 2
2 45 2
2 46 2
2 47 2
5 48 2
1 48 3
1 48 4
1 48 5
1 48 6
1 48 7
1 48 8
1 48 9
1 48 10
1 48 11
1 48 12
1 48 13
1 48 14
1 48 15
1 48 16
1 48 17
1 48 18
1 48 19
1 48 20
1 48 21
1 48 22
1 48 23
1 48 24
1 48 25
1 48 26
1 48 27
1 48 28
1 48 29
1 48 30
1 48 31
1 48 32
1 48 33
-1
-1
-1
-1
-1
-1
-1
-1
-1
-1
-1
-1
-1
-1
-1
-1
-1
-1
-1
-1
-1
-1
-1
-1
-1
-1
-1
-1
-1
-1
-1
-1
-1
-1
-1
-1
-1
-1
-1
-1
-1
-1
-1
-1
-1
-1
-1
-1
-1
-1
-1
-1
-1
-1
-1
-1
-1
-1
-1
-1
-1
-1
-1
-1
-1
-1
-1
-1
-1
-1
-1
-1
-1
-1
-1
-1
-1
-1
-1
-1
-1
-1
-1
-1
-1
-1
-1
-1
-1
-1
0 0 31
1 0 30
1 0 29
1 0 28
1 0 27
1 0 26
1 0 25
1 0 24
1 0 23
1 0 22
1 0 21
1 0 20
1 0 19
1 0 18
1 0 17
1 0 16
1 0 15
1 0 14
1 0 13
1 0 12
1 0 11
1 0 10
1 0 9
1 0 8
1 0 7
1 0 6
1 0 5
1 0 4
1 0 3
-1
-1
-1
-1
-1
-1
-1
-1
-1
-1
-1
-1
-1
-1
-1
-1
-1
-1
-1
-1
-1
-1
-1
-1
-1
-1
-1
-1
-1
-1
-1
-1
0 12 30
2 1 31
2 2 31
2 3 31
2 4 31
2 5 31
2 6 31
2 7 31
2 8 31
2 9 31
2 10 31
2 11 31
4 12 31
-1
-1
-1
-1
-1
-1
-1
-1
-1
-1
-1
-1
-1
-1
-1
-1
-1
-1
-1
-1
-1
-1
-1
-1
0 17 25
2 13 30
2 14 30
2 15 30
2 16 30
4 17 30
1 17 29
1 17 28
1 17 27
1 17 26
-1
-1
-1
-1
-1
-1
-1
-1
-1
-1
-1
-1
-1
-1
-1
-1
-1
-1
-1
-1
-1
-1
-1
-1
0 31 14
2 18 25
2 19 25
2 20 25
2 21 25
2 22 25
2 23 25
2 24 25
2 25 25
2 26 25
2 27 25
2 28 25
2 29 25
2 30 25
4 31 25
1 31 24
1 31 23
1 31 22
1 31 21
1 31 20
1 31 19
1 31 18
1 31 17
1 31 16
1 31 15
0 38 11
2 32 14
2 33 14
2 34 14
2 35 14
2 36 14
2 37 14
4 38 14
1 38 13
1 38 12
-1
-1
-1
-1
-1
-1
0 23 10
2 24 10
2 25 10
2 26 10
2 27 10
2 28 10
2 29 10
2 30 10
5 31 10
1 31 11
1 31 12
1 31 13
-1
0 16 21
5 17 21
1 17 22
1 17 23
1 17 24
-1
-1
-1
-1
-1
0 43 12
2 39 11
2 40 11
2 41 11
2 42 11
5 43 11
-1
-1
-1
-1
0 8 23
2 9 23
2 10 23
2 11 23
2 12 23
2 13 23
2 14 23
2 15 23
4 16 23
1 16 22
0 7 30
2 8 30
2 9 30
2 10 30
2 11 30
-1
0 47 11
2 44 12
2 45 12
2 46 12
4 47 12
-1
-1
0 34 10
2 35 10
2 36 10
2 37 10
5 38 10
-1
0 4 28
2 5 28
2 6 28
5 7 28
1 7 29
-1
0 41 15
2 42 15
4 43 15
1 43 14
1 43 13
-1
0 22 4
5 23 4
1 23 5
1 23 6
1 23 7
1 23 8
1 23 9
0 40 23
4 41 23
1 41 22
1 41 21
1 41 20
1 41 19
1 41 18
1 41 17
1 41 16
0 36 15
2 37 15
2 38 15
2 39 15
2 40 15
0 37 27
2 38 27
2 39 27
4 40 27
1 40 26
1 40 25
1 40 24
0 28 30
2 29 30
2 30 30
2 31 30
2 32 30
2 33 30
2 34 30
2 35 30
2 36 30
4 37 30
1 37 29
1 37 28
0 26 37
2 27 37
4 28 37
1 28 36
1 28 35
1 28 34
1 28 33
1 28 32
1 28 31
0 24 34
2 25 34
5 26 34
1 26 35
1 26 36
0 18 35
2 19 35
2 20 35
2 21 35
2 22 35
2 23 35
4 24 35
0 25 14
2 26 14
2 27 14
2 28 14
2 29 14
2 30 14
0 49 29
4 49 34
1 49 33
1 49 32
1 49 31
1 49 30
0 11 17
2 12 17
2 13 17
2 14 17
2 15 17
5 16 17
1 16 18
1 16 19
1 16 20
0 17 10
2 18 10
2 19 10
2 20 10
2 21 10
2 22 10
0 8 7
2 9 7
2 10 7
2 11 7
2 12 7
2 13 7
2 14 7
2 15 7
2 16 7
5 17 7
1 17 8
1 17 9
0 4 5
2 5 5
2 6 5
2 7 5
5 8 5
1 8 6
0 13 37
2 14 37
2 15 37
2 16 37
2 17 37
4 18 37
1 18 36
0 10 35
2 11 35
2 12 35
5 13 35
1 13 36
0 4 13
1 4 12
1 4 11
1 4 10
1 4 9
1 4 8
1 4 7
1 4 6
0 21 32
2 22 32
2 23 32
5 24 32
1 24 33
0 30 9
2 31 9
2 32 9
2 33 9
5 34 9
0 4 35
2 5 35
2 6 35
2 7 35
2 8 35
2 9 35
-1
-1
-1
-1
-1
-1
-1
-1
-1
-1
-1
-1
-1
-1
-1
-1
-1
-1
-1
-1
-1
-1
-1
-1
-1
-1
-1
-1
-1
-1
-1
-1
-1
-1
-1
-1
-1
-1
-1
-1
-1
-1
-1
-1
-1
-1
-1
-1
-1
-1
-1
-1
-1
-1
-1
-1
-1
-1
-1
-1
-1
-1
-1
-1
-1
-1
-1
-1
-1
-1
-1
-1
-1
-1
-1
-1
-1
-1
-1
-1
-1
-1
-1
-1
-1
-1
-1
-1
-1
-1
-1
-1
-1
-1
-1
-1
-1
-1
-1
-1
-1
-1
-1
-1
-1
-1
-1
-1
-1
-1
-1
-1
-1
-1
-1
-1
-1
-1
-1
-1
-1
-1
-1
-1
-1
-1
-1
-1
-1
-1
-1
-1
-1
-1
-1
-1
-1
-1
-1
-1
-1
-1
-1
-1
-1
-1
-1
-1
-1
-1
-1
-1
-1
-1
-1
-1
-1
-1
-1
-1
-1
-1
-1
-1
-1
-1
-1
-1
-1
-1
-1
-1
-1
-1
-1
-1
-1
-1
-1
-1
-1
-1
-1
-1
-1
-1
-1
-1
-1
-1
-1
-1
-1
-1
-1
-1
-1
-1
-1
-1
-1
-1
-1
-1
-1
-1
-1
-1
-1
-1
-1
-1
-1
-1
-1
-1
-1
-1
-1
-1
-1
-1
-1
-1
-1
-1
-1
-1
-1
-1
-1
-1
-1
-1
-1
-1
-1
-1
-1
-1
