0 13 12
0 22 39
2 14 12
2 15 12
2 16 12
2 17 12
2 18 12
2 19 12
2 20 12
2 21 12
5 22 12
1 22 13
1 22 14
1 22 15
1 22 16
1 22 17
1 22 18
1 22 19
1 22 20
1 22 21
1 22 22
1 22 23
1 22 24
1 22 25
1 22 26
1 22 27
1 22 28
1 22 29
1 22 30
1 22 31
1 22 32
1 22 33
1 22 34
1 22 35
1 22 36
1 22 37
1 22 38
-1
-1
-1
-1
-1
-1
0 6 10
2 7 10
2 8 10
2 9 10
2 10 10
2 11 10
2 12 10
5 13 10
1 13 11
-1
-1
-1
-1
-1
-1
-1
-1
-1
-1
-1
-1
-1
-1
-1
-1
-1
-1
-1
-1
-1
-1
-1
0 6 2
1 6 3
1 6 4
1 6 5
1 6 6
1 6 7
1 6 8
1 6 9
-1
-1
-1
-1
-1
-1
-1
-1
-1
-1
-1
-1
-1
-1
0 27 39
2 23 39
2 24 39
2 25 39
2 26 39
-1
-1
-1
-1
-1
-1
-1
-1
-1
-1
-1
-1
-1
-1
-1
-1
-1
-1
-1
-1
-1
-1
0 46 20
2 28 39
2 29 39
2 30 39
2 31 39
2 32 39
2 33 39
2 34 39
2 35 39
2 36 39
2 37 39
2 38 39
2 39 39
2 40 39
2 41 39
2 42 39
2 43 39
2 44 39
2 45 39
4 46 39
1 46 38
1 46 37
1 46 36
1 46 35
1 46 34
1 46 33
1 46 32
1 46 31
1 46 30
1 46 29
1 46 28
1 46 27
1 46 26
1 46 25
1 46 24
1 46 23
1 46 22
1 46 21
0 5 31
4 6 31
1 6 30
1 6 29
1 6 28
1 6 27
1 6 26
1 6 25
1 6 24
1 6 23
1 6 22
1 6 21
1 6 20
1 6 19
1 6 18
1 6 17
1 6 16
1 6 15
1 6 14
1 6 13
1 6 12
1 6 11
0 17 43
2 18 43
2 19 43
2 20 43
2 21 43
4 22 43
1 22 42
1 22 41
1 22 40
0 5 26
1 5 27
1 5 28
1 5 29
1 5 30
0 27 27
1 27 28
1 27 29
1 27 30
1 27 31
1 27 32
1 27 33
1 27 34
1 27 35
1 27 36
1 27 37
1 27 38
0 1 23
2 2 23
2 3 23
2 4 23
5 5 23
1 5 24
1 5 25
0 1 16
1 1 17
1 1 18
1 1 19
1 1 20
1 1 21
1 1 22
0 35 24
2 28 27
2 29 27
2 30 27
2 31 27
2 32 27
2 33 27
2 34 27
4 35 27
1 35 26
1 35 25
0 4 18
2 2 16
2 3 16
5 4 16
1 4 17
0 15 46
2 16 46
4 17 46
1 17 45
1 17 44
0 36 31
5 36 24
1 36 25
1 36 26
1 36 27
1 36 28
1 36 29
1 36 30
0 48 17
2 47 20
4 48 20
1 48 19
1 48 18
0 12 48
2 13 48
2 14 48
4 15 48
1 15 47
0 11 5
2 7 2
2 8 2
2 9 2
2 10 2
5 11 2
1 11 3
1 11 4
0 26 6
2 12 5
2 13 5
2 14 5
2 15 5
2 16 5
2 17 5
2 18 5
2 19 5
2 20 5
2 21 5
2 22 5
2 23 5
2 24 5
2 25 5
5 26 5
0 32 19
2 33 19
2 34 19
5 35 19
1 35 20
1 35 21
1 35 22
1 35 23
0 4 47
2 5 47
2 6 47
2 7 47
2 8 47
2 9 47
2 10 47
2 11 47
5 12 47
0 27 17
2 28 17
2 29 17
2 30 17
2 31 17
5 32 17
1 32 18
0 23 25
2 24 25
2 25 25
2 26 25
5 27 25
1 27 26
0 46 12
2 47 12
5 48 12
1 48 13
1 48 14
1 48 15
1 48 16
0 10 43
2 11 43
2 12 43
2 13 43
2 14 43
2 15 43
2 16 43
0 44 15
2 45 15
4 46 15
1 46 14
1 46 13
0 0 27
4 1 27
1 1 26
1 1 25
1 1 24
0 0 12
5 1 12
1 1 13
1 1 14
1 1 15
0 14 41
2 15 41
2 16 41
5 17 41
1 17 42
0 37 14
2 38 14
2 39 14
2 40 14
2 41 14
2 42 14
2 43 14
5 44 14
0 33 13
2 34 13
2 35 13
2 36 13
5 37 13
0 42 19
2 43 19
2 44 19
2 45 19
5 46 19
0 39 21
2 40 21
2 41 21
4 42 21
1 42 20
0 24 19
2 25 19
2 26 19
4 27 19
1 27 18
-1
-1
-1
-1
-1
-1
-1
-1
-1
-1
-1
-1
-1
-1
-1
-1
-1
-1
-1
-1
-1
-1
-1
-1
-1
-1
-1
-1
-1
-1
-1
-1
-1
-1
-1
-1
-1
-1
-1
-1
-1
-1
-1
-1
-1
-1
-1
-1
-1
-1
-1
-1
-1
-1
-1
-1
-1
-1
-1
-1
-1
-1
-1
-1
-1
-1
-1
-1
-1
-1
-1
-1
-1
-1
-1
-1
-1
-1
-1
-1
-1
-1
-1
-1
-1
-1
-1
-1
-1
-1
-1
-1
-1
-1
-1
-1
-1
-1
-1
-1
-1
-1
-1
-1
-1
-1
-1
-1
-1
-1
-1
-1
-1
-1
-1
-1
-1
-1
-1
-1
-1
-1
-1
-1
-1
-1
-1
-1
-1
-1
-1
-1
-1
-1
-1
-1
-1
-1
-1
-1
-1
-1
-1
-1
-1
-1
-1
-1
-1
-1
-1
-1
-1
-1
-1
-1
-1
-1
-1
-1
-1
-1
-1
-1
-1
-1
-1
-1
-1
-1
-1
-1
-1
-1
-1
-1
-1
-1
-1
-1
-1
-1
-1
-1
-1
-1
-1
-1
-1
-1
-1
-1
-1
-1
-1
-1
-1
-1
-1
-1
-1
-1
-1
-1
-1
-1
-1
-1
-1
-1
-1
-1
-1
-1
-1
-1
-1
-1
-1
-1
-1
-1
-1
-1
-1
-1
-1
-1
-1
-1
-1
-1
-1
-1
-1
-1
-1
-1
-1
-1
-1
-1
-1
-1
-1
-1
-1
-1
-1
-1
-1
-1
-1
-1
-1
-1
-1
-1
-1
-1
-1
-1
-1
-1
-1
-1
-1
-1
-1
-1
-1
-1
-1
-1
-1
-1
-1
-1
-1
-1
-1
-1
-1
-1
-1
-1
-1
-1
-1
-1
-1
-1
-1
-1
-1
-1
-1
-1
-1
-1
-1
-1
-1
-1
-1
-1
-1
-1
-1
-1
-1
-1
-1
-1
-1
-1
-1
-1
-1
-1
-1
-1
-1
-1
-1
-1
-1
-1
-1
-1
-1
-1
-1
-1
-1
-1
-1
-1
-1
-1
-1
-1
-1
-1
-1
-1
-1
-1
-1
-1
-1
-1
-1
-1
-1
-1
-1
-1
-1
-1
-1
-1
-1
-1
-1
-1
-1
-1
-1
-1
-1
-1
-1
-1
-1
-1
-1
-1
-1
-1
-1
-1
-1
-1
-1
-1
-1
-1
-1
-1
-1
-1
-1
-1
-1
-1
-1
-1
-1
-1
-1
-1
-1
-1
-1
-1
-1
-1
-1
-1
-1
-1
-1
-1
-1
-1
-1
-1
-1
-1
-1
