0 8 7
0 41 39
2 9 7
2 10 7
2 11 7
2 12 7
2 13 7
2 14 7
2 15 7
2 16 7
2 17 7
2 18 7
2 19 7
2 20 7
2 21 7
2 22 7
2 23 7
2 24 7
2 25 7
2 26 7
2 27 7
2 28 7
2 29 7
2 30 7
2 31 7
2 32 7
2 33 7
2 34 7
2 35 7
2 36 7
2 37 7
2 38 7
2 39 7
2 40 7
5 41 7
1 41 8
1 41 9
1 41 10
1 41 11
1 41 12
1 41 13
1 41 14
1 41 15
1 41 16
1 41 17
1 41 18
1 41 19
1 41 20
1 41 21
1 41 22
1 41 23
1 41 24
1 41 25
1 41 26
1 41 27
1 41 28
1 41 29
1 41 30
1 41 31
1 41 32
1 41 33
1 41 34
1 41 35
1 41 36
1 41 37
1 41 38
-1
-1
-1
-1
-1
-1
-1
-1
-1
-1
-1
-1
-1
-1
-1
0 45 22
2 42 39
2 43 39
2 44 39
4 45 39
1 45 38
1 45 37
1 45 36
1 45 35
1 45 34
1 45 33
1 45 32
1 45 31
1 45 30
1 45 29
1 45 28
1 45 27
1 45 26
1 45 25
1 45 24
1 45 23
-1
-1
-1
-1
-1
0 39 1
2 40 1
2 41 1
2 42 1
2 43 1
2 44 1
5 45 1
1 45 2
1 45 3
1 45 4
1 45 5
1 45 6
1 45 7
1 45 8
1 45 9
1 45 10
1 45 11
1 45 12
1 45 13
1 45 14
1 45 15
1 45 16
1 45 17
1 45 18
1 45 19
1 45 20
1 45 21
0 39 42
2 40 42
4 41 42
1 41 41
1 41 40
0 34 1
2 35 1
2 36 1
2 37 1
2 38 1
0 34 43
2 35 43
2 36 43
2 37 43
2 38 43
4 39 43
0 4 5
2 5 5
2 6 5
2 7 5
5 8 5
1 8 6
0 34 6
1 34 5
1 34 4
1 34 3
1 34 2
0 39 6
1 39 5
1 39 4
1 39 3
1 39 2
0 19 1
2 20 1
2 21 1
2 22 1
2 23 1
2 24 1
2 25 1
2 26 1
2 27 1
2 28 1
2 29 1
2 30 1
2 31 1
2 32 1
2 33 1
0 15 3
2 16 3
2 17 3
2 18 3
4 19 3
1 19 2
0 13 6
2 14 6
4 15 6
1 15 5
1 15 4
0 10 3
2 11 3
2 12 3
2 13 3
2 14 3
0 44 6
2 40 6
2 41 6
2 42 6
2 43 6
0 48 20
2 46 22
2 47 22
4 48 22
1 48 21
0 34 37
1 34 38
1 34 39
1 34 40
1 34 41
1 34 42
0 38 36
2 35 37
2 36 37
2 37 37
4 38 37
0 13 0
2 14 0
5 15 0
1 15 1
1 15 2
0 43 14
4 44 14
1 44 13
1 44 12
1 44 11
1 44 10
1 44 9
1 44 8
1 44 7
0 36 40
2 37 40
2 38 40
5 39 40
1 39 41
0 1 3
2 2 3
2 3 3
5 4 3
1 4 4
0 7 1
2 8 1
2 9 1
5 10 1
1 10 2
0 22 35
2 23 35
2 24 35
2 25 35
2 26 35
2 27 35
2 28 35
2 29 35
2 30 35
2 31 35
2 32 35
2 33 35
5 34 35
1 34 36
0 21 29
5 22 29
1 22 30
1 22 31
1 22 32
1 22 33
1 22 34
0 40 33
2 39 36
4 40 36
1 40 35
1 40 34
0 19 32
2 20 32
4 21 32
1 21 31
1 21 30
0 17 35
2 18 35
2 19 35
2 20 35
2 21 35
0 29 0
2 30 0
2 31 0
2 32 0
2 33 0
5 34 0
0 13 31
2 14 31
2 15 31
2 16 31
2 17 31
2 18 31
5 19 31
0 11 27
2 12 27
5 13 27
1 13 28
1 13 29
1 13 30
0 25 43
2 26 43
2 27 43
2 28 43
2 29 43
2 30 43
2 31 43
2 32 43
2 33 43
0 49 25
5 49 20
1 49 21
1 49 22
1 49 23
1 49 24
0 46 27
2 47 27
2 48 27
4 49 27
1 49 26
0 42 10
5 43 10
1 43 11
1 43 12
1 43 13
0 23 40
2 24 40
5 25 40
1 25 41
1 25 42
0 19 39
2 20 39
2 21 39
2 22 39
5 23 39
0 17 28
2 18 28
2 19 28
2 20 28
5 21 28
0 4 10
1 4 9
1 4 8
1 4 7
1 4 6
0 40 27
1 40 28
1 40 29
1 40 30
1 40 31
1 40 32
0 39 23
5 40 23
1 40 24
1 40 25
1 40 26
0 39 18
1 39 19
1 39 20
1 39 21
1 39 22
0 2 13
2 3 13
4 4 13
1 4 12
1 4 11
-1
-1
-1
-1
-1
-1
-1
-1
-1
-1
-1
-1
-1
-1
-1
-1
-1
-1
-1
-1
-1
-1
-1
-1
-1
-1
-1
-1
-1
-1
-1
-1
-1
-1
-1
-1
-1
-1
-1
-1
-1
-1
-1
-1
-1
-1
-1
-1
-1
-1
-1
-1
-1
-1
-1
-1
-1
-1
-1
-1
-1
-1
-1
-1
-1
-1
-1
-1
-1
-1
-1
-1
-1
-1
-1
-1
-1
-1
-1
-1
-1
-1
-1
-1
-1
-1
-1
-1
-1
-1
-1
-1
-1
-1
-1
-1
-1
-1
-1
-1
-1
-1
-1
-1
-1
-1
-1
-1
-1
-1
-1
-1
-1
-1
-1
-1
-1
-1
-1
-1
-1
-1
-1
-1
-1
-1
-1
-1
-1
-1
-1
-1
-1
-1
-1
-1
-1
-1
-1
-1
-1
-1
-1
-1
-1
-1
-1
-1
-1
-1
-1
-1
-1
-1
-1
-1
-1
-1
-1
-1
-1
-1
-1
-1
-1
-1
-1
-1
-1
-1
-1
-1
-1
-1
-1
-1
-1
-1
-1
-1
-1
-1
-1
-1
-1
-1
-1
-1
-1
-1
-1
-1
-1
-1
-1
-1
-1
-1
-1
-1
-1
-1
-1
-1
-1
-1
-1
-1
-1
-1
-1
-1
-1
-1
-1
-1
-1
-1
-1
-1
-1
-1
-1
-1
-1
-1
-1
-1
-1
-1
-1
-1
-1
-1
-1
-1
-1
-1
-1
-1
-1
-1
-1
-1
-1
-1
-1
-1
-1
-1
-1
-1
-1
-1
-1
-1
-1
-1
-1
-1
-1
-1
-1
-1
-1
-1
-1
-1
-1
-1
-1
-1
-1
-1
-1
-1
-1
-1
-1
-1
-1
-1
-1
-1
-1
-1
-1
-1
-1
-1
-1
-1
-1
-1
-1
-1
-1
-1
-1
-1
-1
-1
-1
-1
-1
-1
-1
-1
-1
-1
-1
-1
-1
-1
-1
-1
-1
-1
-1
-1
-1
-1
-1
-1
-1
-1
-1
-1
-1
-1
-1
-1
-1
-1
-1
-1
-1
-1
-1
-1
-1
-1
-1
-1
-1
-1
-1
-1
-1
-1
-1
-1
-1
-1
-1
-1
-1
-1
-1
-1
-1
-1
-1
-1
-1
-1
-1
-1
-1
-1
-1
-1
-1
-1
-1
-1
-1
-1
-1
-1
-1
-1
-1
-1
-1
-1
-1
-1
-1
-1
-1
-1
-1
-1
-1
-1
-1
-1
-1
-1
-1
-1
-1
-1
-1
-1
-1
-1
-1
-1
-1
-1
-1
-1
-1
-1
-1
-1
-1
-1
-1
-1
-1
-1
-1
-1
-1
-1
-1
-1
-1
-1
