0 4 20
0 41 5
2 5 20
2 6 20
2 7 20
2 8 20
2 9 20
2 10 20
2 11 20
2 12 20
2 13 20
2 14 20
2 15 20
2 16 20
2 17 20
2 18 20
2 19 20
2 20 20
2 21 20
2 22 20
2 23 20
2 24 20
2 25 20
2 26 20
2 27 20
2 28 20
2 29 20
2 30 20
2 31 20
2 32 20
2 33 20
2 34 20
2 35 20
2 36 20
2 37 20
2 38 20
2 39 20
2 40 20
4 41 20
1 41 19
1 41 18
1 41 17
1 41 16
1 41 15
1 41 14
1 41 13
1 41 12
1 41 11
1 41 10
1 41 9
1 41 8
1 41 7
1 41 6
-1
-1
-1
-1
-1
-1
-1
-1
-1
-1
-1
-1
-1
-1
-1
-1
-1
-1
-1
-1
-1
-1
-1
-1
-1
-1
-1
-1
-1
-1
-1
0 42 45
5 42 5
1 42 6
1 42 7
1 42 8
1 42 9
1 42 10
1 42 11
1 42 12
1 42 13
1 42 14
1 42 15
1 42 16
1 42 17
1 42 18
1 42 19
1 42 20
1 42 21
1 42 22
1 42 23
1 42 24
1 42 25
1 42 26
1 42 27
1 42 28
1 42 29
1 42 30
1 42 31
1 42 32
1 42 33
1 42 34
1 42 35
1 42 36
1 42 37
1 42 38
1 42 39
1 42 40
1 42 41
1 42 42
1 42 43
1 42 44
0 1 25
2 2 25
2 3 25
4 4 25
1 4 24
1 4 23
1 4 22
1 4 21
-1
-1
-1
-1
-1
-1
-1
-1
-1
0 1 17
2 2 17
2 3 17
5 4 17
1 4 18
1 4 19
-1
-1
-1
-1
-1
-1
-1
-1
-1
-1
0 0 2
5 1 2
1 1 3
1 1 4
1 1 5
1 1 6
1 1 7
1 1 8
1 1 9
1 1 10
1 1 11
1 1 12
1 1 13
1 1 14
1 1 15
1 1 16
0 43 41
4 43 45
1 43 44
1 43 43
1 43 42
-1
-1
-1
-1
0 43 27
1 43 28
1 43 29
1 43 30
1 43 31
1 43 32
1 43 33
1 43 34
1 43 35
1 43 36
1 43 37
1 43 38
1 43 39
1 43 40
0 44 19
4 44 27
1 44 26
1 44 25
1 44 24
1 44 23
1 44 22
1 44 21
1 44 20
0 46 23
2 45 19
5 46 19
1 46 20
1 46 21
1 46 22
0 0 7
1 0 6
1 0 5
1 0 4
1 0 3
0 0 29
4 1 29
1 1 28
1 1 27
1 1 26
-1
0 0 36
1 0 35
1 0 34
1 0 33
1 0 32
1 0 31
1 0 30
-1
0 14 41
2 1 36
2 2 36
2 3 36
2 4 36
2 5 36
2 6 36
2 7 36
2 8 36
2 9 36
2 10 36
2 11 36
2 12 36
2 13 36
5 14 36
1 14 37
1 14 38
1 14 39
1 14 40
0 37 4
2 38 4
2 39 4
2 40 4
5 41 4
0 33 13
2 34 13
2 35 13
2 36 13
4 37 13
1 37 12
1 37 11
1 37 10
1 37 9
1 37 8
1 37 7
1 37 6
1 37 5
0 29 14
2 30 14
2 31 14
2 32 14
4 33 14
0 47 40
2 44 41
2 45 41
2 46 41
4 47 41
0 21 4
2 22 4
2 23 4
2 24 4
2 25 4
2 26 4
2 27 4
2 28 4
2 29 4
2 30 4
2 31 4
2 32 4
2 33 4
2 34 4
2 35 4
2 36 4
0 44 12
1 44 13
1 44 14
1 44 15
1 44 16
1 44 17
1 44 18
0 47 10
2 45 12
2 46 12
4 47 12
1 47 11
0 22 16
2 23 16
2 24 16
2 25 16
2 26 16
2 27 16
2 28 16
4 29 16
1 29 15
0 13 45
4 14 45
1 14 44
1 14 43
1 14 42
0 14 9
2 15 9
2 16 9
2 17 9
2 18 9
2 19 9
2 20 9
4 21 9
1 21 8
1 21 7
1 21 6
1 21 5
0 34 2
2 35 2
2 36 2
5 37 2
1 37 3
0 18 30
2 15 41
2 16 41
2 17 41
4 18 41
1 18 40
1 18 39
1 18 38
1 18 37
1 18 36
1 18 35
1 18 34
1 18 33
1 18 32
1 18 31
0 21 25
2 19 30
2 20 30
4 21 30
1 21 29
1 21 28
1 21 27
1 21 26
0 30 26
2 22 25
2 23 25
2 24 25
2 25 25
2 26 25
2 27 25
2 28 25
2 29 25
5 30 25
0 16 23
2 17 23
2 18 23
2 19 23
2 20 23
5 21 23
1 21 24
0 32 23
2 31 26
4 32 26
1 32 25
1 32 24
0 45 7
2 46 7
5 47 7
1 47 8
1 47 9
0 38 23
2 33 23
2 34 23
2 35 23
2 36 23
2 37 23
0 28 30
2 29 30
4 30 30
1 30 29
1 30 28
1 30 27
0 24 32
2 25 32
2 26 32
2 27 32
4 28 32
1 28 31
0 19 18
2 20 18
2 21 18
4 22 18
1 22 17
0 32 8
5 33 8
1 33 9
1 33 10
1 33 11
1 33 12
0 25 28
2 26 28
2 27 28
5 28 28
1 28 29
0 26 12
2 27 12
2 28 12
5 29 12
1 29 13
0 23 10
2 24 10
2 25 10
5 26 10
1 26 11
0 12 3
2 13 3
5 14 3
1 14 4
1 14 5
1 14 6
1 14 7
1 14 8
0 7 1
2 8 1
2 9 1
2 10 1
2 11 1
5 12 1
1 12 2
0 41 49
4 42 49
1 42 48
1 42 47
1 42 46
0 5 4
2 6 4
4 7 4
1 7 3
1 7 2
0 26 23
2 27 23
2 28 23
2 29 23
2 30 23
2 31 23
0 49 43
2 48 40
5 49 40
1 49 41
1 49 42
0 47 47
2 48 47
4 49 47
1 49 46
1 49 45
1 49 44
0 5 9
1 5 8
1 5 7
1 5 6
1 5 5
0 36 27
2 37 27
4 38 27
1 38 26
1 38 25
1 38 24
-1
-1
-1
-1
-1
-1
-1
-1
-1
-1
-1
-1
-1
-1
-1
-1
-1
-1
-1
-1
-1
-1
-1
-1
-1
-1
-1
-1
-1
-1
-1
-1
-1
-1
-1
-1
-1
-1
-1
-1
-1
-1
-1
-1
-1
-1
-1
-1
-1
-1
-1
-1
-1
-1
-1
-1
-1
-1
-1
-1
-1
-1
-1
-1
-1
-1
-1
-1
-1
-1
-1
-1
-1
-1
-1
-1
-1
-1
-1
-1
-1
-1
-1
-1
-1
-1
-1
-1
-1
-1
-1
-1
-1
-1
-1
-1
-1
-1
-1
-1
-1
-1
-1
-1
-1
-1
-1
-1
-1
-1
-1
-1
-1
-1
-1
-1
-1
-1
-1
-1
-1
-1
-1
-1
-1
-1
-1
-1
-1
-1
-1
-1
-1
-1
-1
-1
-1
-1
-1
-1
-1
-1
-1
-1
-1
-1
-1
-1
-1
-1
-1
-1
-1
-1
-1
-1
-1
-1
-1
-1
-1
-1
-1
-1
-1
-1
-1
-1
-1
-1
-1
-1
-1
-1
-1
-1
-1
-1
-1
-1
-1
-1
-1
-1
-1
-1
-1
-1
-1
-1
-1
-1
-1
-1
-1
-1
-1
-1
-1
-1
-1
-1
-1
-1
-1
-1
-1
-1
-1
-1
-1
-1
-1
-1
-1
-1
-1
-1
-1
-1
-1
-1
-1
-1
-1
-1
-1
-1
-1
-1
-1
-1
-1
-1
-1
-1
-1
-1
-1
-1
-1
-1
-1
-1
-1
-1
-1
-1
-1
-1
-1
-1
-1
-1
-1
-1
-1
-1
-1
-1
-1
-1
-1
-1
-1
-1
-1
-1
-1
-1
-1
-1
-1
-1
-1
-1
-1
-1
-1
-1
-1
-1
-1
-1
-1
-1
-1
-1
-1
-1
-1
-1
-1
-1
-1
-1
-1
-1
-1
-1
-1
-1
-1
-1
-1
-1
-1
-1
-1
-1
-1
-1
-1
-1
-1
-1
