0 3 45
0 34 32
2 4 45
2 5 45
2 6 45
2 7 45
2 8 45
2 9 45
2 10 45
2 11 45
2 12 45
2 13 45
2 14 45
2 15 45
2 16 45
2 17 45
2 18 45
2 19 45
2 20 45
2 21 45
2 22 45
2 23 45
2 24 45
2 25 45
2 26 45
2 27 45
2 28 45
2 29 45
2 30 45
2 31 45
2 32 45
2 33 45
4 34 45
1 34 44
1 34 43
1 34 42
1 34 41
1 34 40
1 34 39
1 34 38
1 34 37
1 34 36
1 34 35
1 34 34
1 34 33
-1
-1
-1
-1
-1
-1
-1
-1
-1
-1
-1
-1
-1
-1
-1
-1
-1
-1
-1
-1
-1
-1
-1
-1
-1
-1
-1
-1
-1
-1
-1
-1
-1
-1
-1
-1
-1
-1
-1
-1
-1
-1
-1
-1
-1
-1
-1
-1
-1
-1
-1
-1
-1
-1
0 38 27
2 35 32
2 36 32
2 37 32
4 38 32
1 38 31
1 38 30
1 38 29
1 38 28
-1
-1
-1
-1
-1
-1
-1
-1
-1
-1
-1
-1
-1
-1
-1
-1
-1
-1
-1
-1
-1
-1
-1
-1
-1
-1
-1
-1
-1
-1
-1
-1
-1
0 39 2
4 39 27
1 39 26
1 39 25
1 39 24
1 39 23
1 39 22
1 39 21
1 39 20
1 39 19
1 39 18
1 39 17
1 39 16
1 39 15
1 39 14
1 39 13
1 39 12
1 39 11
1 39 10
1 39 9
1 39 8
1 39 7
1 39 6
1 39 5
1 39 4
1 39 3
0 40 6
5 40 2
1 40 3
1 40 4
1 40 5
-1
-1
-1
-1
-1
-1
-1
-1
-1
-1
-1
-1
-1
-1
-1
-1
0 12 23
2 13 23
2 14 23
2 15 23
2 16 23
2 17 23
2 18 23
2 19 23
2 20 23
2 21 23
2 22 23
2 23 23
2 24 23
2 25 23
2 26 23
2 27 23
2 28 23
2 29 23
2 30 23
2 31 23
2 32 23
2 33 23
2 34 23
2 35 23
2 36 23
2 37 23
5 38 23
1 38 24
1 38 25
1 38 26
0 7 25
2 8 25
2 9 25
2 10 25
2 11 25
4 12 25
1 12 24
0 0 22
2 1 22
2 2 22
2 3 22
2 4 22
2 5 22
2 6 22
5 7 22
1 7 23
1 7 24
0 40 11
1 40 10
1 40 9
1 40 8
1 40 7
0 1 42
2 2 42
5 3 42
1 3 43
1 3 44
0 33 27
2 34 27
2 35 27
2 36 27
2 37 27
-1
0 33 2
2 34 2
2 35 2
2 36 2
2 37 2
2 38 2
-1
0 33 7
1 33 6
1 33 5
1 33 4
1 33 3
-1
0 31 13
2 32 13
4 33 13
1 33 12
1 33 11
1 33 10
1 33 9
1 33 8
0 25 19
2 26 19
2 27 19
2 28 19
2 29 19
2 30 19
4 31 19
1 31 18
1 31 17
1 31 16
1 31 15
1 31 14
0 12 11
1 12 12
1 12 13
1 12 14
1 12 15
1 12 16
1 12 17
1 12 18
1 12 19
1 12 20
1 12 21
1 12 22
0 30 24
2 31 24
2 32 24
5 33 24
1 33 25
1 33 26
0 49 6
2 41 6
2 42 6
2 43 6
2 44 6
2 45 6
2 46 6
2 47 6
2 48 6
0 19 19
2 20 19
2 21 19
2 22 19
2 23 19
2 24 19
0 18 8
2 13 11
2 14 11
2 15 11
2 16 11
2 17 11
4 18 11
1 18 10
1 18 9
0 23 16
2 24 16
5 25 16
1 25 17
1 25 18
0 40 16
1 40 15
1 40 14
1 40 13
1 40 12
0 41 20
5 41 16
1 41 17
1 41 18
1 41 19
0 47 24
2 42 20
2 43 20
2 44 20
2 45 20
2 46 20
5 47 20
1 47 21
1 47 22
1 47 23
0 29 32
2 30 32
2 31 32
2 32 32
2 33 32
0 29 40
1 29 39
1 29 38
1 29 37
1 29 36
1 29 35
1 29 34
1 29 33
0 20 42
2 21 42
2 22 42
2 23 42
2 24 42
2 25 42
2 26 42
2 27 42
2 28 42
4 29 42
1 29 41
0 18 39
2 19 39
5 20 39
1 20 40
1 20 41
0 12 35
2 13 35
2 14 35
2 15 35
2 16 35
2 17 35
5 18 35
1 18 36
1 18 37
1 18 38
0 11 30
5 12 30
1 12 31
1 12 32
1 12 33
1 12 34
0 11 39
4 12 39
1 12 38
1 12 37
1 12 36
0 20 5
2 19 8
4 20 8
1 20 7
1 20 6
0 36 9
2 34 7
2 35 7
5 36 7
1 36 8
0 47 2
2 48 2
5 49 2
1 49 3
1 49 4
1 49 5
0 25 31
2 26 31
2 27 31
2 28 31
5 29 31
0 20 31
2 21 31
2 22 31
2 23 31
2 24 31
0 10 8
2 11 8
5 12 8
1 12 9
1 12 10
0 0 47
2 1 47
2 2 47
4 3 47
1 3 46
0 15 41
2 16 41
2 17 41
4 18 41
1 18 40
0 22 11
5 23 11
1 23 12
1 23 13
1 23 14
1 23 15
0 3 26
2 4 26
2 5 26
2 6 26
4 7 26
0 48 10
4 49 10
1 49 9
1 49 8
1 49 7
-1
-1
-1
-1
-1
-1
-1
-1
-1
-1
-1
-1
-1
-1
-1
-1
-1
-1
-1
-1
-1
-1
-1
-1
-1
-1
-1
-1
-1
-1
-1
-1
-1
-1
-1
-1
-1
-1
-1
-1
-1
-1
-1
-1
-1
-1
-1
-1
-1
-1
-1
-1
-1
-1
-1
-1
-1
-1
-1
-1
-1
-1
-1
-1
-1
-1
-1
-1
-1
-1
-1
-1
-1
-1
-1
-1
-1
-1
-1
-1
-1
-1
-1
-1
-1
-1
-1
-1
-1
-1
-1
-1
-1
-1
-1
-1
-1
-1
-1
-1
-1
-1
-1
-1
-1
-1
-1
-1
-1
-1
-1
-1
-1
-1
-1
-1
-1
-1
-1
-1
-1
-1
-1
-1
-1
-1
-1
-1
-1
-1
-1
-1
-1
-1
-1
-1
-1
-1
-1
-1
-1
-1
-1
-1
-1
-1
-1
-1
-1
-1
-1
-1
-1
-1
-1
-1
-1
-1
-1
-1
-1
-1
-1
-1
-1
-1
-1
-1
-1
-1
-1
-1
-1
-1
-1
-1
-1
-1
-1
-1
-1
-1
-1
-1
-1
-1
-1
-1
-1
-1
-1
-1
-1
-1
-1
-1
-1
-1
-1
-1
-1
-1
-1
-1
-1
-1
-1
-1
-1
-1
-1
-1
-1
-1
-1
-1
-1
-1
-1
-1
-1
-1
-1
-1
-1
-1
-1
-1
-1
-1
-1
-1
-1
-1
-1
-1
-1
-1
-1
-1
-1
-1
-1
-1
-1
-1
-1
-1
-1
-1
-1
-1
-1
-1
-1
-1
-1
-1
-1
-1
-1
-1
-1
-1
-1
-1
-1
-1
-1
-1
-1
-1
-1
-1
-1
-1
-1
-1
-1
-1
-1
-1
-1
-1
-1
-1
-1
-1
-1
-1
-1
-1
-1
-1
-1
-1
-1
-1
-1
-1
-1
-1
-1
-1
-1
-1
-1
-1
-1
-1
-1
-1
-1
-1
-1
-1
-1
-1
-1
-1
-1
-1
-1
-1
-1
-1
-1
-1
-1
-1
-1
-1
-1
-1
-1
-1
-1
-1
-1
-1
-1
-1
