0 8 42
0 32 13
2 9 42
2 10 42
2 11 42
2 12 42
2 13 42
2 14 42
2 15 42
2 16 42
2 17 42
2 18 42
2 19 42
2 20 42
2 21 42
2 22 42
2 23 42
2 24 42
2 25 42
2 26 42
2 27 42
2 28 42
2 29 42
2 30 42
2 31 42
4 32 42
1 32 41
1 32 40
1 32 39
1 32 38
1 32 37
1 32 36
1 32 35
1 32 34
1 32 33
1 32 32
1 32 31
1 32 30
1 32 29
1 32 28
1 32 27
1 32 26
1 32 25
1 32 24
1 32 23
1 32 22
1 32 21
1 32 20
1 32 19
1 32 18
1 32 17
1 32 16
1 32 15
1 32 14
-1
-1
-1
-1
-1
-1
-1
-1
-1
-1
-1
-1
-1
-1
-1
-1
-1
-1
-1
-1
-1
-1
0 37 15
2 33 13
2 34 13
2 35 13
2 36 13
5 37 13
1 37 14
-1
-1
-1
-1
-1
-1
-1
-1
-1
-1
-1
-1
-1
-1
-1
-1
-1
-1
-1
0 42 6
2 38 15
2 39 15
2 40 15
2 41 15
4 42 15
1 42 14
1 42 13
1 42 12
1 42 11
1 42 10
1 42 9
1 42 8
1 42 7
-1
-1
-1
-1
-1
-1
-1
-1
-1
-1
-1
-1
0 7 7
2 8 7
2 9 7
2 10 7
2 11 7
2 12 7
2 13 7
2 14 7
2 15 7
2 16 7
2 17 7
2 18 7
2 19 7
2 20 7
2 21 7
2 22 7
2 23 7
2 24 7
2 25 7
2 26 7
2 27 7
2 28 7
2 29 7
2 30 7
2 31 7
5 32 7
1 32 8
1 32 9
1 32 10
1 32 11
1 32 12
0 35 27
2 36 27
4 37 27
1 37 26
1 37 25
1 37 24
1 37 23
1 37 22
1 37 21
1 37 20
1 37 19
1 37 18
1 37 17
1 37 16
0 34 38
4 35 38
1 35 37
1 35 36
1 35 35
1 35 34
1 35 33
1 35 32
1 35 31
1 35 30
1 35 29
1 35 28
0 6 1
5 7 1
1 7 2
1 7 3
1 7 4
1 7 5
1 7 6
0 41 2
5 42 2
1 42 3
1 42 4
1 42 5
0 26 44
2 27 44
2 28 44
2 29 44
2 30 44
2 31 44
2 32 44
2 33 44
4 34 44
1 34 43
1 34 42
1 34 41
1 34 40
1 34 39
0 8 32
1 8 33
1 8 34
1 8 35
1 8 36
1 8 37
1 8 38
1 8 39
1 8 40
1 8 41
0 10 36
2 9 32
5 10 32
1 10 33
1 10 34
1 10 35
0 15 37
2 11 36
2 12 36
2 13 36
2 14 36
5 15 36
0 13 40
2 14 40
4 15 40
1 15 39
1 15 38
0 7 12
1 7 11
1 7 10
1 7 9
1 7 8
0 2 4
2 3 4
2 4 4
2 5 4
4 6 4
1 6 3
1 6 2
0 12 13
2 8 12
2 9 12
2 10 12
2 11 12
5 12 12
0 19 22
2 13 13
2 14 13
2 15 13
2 16 13
2 17 13
2 18 13
5 19 13
1 19 14
1 19 15
1 19 16
1 19 17
1 19 18
1 19 19
1 19 20
1 19 21
0 13 25
2 14 25
2 15 25
2 16 25
2 17 25
2 18 25
4 19 25
1 19 24
1 19 23
0 23 47
2 24 47
2 25 47
4 26 47
1 26 46
1 26 45
0 35 3
2 36 3
2 37 3
2 38 3
2 39 3
2 40 3
4 41 3
0 31 4
2 32 4
2 33 4
2 34 4
4 35 4
0 20 33
2 16 37
2 17 37
2 18 37
2 19 37
4 20 37
1 20 36
1 20 35
1 20 34
0 27 5
2 28 5
2 29 5
2 30 5
4 31 5
0 47 6
2 43 6
2 44 6
2 45 6
2 46 6
0 20 17
4 20 22
1 20 21
1 20 20
1 20 19
1 20 18
0 19 12
5 20 12
1 20 13
1 20 14
1 20 15
1 20 16
0 35 22
1 35 23
1 35 24
1 35 25
1 35 26
0 33 19
2 34 19
5 35 19
1 35 20
1 35 21
0 10 27
2 11 27
2 12 27
4 13 27
1 13 26
0 47 11
1 47 10
1 47 9
1 47 8
1 47 7
0 20 28
1 20 29
1 20 30
1 20 31
1 20 32
0 25 26
2 21 28
2 22 28
2 23 28
2 24 28
4 25 28
1 25 27
0 29 28
2 26 26
2 27 26
2 28 26
5 29 26
1 29 27
0 31 32
2 30 28
5 31 28
1 31 29
1 31 30
1 31 31
0 30 36
4 31 36
1 31 35
1 31 34
1 31 33
0 10 17
2 11 17
4 12 17
1 12 16
1 12 15
1 12 14
0 28 39
2 29 39
4 30 39
1 30 38
1 30 37
0 24 40
2 25 40
2 26 40
2 27 40
4 28 40
0 21 4
2 22 4
2 23 4
2 24 4
2 25 4
2 26 4
5 27 4
0 5 45
2 6 45
2 7 45
4 8 45
1 8 44
1 8 43
0 16 4
2 17 4
2 18 4
2 19 4
2 20 4
0 13 1
2 14 1
2 15 1
5 16 1
1 16 2
1 16 3
0 25 35
2 26 35
2 27 35
2 28 35
2 29 35
5 30 35
0 19 40
2 20 40
2 21 40
2 22 40
2 23 40
0 37 6
2 38 6
2 39 6
2 40 6
2 41 6
0 19 48
2 20 48
2 21 48
2 22 48
4 23 48
0 33 0
2 34 0
5 35 0
1 35 1
1 35 2
0 14 47
2 15 47
2 16 47
2 17 47
2 18 47
5 19 47
0 13 20
1 13 21
1 13 22
1 13 23
1 13 24
0 36 10
4 37 10
1 37 9
1 37 8
1 37 7
0 33 8
2 34 8
2 35 8
5 36 8
1 36 9
0 3 32
2 4 32
2 5 32
2 6 32
2 7 32
-1
-1
-1
-1
-1
-1
-1
-1
-1
-1
-1
-1
-1
-1
-1
-1
-1
-1
-1
-1
-1
-1
-1
-1
-1
-1
-1
-1
-1
-1
-1
-1
-1
-1
-1
-1
-1
-1
-1
-1
-1
-1
-1
-1
-1
-1
-1
-1
-1
-1
-1
-1
-1
-1
-1
-1
-1
-1
-1
-1
-1
-1
-1
-1
-1
-1
-1
-1
-1
-1
-1
-1
-1
-1
-1
-1
-1
-1
-1
-1
-1
-1
-1
-1
-1
-1
-1
-1
-1
-1
-1
-1
-1
-1
-1
-1
-1
-1
-1
-1
-1
-1
-1
-1
-1
-1
-1
-1
-1
-1
-1
-1
-1
-1
-1
-1
-1
-1
-1
-1
-1
-1
-1
-1
-1
-1
-1
-1
-1
-1
-1
-1
-1
-1
-1
-1
-1
-1
-1
-1
-1
-1
-1
-1
-1
-1
-1
-1
-1
-1
-1
-1
-1
-1
-1
-1
-1
-1
-1
-1
-1
-1
-1
-1
-1
-1
-1
-1
-1
-1
-1
-1
-1
-1
-1
-1
-1
-1
-1
-1
-1
-1
-1
-1
-1
-1
-1
-1
-1
-1
-1
-1
-1
-1
-1
-1
-1
-1
-1
-1
-1
-1
-1
-1
-1
-1
-1
-1
-1
-1
-1
-1
-1
-1
-1
-1
-1
-1
-1
-1
-1
-1
-1
-1
-1
-1
-1
-1
-1
-1
-1
-1
-1
-1
-1
-1
-1
-1
-1
-1
-1
-1
-1
-1
-1
-1
-1
-1
-1
-1
-1
-1
-1
-1
-1
-1
-1
-1
-1
-1
-1
-1
-1
-1
-1
-1
-1
-1
-1
-1
-1
-1
-1
-1
-1
-1
-1
-1
-1
-1
-1
-1
-1
-1
-1
-1
-1
-1
-1
-1
-1
-1
-1
-1
-1
-1
-1
-1
-1
-1
-1
-1
-1
-1
-1
-1
-1
-1
-1
-1
-1
-1
-1
-1
-1
-1
-1
-1
-1
-1
-1
-1
-1
-1
-1
-1
-1
-1
-1
