0 14 2
0 43 13
2 15 2
2 16 2
2 17 2
2 18 2
2 19 2
2 20 2
2 21 2
2 22 2
2 23 2
2 24 2
2 25 2
2 26 2
2 27 2
2 28 2
2 29 2
2 30 2
2 31 2
2 32 2
2 33 2
2 34 2
2 35 2
2 36 2
2 37 2
2 38 2
2 39 2
2 40 2
2 41 2
2 42 2
5 43 2
1 43 3
1 43 4
1 43 5
1 43 6
1 43 7
1 43 8
1 43 9
1 43 10
1 43 11
1 43 12
-1
-1
-1
-1
-1
-1
-1
-1
-1
-1
-1
-1
-1
-1
-1
-1
-1
-1
-1
-1
-1
-1
-1
-1
-1
-1
-1
-1
-1
-1
-1
-1
-1
-1
-1
-1
-1
-1
-1
-1
-1
-1
-1
-1
-1
-1
-1
-1
-1
0 32 27
2 33 27
2 34 27
2 35 27
2 36 27
2 37 27
2 38 27
2 39 27
2 40 27
2 41 27
2 42 27
4 43 27
1 43 26
1 43 25
1 43 24
1 43 23
1 43 22
1 43 21
1 43 20
1 43 19
1 43 18
1 43 17
1 43 16
1 43 15
1 43 14
-1
-1
-1
-1
-1
-1
-1
-1
-1
-1
-1
-1
-1
-1
-1
-1
-1
-1
-1
-1
-1
-1
-1
-1
-1
-1
0 9 3
2 10 3
2 11 3
2 12 3
2 13 3
4 14 3
-1
-1
-1
-1
-1
-1
-1
-1
-1
-1
-1
-1
-1
-1
-1
-1
-1
-1
-1
-1
-1
-1
-1
-1
-1
0 38 13
2 39 13
2 40 13
2 41 13
2 42 13
-1
-1
-1
-1
-1
-1
-1
-1
-1
-1
-1
-1
-1
-1
-1
-1
-1
0 34 14
2 35 14
2 36 14
2 37 14
4 38 14
-1
-1
-1
-1
-1
-1
-1
-1
-1
-1
-1
-1
-1
-1
-1
-1
-1
-1
0 5 19
2 6 19
2 7 19
2 8 19
4 9 19
1 9 18
1 9 17
1 9 16
1 9 15
1 9 14
1 9 13
1 9 12
1 9 11
1 9 10
1 9 9
1 9 8
1 9 7
1 9 6
1 9 5
1 9 4
0 36 10
2 37 10
5 38 10
1 38 11
1 38 12
-1
-1
-1
-1
-1
-1
-1
-1
-1
-1
-1
0 17 30
2 18 30
2 19 30
2 20 30
2 21 30
2 22 30
2 23 30
2 24 30
2 25 30
2 26 30
2 27 30
2 28 30
2 29 30
2 30 30
2 31 30
4 32 30
1 32 29
1 32 28
0 32 9
2 33 9
2 34 9
2 35 9
5 36 9
-1
-1
-1
0 13 31
2 14 31
2 15 31
2 16 31
4 17 31
-1
-1
-1
-1
-1
-1
-1
0 44 21
5 44 13
1 44 14
1 44 15
1 44 16
1 44 17
1 44 18
1 44 19
1 44 20
-1
-1
0 44 28
1 44 27
1 44 26
1 44 25
1 44 24
1 44 23
1 44 22
-1
-1
-1
-1
0 20 16
2 21 16
2 22 16
2 23 16
2 24 16
2 25 16
2 26 16
2 27 16
2 28 16
2 29 16
2 30 16
2 31 16
2 32 16
2 33 16
4 34 16
1 34 15
0 26 8
2 27 8
2 28 8
2 29 8
2 30 8
2 31 8
5 32 8
0 10 29
2 11 29
2 12 29
5 13 29
1 13 30
0 38 28
2 39 28
2 40 28
2 41 28
2 42 28
2 43 28
0 10 35
1 10 34
1 10 33
1 10 32
1 10 31
1 10 30
0 19 12
5 20 12
1 20 13
1 20 14
1 20 15
-1
0 11 11
2 12 11
2 13 11
2 14 11
2 15 11
2 16 11
2 17 11
2 18 11
5 19 11
0 31 23
5 32 23
1 32 24
1 32 25
1 32 26
0 3 16
2 4 16
5 5 16
1 5 17
1 5 18
0 15 14
2 16 14
2 17 14
2 18 14
4 19 14
1 19 13
0 17 25
1 17 26
1 17 27
1 17 28
1 17 29
0 45 17
4 45 21
1 45 20
1 45 19
1 45 18
0 13 37
2 11 35
2 12 35
5 13 35
1 13 36
0 18 39
2 14 37
2 15 37
2 16 37
2 17 37
5 18 37
1 18 38
0 28 39
2 19 39
2 20 39
2 21 39
2 22 39
2 23 39
2 24 39
2 25 39
2 26 39
2 27 39
-1
-1
-1
-1
-1
-1
-1
-1
-1
-1
-1
-1
-1
-1
-1
-1
-1
-1
-1
-1
-1
-1
-1
-1
-1
-1
-1
-1
-1
-1
-1
-1
-1
-1
-1
-1
-1
-1
-1
-1
-1
-1
-1
-1
-1
-1
-1
-1
-1
-1
-1
-1
-1
-1
-1
-1
-1
-1
-1
-1
-1
-1
-1
-1
-1
-1
-1
-1
-1
-1
-1
-1
-1
-1
-1
-1
-1
-1
-1
-1
-1
-1
-1
-1
-1
-1
-1
-1
-1
-1
-1
-1
-1
-1
-1
-1
-1
-1
-1
-1
-1
-1
-1
-1
-1
-1
-1
-1
-1
-1
-1
-1
-1
-1
-1
-1
-1
-1
-1
-1
-1
-1
-1
-1
-1
-1
-1
-1
-1
-1
-1
-1
-1
-1
-1
-1
-1
-1
-1
-1
-1
-1
-1
-1
-1
-1
-1
-1
-1
-1
-1
-1
-1
-1
-1
-1
-1
-1
-1
-1
-1
-1
-1
-1
-1
-1
-1
-1
-1
-1
-1
-1
-1
-1
-1
-1
-1
-1
-1
-1
-1
-1
-1
-1
-1
-1
-1
-1
-1
-1
-1
-1
-1
-1
-1
-1
-1
-1
-1
-1
-1
-1
-1
-1
-1
-1
-1
-1
-1
-1
-1
-1
-1
-1
-1
-1
-1
-1
-1
-1
-1
-1
-1
-1
-1
-1
-1
-1
-1
-1
-1
-1
-1
-1
-1
-1
-1
-1
-1
-1
-1
-1
-1
-1
-1
-1
-1
-1
-1
-1
-1
-1
-1
-1
-1
-1
-1
-1
-1
-1
-1
-1
-1
-1
-1
-1
-1
-1
-1
-1
-1
-1
-1
-1
-1
-1
-1
-1
-1
-1
-1
-1
-1
-1
-1
-1
-1
-1
-1
-1
-1
-1
-1
-1
-1
-1
-1
-1
-1
-1
-1
-1
-1
-1
-1
-1
-1
-1
-1
-1
-1
-1
-1
-1
-1
-1
-1
-1
-1
-1
-1
-1
-1
-1
-1
-1
-1
-1
-1
-1
-1
-1
-1
-1
-1
-1
-1
-1
-1
-1
-1
-1
-1
-1
-1
-1
-1
-1
-1
-1
-1
-1
-1
-1
-1
-1
-1
-1
-1
-1
-1
-1
-1
-1
-1
-1
-1
-1
-1
-1
-1
-1
-1
-1
-1
-1
-1
-1
-1
-1
-1
-1
-1
-1
