0 11 40
0 27 13
2 12 40
2 13 40
2 14 40
2 15 40
2 16 40
2 17 40
2 18 40
2 19 40
2 20 40
2 21 40
2 22 40
2 23 40
2 24 40
2 25 40
2 26 40
4 27 40
1 27 39
1 27 38
1 27 37
1 27 36
1 27 35
1 27 34
1 27 33
1 27 32
1 27 31
1 27 30
1 27 29
1 27 28
1 27 27
1 27 26
1 27 25
1 27 24
1 27 23
1 27 22
1 27 21
1 27 20
1 27 19
1 27 18
1 27 17
1 27 16
1 27 15
1 27 14
-1
-1
-1
-1
-1
-1
-1
-1
-1
-1
-1
-1
-1
-1
0 32 3
2 28 13
2 29 13
2 30 13
2 31 13
4 32 13
1 32 12
1 32 11
1 32 10
1 32 9
1 32 8
1 32 7
1 32 6
1 32 5
1 32 4
-1
-1
-1
-1
-1
-1
-1
-1
-1
-1
-1
-1
-1
-1
-1
-1
-1
-1
-1
-1
-1
-1
-1
-1
-1
-1
-1
-1
-1
-1
-1
-1
-1
-1
-1
0 8 29
2 9 29
2 10 29
5 11 29
1 11 30
1 11 31
1 11 32
1 11 33
1 11 34
1 11 35
1 11 36
1 11 37
1 11 38
1 11 39
-1
-1
-1
-1
-1
-1
-1
-1
-1
-1
-1
-1
-1
0 7 41
2 8 41
2 9 41
2 10 41
4 11 41
-1
-1
-1
-1
-1
-1
-1
-1
-1
-1
-1
-1
-1
-1
0 24 11
2 25 11
2 26 11
5 27 11
1 27 12
-1
-1
-1
-1
-1
-1
-1
-1
-1
-1
-1
0 24 16
1 24 15
1 24 14
1 24 13
1 24 12
-1
-1
-1
-1
-1
-1
-1
-1
0 18 16
2 19 16
2 20 16
2 21 16
2 22 16
2 23 16
-1
-1
-1
-1
-1
-1
0 6 37
5 7 37
1 7 38
1 7 39
1 7 40
-1
-1
-1
-1
-1
-1
-1
0 26 19
2 25 16
5 26 16
1 26 17
1 26 18
-1
-1
-1
-1
-1
-1
-1
0 44 6
2 33 3
2 34 3
2 35 3
2 36 3
2 37 3
2 38 3
2 39 3
2 40 3
2 41 3
2 42 3
2 43 3
5 44 3
1 44 4
1 44 5
0 45 26
5 45 6
1 45 7
1 45 8
1 45 9
1 45 10
1 45 11
1 45 12
1 45 13
1 45 14
1 45 15
1 45 16
1 45 17
1 45 18
1 45 19
1 45 20
1 45 21
1 45 22
1 45 23
1 45 24
1 45 25
0 40 38
2 41 38
2 42 38
2 43 38
2 44 38
4 45 38
1 45 37
1 45 36
1 45 35
1 45 34
1 45 33
1 45 32
1 45 31
1 45 30
1 45 29
1 45 28
1 45 27
0 37 48
2 38 48
2 39 48
4 40 48
1 40 47
1 40 46
1 40 45
1 40 44
1 40 43
1 40 42
1 40 41
1 40 40
1 40 39
0 29 48
2 30 48
2 31 48
2 32 48
2 33 48
2 34 48
2 35 48
2 36 48
0 33 30
2 34 30
2 35 30
2 36 30
2 37 30
2 38 30
2 39 30
5 40 30
1 40 31
1 40 32
1 40 33
1 40 34
1 40 35
1 40 36
1 40 37
0 33 38
2 34 38
2 35 38
2 36 38
2 37 38
2 38 38
2 39 38
0 28 31
2 29 31
2 30 31
2 31 31
2 32 31
4 33 31
0 39 6
2 40 6
2 41 6
2 42 6
2 43 6
0 17 12
5 18 12
1 18 13
1 18 14
1 18 15
0 20 48
2 21 48
2 22 48
2 23 48
2 24 48
2 25 48
2 26 48
2 27 48
2 28 48
0 14 47
2 15 47
2 16 47
2 17 47
2 18 47
2 19 47
5 20 47
0 35 8
2 36 8
2 37 8
2 38 8
4 39 8
1 39 7
0 16 7
5 17 7
1 17 8
1 17 9
1 17 10
1 17 11
0 42 9
2 43 9
4 44 9
1 44 8
1 44 7
0 33 47
2 34 47
2 35 47
2 36 47
5 37 47
0 30 28
2 31 28
2 32 28
5 33 28
1 33 29
0 9 7
2 10 7
2 11 7
2 12 7
2 13 7
2 14 7
2 15 7
0 7 10
2 8 10
4 9 10
1 9 9
1 9 8
0 5 16
2 6 16
4 7 16
1 7 15
1 7 14
1 7 13
1 7 12
1 7 11
0 21 9
2 22 9
2 23 9
5 24 9
1 24 10
0 46 34
5 46 26
1 46 27
1 46 28
1 46 29
1 46 30
1 46 31
1 46 32
1 46 33
0 3 34
2 4 34
2 5 34
5 6 34
1 6 35
1 6 36
0 21 19
2 22 19
2 23 19
2 24 19
2 25 19
-1
-1
-1
-1
-1
-1
-1
-1
-1
-1
-1
-1
-1
-1
-1
-1
-1
-1
-1
-1
-1
-1
-1
-1
-1
-1
-1
-1
-1
-1
-1
-1
-1
-1
-1
-1
-1
-1
-1
-1
-1
-1
-1
-1
-1
-1
-1
-1
-1
-1
-1
-1
-1
-1
-1
-1
-1
-1
-1
-1
-1
-1
-1
-1
-1
-1
-1
-1
-1
-1
-1
-1
-1
-1
-1
-1
-1
-1
-1
-1
-1
-1
-1
-1
-1
-1
-1
-1
-1
-1
-1
-1
-1
-1
-1
-1
-1
-1
-1
-1
-1
-1
-1
-1
-1
-1
-1
-1
-1
-1
-1
-1
-1
-1
-1
-1
-1
-1
-1
-1
-1
-1
-1
-1
-1
-1
-1
-1
-1
-1
-1
-1
-1
-1
-1
-1
-1
-1
-1
-1
-1
-1
-1
-1
-1
-1
-1
-1
-1
-1
-1
-1
-1
-1
-1
-1
-1
-1
-1
-1
-1
-1
-1
-1
-1
-1
-1
-1
-1
-1
-1
-1
-1
-1
-1
-1
-1
-1
-1
-1
-1
-1
-1
-1
-1
-1
-1
-1
-1
-1
-1
-1
-1
-1
-1
-1
-1
-1
-1
-1
-1
-1
-1
-1
-1
-1
-1
-1
-1
-1
-1
-1
-1
-1
-1
-1
-1
-1
-1
-1
-1
-1
-1
-1
-1
-1
-1
-1
-1
-1
-1
-1
-1
-1
-1
-1
-1
-1
-1
-1
-1
-1
-1
-1
-1
-1
-1
-1
-1
-1
-1
-1
-1
-1
-1
-1
-1
-1
-1
-1
-1
-1
-1
-1
-1
-1
-1
-1
-1
-1
-1
-1
-1
-1
-1
-1
-1
-1
-1
-1
-1
-1
-1
-1
-1
-1
-1
-1
-1
-1
-1
-1
-1
-1
-1
-1
-1
-1
-1
-1
-1
-1
-1
-1
-1
-1
-1
-1
-1
-1
-1
-1
-1
-1
-1
-1
-1
-1
-1
-1
-1
-1
-1
-1
-1
-1
-1
-1
-1
-1
-1
-1
-1
-1
-1
-1
-1
-1
-1
-1
-1
-1
-1
-1
-1
-1
-1
-1
-1
-1
-1
-1
-1
-1
-1
-1
-1
-1
-1
-1
-1
-1
-1
-1
-1
-1
-1
-1
-1
-1
-1
-1
-1
-1
-1
-1
-1
-1
-1
-1
-1
