0 14 45
0 22 6
2 15 45
2 16 45
2 17 45
2 18 45
2 19 45
2 20 45
2 21 45
4 22 45
1 22 44
1 22 43
1 22 42
1 22 41
1 22 40
1 22 39
1 22 38
1 22 37
1 22 36
1 22 35
1 22 34
1 22 33
1 22 32
1 22 31
1 22 30
1 22 29
1 22 28
1 22 27
1 22 26
1 22 25
1 22 24
1 22 23
1 22 22
1 22 21
1 22 20
1 22 19
1 22 18
1 22 17
1 22 16
1 22 15
1 22 14
1 22 13
1 22 12
1 22 11
1 22 10
1 22 9
1 22 8
1 22 7
-1
-1
-1
-1
-1
-1
-1
-1
-1
-1
-1
-1
-1
-1
-1
-1
-1
-1
-1
-1
-1
-1
-1
-1
-1
-1
-1
-1
-1
-1
-1
-1
-1
0 24 3
2 23 6
4 24 6
1 24 5
1 24 4
-1
-1
-1
-1
-1
-1
-1
-1
-1
-1
-1
-1
-1
-1
-1
-1
-1
-1
-1
0 10 43
2 11 43
2 12 43
2 13 43
5 14 43
1 14 44
-1
-1
-1
-1
-1
-1
-1
-1
-1
-1
-1
-1
0 9 35
5 10 35
1 10 36
1 10 37
1 10 38
1 10 39
1 10 40
1 10 41
1 10 42
-1
-1
-1
-1
-1
0 7 45
2 8 45
2 9 45
4 10 45
1 10 44
-1
-1
-1
-1
-1
-1
0 22 0
2 23 0
5 24 0
1 24 1
1 24 2
-1
-1
-1
-1
-1
-1
-1
0 1 6
2 2 6
2 3 6
2 4 6
2 5 6
2 6 6
2 7 6
2 8 6
2 9 6
2 10 6
2 11 6
2 12 6
2 13 6
2 14 6
2 15 6
2 16 6
2 17 6
2 18 6
2 19 6
2 20 6
2 21 6
0 5 34
2 6 34
2 7 34
2 8 34
5 9 34
0 2 32
2 3 32
2 4 32
5 5 32
1 5 33
0 0 29
2 1 29
5 2 29
1 2 30
1 2 31
0 18 5
2 19 5
2 20 5
2 21 5
5 22 5
0 0 2
5 1 2
1 1 3
1 1 4
1 1 5
-1
0 1 14
1 1 13
1 1 12
1 1 11
1 1 10
1 1 9
1 1 8
1 1 7
0 7 12
2 2 14
2 3 14
2 4 14
2 5 14
2 6 14
4 7 14
1 7 13
0 4 10
2 5 10
2 6 10
5 7 10
1 7 11
0 37 3
2 25 3
2 26 3
2 27 3
2 28 3
2 29 3
2 30 3
2 31 3
2 32 3
2 33 3
2 34 3
2 35 3
2 36 3
0 33 22
2 34 22
2 35 22
2 36 22
4 37 22
1 37 21
1 37 20
1 37 19
1 37 18
1 37 17
1 37 16
1 37 15
1 37 14
1 37 13
1 37 12
1 37 11
1 37 10
1 37 9
1 37 8
1 37 7
1 37 6
1 37 5
1 37 4
0 31 19
2 32 19
5 33 19
1 33 20
1 33 21
0 28 22
2 29 22
2 30 22
2 31 22
2 32 22
0 23 26
2 24 26
2 25 26
2 26 26
2 27 26
4 28 26
1 28 25
1 28 24
1 28 23
0 27 15
2 28 15
2 29 15
2 30 15
5 31 15
1 31 16
1 31 17
1 31 18
0 32 2
2 33 2
2 34 2
2 35 2
2 36 2
5 37 2
0 45 2
2 38 3
2 39 3
2 40 3
2 41 3
2 42 3
2 43 3
2 44 3
4 45 3
0 11 48
2 12 48
2 13 48
4 14 48
1 14 47
1 14 46
0 8 18
5 8 12
1 8 13
1 8 14
1 8 15
1 8 16
1 8 17
0 13 18
2 9 18
2 10 18
2 11 18
2 12 18
0 17 14
2 14 18
2 15 18
2 16 18
4 17 18
1 17 17
1 17 16
1 17 15
0 19 11
2 18 14
4 19 14
1 19 13
1 19 12
0 4 38
4 5 38
1 5 37
1 5 36
1 5 35
0 46 11
5 46 2
1 46 3
1 46 4
1 46 5
1 46 6
1 46 7
1 46 8
1 46 9
1 46 10
0 13 28
1 13 27
1 13 26
1 13 25
1 13 24
1 13 23
1 13 22
1 13 21
1 13 20
1 13 19
0 16 26
2 14 28
2 15 28
4 16 28
1 16 27
0 28 1
2 29 1
2 30 1
2 31 1
5 32 1
-1
-1
-1
-1
-1
-1
-1
-1
-1
-1
-1
-1
-1
-1
-1
-1
-1
-1
-1
-1
-1
-1
-1
-1
-1
-1
-1
-1
-1
-1
-1
-1
-1
-1
-1
-1
-1
-1
-1
-1
-1
-1
-1
-1
-1
-1
-1
-1
-1
-1
-1
-1
-1
-1
-1
-1
-1
-1
-1
-1
-1
-1
-1
-1
-1
-1
-1
-1
-1
-1
-1
-1
-1
-1
-1
-1
-1
-1
-1
-1
-1
-1
-1
-1
-1
-1
-1
-1
-1
-1
-1
-1
-1
-1
-1
-1
-1
-1
-1
-1
-1
-1
-1
-1
-1
-1
-1
-1
-1
-1
-1
-1
-1
-1
-1
-1
-1
-1
-1
-1
-1
-1
-1
-1
-1
-1
-1
-1
-1
-1
-1
-1
-1
-1
-1
-1
-1
-1
-1
-1
-1
-1
-1
-1
-1
-1
-1
-1
-1
-1
-1
-1
-1
-1
-1
-1
-1
-1
-1
-1
-1
-1
-1
-1
-1
-1
-1
-1
-1
-1
-1
-1
-1
-1
-1
-1
-1
-1
-1
-1
-1
-1
-1
-1
-1
-1
-1
-1
-1
-1
-1
-1
-1
-1
-1
-1
-1
-1
-1
-1
-1
-1
-1
-1
-1
-1
-1
-1
-1
-1
-1
-1
-1
-1
-1
-1
-1
-1
-1
-1
-1
-1
-1
-1
-1
-1
-1
-1
-1
-1
-1
-1
-1
-1
-1
-1
-1
-1
-1
-1
-1
-1
-1
-1
-1
-1
-1
-1
-1
-1
-1
-1
-1
-1
-1
-1
-1
-1
-1
-1
-1
-1
-1
-1
-1
-1
-1
-1
-1
-1
-1
-1
-1
-1
-1
-1
-1
-1
-1
-1
-1
-1
-1
-1
-1
-1
-1
-1
-1
-1
-1
-1
-1
-1
-1
-1
-1
-1
-1
-1
-1
-1
-1
-1
-1
-1
-1
-1
-1
-1
-1
-1
-1
-1
-1
-1
-1
-1
-1
-1
-1
-1
-1
-1
-1
-1
-1
-1
-1
-1
-1
-1
-1
-1
-1
-1
-1
-1
-1
-1
-1
-1
-1
-1
-1
-1
-1
-1
-1
-1
-1
-1
-1
-1
-1
-1
-1
-1
-1
-1
-1
-1
-1
-1
-1
-1
-1
-1
-1
-1
-1
-1
-1
-1
-1
-1
-1
-1
-1
-1
-1
-1
-1
-1
-1
-1
-1
-1
-1
-1
-1
-1
-1
-1
-1
-1
-1
-1
-1
-1
-1
-1
-1
-1
-1
-1
-1
-1
-1
-1
-1
-1
-1
-1
-1
-1
-1
-1
-1
-1
-1
-1
-1
-1
-1
-1
-1
-1
