0 5 38
0 34 17
2 6 38
2 7 38
2 8 38
2 9 38
2 10 38
2 11 38
2 12 38
2 13 38
2 14 38
2 15 38
2 16 38
2 17 38
2 18 38
2 19 38
2 20 38
2 21 38
2 22 38
2 23 38
2 24 38
2 25 38
2 26 38
2 27 38
2 28 38
2 29 38
2 30 38
2 31 38
2 32 38
2 33 38
4 34 38
1 34 37
1 34 36
1 34 35
1 34 34
1 34 33
1 34 32
1 34 31
1 34 30
1 34 29
1 34 28
1 34 27
1 34 26
1 34 25
1 34 24
1 34 23
1 34 22
1 34 21
1 34 20
1 34 19
1 34 18
-1
-1
-1
-1
-1
-1
-1
-1
-1
-1
-1
-1
-1
-1
-1
-1
-1
-1
-1
-1
-1
-1
-1
-1
-1
-1
-1
0 37 20
2 35 17
2 36 17
5 37 17
1 37 18
1 37 19
-1
-1
-1
-1
-1
-1
-1
-1
-1
-1
-1
-1
-1
-1
-1
-1
-1
-1
-1
-1
-1
-1
-1
-1
-1
-1
-1
0 37 35
1 37 34
1 37 33
1 37 32
1 37 31
1 37 30
1 37 29
1 37 28
1 37 27
1 37 26
1 37 25
1 37 24
1 37 23
1 37 22
1 37 21
-1
-1
-1
-1
-1
-1
-1
-1
-1
-1
-1
-1
-1
-1
-1
-1
0 29 47
2 30 47
2 31 47
2 32 47
2 33 47
2 34 47
2 35 47
2 36 47
4 37 47
1 37 46
1 37 45
1 37 44
1 37 43
1 37 42
1 37 41
1 37 40
1 37 39
1 37 38
1 37 37
1 37 36
-1
-1
-1
-1
-1
0 21 41
2 22 41
2 23 41
2 24 41
2 25 41
2 26 41
2 27 41
2 28 41
5 29 41
1 29 42
1 29 43
1 29 44
1 29 45
1 29 46
-1
-1
-1
-1
0 27 13
2 28 13
2 29 13
2 30 13
2 31 13
2 32 13
2 33 13
5 34 13
1 34 14
1 34 15
1 34 16
-1
-1
0 13 41
2 14 41
2 15 41
2 16 41
2 17 41
2 18 41
2 19 41
2 20 41
-1
-1
0 41 34
2 38 35
2 39 35
2 40 35
4 41 35
-1
-1
-1
-1
0 23 10
2 24 10
2 25 10
2 26 10
5 27 10
1 27 11
1 27 12
-1
-1
0 17 44
2 18 44
2 19 44
2 20 44
4 21 44
1 21 43
1 21 42
-1
0 17 19
2 18 19
2 19 19
2 20 19
2 21 19
2 22 19
4 23 19
1 23 18
1 23 17
1 23 16
1 23 15
1 23 14
1 23 13
1 23 12
1 23 11
0 17 24
1 17 23
1 17 22
1 17 21
1 17 20
0 10 26
2 11 26
2 12 26
2 13 26
2 14 26
2 15 26
2 16 26
4 17 26
1 17 25
0 9 47
2 10 47
2 11 47
2 12 47
4 13 47
1 13 46
1 13 45
1 13 44
1 13 43
1 13 42
0 18 10
2 19 10
2 20 10
2 21 10
2 22 10
0 29 17
2 30 17
2 31 17
2 32 17
2 33 17
0 14 46
2 15 46
2 16 46
4 17 46
1 17 45
0 11 10
2 12 10
2 13 10
2 14 10
2 15 10
2 16 10
2 17 10
0 4 30
5 5 30
1 5 31
1 5 32
1 5 33
1 5 34
1 5 35
1 5 36
1 5 37
0 1 39
2 2 39
2 3 39
2 4 39
4 5 39
0 43 37
2 42 34
5 43 34
1 43 35
1 43 36
0 24 17
2 25 17
2 26 17
2 27 17
2 28 17
0 5 48
2 6 48
2 7 48
2 8 48
4 9 48
0 3 44
2 4 44
5 5 44
1 5 45
1 5 46
1 5 47
0 28 21
4 29 21
1 29 20
1 29 19
1 29 18
0 19 28
2 18 24
5 19 24
1 19 25
1 19 26
1 19 27
0 18 39
2 19 39
2 20 39
5 21 39
1 21 40
0 22 20
2 23 20
4 24 20
1 24 19
1 24 18
0 23 26
2 20 28
2 21 28
2 22 28
4 23 28
1 23 27
0 16 31
2 17 31
2 18 31
4 19 31
1 19 30
1 19 29
0 6 27
2 7 27
2 8 27
2 9 27
4 10 27
0 2 33
2 3 33
4 4 33
1 4 32
1 4 31
0 9 15
2 10 15
4 11 15
1 11 14
1 11 13
1 11 12
1 11 11
0 24 34
5 24 26
1 24 27
1 24 28
1 24 29
1 24 30
1 24 31
1 24 32
1 24 33
0 26 37
2 25 34
5 26 34
1 26 35
1 26 36
0 8 41
2 9 41
2 10 41
2 11 41
2 12 41
0 3 18
2 4 18
2 5 18
2 6 18
2 7 18
2 8 18
4 9 18
1 9 17
1 9 16
0 17 14
1 17 15
1 17 16
1 17 17
1 17 18
0 22 47
2 23 47
2 24 47
2 25 47
2 26 47
2 27 47
2 28 47
0 19 49
2 20 49
2 21 49
4 22 49
1 22 48
0 6 9
2 7 9
2 8 9
2 9 9
2 10 9
5 11 9
0 12 32
2 13 32
2 14 32
2 15 32
4 16 32
0 20 35
2 21 35
2 22 35
2 23 35
4 24 35
0 26 49
2 27 49
2 28 49
4 29 49
1 29 48
-1
-1
-1
-1
-1
-1
-1
-1
-1
-1
-1
-1
-1
-1
-1
-1
-1
-1
-1
-1
-1
-1
-1
-1
-1
-1
-1
-1
-1
-1
-1
-1
-1
-1
-1
-1
-1
-1
-1
-1
-1
-1
-1
-1
-1
-1
-1
-1
-1
-1
-1
-1
-1
-1
-1
-1
-1
-1
-1
-1
-1
-1
-1
-1
-1
-1
-1
-1
-1
-1
-1
-1
-1
-1
-1
-1
-1
-1
-1
-1
-1
-1
-1
-1
-1
-1
-1
-1
-1
-1
-1
-1
-1
-1
-1
-1
-1
-1
-1
-1
-1
-1
-1
-1
-1
-1
-1
-1
-1
-1
-1
-1
-1
-1
-1
-1
-1
-1
-1
-1
-1
-1
-1
-1
-1
-1
-1
-1
-1
-1
-1
-1
-1
-1
-1
-1
-1
-1
-1
-1
-1
-1
-1
-1
-1
-1
-1
-1
-1
-1
-1
-1
-1
-1
-1
-1
-1
-1
-1
-1
-1
-1
-1
-1
-1
-1
-1
-1
-1
-1
-1
-1
-1
-1
-1
-1
-1
-1
-1
-1
-1
-1
-1
-1
-1
-1
-1
-1
-1
-1
-1
-1
-1
-1
-1
-1
-1
-1
-1
-1
-1
-1
-1
-1
-1
-1
-1
-1
-1
-1
-1
-1
-1
-1
-1
-1
-1
-1
-1
-1
-1
-1
-1
-1
-1
-1
-1
-1
-1
-1
-1
-1
-1
-1
-1
-1
-1
-1
-1
-1
-1
-1
-1
-1
-1
-1
-1
-1
-1
-1
-1
-1
-1
-1
-1
-1
-1
-1
-1
-1
-1
-1
-1
-1
-1
-1
-1
-1
-1
-1
-1
-1
-1
-1
-1
-1
-1
-1
-1
-1
-1
-1
-1
-1
-1
-1
-1
-1
-1
-1
-1
-1
-1
-1
-1
-1
-1
-1
-1
-1
-1
-1
-1
-1
-1
-1
-1
-1
-1
-1
-1
-1
-1
-1
-1
-1
-1
-1
-1
-1
-1
-1
-1
-1
-1
-1
-1
-1
-1
-1
-1
-1
-1
-1
-1
-1
-1
-1
-1
-1
-1
-1
-1
-1
-1
-1
-1
-1
-1
-1
-1
-1
-1
-1
