0 16 11
0 38 28
2 17 11
2 18 11
2 19 11
2 20 11
2 21 11
2 22 11
2 23 11
2 24 11
2 25 11
2 26 11
2 27 11
2 28 11
2 29 11
2 30 11
2 31 11
2 32 11
2 33 11
2 34 11
2 35 11
2 36 11
2 37 11
5 38 11
1 38 12
1 38 13
1 38 14
1 38 15
1 38 16
1 38 17
1 38 18
1 38 19
1 38 20
1 38 21
1 38 22
1 38 23
1 38 24
1 38 25
1 38 26
1 38 27
-1
-1
-1
-1
-1
-1
-1
-1
0 39 43
5 39 28
1 39 29
1 39 30
1 39 31
1 39 32
1 39 33
1 39 34
1 39 35
1 39 36
1 39 37
1 39 38
1 39 39
1 39 40
1 39 41
1 39 42
-1
-1
-1
-1
-1
-1
-1
-1
-1
-1
-1
-1
-1
-1
-1
-1
-1
-1
-1
-1
-1
-1
-1
-1
-1
-1
-1
-1
-1
-1
-1
-1
-1
-1
0 26 43
2 27 43
2 28 43
2 29 43
2 30 43
2 31 43
2 32 43
2 33 43
2 34 43
2 35 43
2 36 43
2 37 43
2 38 43
-1
-1
-1
-1
-1
-1
-1
-1
-1
-1
-1
-1
-1
-1
-1
-1
-1
-1
-1
-1
-1
0 17 43
2 18 43
2 19 43
2 20 43
2 21 43
2 22 43
2 23 43
2 24 43
2 25 43
-1
-1
-1
-1
-1
-1
-1
-1
-1
-1
-1
-1
-1
-1
-1
-1
-1
-1
-1
0 11 41
2 12 41
2 13 41
2 14 41
2 15 41
2 16 41
5 17 41
1 17 42
-1
-1
-1
-1
-1
-1
-1
-1
-1
-1
-1
-1
-1
-1
-1
-1
-1
0 26 28
2 27 28
2 28 28
2 29 28
2 30 28
2 31 28
2 32 28
2 33 28
2 34 28
2 35 28
2 36 28
2 37 28
-1
-1
-1
-1
-1
-1
-1
-1
-1
0 13 14
2 14 14
2 15 14
4 16 14
1 16 13
1 16 12
-1
-1
-1
-1
-1
-1
-1
-1
-1
-1
-1
0 41 46
2 40 43
5 41 43
1 41 44
1 41 45
-1
-1
-1
-1
-1
-1
-1
-1
-1
-1
-1
0 26 17
1 26 18
1 26 19
1 26 20
1 26 21
1 26 22
1 26 23
1 26 24
1 26 25
1 26 26
1 26 27
-1
-1
0 21 17
2 22 17
2 23 17
2 24 17
2 25 17
-1
-1
-1
-1
-1
-1
-1
-1
0 31 21
2 27 17
2 28 17
2 29 17
2 30 17
5 31 17
1 31 18
1 31 19
1 31 20
-1
-1
-1
0 21 33
2 22 33
2 23 33
2 24 33
2 25 33
4 26 33
1 26 32
1 26 31
1 26 30
1 26 29
-1
0 35 46
2 36 46
2 37 46
2 38 46
2 39 46
2 40 46
-1
-1
-1
-1
-1
0 34 13
2 32 21
2 33 21
4 34 21
1 34 20
1 34 19
1 34 18
1 34 17
1 34 16
1 34 15
1 34 14
0 20 37
4 21 37
1 21 36
1 21 35
1 21 34
-1
-1
-1
0 17 30
2 18 30
2 19 30
2 20 30
5 21 30
1 21 31
1 21 32
-1
0 18 15
2 19 15
2 20 15
5 21 15
1 21 16
-1
-1
-1
-1
-1
-1
-1
-1
-1
-1
-1
-1
-1
-1
-1
-1
-1
-1
-1
-1
-1
-1
-1
-1
-1
-1
-1
-1
-1
-1
-1
-1
-1
-1
-1
-1
-1
-1
-1
-1
-1
-1
-1
-1
-1
-1
-1
-1
-1
-1
-1
-1
-1
-1
-1
-1
-1
-1
-1
-1
-1
-1
-1
-1
-1
-1
-1
-1
-1
-1
-1
-1
-1
-1
-1
-1
-1
-1
-1
-1
-1
-1
-1
-1
-1
-1
-1
-1
-1
-1
-1
-1
-1
-1
-1
-1
-1
-1
-1
-1
-1
-1
-1
-1
-1
-1
-1
-1
-1
-1
-1
-1
-1
-1
-1
-1
-1
-1
-1
-1
-1
-1
-1
-1
-1
-1
-1
-1
-1
-1
-1
-1
-1
-1
-1
-1
-1
-1
-1
-1
-1
-1
-1
-1
-1
-1
-1
-1
-1
-1
-1
-1
-1
-1
-1
-1
-1
-1
-1
-1
-1
-1
-1
-1
-1
-1
-1
-1
-1
-1
-1
-1
-1
-1
-1
-1
-1
-1
-1
-1
-1
-1
-1
-1
-1
-1
-1
-1
-1
-1
-1
-1
-1
-1
-1
-1
-1
-1
-1
-1
-1
-1
-1
-1
-1
-1
-1
-1
-1
-1
-1
-1
-1
-1
-1
-1
-1
-1
-1
-1
-1
-1
-1
-1
-1
-1
-1
-1
-1
-1
-1
-1
-1
-1
-1
-1
-1
-1
-1
-1
-1
-1
-1
-1
-1
-1
-1
-1
-1
-1
-1
-1
-1
-1
-1
-1
-1
-1
-1
-1
-1
-1
-1
-1
-1
-1
-1
-1
-1
-1
-1
-1
-1
-1
-1
-1
-1
-1
-1
-1
-1
-1
-1
-1
-1
-1
-1
-1
-1
-1
-1
-1
-1
-1
-1
-1
-1
-1
-1
-1
-1
-1
-1
-1
-1
-1
-1
-1
-1
-1
-1
-1
-1
-1
-1
-1
-1
-1
-1
-1
-1
-1
-1
-1
-1
-1
-1
-1
-1
-1
-1
-1
-1
-1
-1
-1
-1
-1
-1
-1
-1
-1
-1
-1
-1
-1
-1
-1
-1
-1
-1
-1
-1
-1
-1
-1
-1
-1
-1
-1
-1
-1
-1
-1
-1
-1
-1
-1
-1
-1
-1
-1
-1
-1
-1
-1
-1
-1
-1
-1
-1
-1
-1
-1
-1
-1
-1
-1
-1
-1
-1
-1
-1
-1
-1
-1
-1
-1
-1
-1
-1
-1
-1
-1
-1
-1
-1
-1
-1
-1
-1
-1
-1
-1
-1
-1
-1
-1
-1
-1
-1
-1
-1
-1
-1
-1
-1
-1
-1
-1
-1
-1
-1
-1
-1
-1
-1
-1
-1
-1
-1
-1
-1
-1
-1
-1
-1
-1
-1
-1
-1
-1
-1
-1
-1
-1
-1
-1
-1
-1
-1
-1
-1
-1
-1
-1
-1
-1
-1
