0 2 10
0 5 30
2 3 10
2 4 10
5 5 10
1 5 11
1 5 12
1 5 13
1 5 14
1 5 15
1 5 16
1 5 17
1 5 18
1 5 19
1 5 20
1 5 21
1 5 22
1 5 23
1 5 24
1 5 25
1 5 26
1 5 27
1 5 28
1 5 29
-1
-1
-1
-1
-1
-1
-1
-1
-1
-1
-1
-1
-1
-1
-1
-1
-1
-1
-1
-1
-1
-1
-1
-1
-1
-1
-1
-1
-1
-1
-1
-1
-1
-1
-1
-1
-1
-1
-1
-1
-1
-1
-1
-1
-1
-1
-1
-1
-1
-1
-1
-1
-1
-1
-1
-1
-1
-1
-1
-1
-1
-1
-1
-1
-1
-1
-1
-1
-1
-1
-1
-1
-1
-1
-1
-1
-1
-1
-1
-1
-1
-1
-1
-1
-1
-1
-1
-1
-1
-1
-1
-1
-1
-1
0 37 19
2 6 30
2 7 30
2 8 30
2 9 30
2 10 30
2 11 30
2 12 30
2 13 30
2 14 30
2 15 30
2 16 30
2 17 30
2 18 30
2 19 30
2 20 30
2 21 30
2 22 30
2 23 30
2 24 30
2 25 30
2 26 30
2 27 30
2 28 30
2 29 30
2 30 30
2 31 30
2 32 30
2 33 30
2 34 30
2 35 30
2 36 30
4 37 30
1 37 29
1 37 28
1 37 27
1 37 26
1 37 25
1 37 24
1 37 23
1 37 22
1 37 21
1 37 20
-1
-1
-1
-1
-1
-1
-1
-1
-1
0 39 8
2 38 19
4 39 19
1 39 18
1 39 17
1 39 16
1 39 15
1 39 14
1 39 13
1 39 12
1 39 11
1 39 10
1 39 9
-1
-1
-1
-1
-1
-1
-1
-1
-1
0 25 3
2 26 3
2 27 3
2 28 3
2 29 3
2 30 3
2 31 3
2 32 3
2 33 3
2 34 3
2 35 3
2 36 3
2 37 3
2 38 3
5 39 3
1 39 4
1 39 5
1 39 6
1 39 7
0 40 14
5 40 8
1 40 9
1 40 10
1 40 11
1 40 12
1 40 13
0 24 8
4 25 8
1 25 7
1 25 6
1 25 5
1 25 4
0 4 34
4 5 34
1 5 33
1 5 32
1 5 31
0 35 16
2 36 16
5 37 16
1 37 17
1 37 18
0 47 15
2 41 14
2 42 14
2 43 14
2 44 14
2 45 14
2 46 14
5 47 14
0 45 20
2 46 20
4 47 20
1 47 19
1 47 18
1 47 17
1 47 16
0 19 10
2 20 10
2 21 10
2 22 10
2 23 10
4 24 10
1 24 9
0 1 32
2 2 32
2 3 32
5 4 32
1 4 33
0 41 25
2 42 25
2 43 25
2 44 25
4 45 25
1 45 24
1 45 23
1 45 22
1 45 21
0 21 2
2 22 2
2 23 2
2 24 2
5 25 2
0 1 23
1 1 24
1 1 25
1 1 26
1 1 27
1 1 28
1 1 29
1 1 30
1 1 31
0 33 8
2 34 8
2 35 8
2 36 8
2 37 8
2 38 8
0 2 27
5 2 23
1 2 24
1 2 25
1 2 26
0 29 9
2 30 9
2 31 9
2 32 9
4 33 9
0 4 39
1 4 38
1 4 37
1 4 36
1 4 35
0 32 19
2 33 19
2 34 19
2 35 19
2 36 19
0 31 27
4 32 27
1 32 26
1 32 25
1 32 24
1 32 23
1 32 22
1 32 21
1 32 20
0 21 27
2 22 27
2 23 27
2 24 27
2 25 27
2 26 27
2 27 27
2 28 27
2 29 27
2 30 27
0 16 23
2 17 23
2 18 23
2 19 23
2 20 23
5 21 23
1 21 24
1 21 25
1 21 26
0 11 26
2 12 26
2 13 26
2 14 26
2 15 26
4 16 26
1 16 25
1 16 24
0 13 21
2 14 21
2 15 21
5 16 21
1 16 22
0 27 12
2 28 12
4 29 12
1 29 11
1 29 10
0 9 18
2 10 18
2 11 18
2 12 18
5 13 18
1 13 19
1 13 20
0 27 28
2 28 28
2 29 28
2 30 28
4 31 28
0 48 9
4 48 15
1 48 14
1 48 13
1 48 12
1 48 11
1 48 10
0 46 6
2 47 6
5 48 6
1 48 7
1 48 8
0 31 5
2 32 5
5 33 5
1 33 6
1 33 7
0 7 25
2 8 25
2 9 25
2 10 25
5 11 25
0 43 17
2 44 17
5 45 17
1 45 18
1 45 19
0 24 19
2 25 19
2 26 19
2 27 19
2 28 19
2 29 19
2 30 19
2 31 19
0 24 24
1 24 23
1 24 22
1 24 21
1 24 20
0 35 11
1 35 12
1 35 13
1 35 14
1 35 15
0 20 18
2 21 18
2 22 18
2 23 18
5 24 18
0 16 17
2 17 17
2 18 17
2 19 17
5 20 17
0 13 15
2 14 15
2 15 15
5 16 15
1 16 16
0 42 5
2 43 5
2 44 5
2 45 5
5 46 5
0 18 29
2 19 29
2 20 29
4 21 29
1 21 28
0 17 4
2 18 4
2 19 4
2 20 4
4 21 4
1 21 3
0 7 37
2 5 39
2 6 39
4 7 39
1 7 38
0 12 35
2 8 37
2 9 37
2 10 37
2 11 37
4 12 37
1 12 36
0 10 32
2 11 32
5 12 32
1 12 33
1 12 34
0 15 33
2 13 35
2 14 35
4 15 35
1 15 34
0 20 33
2 16 33
2 17 33
2 18 33
2 19 33
0 23 31
2 21 33
2 22 33
4 23 33
1 23 32
0 26 33
2 24 31
2 25 31
5 26 31
1 26 32
0 30 32
2 27 33
2 28 33
2 29 33
4 30 33
-1
-1
-1
-1
-1
-1
-1
-1
-1
-1
-1
-1
-1
-1
-1
-1
-1
-1
-1
-1
-1
-1
-1
-1
-1
-1
-1
-1
-1
-1
-1
-1
-1
-1
-1
-1
-1
-1
-1
-1
-1
-1
-1
-1
-1
-1
-1
-1
-1
-1
-1
-1
-1
-1
-1
-1
-1
-1
-1
-1
-1
-1
-1
-1
-1
-1
-1
-1
-1
-1
-1
-1
-1
-1
-1
-1
-1
-1
-1
-1
-1
-1
-1
-1
-1
-1
-1
-1
-1
-1
-1
-1
-1
-1
-1
-1
-1
-1
-1
-1
-1
-1
-1
-1
-1
-1
-1
-1
-1
-1
-1
-1
-1
-1
-1
-1
-1
-1
-1
-1
-1
-1
-1
-1
-1
-1
-1
-1
-1
-1
-1
-1
-1
-1
-1
-1
-1
-1
-1
-1
-1
-1
-1
-1
-1
-1
-1
-1
-1
-1
-1
-1
-1
-1
-1
-1
-1
-1
-1
-1
-1
-1
-1
-1
-1
-1
-1
-1
-1
-1
-1
-1
-1
-1
-1
-1
-1
-1
-1
-1
-1
-1
-1
-1
-1
-1
-1
-1
-1
-1
-1
-1
-1
-1
-1
-1
-1
-1
-1
-1
-1
-1
-1
-1
-1
-1
-1
-1
-1
-1
-1
-1
-1
-1
-1
-1
-1
-1
-1
-1
-1
-1
-1
-1
-1
-1
-1
-1
-1
-1
-1
-1
-1
-1
-1
-1
-1
-1
-1
-1
-1
-1
-1
-1
-1
-1
-1
-1
-1
-1
-1
-1
-1
-1
-1
-1
-1
-1
-1
-1
-1
-1
-1
-1
-1
-1
-1
-1
-1
-1
-1
-1
-1
-1
-1
-1
-1
-1
-1
-1
-1
-1
-1
-1
-1
-1
-1
-1
-1
-1
-1
-1
-1
-1
-1
-1
-1
-1
-1
-1
-1
-1
-1
-1
-1
-1
-1
-1
-1
-1
-1
-1
-1
-1
