0 16 20
0 31 3
2 17 20
2 18 20
2 19 20
2 20 20
2 21 20
2 22 20
2 23 20
2 24 20
2 25 20
2 26 20
2 27 20
2 28 20
2 29 20
2 30 20
4 31 20
1 31 19
1 31 18
1 31 17
1 31 16
1 31 15
1 31 14
1 31 13
1 31 12
1 31 11
1 31 10
1 31 9
1 31 8
1 31 7
1 31 6
1 31 5
1 31 4
0 28 1
2 29 1
2 30 1
5 31 1
1 31 2
-1
-1
-1
-1
-1
-1
-1
-1
-1
-1
-1
-1
-1
-1
-1
-1
-1
-1
-1
-1
-1
-1
-1
-1
-1
-1
-1
-1
-1
-1
-1
-1
-1
-1
-1
-1
-1
-1
-1
-1
-1
-1
-1
-1
-1
-1
-1
-1
-1
-1
-1
-1
0 19 1
2 20 1
2 21 1
2 22 1
2 23 1
2 24 1
2 25 1
2 26 1
2 27 1
-1
-1
-1
-1
-1
-1
-1
-1
-1
-1
-1
-1
-1
-1
-1
-1
-1
-1
-1
-1
-1
-1
-1
-1
-1
-1
-1
-1
-1
-1
-1
-1
-1
-1
-1
-1
-1
0 16 26
1 16 25
1 16 24
1 16 23
1 16 22
1 16 21
-1
-1
-1
-1
-1
-1
-1
-1
-1
-1
-1
-1
-1
-1
-1
-1
-1
-1
-1
-1
-1
-1
-1
-1
-1
-1
-1
-1
-1
-1
-1
-1
-1
-1
-1
-1
-1
-1
0 45 4
2 32 3
2 33 3
2 34 3
2 35 3
2 36 3
2 37 3
2 38 3
2 39 3
2 40 3
2 41 3
2 42 3
2 43 3
2 44 3
5 45 3
-1
-1
-1
-1
-1
-1
-1
-1
-1
-1
-1
-1
-1
-1
-1
-1
-1
-1
-1
-1
-1
-1
-1
0 45 24
1 45 23
1 45 22
1 45 21
1 45 20
1 45 19
1 45 18
1 45 17
1 45 16
1 45 15
1 45 14
1 45 13
1 45 12
1 45 11
1 45 10
1 45 9
1 45 8
1 45 7
1 45 6
1 45 5
-1
-1
-1
-1
-1
-1
-1
-1
0 26 14
2 27 14
4 28 14
1 28 13
1 28 12
1 28 11
1 28 10
1 28 9
1 28 8
1 28 7
1 28 6
1 28 5
1 28 4
1 28 3
1 28 2
-1
-1
-1
-1
-1
-1
-1
-1
-1
0 3 3
2 4 3
2 5 3
2 6 3
2 7 3
2 8 3
2 9 3
2 10 3
2 11 3
2 12 3
2 13 3
2 14 3
2 15 3
2 16 3
2 17 3
2 18 3
4 19 3
1 19 2
-1
-1
0 45 44
1 45 43
1 45 42
1 45 41
1 45 40
1 45 39
1 45 38
1 45 37
1 45 36
1 45 35
1 45 34
1 45 33
1 45 32
1 45 31
1 45 30
1 45 29
1 45 28
1 45 27
1 45 26
1 45 25
0 1 35
2 2 35
2 3 35
2 4 35
2 5 35
2 6 35
2 7 35
2 8 35
2 9 35
2 10 35
2 11 35
2 12 35
2 13 35
2 14 35
2 15 35
4 16 35
1 16 34
1 16 33
1 16 32
1 16 31
1 16 30
1 16 29
1 16 28
1 16 27
0 19 28
2 17 26
2 18 26
5 19 26
1 19 27
0 19 33
1 19 32
1 19 31
1 19 30
1 19 29
0 28 32
2 20 33
2 21 33
2 22 33
2 23 33
2 24 33
2 25 33
2 26 33
2 27 33
4 28 33
0 32 29
2 29 32
2 30 32
2 31 32
4 32 32
1 32 31
1 32 30
-1
0 14 16
2 15 16
5 16 16
1 16 17
1 16 18
1 16 19
-1
-1
0 31 25
5 32 25
1 32 26
1 32 27
1 32 28
-1
-1
-1
0 38 27
2 33 29
2 34 29
2 35 29
2 36 29
2 37 29
4 38 29
1 38 28
0 11 8
2 12 8
2 13 8
5 14 8
1 14 9
1 14 10
1 14 11
1 14 12
1 14 13
1 14 14
1 14 15
0 48 46
2 46 44
2 47 44
5 48 44
1 48 45
0 10 12
4 11 12
1 11 11
1 11 10
1 11 9
0 39 31
5 39 27
1 39 28
1 39 29
1 39 30
0 8 5
2 9 5
2 10 5
5 11 5
1 11 6
1 11 7
0 31 46
2 32 46
2 33 46
2 34 46
2 35 46
2 36 46
2 37 46
2 38 46
2 39 46
2 40 46
2 41 46
2 42 46
2 43 46
2 44 46
4 45 46
1 45 45
0 28 49
2 29 49
2 30 49
4 31 49
1 31 48
1 31 47
0 24 46
2 25 46
2 26 46
2 27 46
2 28 46
2 29 46
2 30 46
0 24 0
2 25 0
2 26 0
2 27 0
5 28 0
0 11 26
2 12 26
2 13 26
2 14 26
2 15 26
0 44 30
2 40 31
2 41 31
2 42 31
2 43 31
4 44 31
0 24 40
1 24 41
1 24 42
1 24 43
1 24 44
1 24 45
-1
-1
-1
-1
-1
-1
-1
-1
-1
-1
-1
-1
-1
-1
-1
-1
-1
-1
-1
-1
-1
-1
-1
-1
-1
-1
-1
-1
-1
-1
-1
-1
-1
-1
-1
-1
-1
-1
-1
-1
-1
-1
-1
-1
-1
-1
-1
-1
-1
-1
-1
-1
-1
-1
-1
-1
-1
-1
-1
-1
-1
-1
-1
-1
-1
-1
-1
-1
-1
-1
-1
-1
-1
-1
-1
-1
-1
-1
-1
-1
-1
-1
-1
-1
-1
-1
-1
-1
-1
-1
-1
-1
-1
-1
-1
-1
-1
-1
-1
-1
-1
-1
-1
-1
-1
-1
-1
-1
-1
-1
-1
-1
-1
-1
-1
-1
-1
-1
-1
-1
-1
-1
-1
-1
-1
-1
-1
-1
-1
-1
-1
-1
-1
-1
-1
-1
-1
-1
-1
-1
-1
-1
-1
-1
-1
-1
-1
-1
-1
-1
-1
-1
-1
-1
-1
-1
-1
-1
-1
-1
-1
-1
-1
-1
-1
-1
-1
-1
-1
-1
-1
-1
-1
-1
-1
-1
-1
-1
-1
-1
-1
-1
-1
-1
-1
-1
-1
-1
-1
-1
-1
-1
-1
-1
-1
-1
-1
-1
-1
-1
-1
-1
-1
-1
-1
-1
-1
-1
-1
-1
-1
-1
-1
-1
-1
-1
-1
-1
-1
-1
-1
-1
-1
-1
-1
-1
-1
-1
-1
-1
-1
-1
-1
-1
-1
-1
-1
-1
-1
-1
-1
-1
-1
-1
-1
-1
-1
-1
-1
-1
-1
-1
-1
-1
-1
-1
-1
-1
-1
-1
-1
-1
-1
-1
-1
-1
-1
-1
-1
-1
-1
-1
-1
-1
-1
-1
-1
-1
-1
-1
-1
-1
-1
-1
-1
-1
-1
-1
-1
-1
-1
-1
-1
-1
-1
-1
-1
-1
-1
-1
-1
-1
-1
-1
-1
-1
-1
-1
-1
-1
-1
-1
-1
-1
-1
-1
-1
-1
-1
-1
-1
-1
-1
-1
-1
-1
-1
-1
-1
-1
-1
