0 2 16
0 34 18
2 3 16
2 4 16
2 5 16
2 6 16
2 7 16
2 8 16
2 9 16
2 10 16
2 11 16
2 12 16
2 13 16
2 14 16
2 15 16
2 16 16
2 17 16
2 18 16
2 19 16
2 20 16
2 21 16
2 22 16
2 23 16
2 24 16
2 25 16
2 26 16
2 27 16
2 28 16
2 29 16
2 30 16
2 31 16
2 32 16
2 33 16
5 34 16
1 34 17
-1
-1
-1
-1
-1
-1
-1
-1
-1
-1
-1
-1
-1
-1
-1
-1
-1
-1
-1
-1
-1
-1
-1
-1
-1
-1
-1
-1
-1
-1
-1
-1
-1
-1
-1
-1
-1
-1
-1
-1
-1
-1
-1
-1
-1
-1
-1
-1
-1
-1
-1
-1
-1
-1
-1
-1
-1
-1
-1
-1
-1
-1
-1
-1
-1
-1
-1
-1
-1
-1
-1
-1
-1
-1
-1
-1
-1
-1
-1
-1
-1
-1
-1
-1
-1
-1
-1
-1
-1
-1
-1
-1
-1
0 42 3
2 35 18
2 36 18
2 37 18
2 38 18
2 39 18
2 40 18
2 41 18
4 42 18
1 42 17
1 42 16
1 42 15
1 42 14
1 42 13
1 42 12
1 42 11
1 42 10
1 42 9
1 42 8
1 42 7
1 42 6
1 42 5
1 42 4
-1
-1
-1
-1
-1
-1
-1
-1
-1
-1
-1
-1
-1
-1
-1
-1
-1
-1
-1
-1
-1
-1
0 48 6
2 43 3
2 44 3
2 45 3
2 46 3
2 47 3
5 48 3
1 48 4
1 48 5
-1
-1
-1
-1
-1
-1
-1
-1
-1
-1
-1
-1
-1
-1
-1
-1
0 20 18
2 21 18
2 22 18
2 23 18
2 24 18
2 25 18
2 26 18
2 27 18
2 28 18
2 29 18
2 30 18
2 31 18
2 32 18
2 33 18
-1
-1
-1
0 44 8
2 45 8
2 46 8
2 47 8
4 48 8
1 48 7
-1
-1
-1
-1
-1
-1
-1
0 15 18
2 16 18
2 17 18
2 18 18
2 19 18
-1
-1
-1
-1
-1
-1
-1
0 32 26
2 33 26
4 34 26
1 34 25
1 34 24
1 34 23
1 34 22
1 34 21
1 34 20
1 34 19
0 15 23
1 15 22
1 15 21
1 15 20
1 15 19
-1
-1
-1
-1
0 1 20
4 2 20
1 2 19
1 2 18
1 2 17
-1
-1
-1
0 10 23
2 11 23
2 12 23
2 13 23
2 14 23
-1
-1
0 9 28
4 10 28
1 10 27
1 10 26
1 10 25
1 10 24
-1
-1
0 4 39
2 5 39
2 6 39
2 7 39
2 8 39
4 9 39
1 9 38
1 9 37
1 9 36
1 9 35
1 9 34
1 9 33
1 9 32
1 9 31
1 9 30
1 9 29
0 49 12
5 49 6
1 49 7
1 49 8
1 49 9
1 49 10
1 49 11
0 48 17
4 49 17
1 49 16
1 49 15
1 49 14
1 49 13
0 0 12
2 1 12
5 2 12
1 2 13
1 2 14
1 2 15
0 32 36
1 32 35
1 32 34
1 32 33
1 32 32
1 32 31
1 32 30
1 32 29
1 32 28
1 32 27
0 34 44
2 33 36
5 34 36
1 34 37
1 34 38
1 34 39
1 34 40
1 34 41
1 34 42
1 34 43
0 44 20
2 45 20
2 46 20
2 47 20
4 48 20
1 48 19
1 48 18
0 44 27
1 44 26
1 44 25
1 44 24
1 44 23
1 44 22
1 44 21
0 38 30
2 39 30
2 40 30
2 41 30
2 42 30
2 43 30
4 44 30
1 44 29
1 44 28
0 39 20
2 40 20
2 41 20
2 42 20
2 43 20
0 20 23
1 20 22
1 20 21
1 20 20
1 20 19
0 6 26
2 7 26
2 8 26
5 9 26
1 9 27
0 38 2
2 39 2
2 40 2
2 41 2
5 42 2
0 38 7
1 38 6
1 38 5
1 38 4
1 38 3
0 33 9
2 34 9
2 35 9
2 36 9
2 37 9
4 38 9
1 38 8
0 39 48
2 35 44
2 36 44
2 37 44
2 38 44
5 39 44
1 39 45
1 39 46
1 39 47
0 46 47
2 40 48
2 41 48
2 42 48
2 43 48
2 44 48
2 45 48
4 46 48
0 37 34
4 38 34
1 38 33
1 38 32
1 38 31
0 20 32
1 20 31
1 20 30
1 20 29
1 20 28
1 20 27
1 20 26
1 20 25
1 20 24
0 17 39
2 18 39
2 19 39
4 20 39
1 20 38
1 20 37
1 20 36
1 20 35
1 20 34
1 20 33
0 25 34
2 21 32
2 22 32
2 23 32
2 24 32
5 25 32
1 25 33
0 0 3
1 0 4
1 0 5
1 0 6
1 0 7
1 0 8
1 0 9
1 0 10
1 0 11
0 4 5
2 1 3
2 2 3
2 3 3
5 4 3
1 4 4
0 8 4
2 5 5
2 6 5
2 7 5
4 8 5
0 2 8
2 3 8
4 4 8
1 4 7
1 4 6
0 38 24
4 39 24
1 39 23
1 39 22
1 39 21
0 47 32
2 45 27
2 46 27
5 47 27
1 47 28
1 47 29
1 47 30
1 47 31
0 12 7
2 9 4
2 10 4
2 11 4
5 12 4
1 12 5
1 12 6
-1
-1
-1
-1
-1
-1
-1
-1
-1
-1
-1
-1
-1
-1
-1
-1
-1
-1
-1
-1
-1
-1
-1
-1
-1
-1
-1
-1
-1
-1
-1
-1
-1
-1
-1
-1
-1
-1
-1
-1
-1
-1
-1
-1
-1
-1
-1
-1
-1
-1
-1
-1
-1
-1
-1
-1
-1
-1
-1
-1
-1
-1
-1
-1
-1
-1
-1
-1
-1
-1
-1
-1
-1
-1
-1
-1
-1
-1
-1
-1
-1
-1
-1
-1
-1
-1
-1
-1
-1
-1
-1
-1
-1
-1
-1
-1
-1
-1
-1
-1
-1
-1
-1
-1
-1
-1
-1
-1
-1
-1
-1
-1
-1
-1
-1
-1
-1
-1
-1
-1
-1
-1
-1
-1
-1
-1
-1
-1
-1
-1
-1
-1
-1
-1
-1
-1
-1
-1
-1
-1
-1
-1
-1
-1
-1
-1
-1
-1
-1
-1
-1
-1
-1
-1
-1
-1
-1
-1
-1
-1
-1
-1
-1
-1
-1
-1
-1
-1
-1
-1
-1
-1
-1
-1
-1
-1
-1
-1
-1
-1
-1
-1
-1
-1
-1
-1
-1
-1
-1
-1
-1
-1
-1
-1
-1
-1
-1
-1
-1
-1
-1
-1
-1
-1
-1
-1
-1
-1
-1
-1
-1
-1
-1
-1
-1
-1
-1
-1
-1
-1
-1
-1
-1
-1
-1
-1
-1
-1
-1
-1
-1
-1
-1
-1
-1
-1
-1
-1
-1
-1
-1
-1
-1
-1
-1
-1
-1
-1
-1
-1
-1
-1
-1
-1
-1
-1
-1
-1
-1
-1
-1
-1
-1
-1
-1
-1
-1
-1
-1
-1
-1
-1
-1
-1
-1
-1
-1
-1
-1
-1
-1
-1
-1
-1
-1
-1
-1
-1
-1
-1
-1
-1
-1
-1
-1
-1
-1
-1
-1
-1
-1
-1
-1
-1
-1
-1
-1
-1
-1
-1
-1
-1
-1
-1
-1
