0 0 23
0 44 22
2 1 23
2 2 23
2 3 23
2 4 23
2 5 23
2 6 23
2 7 23
2 8 23
2 9 23
2 10 23
2 11 23
2 12 23
2 13 23
2 14 23
2 15 23
2 16 23
2 17 23
2 18 23
2 19 23
2 20 23
2 21 23
2 22 23
2 23 23
2 24 23
2 25 23
2 26 23
2 27 23
2 28 23
2 29 23
2 30 23
2 31 23
2 32 23
2 33 23
2 34 23
2 35 23
2 36 23
2 37 23
2 38 23
2 39 23
2 40 23
2 41 23
2 42 23
2 43 23
4 44 23
-1
-1
-1
-1
-1
-1
-1
-1
-1
-1
-1
-1
-1
-1
-1
-1
-1
-1
-1
-1
-1
-1
-1
-1
-1
-1
-1
0 0 43
1 0 42
1 0 41
1 0 40
1 0 39
1 0 38
1 0 37
1 0 36
1 0 35
1 0 34
1 0 33
1 0 32
1 0 31
1 0 30
1 0 29
1 0 28
1 0 27
1 0 26
1 0 25
1 0 24
-1
-1
-1
-1
-1
-1
-1
-1
-1
-1
-1
-1
-1
-1
-1
-1
-1
-1
-1
-1
0 8 34
2 1 43
2 2 43
2 3 43
2 4 43
2 5 43
2 6 43
2 7 43
4 8 43
1 8 42
1 8 41
1 8 40
1 8 39
1 8 38
1 8 37
1 8 36
1 8 35
-1
-1
-1
-1
-1
-1
0 7 30
5 8 30
1 8 31
1 8 32
1 8 33
-1
-1
-1
-1
-1
-1
-1
-1
-1
0 15 34
2 9 34
2 10 34
2 11 34
2 12 34
2 13 34
2 14 34
-1
-1
-1
-1
0 19 31
2 16 34
2 17 34
2 18 34
4 19 34
1 19 33
1 19 32
-1
-1
-1
0 25 32
2 20 31
2 21 31
2 22 31
2 23 31
2 24 31
5 25 31
-1
0 44 15
1 44 16
1 44 17
1 44 18
1 44 19
1 44 20
1 44 21
0 46 25
2 45 22
5 46 22
1 46 23
1 46 24
0 41 25
2 42 25
2 43 25
2 44 25
2 45 25
-1
0 2 29
2 3 29
2 4 29
2 5 29
2 6 29
5 7 29
0 41 36
1 41 35
1 41 34
1 41 33
1 41 32
1 41 31
1 41 30
1 41 29
1 41 28
1 41 27
1 41 26
0 29 33
2 26 32
2 27 32
2 28 32
5 29 32
0 13 31
2 14 31
5 15 31
1 15 32
1 15 33
0 48 18
2 45 15
2 46 15
2 47 15
5 48 15
1 48 16
1 48 17
0 28 41
4 29 41
1 29 40
1 29 39
1 29 38
1 29 37
1 29 36
1 29 35
1 29 34
0 19 48
2 20 48
2 21 48
2 22 48
2 23 48
2 24 48
2 25 48
2 26 48
2 27 48
4 28 48
1 28 47
1 28 46
1 28 45
1 28 44
1 28 43
1 28 42
0 18 41
5 19 41
1 19 42
1 19 43
1 19 44
1 19 45
1 19 46
1 19 47
0 0 15
1 0 16
1 0 17
1 0 18
1 0 19
1 0 20
1 0 21
1 0 22
0 4 16
2 1 15
2 2 15
2 3 15
5 4 15
0 9 20
2 5 16
2 6 16
2 7 16
2 8 16
5 9 16
1 9 17
1 9 18
1 9 19
0 38 8
2 39 8
2 40 8
2 41 8
2 42 8
2 43 8
5 44 8
1 44 9
1 44 10
1 44 11
1 44 12
1 44 13
1 44 14
0 25 9
2 26 9
2 27 9
2 28 9
2 29 9
2 30 9
2 31 9
2 32 9
2 33 9
2 34 9
2 35 9
2 36 9
2 37 9
4 38 9
0 20 7
2 21 7
2 22 7
2 23 7
2 24 7
5 25 7
1 25 8
0 15 4
2 16 4
2 17 4
2 18 4
2 19 4
5 20 4
1 20 5
1 20 6
0 13 8
2 14 8
4 15 8
1 15 7
1 15 6
1 15 5
0 22 34
2 23 34
2 24 34
4 25 34
1 25 33
0 20 37
2 21 37
4 22 37
1 22 36
1 22 35
0 3 20
4 4 20
1 4 19
1 4 18
1 4 17
0 16 29
2 17 29
2 18 29
5 19 29
1 19 30
0 10 11
2 11 11
2 12 11
4 13 11
1 13 10
1 13 9
0 9 3
2 10 3
2 11 3
2 12 3
2 13 3
2 14 3
5 15 3
0 34 35
2 30 33
2 31 33
2 32 33
2 33 33
5 34 33
1 34 34
0 4 4
2 5 4
2 6 4
2 7 4
2 8 4
4 9 4
0 15 25
5 16 25
1 16 26
1 16 27
1 16 28
0 12 37
2 13 37
2 14 37
4 15 37
1 15 36
1 15 35
0 35 5
2 36 5
2 37 5
5 38 5
1 38 6
1 38 7
0 13 21
2 10 20
2 11 20
2 12 20
5 13 20
0 48 28
2 47 25
5 48 25
1 48 26
1 48 27
0 24 40
2 25 40
2 26 40
2 27 40
5 28 40
0 24 45
1 24 44
1 24 43
1 24 42
1 24 41
0 18 21
2 14 21
2 15 21
2 16 21
2 17 21
0 18 11
2 19 11
4 20 11
1 20 10
1 20 9
1 20 8
0 20 18
2 19 21
4 20 21
1 20 20
1 20 19
0 35 25
2 36 25
2 37 25
2 38 25
2 39 25
2 40 25
0 30 25
2 31 25
2 32 25
2 33 25
2 34 25
0 16 17
2 17 17
2 18 17
2 19 17
5 20 17
-1
-1
-1
-1
-1
-1
-1
-1
-1
-1
-1
-1
-1
-1
-1
-1
-1
-1
-1
-1
-1
-1
-1
-1
-1
-1
-1
-1
-1
-1
-1
-1
-1
-1
-1
-1
-1
-1
-1
-1
-1
-1
-1
-1
-1
-1
-1
-1
-1
-1
-1
-1
-1
-1
-1
-1
-1
-1
-1
-1
-1
-1
-1
-1
-1
-1
-1
-1
-1
-1
-1
-1
-1
-1
-1
-1
-1
-1
-1
-1
-1
-1
-1
-1
-1
-1
-1
-1
-1
-1
-1
-1
-1
-1
-1
-1
-1
-1
-1
-1
-1
-1
-1
-1
-1
-1
-1
-1
-1
-1
-1
-1
-1
-1
-1
-1
-1
-1
-1
-1
-1
-1
-1
-1
-1
-1
-1
-1
-1
-1
-1
-1
-1
-1
-1
-1
-1
-1
-1
-1
-1
-1
-1
-1
-1
-1
-1
-1
-1
-1
-1
-1
-1
-1
-1
-1
-1
-1
-1
-1
-1
-1
-1
-1
-1
-1
-1
-1
-1
-1
-1
-1
-1
-1
-1
-1
-1
-1
-1
-1
-1
-1
-1
-1
-1
-1
-1
-1
-1
-1
-1
-1
-1
-1
-1
-1
-1
-1
-1
-1
-1
-1
-1
-1
-1
-1
-1
-1
-1
-1
-1
-1
-1
-1
-1
-1
-1
-1
-1
-1
-1
-1
-1
-1
-1
-1
-1
-1
-1
-1
-1
-1
-1
-1
-1
-1
-1
-1
-1
-1
-1
-1
-1
-1
-1
-1
-1
-1
-1
-1
-1
-1
-1
-1
-1
-1
-1
-1
-1
-1
-1
-1
-1
-1
-1
-1
-1
-1
-1
-1
-1
-1
-1
-1
-1
-1
-1
-1
-1
-1
-1
-1
-1
-1
-1
-1
-1
-1
-1
-1
-1
-1
-1
-1
-1
-1
-1
-1
-1
-1
-1
-1
-1
-1
-1
-1
-1
-1
-1
-1
-1
-1
-1
-1
-1
-1
-1
-1
-1
-1
-1
-1
-1
-1
-1
-1
-1
-1
-1
-1
-1
-1
-1
-1
-1
-1
-1
-1
-1
-1
-1
-1
-1
-1
-1
-1
-1
-1
-1
-1
-1
