0 12 28
0 44 5
2 13 28
2 14 28
2 15 28
2 16 28
2 17 28
2 18 28
2 19 28
2 20 28
2 21 28
2 22 28
2 23 28
2 24 28
2 25 28
2 26 28
2 27 28
2 28 28
2 29 28
2 30 28
2 31 28
2 32 28
2 33 28
2 34 28
2 35 28
2 36 28
2 37 28
2 38 28
2 39 28
2 40 28
2 41 28
2 42 28
2 43 28
4 44 28
1 44 27
1 44 26
1 44 25
1 44 24
1 44 23
1 44 22
1 44 21
1 44 20
1 44 19
1 44 18
1 44 17
1 44 16
1 44 15
1 44 14
1 44 13
1 44 12
1 44 11
1 44 10
1 44 9
1 44 8
1 44 7
1 44 6
-1
-1
-1
-1
-1
-1
-1
-1
-1
-1
-1
0 46 1
2 45 5
4 46 5
1 46 4
1 46 3
1 46 2
-1
-1
-1
-1
-1
-1
-1
-1
-1
0 5 22
2 6 22
2 7 22
2 8 22
2 9 22
2 10 22
2 11 22
5 12 22
1 12 23
1 12 24
1 12 25
1 12 26
1 12 27
0 41 1
2 42 1
2 43 1
2 44 1
2 45 1
0 12 33
1 12 32
1 12 31
1 12 30
1 12 29
-1
0 15 31
2 13 33
2 14 33
4 15 33
1 15 32
0 3 19
2 4 19
5 5 19
1 5 20
1 5 21
0 49 3
2 47 1
2 48 1
5 49 1
1 49 2
0 48 7
4 49 7
1 49 6
1 49 5
1 49 4
0 46 40
2 47 40
4 48 40
1 48 39
1 48 38
1 48 37
1 48 36
1 48 35
1 48 34
1 48 33
1 48 32
1 48 31
1 48 30
1 48 29
1 48 28
1 48 27
1 48 26
1 48 25
1 48 24
1 48 23
1 48 22
1 48 21
1 48 20
1 48 19
1 48 18
1 48 17
1 48 16
1 48 15
1 48 14
1 48 13
1 48 12
1 48 11
1 48 10
1 48 9
1 48 8
0 45 34
5 46 34
1 46 35
1 46 36
1 46 37
1 46 38
1 46 39
0 34 41
2 35 41
2 36 41
2 37 41
2 38 41
2 39 41
2 40 41
2 41 41
2 42 41
2 43 41
2 44 41
2 45 41
4 46 41
0 33 36
5 34 36
1 34 37
1 34 38
1 34 39
1 34 40
0 18 29
2 16 31
2 17 31
4 18 31
1 18 30
0 3 9
1 3 10
1 3 11
1 3 12
1 3 13
1 3 14
1 3 15
1 3 16
1 3 17
1 3 18
0 4 4
4 4 9
1 4 8
1 4 7
1 4 6
1 4 5
0 39 5
2 40 5
2 41 5
2 42 5
2 43 5
0 26 41
2 27 41
2 28 41
2 29 41
2 30 41
2 31 41
2 32 41
2 33 41
0 32 45
2 33 45
4 34 45
1 34 44
1 34 43
1 34 42
0 30 48
2 31 48
4 32 48
1 32 47
1 32 46
0 27 46
2 28 46
2 29 46
5 30 46
1 30 47
0 42 37
2 43 37
2 44 37
4 45 37
1 45 36
1 45 35
0 1 2
2 2 2
2 3 2
5 4 2
1 4 3
0 40 31
2 41 31
2 42 31
2 43 31
2 44 31
5 45 31
1 45 32
1 45 33
0 0 21
2 1 21
2 2 21
4 3 21
1 3 20
0 5 0
4 5 4
1 5 3
1 5 2
1 5 1
0 40 40
2 41 40
4 42 40
1 42 39
1 42 38
0 23 6
2 24 6
2 25 6
2 26 6
2 27 6
2 28 6
2 29 6
2 30 6
2 31 6
2 32 6
2 33 6
2 34 6
2 35 6
2 36 6
2 37 6
2 38 6
4 39 6
0 15 11
2 16 11
2 17 11
2 18 11
2 19 11
2 20 11
2 21 11
2 22 11
4 23 11
1 23 10
1 23 9
1 23 8
1 23 7
0 7 28
2 8 28
2 9 28
2 10 28
2 11 28
0 39 35
2 40 35
2 41 35
5 42 35
1 42 36
0 21 3
2 22 3
5 23 3
1 23 4
1 23 5
0 30 38
2 31 38
2 32 38
4 33 38
1 33 37
0 18 1
2 19 1
2 20 1
5 21 1
1 21 2
0 37 38
2 38 38
2 39 38
5 40 38
1 40 39
0 2 24
2 3 24
2 4 24
4 5 24
1 5 23
-1
-1
-1
-1
-1
-1
-1
-1
-1
-1
-1
-1
-1
-1
-1
-1
-1
-1
-1
-1
-1
-1
-1
-1
-1
-1
-1
-1
-1
-1
-1
-1
-1
-1
-1
-1
-1
-1
-1
-1
-1
-1
-1
-1
-1
-1
-1
-1
-1
-1
-1
-1
-1
-1
-1
-1
-1
-1
-1
-1
-1
-1
-1
-1
-1
-1
-1
-1
-1
-1
-1
-1
-1
-1
-1
-1
-1
-1
-1
-1
-1
-1
-1
-1
-1
-1
-1
-1
-1
-1
-1
-1
-1
-1
-1
-1
-1
-1
-1
-1
-1
-1
-1
-1
-1
-1
-1
-1
-1
-1
-1
-1
-1
-1
-1
-1
-1
-1
-1
-1
-1
-1
-1
-1
-1
-1
-1
-1
-1
-1
-1
-1
-1
-1
-1
-1
-1
-1
-1
-1
-1
-1
-1
-1
-1
-1
-1
-1
-1
-1
-1
-1
-1
-1
-1
-1
-1
-1
-1
-1
-1
-1
-1
-1
-1
-1
-1
-1
-1
-1
-1
-1
-1
-1
-1
-1
-1
-1
-1
-1
-1
-1
-1
-1
-1
-1
-1
-1
-1
-1
-1
-1
-1
-1
-1
-1
-1
-1
-1
-1
-1
-1
-1
-1
-1
-1
-1
-1
-1
-1
-1
-1
-1
-1
-1
-1
-1
-1
-1
-1
-1
-1
-1
-1
-1
-1
-1
-1
-1
-1
-1
-1
-1
-1
-1
-1
-1
-1
-1
-1
-1
-1
-1
-1
-1
-1
-1
-1
-1
-1
-1
-1
-1
-1
-1
-1
-1
-1
-1
-1
-1
-1
-1
-1
-1
-1
-1
-1
-1
-1
-1
-1
-1
-1
-1
-1
-1
-1
-1
-1
-1
-1
-1
-1
-1
-1
-1
-1
-1
-1
-1
-1
-1
-1
-1
-1
-1
-1
-1
-1
-1
-1
-1
-1
-1
-1
-1
-1
-1
-1
-1
-1
-1
-1
-1
-1
-1
-1
-1
-1
-1
-1
-1
-1
-1
-1
-1
-1
-1
-1
-1
-1
-1
-1
-1
-1
-1
-1
-1
-1
-1
-1
-1
-1
-1
-1
-1
-1
-1
-1
-1
-1
-1
-1
-1
-1
-1
-1
-1
-1
-1
-1
-1
-1
-1
-1
-1
-1
-1
-1
-1
-1
-1
-1
-1
-1
-1
-1
-1
-1
-1
-1
-1
-1
-1
-1
-1
-1
-1
-1
-1
-1
-1
-1
-1
-1
-1
-1
-1
-1
-1
-1
-1
-1
-1
-1
-1
-1
-1
-1
-1
-1
-1
-1
-1
-1
-1
-1
-1
-1
-1
-1
-1
-1
-1
-1
-1
-1
-1
-1
-1
-1
-1
-1
-1
-1
-1
-1
-1
-1
-1
-1
-1
-1
-1
-1
-1
-1
-1
-1
-1
-1
-1
-1
-1
-1
-1
-1
-1
-1
-1
-1
-1
-1
