0 3 37
0 43 17
2 4 37
2 5 37
2 6 37
2 7 37
2 8 37
2 9 37
2 10 37
2 11 37
2 12 37
2 13 37
2 14 37
2 15 37
2 16 37
2 17 37
2 18 37
2 19 37
2 20 37
2 21 37
2 22 37
2 23 37
2 24 37
2 25 37
2 26 37
2 27 37
2 28 37
2 29 37
2 30 37
2 31 37
2 32 37
2 33 37
2 34 37
2 35 37
2 36 37
2 37 37
2 38 37
2 39 37
2 40 37
2 41 37
2 42 37
4 43 37
1 43 36
1 43 35
1 43 34
1 43 33
1 43 32
1 43 31
1 43 30
1 43 29
1 43 28
1 43 27
1 43 26
1 43 25
1 43 24
1 43 23
1 43 22
1 43 21
1 43 20
1 43 19
1 43 18
-1
-1
-1
-1
-1
-1
-1
-1
-1
-1
-1
-1
-1
-1
-1
-1
-1
-1
-1
-1
-1
-1
0 47 16
2 44 17
2 45 17
2 46 17
4 47 17
-1
-1
-1
-1
-1
-1
-1
-1
-1
-1
-1
-1
-1
-1
-1
-1
-1
-1
-1
-1
-1
-1
-1
-1
-1
-1
-1
-1
-1
-1
-1
-1
-1
0 26 13
2 27 13
2 28 13
2 29 13
2 30 13
2 31 13
2 32 13
2 33 13
2 34 13
2 35 13
2 36 13
2 37 13
2 38 13
2 39 13
2 40 13
2 41 13
2 42 13
5 43 13
1 43 14
1 43 15
1 43 16
-1
-1
-1
-1
-1
-1
-1
-1
-1
-1
0 48 28
5 48 16
1 48 17
1 48 18
1 48 19
1 48 20
1 48 21
1 48 22
1 48 23
1 48 24
1 48 25
1 48 26
1 48 27
-1
-1
-1
-1
-1
-1
-1
-1
-1
0 19 11
2 20 11
2 21 11
2 22 11
2 23 11
2 24 11
2 25 11
5 26 11
1 26 12
-1
-1
-1
-1
-1
-1
-1
-1
-1
0 19 6
1 19 7
1 19 8
1 19 9
1 19 10
-1
-1
-1
-1
-1
-1
-1
-1
-1
-1
-1
0 13 18
2 14 18
2 15 18
2 16 18
2 17 18
2 18 18
4 19 18
1 19 17
1 19 16
1 19 15
1 19 14
1 19 13
1 19 12
-1
-1
-1
-1
0 48 45
1 48 44
1 48 43
1 48 42
1 48 41
1 48 40
1 48 39
1 48 38
1 48 37
1 48 36
1 48 35
1 48 34
1 48 33
1 48 32
1 48 31
1 48 30
1 48 29
0 43 45
2 44 45
2 45 45
2 46 45
2 47 45
-1
-1
0 40 41
2 41 41
2 42 41
5 43 41
1 43 42
1 43 43
1 43 44
-1
-1
0 35 41
2 36 41
2 37 41
2 38 41
2 39 41
-1
-1
-1
-1
0 11 21
2 12 21
4 13 21
1 13 20
1 13 19
-1
-1
-1
-1
0 10 30
4 11 30
1 11 29
1 11 28
1 11 27
1 11 26
1 11 25
1 11 24
1 11 23
1 11 22
0 33 38
2 34 38
5 35 38
1 35 39
1 35 40
-1
-1
0 3 18
2 4 18
2 5 18
2 6 18
2 7 18
2 8 18
2 9 18
2 10 18
2 11 18
2 12 18
0 45 12
2 46 12
5 47 12
1 47 13
1 47 14
1 47 15
0 2 33
5 3 33
1 3 34
1 3 35
1 3 36
0 11 15
2 12 15
5 13 15
1 13 16
1 13 17
-1
0 41 9
2 42 9
2 43 9
2 44 9
5 45 9
1 45 10
1 45 11
0 18 44
2 19 44
2 20 44
2 21 44
2 22 44
2 23 44
2 24 44
2 25 44
2 26 44
2 27 44
2 28 44
2 29 44
2 30 44
2 31 44
2 32 44
2 33 44
2 34 44
4 35 44
1 35 43
1 35 42
0 12 43
2 13 43
2 14 43
2 15 43
2 16 43
2 17 43
5 18 43
0 12 48
1 12 47
1 12 46
1 12 45
1 12 44
0 40 2
5 41 2
1 41 3
1 41 4
1 41 5
1 41 6
1 41 7
1 41 8
0 7 43
2 8 43
2 9 43
2 10 43
2 11 43
0 38 38
2 39 38
5 40 38
1 40 39
1 40 40
0 25 17
4 26 17
1 26 16
1 26 15
1 26 14
0 46 48
2 47 48
4 48 48
1 48 47
1 48 46
0 32 4
2 33 4
2 34 4
2 35 4
2 36 4
2 37 4
2 38 4
2 39 4
4 40 4
1 40 3
0 6 47
4 7 47
1 7 46
1 7 45
1 7 44
-1
-1
-1
-1
-1
-1
-1
-1
-1
-1
-1
-1
-1
-1
-1
-1
-1
-1
-1
-1
-1
-1
-1
-1
-1
-1
-1
-1
-1
-1
-1
-1
-1
-1
-1
-1
-1
-1
-1
-1
-1
-1
-1
-1
-1
-1
-1
-1
-1
-1
-1
-1
-1
-1
-1
-1
-1
-1
-1
-1
-1
-1
-1
-1
-1
-1
-1
-1
-1
-1
-1
-1
-1
-1
-1
-1
-1
-1
-1
-1
-1
-1
-1
-1
-1
-1
-1
-1
-1
-1
-1
-1
-1
-1
-1
-1
-1
-1
-1
-1
-1
-1
-1
-1
-1
-1
-1
-1
-1
-1
-1
-1
-1
-1
-1
-1
-1
-1
-1
-1
-1
-1
-1
-1
-1
-1
-1
-1
-1
-1
-1
-1
-1
-1
-1
-1
-1
-1
-1
-1
-1
-1
-1
-1
-1
-1
-1
-1
-1
-1
-1
-1
-1
-1
-1
-1
-1
-1
-1
-1
-1
-1
-1
-1
-1
-1
-1
-1
-1
-1
-1
-1
-1
-1
-1
-1
-1
-1
-1
-1
-1
-1
-1
-1
-1
-1
-1
-1
-1
-1
-1
-1
-1
-1
-1
-1
-1
-1
-1
-1
-1
-1
-1
-1
-1
-1
-1
-1
-1
-1
-1
-1
-1
-1
-1
-1
-1
-1
-1
-1
-1
-1
-1
-1
-1
-1
-1
-1
-1
-1
-1
-1
-1
-1
-1
-1
-1
-1
-1
-1
-1
-1
-1
-1
-1
-1
-1
-1
-1
-1
-1
-1
-1
-1
-1
-1
-1
-1
-1
-1
-1
-1
-1
-1
-1
-1
-1
-1
-1
-1
-1
-1
-1
-1
-1
-1
-1
-1
-1
-1
-1
-1
-1
-1
-1
-1
-1
-1
-1
-1
-1
-1
-1
-1
-1
-1
-1
-1
-1
-1
-1
-1
-1
-1
-1
-1
-1
-1
-1
-1
-1
-1
-1
-1
-1
-1
-1
-1
-1
-1
-1
-1
-1
-1
-1
-1
-1
-1
-1
-1
-1
-1
-1
-1
-1
-1
-1
-1
-1
-1
-1
-1
-1
-1
-1
-1
-1
-1
-1
-1
-1
-1
-1
-1
-1
-1
-1
-1
-1
-1
-1
-1
-1
-1
-1
-1
-1
-1
-1
-1
-1
-1
-1
-1
-1
-1
-1
-1
-1
-1
-1
-1
-1
-1
-1
-1
-1
-1
-1
-1
-1
-1
-1
-1
-1
-1
-1
-1
