0 1 43
0 30 1
2 2 43
2 3 43
2 4 43
2 5 43
2 6 43
2 7 43
2 8 43
2 9 43
2 10 43
2 11 43
2 12 43
2 13 43
2 14 43
2 15 43
2 16 43
2 17 43
2 18 43
2 19 43
2 20 43
2 21 43
2 22 43
2 23 43
2 24 43
2 25 43
2 26 43
2 27 43
2 28 43
2 29 43
4 30 43
1 30 42
1 30 41
1 30 40
1 30 39
1 30 38
1 30 37
1 30 36
1 30 35
1 30 34
1 30 33
1 30 32
1 30 31
1 30 30
1 30 29
1 30 28
1 30 27
1 30 26
1 30 25
1 30 24
1 30 23
1 30 22
1 30 21
1 30 20
1 30 19
1 30 18
1 30 17
1 30 16
1 30 15
1 30 14
1 30 13
1 30 12
1 30 11
1 30 10
1 30 9
1 30 8
1 30 7
1 30 6
1 30 5
1 30 4
1 30 3
1 30 2
-1
-1
-1
-1
-1
-1
-1
-1
-1
-1
-1
-1
-1
-1
-1
-1
-1
-1
-1
-1
-1
-1
-1
-1
-1
-1
-1
-1
0 1 48
1 1 47
1 1 46
1 1 45
1 1 44
-1
-1
-1
-1
-1
-1
-1
-1
-1
-1
-1
-1
-1
-1
-1
-1
-1
-1
-1
-1
-1
-1
0 34 2
2 31 1
2 32 1
2 33 1
5 34 1
-1
-1
-1
-1
-1
-1
-1
-1
-1
-1
-1
-1
-1
-1
-1
0 43 2
2 35 2
2 36 2
2 37 2
2 38 2
2 39 2
2 40 2
2 41 2
2 42 2
-1
-1
-1
-1
-1
-1
-1
-1
0 40 6
2 41 6
2 42 6
4 43 6
1 43 5
1 43 4
1 43 3
-1
-1
-1
-1
-1
-1
0 5 47
2 2 48
2 3 48
2 4 48
4 5 48
-1
-1
-1
-1
-1
-1
0 36 9
2 37 9
2 38 9
2 39 9
4 40 9
1 40 8
1 40 7
-1
-1
0 11 46
2 6 47
2 7 47
2 8 47
2 9 47
2 10 47
4 11 47
-1
0 19 44
2 12 46
2 13 46
2 14 46
2 15 46
2 16 46
2 17 46
2 18 46
4 19 46
1 19 45
0 46 0
2 44 2
2 45 2
4 46 2
1 46 1
0 39 1
2 40 1
2 41 1
2 42 1
5 43 1
0 32 5
2 33 5
4 34 5
1 34 4
1 34 3
0 36 21
1 36 20
1 36 19
1 36 18
1 36 17
1 36 16
1 36 15
1 36 14
1 36 13
1 36 12
1 36 11
1 36 10
0 45 21
2 37 21
2 38 21
2 39 21
2 40 21
2 41 21
2 42 21
2 43 21
2 44 21
0 24 1
2 25 1
2 26 1
2 27 1
2 28 1
2 29 1
0 8 44
2 9 44
2 10 44
5 11 44
1 11 45
0 36 32
1 36 31
1 36 30
1 36 29
1 36 28
1 36 27
1 36 26
1 36 25
1 36 24
1 36 23
1 36 22
0 40 33
2 37 32
2 38 32
2 39 32
5 40 32
0 43 17
2 44 17
5 45 17
1 45 18
1 45 19
1 45 20
0 39 16
2 40 16
2 41 16
2 42 16
5 43 16
0 24 6
1 24 5
1 24 4
1 24 3
1 24 2
0 27 4
2 25 6
2 26 6
4 27 6
1 27 5
0 46 34
2 41 33
2 42 33
2 43 33
2 44 33
2 45 33
5 46 33
0 16 10
2 17 10
2 18 10
2 19 10
2 20 10
2 21 10
2 22 10
2 23 10
4 24 10
1 24 9
1 24 8
1 24 7
0 11 10
2 12 10
2 13 10
2 14 10
2 15 10
0 16 15
1 16 14
1 16 13
1 16 12
1 16 11
0 16 29
1 16 28
1 16 27
1 16 26
1 16 25
1 16 24
1 16 23
1 16 22
1 16 21
1 16 20
1 16 19
1 16 18
1 16 17
1 16 16
0 15 36
4 16 36
1 16 35
1 16 34
1 16 33
1 16 32
1 16 31
1 16 30
0 11 29
2 12 29
2 13 29
2 14 29
2 15 29
0 15 41
1 15 40
1 15 39
1 15 38
1 15 37
0 18 39
2 16 41
2 17 41
4 18 41
1 18 40
0 22 37
2 19 39
2 20 39
2 21 39
4 22 39
1 22 38
0 24 40
2 23 37
5 24 37
1 24 38
1 24 39
0 31 9
2 32 9
2 33 9
2 34 9
2 35 9
0 20 34
2 21 34
5 22 34
1 22 35
1 22 36
0 19 1
2 20 1
2 21 1
2 22 1
2 23 1
0 49 20
2 46 21
2 47 21
2 48 21
4 49 21
0 6 29
2 7 29
2 8 29
2 9 29
2 10 29
0 3 31
2 4 31
2 5 31
4 6 31
1 6 30
0 11 34
1 11 33
1 11 32
1 11 31
1 11 30
0 18 5
4 19 5
1 19 4
1 19 3
1 19 2
0 45 26
1 45 25
1 45 24
1 45 23
1 45 22
0 28 41
2 25 40
2 26 40
2 27 40
5 28 40
0 1 28
2 2 28
5 3 28
1 3 29
1 3 30
-1
-1
-1
-1
-1
-1
-1
-1
-1
-1
-1
-1
-1
-1
-1
-1
-1
-1
-1
-1
-1
-1
-1
-1
-1
-1
-1
-1
-1
-1
-1
-1
-1
-1
-1
-1
-1
-1
-1
-1
-1
-1
-1
-1
-1
-1
-1
-1
-1
-1
-1
-1
-1
-1
-1
-1
-1
-1
-1
-1
-1
-1
-1
-1
-1
-1
-1
-1
-1
-1
-1
-1
-1
-1
-1
-1
-1
-1
-1
-1
-1
-1
-1
-1
-1
-1
-1
-1
-1
-1
-1
-1
-1
-1
-1
-1
-1
-1
-1
-1
-1
-1
-1
-1
-1
-1
-1
-1
-1
-1
-1
-1
-1
-1
-1
-1
-1
-1
-1
-1
-1
-1
-1
-1
-1
-1
-1
-1
-1
-1
-1
-1
-1
-1
-1
-1
-1
-1
-1
-1
-1
-1
-1
-1
-1
-1
-1
-1
-1
-1
-1
-1
-1
-1
-1
-1
-1
-1
-1
-1
-1
-1
-1
-1
-1
-1
-1
-1
-1
-1
-1
-1
-1
-1
-1
-1
-1
-1
-1
-1
-1
-1
-1
-1
-1
-1
-1
-1
-1
-1
-1
-1
-1
-1
-1
-1
-1
-1
-1
-1
-1
-1
-1
-1
-1
-1
-1
-1
-1
-1
-1
-1
-1
-1
-1
-1
-1
-1
-1
-1
-1
-1
-1
-1
-1
-1
-1
-1
-1
-1
-1
-1
-1
-1
-1
-1
-1
-1
-1
-1
-1
-1
-1
-1
-1
-1
-1
-1
-1
-1
-1
-1
-1
-1
-1
-1
-1
-1
-1
-1
-1
-1
-1
-1
-1
-1
-1
-1
-1
-1
-1
-1
-1
-1
-1
-1
-1
-1
-1
-1
-1
-1
-1
-1
-1
-1
-1
-1
-1
-1
-1
-1
-1
-1
-1
-1
-1
-1
-1
-1
-1
-1
-1
-1
-1
-1
-1
-1
-1
-1
-1
-1
-1
-1
-1
-1
-1
-1
-1
-1
-1
-1
-1
-1
-1
-1
-1
-1
-1
-1
-1
-1
-1
-1
-1
-1
-1
-1
-1
-1
-1
-1
-1
-1
-1
-1
-1
-1
-1
-1
-1
-1
-1
-1
-1
-1
-1
-1
-1
-1
-1
-1
-1
-1
-1
-1
-1
-1
-1
