0 19 45
0 37 19
2 20 45
2 21 45
2 22 45
2 23 45
2 24 45
2 25 45
2 26 45
2 27 45
2 28 45
2 29 45
2 30 45
2 31 45
2 32 45
2 33 45
2 34 45
2 35 45
2 36 45
4 37 45
1 37 44
1 37 43
1 37 42
1 37 41
1 37 40
1 37 39
1 37 38
1 37 37
1 37 36
1 37 35
1 37 34
1 37 33
1 37 32
1 37 31
1 37 30
1 37 29
1 37 28
1 37 27
1 37 26
1 37 25
1 37 24
1 37 23
1 37 22
1 37 21
1 37 20
-1
-1
-1
-1
-1
-1
-1
-1
-1
-1
-1
-1
-1
-1
-1
-1
0 46 21
2 38 19
2 39 19
2 40 19
2 41 19
2 42 19
2 43 19
2 44 19
2 45 19
5 46 19
1 46 20
-1
-1
-1
-1
-1
-1
-1
-1
-1
-1
-1
-1
-1
-1
-1
-1
-1
0 16 42
2 17 42
2 18 42
5 19 42
1 19 43
1 19 44
-1
-1
-1
-1
-1
-1
-1
-1
-1
-1
-1
-1
0 33 18
2 34 18
2 35 18
2 36 18
5 37 18
-1
-1
-1
-1
-1
-1
-1
-1
-1
-1
-1
-1
-1
-1
0 42 42
2 43 42
2 44 42
2 45 42
4 46 42
1 46 41
1 46 40
1 46 39
1 46 38
1 46 37
1 46 36
1 46 35
1 46 34
1 46 33
1 46 32
1 46 31
1 46 30
1 46 29
1 46 28
1 46 27
1 46 26
1 46 25
1 46 24
1 46 23
1 46 22
0 33 23
1 33 22
1 33 21
1 33 20
1 33 19
0 38 43
2 39 43
2 40 43
2 41 43
4 42 43
-1
-1
-1
0 8 29
2 9 29
2 10 29
2 11 29
2 12 29
2 13 29
2 14 29
2 15 29
5 16 29
1 16 30
1 16 31
1 16 32
1 16 33
1 16 34
1 16 35
1 16 36
1 16 37
1 16 38
1 16 39
1 16 40
1 16 41
0 31 3
2 32 3
5 33 3
1 33 4
1 33 5
1 33 6
1 33 7
1 33 8
1 33 9
1 33 10
1 33 11
1 33 12
1 33 13
1 33 14
1 33 15
1 33 16
1 33 17
0 31 47
2 32 47
2 33 47
2 34 47
2 35 47
2 36 47
2 37 47
4 38 47
1 38 46
1 38 45
1 38 44
0 47 15
4 47 21
1 47 20
1 47 19
1 47 18
1 47 17
1 47 16
0 38 36
1 38 37
1 38 38
1 38 39
1 38 40
1 38 41
1 38 42
0 32 32
4 33 32
1 33 31
1 33 30
1 33 29
1 33 28
1 33 27
1 33 26
1 33 25
1 33 24
0 21 33
2 22 33
2 23 33
2 24 33
2 25 33
2 26 33
2 27 33
2 28 33
2 29 33
2 30 33
2 31 33
4 32 33
0 19 30
2 20 30
5 21 30
1 21 31
1 21 32
0 21 39
1 21 38
1 21 37
1 21 36
1 21 35
1 21 34
0 26 41
2 22 39
2 23 39
2 24 39
2 25 39
5 26 39
1 26 40
0 11 42
2 12 42
2 13 42
2 14 42
2 15 42
0 26 32
2 27 32
2 28 32
2 29 32
2 30 32
2 31 32
0 7 11
5 8 11
1 8 12
1 8 13
1 8 14
1 8 15
1 8 16
1 8 17
1 8 18
1 8 19
1 8 20
1 8 21
1 8 22
1 8 23
1 8 24
1 8 25
1 8 26
1 8 27
1 8 28
0 15 46
2 16 46
2 17 46
2 18 46
4 19 46
0 1 9
2 2 9
2 3 9
2 4 9
2 5 9
2 6 9
5 7 9
1 7 10
0 24 27
2 25 27
5 26 27
1 26 28
1 26 29
1 26 30
1 26 31
0 15 3
2 16 3
2 17 3
2 18 3
2 19 3
2 20 3
2 21 3
2 22 3
2 23 3
2 24 3
2 25 3
2 26 3
2 27 3
2 28 3
2 29 3
2 30 3
0 12 5
2 13 5
2 14 5
4 15 5
1 15 4
0 38 29
1 38 30
1 38 31
1 38 32
1 38 33
1 38 34
1 38 35
0 7 41
2 8 41
2 9 41
2 10 41
5 11 41
0 22 23
2 23 23
5 24 23
1 24 24
1 24 25
1 24 26
0 42 15
2 43 15
2 44 15
2 45 15
2 46 15
0 42 35
2 39 36
2 40 36
2 41 36
4 42 36
0 42 10
1 42 11
1 42 12
1 42 13
1 42 14
0 44 2
2 43 10
4 44 10
1 44 9
1 44 8
1 44 7
1 44 6
1 44 5
1 44 4
1 44 3
0 37 10
2 38 10
2 39 10
2 40 10
2 41 10
0 38 2
2 39 2
2 40 2
2 41 2
2 42 2
2 43 2
0 35 0
2 36 0
2 37 0
5 38 0
1 38 1
0 27 46
2 28 46
2 29 46
2 30 46
5 31 46
0 23 48
2 24 48
2 25 48
2 26 48
4 27 48
1 27 47
0 27 4
2 28 4
2 29 4
2 30 4
4 31 4
0 41 21
2 42 21
2 43 21
2 44 21
2 45 21
-1
-1
-1
-1
-1
-1
-1
-1
-1
-1
-1
-1
-1
-1
-1
-1
-1
-1
-1
-1
-1
-1
-1
-1
-1
-1
-1
-1
-1
-1
-1
-1
-1
-1
-1
-1
-1
-1
-1
-1
-1
-1
-1
-1
-1
-1
-1
-1
-1
-1
-1
-1
-1
-1
-1
-1
-1
-1
-1
-1
-1
-1
-1
-1
-1
-1
-1
-1
-1
-1
-1
-1
-1
-1
-1
-1
-1
-1
-1
-1
-1
-1
-1
-1
-1
-1
-1
-1
-1
-1
-1
-1
-1
-1
-1
-1
-1
-1
-1
-1
-1
-1
-1
-1
-1
-1
-1
-1
-1
-1
-1
-1
-1
-1
-1
-1
-1
-1
-1
-1
-1
-1
-1
-1
-1
-1
-1
-1
-1
-1
-1
-1
-1
-1
-1
-1
-1
-1
-1
-1
-1
-1
-1
-1
-1
-1
-1
-1
-1
-1
-1
-1
-1
-1
-1
-1
-1
-1
-1
-1
-1
-1
-1
-1
-1
-1
-1
-1
-1
-1
-1
-1
-1
-1
-1
-1
-1
-1
-1
-1
-1
-1
-1
-1
-1
-1
-1
-1
-1
-1
-1
-1
-1
-1
-1
-1
-1
-1
-1
-1
-1
-1
-1
-1
-1
-1
-1
-1
-1
-1
-1
-1
-1
-1
-1
-1
-1
-1
-1
-1
-1
-1
-1
-1
-1
-1
-1
-1
-1
-1
-1
-1
-1
-1
-1
-1
-1
-1
-1
-1
-1
-1
-1
-1
-1
-1
-1
-1
-1
-1
-1
-1
-1
-1
-1
-1
-1
-1
-1
-1
-1
-1
-1
-1
-1
-1
-1
-1
-1
-1
-1
-1
-1
-1
-1
-1
-1
-1
-1
-1
-1
-1
-1
-1
-1
-1
-1
-1
-1
-1
-1
-1
-1
-1
-1
-1
-1
-1
-1
-1
-1
-1
-1
-1
-1
-1
-1
-1
-1
-1
-1
-1
-1
-1
-1
-1
-1
-1
-1
-1
-1
-1
-1
-1
-1
-1
-1
-1
-1
-1
-1
-1
-1
-1
-1
-1
-1
-1
-1
-1
-1
-1
-1
-1
-1
-1
-1
-1
-1
-1
-1
-1
-1
-1
-1
-1
-1
-1
-1
-1
-1
-1
-1
-1
-1
-1
-1
-1
-1
-1
-1
-1
-1
-1
-1
-1
-1
-1
-1
-1
-1
-1
