0 2 46
0 42 31
2 3 46
2 4 46
2 5 46
2 6 46
2 7 46
2 8 46
2 9 46
2 10 46
2 11 46
2 12 46
2 13 46
2 14 46
2 15 46
2 16 46
2 17 46
2 18 46
2 19 46
2 20 46
2 21 46
2 22 46
2 23 46
2 24 46
2 25 46
2 26 46
2 27 46
2 28 46
2 29 46
2 30 46
2 31 46
2 32 46
2 33 46
2 34 46
2 35 46
2 36 46
2 37 46
2 38 46
2 39 46
2 40 46
2 41 46
4 42 46
1 42 45
1 42 44
1 42 43
1 42 42
1 42 41
1 42 40
1 42 39
1 42 38
1 42 37
1 42 36
1 42 35
1 42 34
1 42 33
1 42 32
-1
-1
-1
-1
-1
-1
-1
-1
-1
-1
-1
-1
-1
-1
-1
-1
-1
-1
-1
-1
0 41 21
5 42 21
1 42 22
1 42 23
1 42 24
1 42 25
1 42 26
1 42 27
1 42 28
1 42 29
1 42 30
-1
-1
-1
-1
-1
-1
-1
-1
-1
-1
-1
-1
-1
-1
-1
-1
-1
-1
-1
-1
-1
-1
-1
-1
-1
-1
-1
0 43 41
5 43 31
1 43 32
1 43 33
1 43 34
1 43 35
1 43 36
1 43 37
1 43 38
1 43 39
1 43 40
-1
-1
-1
-1
-1
-1
-1
-1
-1
-1
-1
-1
-1
-1
-1
-1
0 43 47
1 43 46
1 43 45
1 43 44
1 43 43
1 43 42
-1
-1
-1
-1
-1
-1
-1
-1
-1
-1
-1
-1
-1
-1
-1
-1
-1
-1
-1
-1
0 24 25
2 25 25
2 26 25
2 27 25
2 28 25
2 29 25
2 30 25
2 31 25
2 32 25
2 33 25
2 34 25
2 35 25
2 36 25
2 37 25
2 38 25
2 39 25
2 40 25
4 41 25
1 41 24
1 41 23
1 41 22
0 22 21
2 23 21
5 24 21
1 24 22
1 24 23
1 24 24
-1
-1
-1
-1
-1
-1
-1
-1
-1
-1
-1
-1
-1
0 1 16
2 2 16
2 3 16
2 4 16
2 5 16
2 6 16
2 7 16
2 8 16
2 9 16
2 10 16
2 11 16
2 12 16
2 13 16
2 14 16
2 15 16
2 16 16
2 17 16
2 18 16
2 19 16
2 20 16
2 21 16
5 22 16
1 22 17
1 22 18
1 22 19
1 22 20
0 12 26
2 13 26
2 14 26
2 15 26
2 16 26
2 17 26
2 18 26
2 19 26
2 20 26
2 21 26
2 22 26
2 23 26
4 24 26
0 25 47
2 26 47
2 27 47
2 28 47
2 29 47
2 30 47
2 31 47
2 32 47
2 33 47
2 34 47
2 35 47
2 36 47
2 37 47
2 38 47
2 39 47
2 40 47
2 41 47
2 42 47
0 1 23
1 1 22
1 1 21
1 1 20
1 1 19
1 1 18
1 1 17
0 17 21
2 18 21
2 19 21
2 20 21
2 21 21
0 39 48
2 40 48
2 41 48
2 42 48
4 43 48
0 10 23
2 11 23
5 12 23
1 12 24
1 12 25
-1
0 34 48
2 35 48
2 36 48
2 37 48
2 38 48
-1
-1
0 5 22
2 2 23
2 3 23
2 4 23
4 5 23
-1
-1
0 7 18
2 6 22
4 7 22
1 7 21
1 7 20
1 7 19
-1
0 16 17
5 17 17
1 17 18
1 17 19
1 17 20
-1
0 35 31
2 36 31
2 37 31
2 38 31
2 39 31
2 40 31
2 41 31
0 34 38
4 35 38
1 35 37
1 35 36
1 35 35
1 35 34
1 35 33
1 35 32
0 28 35
2 29 35
2 30 35
2 31 35
2 32 35
2 33 35
5 34 35
1 34 36
1 34 37
0 32 27
2 33 27
2 34 27
5 35 27
1 35 28
1 35 29
1 35 30
0 24 36
2 25 36
2 26 36
2 27 36
4 28 36
0 47 46
2 44 47
2 45 47
2 46 47
4 47 47
0 30 31
2 31 31
2 32 31
2 33 31
2 34 31
0 23 40
4 24 40
1 24 39
1 24 38
1 24 37
0 20 42
2 21 42
2 22 42
4 23 42
1 23 41
0 44 36
4 44 41
1 44 40
1 44 39
1 44 38
1 44 37
-1
-1
-1
-1
-1
-1
-1
-1
-1
-1
-1
-1
-1
-1
-1
-1
-1
-1
-1
-1
-1
-1
-1
-1
-1
-1
-1
-1
-1
-1
-1
-1
-1
-1
-1
-1
-1
-1
-1
-1
-1
-1
-1
-1
-1
-1
-1
-1
-1
-1
-1
-1
-1
-1
-1
-1
-1
-1
-1
-1
-1
-1
-1
-1
-1
-1
-1
-1
-1
-1
-1
-1
-1
-1
-1
-1
-1
-1
-1
-1
-1
-1
-1
-1
-1
-1
-1
-1
-1
-1
-1
-1
-1
-1
-1
-1
-1
-1
-1
-1
-1
-1
-1
-1
-1
-1
-1
-1
-1
-1
-1
-1
-1
-1
-1
-1
-1
-1
-1
-1
-1
-1
-1
-1
-1
-1
-1
-1
-1
-1
-1
-1
-1
-1
-1
-1
-1
-1
-1
-1
-1
-1
-1
-1
-1
-1
-1
-1
-1
-1
-1
-1
-1
-1
-1
-1
-1
-1
-1
-1
-1
-1
-1
-1
-1
-1
-1
-1
-1
-1
-1
-1
-1
-1
-1
-1
-1
-1
-1
-1
-1
-1
-1
-1
-1
-1
-1
-1
-1
-1
-1
-1
-1
-1
-1
-1
-1
-1
-1
-1
-1
-1
-1
-1
-1
-1
-1
-1
-1
-1
-1
-1
-1
-1
-1
-1
-1
-1
-1
-1
-1
-1
-1
-1
-1
-1
-1
-1
-1
-1
-1
-1
-1
-1
-1
-1
-1
-1
-1
-1
-1
-1
-1
-1
-1
-1
-1
-1
-1
-1
-1
-1
-1
-1
-1
-1
-1
-1
-1
-1
-1
-1
-1
-1
-1
-1
-1
-1
-1
-1
-1
-1
-1
-1
-1
-1
-1
-1
-1
-1
-1
-1
-1
-1
-1
-1
-1
-1
-1
-1
-1
-1
-1
-1
-1
-1
-1
-1
-1
-1
-1
-1
-1
-1
-1
-1
-1
-1
-1
-1
-1
-1
-1
-1
-1
-1
-1
-1
-1
-1
-1
-1
-1
-1
-1
-1
-1
-1
-1
-1
-1
-1
-1
-1
-1
-1
-1
-1
-1
-1
-1
-1
-1
-1
-1
-1
-1
-1
-1
-1
-1
-1
-1
-1
-1
-1
-1
-1
-1
-1
-1
-1
-1
-1
-1
-1
-1
-1
-1
-1
-1
-1
-1
-1
-1
-1
-1
-1
-1
-1
-1
-1
-1
-1
-1
-1
-1
-1
-1
-1
-1
-1
-1
-1
-1
-1
-1
-1
-1
-1
-1
-1
-1
-1
-1
-1
-1
-1
-1
-1
-1
-1
-1
-1
-1
-1
-1
-1
-1
-1
-1
-1
-1
-1
