0 18 21
0 29 47
2 19 21
2 20 21
2 21 21
2 22 21
2 23 21
2 24 21
2 25 21
2 26 21
2 27 21
2 28 21
5 29 21
1 29 22
1 29 23
1 29 24
1 29 25
1 29 26
1 29 27
1 29 28
1 29 29
1 29 30
1 29 31
1 29 32
1 29 33
1 29 34
1 29 35
1 29 36
1 29 37
1 29 38
1 29 39
1 29 40
1 29 41
1 29 42
1 29 43
1 29 44
1 29 45
1 29 46
-1
0 8 20
2 9 20
2 10 20
2 11 20
2 12 20
2 13 20
2 14 20
2 15 20
2 16 20
2 17 20
5 18 20
-1
-1
0 3 17
2 4 17
2 5 17
2 6 17
2 7 17
5 8 17
1 8 18
1 8 19
0 3 5
1 3 6
1 3 7
1 3 8
1 3 9
1 3 10
1 3 11
1 3 12
1 3 13
1 3 14
1 3 15
1 3 16
0 7 10
2 4 5
2 5 5
2 6 5
5 7 5
1 7 6
1 7 7
1 7 8
1 7 9
0 42 44
2 30 47
2 31 47
2 32 47
2 33 47
2 34 47
2 35 47
2 36 47
2 37 47
2 38 47
2 39 47
2 40 47
2 41 47
4 42 47
1 42 46
1 42 45
0 13 12
2 8 10
2 9 10
2 10 10
2 11 10
2 12 10
5 13 10
1 13 11
0 15 16
2 14 12
5 15 12
1 15 13
1 15 14
1 15 15
0 25 48
2 26 48
2 27 48
2 28 48
4 29 48
0 40 39
2 41 39
5 42 39
1 42 40
1 42 41
1 42 42
1 42 43
0 14 27
2 15 27
2 16 27
2 17 27
4 18 27
1 18 26
1 18 25
1 18 24
1 18 23
1 18 22
0 13 19
2 14 19
4 15 19
1 15 18
1 15 17
0 35 44
2 36 44
2 37 44
2 38 44
2 39 44
2 40 44
2 41 44
0 33 41
2 34 41
5 35 41
1 35 42
1 35 43
0 21 16
2 16 16
2 17 16
2 18 16
2 19 16
2 20 16
0 24 19
2 22 16
2 23 16
5 24 16
1 24 17
1 24 18
0 10 15
2 11 15
2 12 15
4 13 15
1 13 14
1 13 13
0 33 35
1 33 36
1 33 37
1 33 38
1 33 39
1 33 40
0 7 24
4 8 24
1 8 23
1 8 22
1 8 21
0 28 20
2 25 19
2 26 19
2 27 19
5 28 19
0 25 43
1 25 44
1 25 45
1 25 46
1 25 47
0 1 20
2 2 20
4 3 20
1 3 19
1 3 18
0 39 35
5 40 35
1 40 36
1 40 37
1 40 38
0 32 8
2 29 20
2 30 20
2 31 20
4 32 20
1 32 19
1 32 18
1 32 17
1 32 16
1 32 15
1 32 14
1 32 13
1 32 12
1 32 11
1 32 10
1 32 9
0 4 22
2 5 22
2 6 22
5 7 22
1 7 23
0 36 32
2 34 35
2 35 35
4 36 35
1 36 34
1 36 33
0 27 7
2 28 7
2 29 7
2 30 7
2 31 7
5 32 7
0 19 13
2 20 13
5 21 13
1 21 14
1 21 15
0 17 10
2 18 10
5 19 10
1 19 11
1 19 12
0 30 33
2 31 33
2 32 33
5 33 33
1 33 34
0 44 41
2 43 44
4 44 44
1 44 43
1 44 42
0 30 38
1 30 37
1 30 36
1 30 35
1 30 34
0 6 14
4 7 14
1 7 13
1 7 12
1 7 11
0 44 36
1 44 37
1 44 38
1 44 39
1 44 40
0 45 31
4 45 36
1 45 35
1 45 34
1 45 33
1 45 32
0 47 27
2 46 31
4 47 31
1 47 30
1 47 29
1 47 28
0 47 19
1 47 20
1 47 21
1 47 22
1 47 23
1 47 24
1 47 25
1 47 26
0 48 15
4 48 19
1 48 18
1 48 17
1 48 16
0 43 13
2 44 13
2 45 13
2 46 13
2 47 13
5 48 13
1 48 14
0 42 28
2 43 28
2 44 28
5 45 28
1 45 29
1 45 30
0 40 19
2 41 19
2 42 19
2 43 19
2 44 19
2 45 19
2 46 19
0 6 28
4 7 28
1 7 27
1 7 26
1 7 25
0 2 31
2 3 31
2 4 31
2 5 31
4 6 31
1 6 30
1 6 29
0 34 29
2 35 29
5 36 29
1 36 30
1 36 31
0 38 42
2 39 42
4 40 42
1 40 41
1 40 40
0 26 13
4 27 13
1 27 12
1 27 11
1 27 10
1 27 9
1 27 8
0 41 8
2 42 8
5 43 8
1 43 9
1 43 10
1 43 11
1 43 12
0 21 42
2 22 42
2 23 42
2 24 42
5 25 42
0 18 40
2 19 40
2 20 40
5 21 40
1 21 41
0 49 24
2 48 27
4 49 27
1 49 26
1 49 25
0 16 4
5 17 4
1 17 5
1 17 6
1 17 7
1 17 8
1 17 9
0 2 36
1 2 35
1 2 34
1 2 33
1 2 32
0 1 42
4 2 42
1 2 41
1 2 40
1 2 39
1 2 38
1 2 37
0 5 39
2 3 36
2 4 36
5 5 36
1 5 37
1 5 38
0 21 7
2 22 7
2 23 7
2 24 7
2 25 7
2 26 7
0 21 2
1 21 3
1 21 4
1 21 5
1 21 6
-1
-1
-1
-1
-1
-1
-1
-1
-1
-1
-1
-1
-1
-1
-1
-1
-1
-1
-1
-1
-1
-1
-1
-1
-1
-1
-1
-1
-1
-1
-1
-1
-1
-1
-1
-1
-1
-1
-1
-1
-1
-1
-1
-1
-1
-1
-1
-1
-1
-1
-1
-1
-1
-1
-1
-1
-1
-1
-1
-1
-1
-1
-1
-1
-1
-1
-1
-1
-1
-1
-1
-1
-1
-1
-1
-1
-1
-1
-1
-1
-1
-1
-1
-1
-1
-1
-1
-1
-1
-1
-1
-1
-1
-1
-1
-1
-1
-1
-1
-1
-1
-1
-1
-1
-1
-1
-1
-1
-1
-1
-1
-1
-1
-1
-1
-1
-1
-1
-1
-1
-1
-1
-1
-1
-1
-1
-1
-1
-1
-1
-1
-1
-1
-1
-1
-1
-1
-1
-1
-1
-1
-1
-1
-1
-1
-1
-1
-1
-1
-1
-1
-1
-1
-1
-1
-1
-1
-1
-1
-1
-1
-1
-1
-1
-1
-1
-1
-1
-1
-1
-1
-1
-1
-1
-1
-1
-1
-1
-1
-1
-1
-1
-1
-1
-1
-1
-1
-1
-1
-1
-1
-1
-1
-1
-1
-1
-1
-1
-1
-1
-1
-1
-1
-1
-1
-1
-1
-1
-1
-1
-1
-1
-1
-1
-1
-1
-1
-1
-1
-1
-1
-1
-1
-1
-1
-1
-1
-1
-1
-1
-1
-1
-1
-1
-1
-1
-1
-1
-1
-1
-1
-1
-1
-1
-1
-1
-1
-1
-1
-1
-1
-1
-1
-1
-1
-1
-1
-1
-1
-1
-1
-1
-1
-1
-1
-1
-1
-1
-1
-1
-1
-1
-1
-1
-1
-1
-1
-1
-1
-1
-1
-1
-1
-1
-1
-1
-1
-1
-1
-1
-1
-1
-1
-1
-1
-1
-1
-1
-1
-1
-1
-1
-1
-1
-1
-1
-1
-1
-1
-1
-1
-1
-1
-1
-1
-1
-1
-1
-1
-1
-1
-1
-1
-1
-1
-1
-1
-1
-1
-1
-1
-1
-1
-1
-1
-1
-1
-1
-1
-1
-1
-1
-1
-1
-1
-1
-1
-1
-1
-1
-1
-1
-1
-1
-1
-1
-1
-1
-1
-1
-1
-1
-1
-1
-1
-1
-1
-1
-1
-1
-1
-1
-1
-1
-1
-1
-1
-1
-1
-1
-1
-1
-1
-1
-1
-1
-1
-1
-1
-1
-1
-1
-1
-1
-1
-1
-1
-1
-1
-1
-1
