0 7 29
0 29 44
2 8 29
2 9 29
2 10 29
2 11 29
2 12 29
2 13 29
2 14 29
2 15 29
2 16 29
2 17 29
2 18 29
2 19 29
2 20 29
2 21 29
2 22 29
2 23 29
2 24 29
2 25 29
2 26 29
2 27 29
2 28 29
5 29 29
1 29 30
1 29 31
1 29 32
1 29 33
1 29 34
1 29 35
1 29 36
1 29 37
1 29 38
1 29 39
1 29 40
1 29 41
1 29 42
1 29 43
-1
-1
-1
-1
-1
-1
-1
-1
-1
-1
-1
-1
-1
-1
0 30 27
4 30 44
1 30 43
1 30 42
1 30 41
1 30 40
1 30 39
1 30 38
1 30 37
1 30 36
1 30 35
1 30 34
1 30 33
1 30 32
1 30 31
1 30 30
1 30 29
1 30 28
-1
-1
-1
-1
-1
-1
-1
-1
-1
-1
-1
-1
-1
-1
-1
-1
-1
-1
-1
0 27 0
2 28 0
2 29 0
5 30 0
1 30 1
1 30 2
1 30 3
1 30 4
1 30 5
1 30 6
1 30 7
1 30 8
1 30 9
1 30 10
1 30 11
1 30 12
1 30 13
1 30 14
1 30 15
1 30 16
1 30 17
1 30 18
1 30 19
1 30 20
1 30 21
1 30 22
1 30 23
1 30 24
1 30 25
1 30 26
0 5 40
2 6 40
4 7 40
1 7 39
1 7 38
1 7 37
1 7 36
1 7 35
1 7 34
1 7 33
1 7 32
1 7 31
1 7 30
-1
0 24 11
2 25 11
2 26 11
4 27 11
1 27 10
1 27 9
1 27 8
1 27 7
1 27 6
1 27 5
1 27 4
1 27 3
1 27 2
1 27 1
0 23 15
4 24 15
1 24 14
1 24 13
1 24 12
-1
-1
-1
0 15 45
2 16 45
2 17 45
2 18 45
2 19 45
2 20 45
2 21 45
2 22 45
2 23 45
2 24 45
2 25 45
2 26 45
2 27 45
2 28 45
4 29 45
0 2 29
2 3 29
2 4 29
2 5 29
2 6 29
0 9 46
2 10 46
2 11 46
2 12 46
2 13 46
2 14 46
4 15 46
0 22 0
2 23 0
2 24 0
2 25 0
2 26 0
0 35 35
2 31 27
2 32 27
2 33 27
2 34 27
5 35 27
1 35 28
1 35 29
1 35 30
1 35 31
1 35 32
1 35 33
1 35 34
0 15 37
1 15 38
1 15 39
1 15 40
1 15 41
1 15 42
1 15 43
1 15 44
0 12 35
2 13 35
2 14 35
5 15 35
1 15 36
0 19 38
2 16 37
2 17 37
2 18 37
5 19 37
0 25 39
2 20 38
2 21 38
2 22 38
2 23 38
2 24 38
5 25 38
0 19 11
2 20 11
2 21 11
2 22 11
2 23 11
0 32 37
2 33 37
2 34 37
4 35 37
1 35 36
0 40 37
2 36 35
2 37 35
2 38 35
2 39 35
5 40 35
1 40 36
0 1 33
4 2 33
1 2 32
1 2 31
1 2 30
0 22 8
2 23 8
5 24 8
1 24 9
1 24 10
0 11 39
4 12 39
1 12 38
1 12 37
1 12 36
0 8 37
2 9 37
2 10 37
5 11 37
1 11 38
0 44 30
2 41 37
2 42 37
2 43 37
4 44 37
1 44 36
1 44 35
1 44 34
1 44 33
1 44 32
1 44 31
0 43 15
5 44 15
1 44 16
1 44 17
1 44 18
1 44 19
1 44 20
1 44 21
1 44 22
1 44 23
1 44 24
1 44 25
1 44 26
1 44 27
1 44 28
1 44 29
0 34 18
2 35 18
2 36 18
2 37 18
2 38 18
2 39 18
2 40 18
2 41 18
2 42 18
4 43 18
1 43 17
1 43 16
0 31 15
2 32 15
2 33 15
5 34 15
1 34 16
1 34 17
0 1 44
2 2 44
2 3 44
2 4 44
4 5 44
1 5 43
1 5 42
1 5 41
0 5 26
2 6 26
5 7 26
1 7 27
1 7 28
0 34 24
1 34 23
1 34 22
1 34 21
1 34 20
1 34 19
0 18 42
4 19 42
1 19 41
1 19 40
1 19 39
0 12 30
1 12 31
1 12 32
1 12 33
1 12 34
0 38 43
2 39 43
4 40 43
1 40 42
1 40 41
1 40 40
1 40 39
1 40 38
0 35 47
2 36 47
2 37 47
4 38 47
1 38 46
1 38 45
1 38 44
0 34 42
2 35 42
2 36 42
2 37 42
5 38 42
0 31 48
2 32 48
2 33 48
2 34 48
4 35 48
0 4 36
5 5 36
1 5 37
1 5 38
1 5 39
0 4 21
5 5 21
1 5 22
1 5 23
1 5 24
1 5 25
0 16 31
2 13 30
2 14 30
2 15 30
5 16 30
0 21 31
2 17 31
2 18 31
2 19 31
2 20 31
0 17 8
2 18 8
5 19 8
1 19 9
1 19 10
0 23 48
2 24 48
2 25 48
2 26 48
2 27 48
2 28 48
2 29 48
2 30 48
0 19 47
2 20 47
2 21 47
2 22 47
5 23 47
0 36 27
2 35 24
5 36 24
1 36 25
1 36 26
0 13 9
2 14 9
2 15 9
2 16 9
4 17 9
0 8 8
2 9 8
2 10 8
2 11 8
2 12 8
5 13 8
0 7 2
5 8 2
1 8 3
1 8 4
1 8 5
1 8 6
1 8 7
0 23 34
2 22 31
5 23 31
1 23 32
1 23 33
0 40 12
2 41 12
2 42 12
5 43 12
1 43 13
1 43 14
0 24 43
4 25 43
1 25 42
1 25 41
1 25 40
0 31 7
1 31 8
1 31 9
1 31 10
1 31 11
1 31 12
1 31 13
1 31 14
-1
-1
-1
-1
-1
-1
-1
-1
-1
-1
-1
-1
-1
-1
-1
-1
-1
-1
-1
-1
-1
-1
-1
-1
-1
-1
-1
-1
-1
-1
-1
-1
-1
-1
-1
-1
-1
-1
-1
-1
-1
-1
-1
-1
-1
-1
-1
-1
-1
-1
-1
-1
-1
-1
-1
-1
-1
-1
-1
-1
-1
-1
-1
-1
-1
-1
-1
-1
-1
-1
-1
-1
-1
-1
-1
-1
-1
-1
-1
-1
-1
-1
-1
-1
-1
-1
-1
-1
-1
-1
-1
-1
-1
-1
-1
-1
-1
-1
-1
-1
-1
-1
-1
-1
-1
-1
-1
-1
-1
-1
-1
-1
-1
-1
-1
-1
-1
-1
-1
-1
-1
-1
-1
-1
-1
-1
-1
-1
-1
-1
-1
-1
-1
-1
-1
-1
-1
-1
-1
-1
-1
-1
-1
-1
-1
-1
-1
-1
-1
-1
-1
-1
-1
-1
-1
-1
-1
-1
-1
-1
-1
-1
-1
-1
-1
-1
-1
-1
-1
-1
-1
-1
-1
-1
-1
-1
-1
-1
-1
-1
-1
-1
-1
-1
-1
-1
-1
-1
-1
-1
-1
-1
-1
-1
-1
-1
-1
-1
-1
-1
-1
-1
-1
-1
-1
-1
-1
-1
-1
-1
-1
-1
-1
-1
-1
-1
-1
-1
-1
-1
-1
-1
-1
-1
-1
-1
-1
-1
-1
-1
-1
-1
-1
-1
-1
-1
-1
-1
-1
-1
-1
-1
-1
-1
-1
-1
-1
-1
-1
-1
-1
-1
-1
-1
-1
-1
-1
-1
-1
-1
-1
-1
-1
-1
-1
-1
-1
-1
-1
-1
-1
-1
-1
-1
-1
-1
-1
-1
-1
-1
-1
-1
-1
-1
-1
-1
-1
-1
-1
-1
-1
-1
-1
-1
-1
-1
-1
-1
-1
-1
-1
-1
-1
-1
-1
-1
-1
-1
-1
-1
-1
-1
-1
-1
-1
-1
-1
-1
-1
-1
-1
-1
-1
-1
-1
-1
-1
-1
-1
-1
-1
-1
-1
-1
-1
-1
-1
-1
-1
-1
-1
-1
-1
-1
-1
-1
-1
-1
-1
-1
-1
-1
-1
