0 35 13
0 35 46
1 35 45
1 35 44
1 35 43
1 35 42
1 35 41
1 35 40
1 35 39
1 35 38
1 35 37
1 35 36
1 35 35
1 35 34
1 35 33
1 35 32
1 35 31
1 35 30
1 35 29
1 35 28
1 35 27
1 35 26
1 35 25
1 35 24
1 35 23
1 35 22
1 35 21
1 35 20
1 35 19
1 35 18
1 35 17
1 35 16
1 35 15
1 35 14
-1
-1
-1
-1
-1
-1
-1
-1
-1
-1
-1
-1
-1
-1
-1
-1
-1
-1
-1
-1
-1
-1
-1
-1
-1
-1
-1
-1
-1
-1
-1
-1
-1
-1
-1
-1
-1
-1
-1
-1
-1
-1
-1
0 37 10
2 36 13
4 37 13
1 37 12
1 37 11
-1
-1
-1
-1
-1
-1
-1
-1
-1
-1
-1
-1
-1
-1
-1
-1
-1
-1
-1
-1
-1
-1
-1
-1
-1
-1
-1
-1
-1
-1
-1
-1
-1
-1
-1
-1
-1
-1
-1
-1
-1
0 23 47
2 24 47
2 25 47
2 26 47
2 27 47
2 28 47
2 29 47
2 30 47
2 31 47
2 32 47
2 33 47
2 34 47
4 35 47
-1
-1
-1
-1
-1
-1
-1
-1
-1
-1
-1
-1
-1
-1
-1
-1
-1
-1
-1
-1
-1
-1
-1
-1
-1
-1
-1
-1
0 0 41
2 1 41
2 2 41
2 3 41
2 4 41
2 5 41
2 6 41
2 7 41
2 8 41
2 9 41
2 10 41
2 11 41
2 12 41
2 13 41
2 14 41
2 15 41
2 16 41
2 17 41
2 18 41
2 19 41
2 20 41
2 21 41
2 22 41
5 23 41
1 23 42
1 23 43
1 23 44
1 23 45
1 23 46
0 0 36
1 0 37
1 0 38
1 0 39
1 0 40
-1
-1
-1
-1
-1
-1
-1
-1
-1
0 31 6
2 32 6
2 33 6
2 34 6
2 35 6
2 36 6
5 37 6
1 37 7
1 37 8
1 37 9
-1
-1
-1
-1
-1
-1
0 13 27
2 1 36
2 2 36
2 3 36
2 4 36
2 5 36
2 6 36
2 7 36
2 8 36
2 9 36
2 10 36
2 11 36
2 12 36
4 13 36
1 13 35
1 13 34
1 13 33
1 13 32
1 13 31
1 13 30
1 13 29
1 13 28
0 15 48
2 16 48
2 17 48
2 18 48
2 19 48
2 20 48
2 21 48
2 22 48
4 23 48
0 18 24
2 14 27
2 15 27
2 16 27
2 17 27
4 18 27
1 18 26
1 18 25
0 22 22
2 19 24
2 20 24
2 21 24
4 22 24
1 22 23
0 25 7
2 26 7
2 27 7
2 28 7
2 29 7
2 30 7
4 31 7
0 40 38
2 36 46
2 37 46
2 38 46
2 39 46
4 40 46
1 40 45
1 40 44
1 40 43
1 40 42
1 40 41
1 40 40
1 40 39
0 32 11
2 33 11
2 34 11
5 35 11
1 35 12
0 14 44
5 15 44
1 15 45
1 15 46
1 15 47
0 41 34
4 41 38
1 41 37
1 41 36
1 41 35
0 12 23
5 13 23
1 13 24
1 13 25
1 13 26
0 32 17
1 32 16
1 32 15
1 32 14
1 32 13
1 32 12
0 9 48
2 10 48
2 11 48
2 12 48
2 13 48
2 14 48
0 9 43
1 9 44
1 9 45
1 9 46
1 9 47
0 4 43
2 5 43
2 6 43
2 7 43
2 8 43
0 40 30
5 41 30
1 41 31
1 41 32
1 41 33
0 22 3
2 23 3
2 24 3
5 25 3
1 25 4
1 25 5
1 25 6
0 27 17
2 28 17
2 29 17
2 30 17
2 31 17
0 17 4
2 18 4
2 19 4
2 20 4
2 21 4
4 22 4
0 14 12
2 15 12
2 16 12
4 17 12
1 17 11
1 17 10
1 17 9
1 17 8
1 17 7
1 17 6
1 17 5
0 1 9
2 2 9
2 3 9
2 4 9
2 5 9
2 6 9
2 7 9
2 8 9
2 9 9
2 10 9
2 11 9
2 12 9
2 13 9
5 14 9
1 14 10
1 14 11
0 8 24
2 9 24
2 10 24
2 11 24
4 12 24
0 8 30
1 8 29
1 8 28
1 8 27
1 8 26
1 8 25
0 5 33
2 6 33
2 7 33
4 8 33
1 8 32
1 8 31
0 44 36
2 42 34
2 43 34
5 44 34
1 44 35
0 38 6
4 38 10
1 38 9
1 38 8
1 38 7
0 26 13
5 27 13
1 27 14
1 27 15
1 27 16
0 35 4
2 36 4
2 37 4
5 38 4
1 38 5
0 36 36
2 37 36
2 38 36
2 39 36
5 40 36
1 40 37
0 17 17
5 18 17
1 18 18
1 18 19
1 18 20
1 18 21
1 18 22
1 18 23
0 21 12
2 22 12
2 23 12
2 24 12
2 25 12
5 26 12
0 46 32
2 45 36
4 46 36
1 46 35
1 46 34
1 46 33
0 31 27
4 32 27
1 32 26
1 32 25
1 32 24
1 32 23
1 32 22
1 32 21
1 32 20
1 32 19
1 32 18
0 3 24
2 4 24
2 5 24
2 6 24
2 7 24
0 31 33
1 31 32
1 31 31
1 31 30
1 31 29
1 31 28
0 29 38
2 30 38
4 31 38
1 31 37
1 31 36
1 31 35
1 31 34
0 28 42
4 29 42
1 29 41
1 29 40
1 29 39
0 24 38
2 25 38
2 26 38
2 27 38
2 28 38
0 19 39
2 20 39
2 21 39
2 22 39
2 23 39
4 24 39
0 44 5
2 39 6
2 40 6
2 41 6
2 42 6
2 43 6
4 44 6
-1
-1
-1
-1
-1
-1
-1
-1
-1
-1
-1
-1
-1
-1
-1
-1
-1
-1
-1
-1
-1
-1
-1
-1
-1
-1
-1
-1
-1
-1
-1
-1
-1
-1
-1
-1
-1
-1
-1
-1
-1
-1
-1
-1
-1
-1
-1
-1
-1
-1
-1
-1
-1
-1
-1
-1
-1
-1
-1
-1
-1
-1
-1
-1
-1
-1
-1
-1
-1
-1
-1
-1
-1
-1
-1
-1
-1
-1
-1
-1
-1
-1
-1
-1
-1
-1
-1
-1
-1
-1
-1
-1
-1
-1
-1
-1
-1
-1
-1
-1
-1
-1
-1
-1
-1
-1
-1
-1
-1
-1
-1
-1
-1
-1
-1
-1
-1
-1
-1
-1
-1
-1
-1
-1
-1
-1
-1
-1
-1
-1
-1
-1
-1
-1
-1
-1
-1
-1
-1
-1
-1
-1
-1
-1
-1
-1
-1
-1
-1
-1
-1
-1
-1
-1
-1
-1
-1
-1
-1
-1
-1
-1
-1
-1
-1
-1
-1
-1
-1
-1
-1
-1
-1
-1
-1
-1
-1
-1
-1
-1
-1
-1
-1
-1
-1
-1
-1
-1
-1
-1
-1
-1
-1
-1
-1
-1
-1
-1
-1
-1
-1
-1
-1
-1
-1
-1
-1
-1
-1
-1
-1
-1
-1
-1
-1
-1
-1
-1
-1
-1
-1
-1
-1
-1
-1
-1
-1
-1
-1
-1
-1
-1
-1
-1
-1
-1
-1
-1
-1
-1
-1
-1
-1
-1
-1
-1
-1
-1
-1
-1
-1
-1
-1
-1
-1
-1
-1
-1
-1
-1
-1
-1
-1
-1
-1
-1
-1
-1
-1
-1
-1
-1
-1
-1
-1
-1
-1
-1
-1
-1
-1
-1
-1
-1
-1
-1
-1
-1
-1
-1
-1
-1
-1
-1
-1
-1
-1
-1
-1
-1
-1
-1
-1
-1
-1
