0 9 2
0 20 23
2 10 2
2 11 2
2 12 2
2 13 2
2 14 2
2 15 2
2 16 2
2 17 2
2 18 2
2 19 2
5 20 2
1 20 3
1 20 4
1 20 5
1 20 6
1 20 7
1 20 8
1 20 9
1 20 10
1 20 11
1 20 12
1 20 13
1 20 14
1 20 15
1 20 16
1 20 17
1 20 18
1 20 19
1 20 20
1 20 21
1 20 22
-1
-1
-1
-1
-1
-1
-1
-1
-1
-1
-1
-1
-1
-1
-1
-1
-1
-1
-1
-1
-1
-1
-1
-1
-1
-1
-1
-1
-1
-1
-1
-1
-1
-1
-1
-1
-1
-1
-1
-1
-1
-1
-1
-1
-1
-1
-1
-1
-1
-1
-1
-1
-1
-1
-1
-1
-1
-1
-1
-1
-1
-1
-1
0 45 27
2 21 23
2 22 23
2 23 23
2 24 23
2 25 23
2 26 23
2 27 23
2 28 23
2 29 23
2 30 23
2 31 23
2 32 23
2 33 23
2 34 23
2 35 23
2 36 23
2 37 23
2 38 23
2 39 23
2 40 23
2 41 23
2 42 23
2 43 23
2 44 23
5 45 23
1 45 24
1 45 25
1 45 26
-1
-1
-1
-1
-1
-1
-1
-1
-1
-1
0 44 31
4 45 31
1 45 30
1 45 29
1 45 28
-1
-1
-1
-1
-1
-1
-1
-1
-1
-1
-1
-1
-1
-1
-1
-1
-1
-1
0 44 44
1 44 43
1 44 42
1 44 41
1 44 40
1 44 39
1 44 38
1 44 37
1 44 36
1 44 35
1 44 34
1 44 33
1 44 32
-1
-1
-1
-1
-1
-1
0 33 27
2 34 27
2 35 27
2 36 27
2 37 27
2 38 27
2 39 27
2 40 27
2 41 27
2 42 27
2 43 27
2 44 27
-1
-1
0 38 31
2 39 31
2 40 31
2 41 31
2 42 31
2 43 31
-1
-1
-1
-1
-1
-1
-1
-1
0 8 30
2 9 30
2 10 30
2 11 30
2 12 30
2 13 30
2 14 30
2 15 30
2 16 30
2 17 30
2 18 30
2 19 30
4 20 30
1 20 29
1 20 28
1 20 27
1 20 26
1 20 25
1 20 24
0 37 46
2 38 46
2 39 46
2 40 46
2 41 46
2 42 46
2 43 46
4 44 46
1 44 45
0 13 23
2 14 23
2 15 23
2 16 23
2 17 23
2 18 23
2 19 23
0 25 28
2 26 28
2 27 28
2 28 28
2 29 28
2 30 28
2 31 28
2 32 28
4 33 28
0 9 16
2 10 16
2 11 16
2 12 16
5 13 16
1 13 17
1 13 18
1 13 19
1 13 20
1 13 21
1 13 22
0 34 44
2 35 44
2 36 44
5 37 44
1 37 45
0 30 40
2 31 40
2 32 40
2 33 40
5 34 40
1 34 41
1 34 42
1 34 43
0 17 40
2 18 40
2 19 40
2 20 40
2 21 40
2 22 40
2 23 40
2 24 40
2 25 40
2 26 40
2 27 40
2 28 40
2 29 40
0 48 29
2 46 27
2 47 27
5 48 27
1 48 28
0 12 40
2 13 40
2 14 40
2 15 40
2 16 40
0 16 34
5 17 34
1 17 35
1 17 36
1 17 37
1 17 38
1 17 39
0 4 2
2 5 2
2 6 2
2 7 2
2 8 2
0 34 32
2 35 32
2 36 32
2 37 32
4 38 32
0 23 31
2 24 31
4 25 31
1 25 30
1 25 29
0 0 3
2 1 3
2 2 3
2 3 3
4 4 3
0 29 36
5 30 36
1 30 37
1 30 38
1 30 39
0 0 8
1 0 7
1 0 6
1 0 5
1 0 4
0 15 43
2 16 43
4 17 43
1 17 42
1 17 41
0 14 47
4 15 47
1 15 46
1 15 45
1 15 44
0 7 8
2 1 8
2 2 8
2 3 8
2 4 8
2 5 8
2 6 8
0 22 35
4 23 35
1 23 34
1 23 33
1 23 32
0 30 47
2 31 47
2 32 47
2 33 47
4 34 47
1 34 46
1 34 45
0 46 41
2 45 44
4 46 44
1 46 43
1 46 42
0 12 35
1 12 36
1 12 37
1 12 38
1 12 39
0 45 37
5 46 37
1 46 38
1 46 39
1 46 40
-1
-1
-1
-1
-1
-1
-1
-1
-1
-1
-1
-1
-1
-1
-1
-1
-1
-1
-1
-1
-1
-1
-1
-1
-1
-1
-1
-1
-1
-1
-1
-1
-1
-1
-1
-1
-1
-1
-1
-1
-1
-1
-1
-1
-1
-1
-1
-1
-1
-1
-1
-1
-1
-1
-1
-1
-1
-1
-1
-1
-1
-1
-1
-1
-1
-1
-1
-1
-1
-1
-1
-1
-1
-1
-1
-1
-1
-1
-1
-1
-1
-1
-1
-1
-1
-1
-1
-1
-1
-1
-1
-1
-1
-1
-1
-1
-1
-1
-1
-1
-1
-1
-1
-1
-1
-1
-1
-1
-1
-1
-1
-1
-1
-1
-1
-1
-1
-1
-1
-1
-1
-1
-1
-1
-1
-1
-1
-1
-1
-1
-1
-1
-1
-1
-1
-1
-1
-1
-1
-1
-1
-1
-1
-1
-1
-1
-1
-1
-1
-1
-1
-1
-1
-1
-1
-1
-1
-1
-1
-1
-1
-1
-1
-1
-1
-1
-1
-1
-1
-1
-1
-1
-1
-1
-1
-1
-1
-1
-1
-1
-1
-1
-1
-1
-1
-1
-1
-1
-1
-1
-1
-1
-1
-1
-1
-1
-1
-1
-1
-1
-1
-1
-1
-1
-1
-1
-1
-1
-1
-1
-1
-1
-1
-1
-1
-1
-1
-1
-1
-1
-1
-1
-1
-1
-1
-1
-1
-1
-1
-1
-1
-1
-1
-1
-1
-1
-1
-1
-1
-1
-1
-1
-1
-1
-1
-1
-1
-1
-1
-1
-1
-1
-1
-1
-1
-1
-1
-1
-1
-1
-1
-1
-1
-1
-1
-1
-1
-1
-1
-1
-1
-1
-1
-1
-1
-1
-1
-1
-1
-1
-1
-1
-1
-1
-1
-1
-1
-1
-1
-1
-1
-1
-1
-1
-1
-1
-1
-1
-1
-1
-1
-1
-1
-1
-1
-1
-1
-1
-1
-1
-1
-1
-1
-1
-1
-1
-1
-1
-1
-1
-1
-1
-1
-1
-1
-1
-1
-1
-1
-1
-1
-1
-1
-1
-1
-1
-1
-1
-1
-1
-1
-1
-1
-1
-1
-1
-1
-1
-1
-1
-1
-1
-1
-1
-1
-1
-1
-1
-1
-1
-1
-1
-1
-1
-1
-1
-1
-1
-1
-1
-1
-1
-1
-1
-1
-1
-1
-1
-1
-1
-1
-1
-1
-1
-1
-1
-1
-1
-1
-1
-1
-1
-1
-1
-1
-1
-1
-1
-1
-1
-1
-1
-1
-1
-1
-1
-1
-1
-1
-1
-1
-1
-1
-1
-1
-1
-1
-1
-1
-1
-1
-1
-1
