0 30 14
0 38 24
2 31 14
2 32 14
2 33 14
2 34 14
2 35 14
2 36 14
2 37 14
5 38 14
1 38 15
1 38 16
1 38 17
1 38 18
1 38 19
1 38 20
1 38 21
1 38 22
1 38 23
-1
-1
-1
-1
-1
-1
-1
-1
-1
-1
-1
-1
-1
-1
-1
-1
-1
-1
-1
-1
-1
-1
-1
-1
-1
-1
-1
-1
-1
-1
-1
-1
-1
-1
-1
-1
-1
-1
-1
-1
-1
-1
-1
-1
-1
-1
-1
-1
-1
-1
-1
-1
-1
-1
-1
-1
-1
-1
-1
-1
-1
-1
-1
-1
-1
-1
-1
-1
-1
-1
-1
-1
-1
-1
-1
-1
-1
-1
-1
-1
-1
-1
-1
-1
-1
-1
-1
-1
-1
-1
-1
-1
-1
-1
-1
-1
-1
-1
-1
-1
-1
-1
-1
-1
-1
-1
-1
-1
-1
-1
-1
-1
-1
-1
-1
0 10 34
2 11 34
2 12 34
2 13 34
2 14 34
2 15 34
2 16 34
2 17 34
2 18 34
2 19 34
2 20 34
2 21 34
2 22 34
2 23 34
2 24 34
2 25 34
2 26 34
2 27 34
2 28 34
2 29 34
2 30 34
2 31 34
2 32 34
2 33 34
2 34 34
2 35 34
2 36 34
2 37 34
4 38 34
1 38 33
1 38 32
1 38 31
1 38 30
1 38 29
1 38 28
1 38 27
1 38 26
1 38 25
-1
-1
-1
-1
-1
-1
-1
-1
-1
-1
-1
-1
-1
-1
-1
-1
-1
-1
-1
-1
-1
0 18 6
2 19 6
2 20 6
2 21 6
2 22 6
2 23 6
2 24 6
2 25 6
2 26 6
2 27 6
2 28 6
2 29 6
5 30 6
1 30 7
1 30 8
1 30 9
1 30 10
1 30 11
1 30 12
1 30 13
-1
-1
-1
-1
-1
-1
0 3 33
2 4 33
2 5 33
2 6 33
2 7 33
2 8 33
2 9 33
5 10 33
-1
-1
-1
-1
-1
-1
-1
-1
-1
0 41 33
2 39 24
2 40 24
5 41 24
1 41 25
1 41 26
1 41 27
1 41 28
1 41 29
1 41 30
1 41 31
1 41 32
-1
-1
0 1 40
2 2 40
4 3 40
1 3 39
1 3 38
1 3 37
1 3 36
1 3 35
1 3 34
-1
0 33 24
2 34 24
2 35 24
2 36 24
2 37 24
-1
-1
-1
-1
0 10 43
1 10 42
1 10 41
1 10 40
1 10 39
1 10 38
1 10 37
1 10 36
1 10 35
0 20 39
2 11 43
2 12 43
2 13 43
2 14 43
2 15 43
2 16 43
2 17 43
2 18 43
2 19 43
4 20 43
1 20 42
1 20 41
1 20 40
0 22 47
2 21 39
5 22 39
1 22 40
1 22 41
1 22 42
1 22 43
1 22 44
1 22 45
1 22 46
0 15 2
2 16 2
2 17 2
5 18 2
1 18 3
1 18 4
1 18 5
0 32 28
4 33 28
1 33 27
1 33 26
1 33 25
0 42 41
5 42 33
1 42 34
1 42 35
1 42 36
1 42 37
1 42 38
1 42 39
1 42 40
0 15 8
2 16 8
2 17 8
4 18 8
1 18 7
0 26 24
2 27 24
2 28 24
2 29 24
2 30 24
2 31 24
2 32 24
0 19 19
2 20 19
2 21 19
2 22 19
2 23 19
2 24 19
2 25 19
5 26 19
1 26 20
1 26 21
1 26 22
1 26 23
0 17 24
2 18 24
4 19 24
1 19 23
1 19 22
1 19 21
1 19 20
0 16 17
2 17 17
2 18 17
5 19 17
1 19 18
0 32 41
2 33 41
2 34 41
2 35 41
2 36 41
2 37 41
2 38 41
2 39 41
2 40 41
2 41 41
0 28 37
2 29 37
2 30 37
2 31 37
5 32 37
1 32 38
1 32 39
1 32 40
0 13 20
2 14 20
2 15 20
4 16 20
1 16 19
1 16 18
0 6 45
2 7 45
2 8 45
2 9 45
4 10 45
1 10 44
0 30 32
2 31 32
4 32 32
1 32 31
1 32 30
1 32 29
0 13 5
2 14 5
4 15 5
1 15 4
1 15 3
0 40 45
2 41 45
4 42 45
1 42 44
1 42 43
1 42 42
0 23 14
2 24 14
2 25 14
2 26 14
2 27 14
2 28 14
2 29 14
0 23 9
1 23 10
1 23 11
1 23 12
1 23 13
0 32 20
5 33 20
1 33 21
1 33 22
1 33 23
0 29 26
2 30 26
2 31 26
5 32 26
1 32 27
0 26 40
2 27 40
4 28 40
1 28 39
1 28 38
0 23 42
2 24 42
2 25 42
4 26 42
1 26 41
0 11 9
2 12 9
2 13 9
2 14 9
4 15 9
0 38 37
2 39 37
2 40 37
4 41 37
1 41 36
1 41 35
1 41 34
0 22 32
2 23 32
2 24 32
2 25 32
2 26 32
2 27 32
2 28 32
2 29 32
0 18 33
2 19 33
2 20 33
2 21 33
4 22 33
0 4 48
2 5 48
4 6 48
1 6 47
1 6 46
0 32 46
1 32 45
1 32 44
1 32 43
1 32 42
0 27 46
2 28 46
2 29 46
2 30 46
2 31 46
0 27 16
2 28 16
2 29 16
4 30 16
1 30 15
0 14 32
2 15 32
2 16 32
2 17 32
5 18 32
0 12 29
2 13 29
5 14 29
1 14 30
1 14 31
0 8 30
2 9 30
2 10 30
2 11 30
4 12 30
0 17 47
2 18 47
2 19 47
2 20 47
2 21 47
0 14 45
2 15 45
2 16 45
5 17 45
1 17 46
-1
-1
-1
-1
-1
-1
-1
-1
-1
-1
-1
-1
-1
-1
-1
-1
-1
-1
-1
-1
-1
-1
-1
-1
-1
-1
-1
-1
-1
-1
-1
-1
-1
-1
-1
-1
-1
-1
-1
-1
-1
-1
-1
-1
-1
-1
-1
-1
-1
-1
-1
-1
-1
-1
-1
-1
-1
-1
-1
-1
-1
-1
-1
-1
-1
-1
-1
-1
-1
-1
-1
-1
-1
-1
-1
-1
-1
-1
-1
-1
-1
-1
-1
-1
-1
-1
-1
-1
-1
-1
-1
-1
-1
-1
-1
-1
-1
-1
-1
-1
-1
-1
-1
-1
-1
-1
-1
-1
-1
-1
-1
-1
-1
-1
-1
-1
-1
-1
-1
-1
-1
-1
-1
-1
-1
-1
-1
-1
-1
-1
-1
-1
-1
-1
-1
-1
-1
-1
-1
-1
-1
-1
-1
-1
-1
-1
-1
-1
-1
-1
-1
-1
-1
-1
-1
-1
-1
-1
-1
-1
-1
-1
-1
-1
-1
-1
-1
-1
-1
-1
-1
-1
-1
-1
-1
-1
-1
-1
-1
-1
-1
-1
-1
-1
-1
-1
-1
-1
-1
-1
-1
-1
-1
-1
-1
-1
-1
-1
-1
-1
-1
-1
-1
-1
-1
-1
-1
-1
-1
-1
-1
-1
-1
-1
-1
-1
-1
-1
-1
-1
-1
-1
-1
-1
-1
-1
-1
-1
-1
-1
-1
-1
-1
-1
-1
-1
-1
-1
-1
-1
-1
-1
-1
-1
-1
-1
-1
-1
-1
-1
-1
-1
-1
-1
-1
-1
-1
-1
-1
-1
-1
-1
-1
-1
-1
-1
-1
-1
-1
-1
-1
-1
-1
-1
-1
-1
-1
-1
-1
-1
-1
-1
-1
-1
-1
-1
-1
-1
-1
-1
-1
-1
