0 12 21
0 29 20
2 13 21
2 14 21
2 15 21
2 16 21
2 17 21
2 18 21
2 19 21
2 20 21
2 21 21
2 22 21
2 23 21
2 24 21
2 25 21
2 26 21
2 27 21
2 28 21
4 29 21
-1
-1
-1
-1
-1
-1
-1
-1
-1
-1
-1
-1
-1
-1
-1
-1
-1
-1
-1
-1
-1
-1
-1
-1
-1
-1
-1
-1
-1
-1
-1
-1
-1
-1
-1
-1
-1
-1
-1
-1
-1
-1
-1
-1
-1
-1
-1
-1
-1
-1
-1
-1
-1
-1
-1
-1
-1
-1
-1
-1
-1
-1
-1
-1
-1
-1
-1
-1
-1
-1
-1
-1
-1
-1
-1
-1
-1
-1
-1
-1
-1
-1
-1
-1
-1
-1
-1
-1
-1
-1
-1
-1
-1
-1
-1
-1
-1
-1
-1
-1
-1
-1
-1
-1
-1
-1
-1
-1
-1
-1
-1
-1
-1
-1
-1
-1
-1
-1
-1
-1
-1
-1
-1
-1
-1
-1
-1
-1
-1
-1
-1
-1
-1
-1
-1
-1
-1
-1
0 29 15
1 29 16
1 29 17
1 29 18
1 29 19
-1
-1
-1
-1
-1
-1
-1
-1
-1
-1
-1
-1
-1
-1
-1
-1
-1
-1
-1
-1
-1
-1
-1
-1
-1
-1
-1
-1
-1
-1
-1
-1
-1
-1
-1
-1
-1
-1
-1
-1
-1
-1
-1
-1
-1
-1
-1
-1
-1
-1
-1
-1
0 33 9
2 30 15
2 31 15
2 32 15
4 33 15
1 33 14
1 33 13
1 33 12
1 33 11
1 33 10
-1
-1
-1
-1
-1
-1
-1
-1
-1
-1
-1
-1
-1
-1
-1
-1
-1
-1
-1
-1
-1
-1
-1
-1
-1
0 12 30
1 12 29
1 12 28
1 12 27
1 12 26
1 12 25
1 12 24
1 12 23
1 12 22
-1
-1
-1
-1
-1
-1
-1
-1
-1
-1
-1
-1
-1
-1
-1
0 10 38
2 11 38
4 12 38
1 12 37
1 12 36
1 12 35
1 12 34
1 12 33
1 12 32
1 12 31
-1
-1
-1
-1
-1
-1
-1
-1
0 27 6
2 28 6
2 29 6
2 30 6
2 31 6
2 32 6
5 33 6
1 33 7
1 33 8
-1
-1
-1
-1
-1
-1
0 4 47
2 5 47
2 6 47
2 7 47
2 8 47
2 9 47
4 10 47
1 10 46
1 10 45
1 10 44
1 10 43
1 10 42
1 10 41
1 10 40
1 10 39
0 22 12
2 23 12
2 24 12
2 25 12
2 26 12
2 27 12
2 28 12
5 29 12
1 29 13
1 29 14
0 13 12
2 14 12
2 15 12
2 16 12
2 17 12
2 18 12
2 19 12
2 20 12
2 21 12
0 46 20
2 30 20
2 31 20
2 32 20
2 33 20
2 34 20
2 35 20
2 36 20
2 37 20
2 38 20
2 39 20
2 40 20
2 41 20
2 42 20
2 43 20
2 44 20
2 45 20
0 47 32
5 47 20
1 47 21
1 47 22
1 47 23
1 47 24
1 47 25
1 47 26
1 47 27
1 47 28
1 47 29
1 47 30
1 47 31
0 16 31
2 13 30
2 14 30
2 15 30
5 16 30
0 40 12
2 34 9
2 35 9
2 36 9
2 37 9
2 38 9
2 39 9
5 40 9
1 40 10
1 40 11
0 23 28
2 17 31
2 18 31
2 19 31
2 20 31
2 21 31
2 22 31
4 23 31
1 23 30
1 23 29
0 47 12
2 41 12
2 42 12
2 43 12
2 44 12
2 45 12
2 46 12
0 38 18
2 39 18
4 40 18
1 40 17
1 40 16
1 40 15
1 40 14
1 40 13
0 2 37
2 3 37
2 4 37
2 5 37
2 6 37
2 7 37
2 8 37
2 9 37
5 10 37
0 29 35
2 24 28
2 25 28
2 26 28
2 27 28
2 28 28
5 29 28
1 29 29
1 29 30
1 29 31
1 29 32
1 29 33
1 29 34
0 44 6
2 45 6
2 46 6
5 47 6
1 47 7
1 47 8
1 47 9
1 47 10
1 47 11
0 37 34
2 30 35
2 31 35
2 32 35
2 33 35
2 34 35
2 35 35
2 36 35
4 37 35
0 6 19
2 7 19
2 8 19
2 9 19
2 10 19
2 11 19
5 12 19
1 12 20
0 41 37
2 38 34
2 39 34
2 40 34
5 41 34
1 41 35
1 41 36
0 12 6
5 13 6
1 13 7
1 13 8
1 13 9
1 13 10
1 13 11
0 6 2
2 7 2
2 8 2
2 9 2
2 10 2
2 11 2
5 12 2
1 12 3
1 12 4
1 12 5
0 14 34
2 15 34
4 16 34
1 16 33
1 16 32
0 44 24
2 45 24
4 46 24
1 46 23
1 46 22
1 46 21
0 43 28
4 44 28
1 44 27
1 44 26
1 44 25
0 43 16
2 44 16
2 45 16
5 46 16
1 46 17
1 46 18
1 46 19
0 44 40
2 42 37
2 43 37
5 44 37
1 44 38
1 44 39
0 48 44
2 45 40
2 46 40
2 47 40
5 48 40
1 48 41
1 48 42
1 48 43
0 18 13
2 19 13
2 20 13
2 21 13
4 22 13
0 35 16
2 36 16
2 37 16
5 38 16
1 38 17
0 21 25
2 22 25
5 23 25
1 23 26
1 23 27
0 17 23
2 18 23
2 19 23
2 20 23
5 21 23
1 21 24
0 14 25
2 15 25
2 16 25
4 17 25
1 17 24
0 29 41
1 29 40
1 29 39
1 29 38
1 29 37
1 29 36
0 44 34
2 45 34
2 46 34
4 47 34
1 47 33
0 10 15
2 11 15
2 12 15
4 13 15
1 13 14
1 13 13
0 18 27
2 19 27
2 20 27
4 21 27
1 21 26
-1
-1
-1
-1
-1
-1
-1
-1
-1
-1
-1
-1
-1
-1
-1
-1
-1
-1
-1
-1
-1
-1
-1
-1
-1
-1
-1
-1
-1
-1
-1
-1
-1
-1
-1
-1
-1
-1
-1
-1
-1
-1
-1
-1
-1
-1
-1
-1
-1
-1
-1
-1
-1
-1
-1
-1
-1
-1
-1
-1
-1
-1
-1
-1
-1
-1
-1
-1
-1
-1
-1
-1
-1
-1
-1
-1
-1
-1
-1
-1
-1
-1
-1
-1
-1
-1
-1
-1
-1
-1
-1
-1
-1
-1
-1
-1
-1
-1
-1
-1
-1
-1
-1
-1
-1
-1
-1
-1
-1
-1
-1
-1
-1
-1
-1
-1
-1
-1
-1
-1
-1
-1
-1
-1
-1
-1
-1
-1
-1
-1
-1
-1
-1
-1
-1
-1
-1
-1
-1
-1
-1
-1
-1
-1
-1
-1
-1
-1
-1
-1
-1
-1
-1
-1
-1
-1
-1
-1
-1
-1
-1
-1
-1
-1
-1
-1
-1
-1
-1
-1
-1
-1
-1
-1
-1
-1
-1
-1
-1
-1
-1
-1
-1
-1
-1
-1
-1
-1
-1
-1
-1
-1
-1
-1
-1
-1
-1
-1
-1
-1
-1
-1
-1
-1
-1
-1
-1
-1
-1
-1
-1
-1
-1
-1
-1
-1
-1
-1
-1
-1
-1
-1
-1
-1
-1
-1
-1
-1
-1
-1
-1
-1
-1
