0 18 12
0 44 32
2 19 12
2 20 12
2 21 12
2 22 12
2 23 12
2 24 12
2 25 12
2 26 12
2 27 12
2 28 12
2 29 12
2 30 12
2 31 12
2 32 12
2 33 12
2 34 12
2 35 12
2 36 12
2 37 12
2 38 12
2 39 12
2 40 12
2 41 12
2 42 12
2 43 12
5 44 12
1 44 13
1 44 14
1 44 15
1 44 16
1 44 17
1 44 18
1 44 19
1 44 20
1 44 21
1 44 22
1 44 23
1 44 24
1 44 25
1 44 26
1 44 27
1 44 28
1 44 29
1 44 30
1 44 31
-1
-1
-1
-1
-1
-1
-1
-1
-1
-1
-1
-1
-1
-1
-1
-1
-1
-1
-1
-1
-1
-1
-1
-1
-1
-1
-1
-1
0 48 34
2 45 32
2 46 32
2 47 32
5 48 32
1 48 33
-1
-1
-1
-1
-1
-1
-1
-1
-1
-1
-1
-1
-1
-1
-1
-1
-1
0 11 10
2 12 10
2 13 10
2 14 10
2 15 10
2 16 10
2 17 10
5 18 10
1 18 11
-1
-1
-1
-1
-1
-1
-1
-1
0 11 18
1 11 17
1 11 16
1 11 15
1 11 14
1 11 13
1 11 12
1 11 11
-1
-1
-1
-1
-1
0 40 37
2 41 37
2 42 37
2 43 37
4 44 37
1 44 36
1 44 35
1 44 34
1 44 33
-1
0 18 17
1 18 16
1 18 15
1 18 14
1 18 13
-1
-1
-1
-1
0 24 15
2 19 17
2 20 17
2 21 17
2 22 17
2 23 17
4 24 17
1 24 16
0 27 13
2 25 15
2 26 15
4 27 15
1 27 14
-1
-1
0 30 23
2 28 13
2 29 13
5 30 13
1 30 14
1 30 15
1 30 16
1 30 17
1 30 18
1 30 19
1 30 20
1 30 21
1 30 22
0 32 17
2 31 23
4 32 23
1 32 22
1 32 21
1 32 20
1 32 19
1 32 18
0 28 39
2 29 39
2 30 39
2 31 39
2 32 39
2 33 39
2 34 39
2 35 39
2 36 39
2 37 39
2 38 39
2 39 39
4 40 39
1 40 38
0 24 44
2 25 44
2 26 44
2 27 44
4 28 44
1 28 43
1 28 42
1 28 41
1 28 40
0 40 18
2 33 17
2 34 17
2 35 17
2 36 17
2 37 17
2 38 17
2 39 17
5 40 17
0 11 5
1 11 6
1 11 7
1 11 8
1 11 9
0 46 37
2 47 37
4 48 37
1 48 36
1 48 35
0 15 4
2 12 5
2 13 5
2 14 5
4 15 5
0 21 6
2 16 4
2 17 4
2 18 4
2 19 4
2 20 4
5 21 4
1 21 5
0 22 10
5 22 6
1 22 7
1 22 8
1 22 9
0 49 30
4 49 34
1 49 33
1 49 32
1 49 31
0 17 45
2 18 45
2 19 45
2 20 45
2 21 45
2 22 45
2 23 45
4 24 45
0 47 27
2 48 27
5 49 27
1 49 28
1 49 29
0 13 15
2 12 18
4 13 18
1 13 17
1 13 16
0 36 36
2 37 36
2 38 36
2 39 36
5 40 36
0 6 18
2 7 18
2 8 18
2 9 18
2 10 18
0 5 22
4 6 22
1 6 21
1 6 20
1 6 19
0 8 3
2 9 3
2 10 3
5 11 3
1 11 4
0 45 22
2 46 22
5 47 22
1 47 23
1 47 24
1 47 25
1 47 26
0 25 8
2 23 10
2 24 10
4 25 10
1 25 9
0 25 3
1 25 4
1 25 5
1 25 6
1 25 7
0 21 42
2 22 42
2 23 42
5 24 42
1 24 43
0 26 26
2 27 26
2 28 26
2 29 26
4 30 26
1 30 25
1 30 24
0 29 9
2 26 8
2 27 8
2 28 8
5 29 8
0 33 6
2 30 9
2 31 9
2 32 9
4 33 9
1 33 8
1 33 7
0 3 16
2 4 16
2 5 16
5 6 16
1 6 17
0 38 7
2 34 6
2 35 6
2 36 6
2 37 6
5 38 6
0 46 43
1 46 42
1 46 41
1 46 40
1 46 39
1 46 38
0 40 25
1 40 24
1 40 23
1 40 22
1 40 21
1 40 20
1 40 19
0 36 31
1 36 32
1 36 33
1 36 34
1 36 35
0 39 29
4 40 29
1 40 28
1 40 27
1 40 26
0 5 27
1 5 26
1 5 25
1 5 24
1 5 23
0 26 21
1 26 22
1 26 23
1 26 24
1 26 25
0 22 20
2 23 20
2 24 20
2 25 20
5 26 20
0 20 23
2 21 23
4 22 23
1 22 22
1 22 21
0 4 5
2 5 5
2 6 5
2 7 5
4 8 5
1 8 4
0 18 40
2 19 40
2 20 40
5 21 40
1 21 41
0 1 13
2 2 13
5 3 13
1 3 14
1 3 15
0 7 30
2 6 27
5 7 27
1 7 28
1 7 29
0 9 21
2 10 21
4 11 21
1 11 20
1 11 19
0 32 37
2 33 37
2 34 37
2 35 37
4 36 37
-1
-1
-1
-1
-1
-1
-1
-1
-1
-1
-1
-1
-1
-1
-1
-1
-1
-1
-1
-1
-1
-1
-1
-1
-1
-1
-1
-1
-1
-1
-1
-1
-1
-1
-1
-1
-1
-1
-1
-1
-1
-1
-1
-1
-1
-1
-1
-1
-1
-1
-1
-1
-1
-1
-1
-1
-1
-1
-1
-1
-1
-1
-1
-1
-1
-1
-1
-1
-1
-1
-1
-1
-1
-1
-1
-1
-1
-1
-1
-1
-1
-1
-1
-1
-1
-1
-1
-1
-1
-1
-1
-1
-1
-1
-1
-1
-1
-1
-1
-1
-1
-1
-1
-1
-1
-1
-1
-1
-1
-1
-1
-1
-1
-1
-1
-1
-1
-1
-1
-1
-1
-1
-1
-1
-1
-1
-1
-1
-1
-1
-1
-1
-1
-1
-1
-1
-1
-1
-1
-1
-1
-1
-1
-1
-1
-1
-1
-1
-1
-1
-1
-1
-1
-1
-1
-1
-1
-1
-1
-1
-1
-1
-1
-1
-1
-1
-1
-1
-1
-1
-1
-1
-1
-1
-1
-1
-1
-1
-1
-1
-1
-1
-1
-1
-1
-1
-1
-1
-1
-1
-1
-1
-1
-1
-1
-1
-1
-1
-1
-1
-1
-1
-1
-1
-1
-1
-1
-1
-1
-1
-1
-1
-1
-1
-1
-1
-1
-1
-1
-1
-1
-1
-1
-1
-1
-1
-1
-1
-1
-1
-1
-1
-1
-1
-1
-1
-1
-1
-1
-1
-1
-1
-1
-1
-1
-1
-1
-1
-1
-1
-1
-1
-1
-1
-1
-1
-1
-1
-1
-1
-1
-1
-1
-1
-1
-1
-1
-1
-1
-1
-1
-1
-1
-1
-1
-1
-1
-1
-1
-1
-1
-1
-1
-1
-1
-1
-1
-1
-1
-1
-1
-1
-1
-1
-1
-1
-1
-1
-1
-1
-1
-1
-1
-1
-1
-1
-1
-1
-1
-1
-1
-1
-1
-1
-1
-1
-1
-1
-1
-1
-1
-1
-1
-1
-1
-1
-1
-1
-1
-1
-1
-1
-1
-1
-1
-1
-1
-1
-1
-1
-1
-1
-1
-1
-1
-1
-1
-1
-1
-1
-1
-1
-1
-1
-1
-1
-1
-1
-1
-1
-1
-1
-1
-1
-1
-1
-1
-1
-1
-1
-1
-1
-1
-1
-1
-1
-1
-1
-1
-1
-1
-1
-1
-1
-1
-1
-1
-1
