0 12 45
0 47 20
2 13 45
2 14 45
2 15 45
2 16 45
2 17 45
2 18 45
2 19 45
2 20 45
2 21 45
2 22 45
2 23 45
2 24 45
2 25 45
2 26 45
2 27 45
2 28 45
2 29 45
2 30 45
2 31 45
2 32 45
2 33 45
2 34 45
2 35 45
2 36 45
2 37 45
2 38 45
2 39 45
2 40 45
2 41 45
2 42 45
2 43 45
2 44 45
2 45 45
2 46 45
4 47 45
1 47 44
1 47 43
1 47 42
1 47 41
1 47 40
1 47 39
1 47 38
1 47 37
1 47 36
1 47 35
1 47 34
1 47 33
1 47 32
1 47 31
1 47 30
1 47 29
1 47 28
1 47 27
1 47 26
1 47 25
1 47 24
1 47 23
1 47 22
1 47 21
-1
-1
-1
-1
-1
-1
-1
-1
-1
-1
-1
-1
-1
-1
-1
-1
-1
-1
-1
-1
-1
-1
-1
-1
-1
-1
-1
-1
-1
-1
-1
0 24 14
2 25 14
2 26 14
2 27 14
2 28 14
2 29 14
2 30 14
2 31 14
2 32 14
2 33 14
2 34 14
2 35 14
2 36 14
2 37 14
2 38 14
2 39 14
2 40 14
2 41 14
2 42 14
2 43 14
2 44 14
2 45 14
2 46 14
5 47 14
1 47 15
1 47 16
1 47 17
1 47 18
1 47 19
-1
-1
-1
-1
-1
-1
-1
-1
-1
-1
0 48 24
5 48 20
1 48 21
1 48 22
1 48 23
-1
-1
-1
-1
-1
-1
-1
-1
-1
-1
-1
-1
-1
-1
-1
-1
-1
-1
0 42 20
2 43 20
2 44 20
2 45 20
2 46 20
-1
-1
-1
-1
-1
-1
-1
-1
-1
-1
-1
-1
-1
-1
-1
0 24 23
1 24 22
1 24 21
1 24 20
1 24 19
1 24 18
1 24 17
1 24 16
1 24 15
-1
-1
-1
-1
-1
-1
-1
-1
0 14 23
2 15 23
2 16 23
2 17 23
2 18 23
2 19 23
2 20 23
2 21 23
2 22 23
2 23 23
-1
-1
-1
-1
-1
0 42 28
1 42 27
1 42 26
1 42 25
1 42 24
1 42 23
1 42 22
1 42 21
-1
-1
-1
-1
-1
0 28 20
2 25 23
2 26 23
2 27 23
4 28 23
1 28 22
1 28 21
-1
-1
-1
-1
0 24 9
1 24 10
1 24 11
1 24 12
1 24 13
-1
-1
-1
-1
-1
-1
0 19 31
2 20 31
2 21 31
2 22 31
2 23 31
4 24 31
1 24 30
1 24 29
1 24 28
1 24 27
1 24 26
1 24 25
1 24 24
0 39 31
2 40 31
2 41 31
4 42 31
1 42 30
1 42 29
0 44 34
2 43 28
5 44 28
1 44 29
1 44 30
1 44 31
1 44 32
1 44 33
0 37 10
2 25 9
2 26 9
2 27 9
2 28 9
2 29 9
2 30 9
2 31 9
2 32 9
2 33 9
2 34 9
2 35 9
2 36 9
5 37 9
0 43 7
2 38 10
2 39 10
2 40 10
2 41 10
2 42 10
4 43 10
1 43 9
1 43 8
0 46 5
2 44 7
2 45 7
4 46 7
1 46 6
0 14 36
2 15 36
2 16 36
2 17 36
2 18 36
4 19 36
1 19 35
1 19 34
1 19 33
1 19 32
0 33 11
2 34 11
2 35 11
2 36 11
4 37 11
0 38 36
4 39 36
1 39 35
1 39 34
1 39 33
1 39 32
0 43 2
1 43 3
1 43 4
1 43 5
1 43 6
0 30 43
2 31 43
2 32 43
2 33 43
2 34 43
2 35 43
2 36 43
2 37 43
4 38 43
1 38 42
1 38 41
1 38 40
1 38 39
1 38 38
1 38 37
0 33 18
2 29 20
2 30 20
2 31 20
2 32 20
4 33 20
1 33 19
0 11 20
2 12 20
2 13 20
5 14 20
1 14 21
1 14 22
0 27 35
2 28 35
2 29 35
5 30 35
1 30 36
1 30 37
1 30 38
1 30 39
1 30 40
1 30 41
1 30 42
0 23 38
2 24 38
2 25 38
2 26 38
4 27 38
1 27 37
1 27 36
0 18 38
2 19 38
2 20 38
2 21 38
2 22 38
0 21 35
2 22 35
5 23 35
1 23 36
1 23 37
0 18 44
1 18 43
1 18 42
1 18 41
1 18 40
1 18 39
0 47 10
5 47 5
1 47 6
1 47 7
1 47 8
1 47 9
0 34 29
2 35 29
2 36 29
2 37 29
2 38 29
5 39 29
1 39 30
0 24 1
1 24 2
1 24 3
1 24 4
1 24 5
1 24 6
1 24 7
1 24 8
0 21 41
2 22 41
4 23 41
1 23 40
1 23 39
0 30 4
2 25 1
2 26 1
2 27 1
2 28 1
2 29 1
5 30 1
1 30 2
1 30 3
0 12 28
2 13 28
4 14 28
1 14 27
1 14 26
1 14 25
1 14 24
0 42 15
1 42 16
1 42 17
1 42 18
1 42 19
0 28 7
2 29 7
4 30 7
1 30 6
1 30 5
0 32 32
2 33 32
4 34 32
1 34 31
1 34 30
0 18 27
5 19 27
1 19 28
1 19 29
1 19 30
0 35 5
2 31 4
2 32 4
2 33 4
2 34 4
5 35 4
0 38 3
2 36 5
2 37 5
4 38 5
1 38 4
0 40 0
2 41 0
2 42 0
5 43 0
1 43 1
0 8 36
2 9 36
2 10 36
2 11 36
2 12 36
2 13 36
0 3 36
2 4 36
2 5 36
2 6 36
2 7 36
0 35 15
2 34 18
4 35 18
1 35 17
1 35 16
0 14 41
1 14 40
1 14 39
1 14 38
1 14 37
0 31 27
2 32 27
2 33 27
5 34 27
1 34 28
-1
-1
-1
-1
-1
-1
-1
-1
-1
-1
-1
-1
-1
-1
-1
-1
-1
-1
-1
-1
-1
-1
-1
-1
-1
-1
-1
-1
-1
-1
-1
-1
-1
-1
-1
-1
-1
-1
-1
-1
-1
-1
-1
-1
-1
-1
-1
-1
-1
-1
-1
-1
-1
-1
-1
-1
-1
-1
-1
-1
-1
-1
-1
-1
-1
-1
-1
-1
-1
-1
-1
-1
-1
-1
-1
-1
-1
-1
-1
-1
-1
-1
-1
-1
-1
-1
-1
-1
-1
-1
-1
-1
-1
-1
-1
-1
-1
-1
-1
-1
-1
-1
-1
-1
-1
-1
-1
-1
-1
-1
-1
-1
-1
-1
-1
-1
-1
-1
-1
-1
-1
-1
-1
-1
-1
-1
-1
-1
-1
-1
-1
-1
-1
-1
-1
-1
-1
-1
-1
-1
-1
-1
-1
-1
-1
-1
-1
-1
-1
-1
-1
-1
-1
-1
-1
-1
-1
-1
-1
-1
-1
-1
-1
-1
-1
-1
-1
-1
-1
-1
-1
-1
-1
-1
-1
-1
-1
-1
-1
-1
-1
-1
-1
-1
-1
-1
-1
-1
-1
-1
-1
-1
-1
-1
-1
-1
-1
-1
-1
-1
-1
-1
-1
-1
-1
-1
-1
-1
-1
-1
-1
-1
-1
-1
-1
-1
-1
-1
-1
-1
-1
-1
-1
-1
-1
-1
-1
-1
-1
-1
-1
-1
-1
-1
-1
-1
-1
-1
-1
-1
-1
-1
-1
-1
-1
-1
-1
-1
-1
-1
-1
-1
-1
-1
-1
-1
-1
-1
-1
-1
-1
-1
-1
-1
-1
-1
-1
-1
-1
-1
-1
-1
-1
-1
-1
-1
-1
-1
-1
-1
-1
-1
-1
-1
-1
-1
-1
-1
-1
-1
-1
-1
-1
-1
-1
-1
-1
-1
-1
-1
-1
-1
-1
-1
-1
-1
-1
-1
-1
-1
-1
-1
