0 16 38
0 27 47
2 17 38
2 18 38
2 19 38
2 20 38
2 21 38
2 22 38
2 23 38
2 24 38
2 25 38
2 26 38
5 27 38
1 27 39
1 27 40
1 27 41
1 27 42
1 27 43
1 27 44
1 27 45
1 27 46
-1
-1
-1
-1
-1
-1
-1
-1
-1
-1
-1
-1
-1
-1
-1
-1
-1
-1
-1
-1
-1
-1
-1
-1
-1
-1
-1
-1
-1
-1
-1
-1
-1
-1
-1
-1
-1
-1
-1
-1
-1
-1
-1
-1
-1
-1
-1
-1
-1
-1
-1
-1
-1
-1
-1
-1
-1
-1
-1
-1
-1
-1
-1
-1
-1
-1
-1
-1
-1
-1
-1
-1
-1
-1
-1
-1
-1
-1
-1
-1
-1
-1
-1
-1
-1
-1
-1
-1
-1
-1
-1
-1
-1
-1
-1
-1
-1
-1
-1
-1
-1
-1
-1
-1
-1
-1
-1
0 4 30
2 5 30
2 6 30
2 7 30
2 8 30
2 9 30
2 10 30
2 11 30
2 12 30
2 13 30
2 14 30
2 15 30
5 16 30
1 16 31
1 16 32
1 16 33
1 16 34
1 16 35
1 16 36
1 16 37
-1
-1
-1
-1
-1
-1
-1
-1
-1
-1
-1
-1
-1
-1
-1
-1
-1
-1
-1
-1
-1
-1
-1
-1
-1
-1
-1
-1
-1
-1
-1
-1
-1
-1
-1
-1
-1
-1
-1
-1
-1
-1
-1
-1
-1
-1
-1
-1
-1
-1
-1
-1
0 33 10
2 28 47
2 29 47
2 30 47
2 31 47
2 32 47
4 33 47
1 33 46
1 33 45
1 33 44
1 33 43
1 33 42
1 33 41
1 33 40
1 33 39
1 33 38
1 33 37
1 33 36
1 33 35
1 33 34
1 33 33
1 33 32
1 33 31
1 33 30
1 33 29
1 33 28
1 33 27
1 33 26
1 33 25
1 33 24
1 33 23
1 33 22
1 33 21
1 33 20
1 33 19
1 33 18
1 33 17
1 33 16
1 33 15
1 33 14
1 33 13
1 33 12
1 33 11
0 34 4
4 34 10
1 34 9
1 34 8
1 34 7
1 34 6
1 34 5
-1
-1
-1
-1
-1
-1
0 3 26
5 4 26
1 4 27
1 4 28
1 4 29
-1
-1
-1
-1
-1
-1
-1
0 22 48
2 23 48
2 24 48
2 25 48
2 26 48
4 27 48
-1
-1
-1
0 30 8
2 31 8
2 32 8
5 33 8
1 33 9
-1
-1
-1
-1
0 45 2
2 35 4
2 36 4
2 37 4
2 38 4
2 39 4
2 40 4
2 41 4
2 42 4
2 43 4
2 44 4
4 45 4
1 45 3
0 17 48
2 18 48
2 19 48
2 20 48
2 21 48
0 46 6
5 46 2
1 46 3
1 46 4
1 46 5
0 30 13
1 30 12
1 30 11
1 30 10
1 30 9
0 43 25
2 44 25
2 45 25
4 46 25
1 46 24
1 46 23
1 46 22
1 46 21
1 46 20
1 46 19
1 46 18
1 46 17
1 46 16
1 46 15
1 46 14
1 46 13
1 46 12
1 46 11
1 46 10
1 46 9
1 46 8
1 46 7
0 39 1
2 40 1
2 41 1
2 42 1
2 43 1
2 44 1
5 45 1
0 9 38
2 10 38
2 11 38
2 12 38
2 13 38
2 14 38
2 15 38
0 7 34
2 8 34
5 9 34
1 9 35
1 9 36
1 9 37
0 40 6
2 41 6
2 42 6
2 43 6
2 44 6
2 45 6
0 30 1
2 31 1
2 32 1
2 33 1
5 34 1
1 34 2
1 34 3
0 37 8
2 38 8
2 39 8
4 40 8
1 40 7
0 21 42
5 22 42
1 22 43
1 22 44
1 22 45
1 22 46
1 22 47
0 37 15
1 37 14
1 37 13
1 37 12
1 37 11
1 37 10
1 37 9
0 2 33
2 3 33
4 4 33
1 4 32
1 4 31
0 35 18
2 36 18
4 37 18
1 37 17
1 37 16
0 16 44
5 17 44
1 17 45
1 17 46
1 17 47
0 4 38
2 5 38
2 6 38
2 7 38
2 8 38
0 30 18
1 30 17
1 30 16
1 30 15
1 30 14
0 1 41
2 2 41
2 3 41
4 4 41
1 4 40
1 4 39
0 28 23
2 29 23
4 30 23
1 30 22
1 30 21
1 30 20
1 30 19
0 24 25
2 25 25
2 26 25
2 27 25
4 28 25
1 28 24
0 24 32
1 24 31
1 24 30
1 24 29
1 24 28
1 24 27
1 24 26
0 22 36
2 23 36
4 24 36
1 24 35
1 24 34
1 24 33
0 28 33
2 25 32
2 26 32
2 27 32
5 28 32
0 25 1
2 26 1
2 27 1
2 28 1
2 29 1
-1
-1
-1
-1
-1
-1
-1
-1
-1
-1
-1
-1
-1
-1
-1
-1
-1
-1
-1
-1
-1
-1
-1
-1
-1
-1
-1
-1
-1
-1
-1
-1
-1
-1
-1
-1
-1
-1
-1
-1
-1
-1
-1
-1
-1
-1
-1
-1
-1
-1
-1
-1
-1
-1
-1
-1
-1
-1
-1
-1
-1
-1
-1
-1
-1
-1
-1
-1
-1
-1
-1
-1
-1
-1
-1
-1
-1
-1
-1
-1
-1
-1
-1
-1
-1
-1
-1
-1
-1
-1
-1
-1
-1
-1
-1
-1
-1
-1
-1
-1
-1
-1
-1
-1
-1
-1
-1
-1
-1
-1
-1
-1
-1
-1
-1
-1
-1
-1
-1
-1
-1
-1
-1
-1
-1
-1
-1
-1
-1
-1
-1
-1
-1
-1
-1
-1
-1
-1
-1
-1
-1
-1
-1
-1
-1
-1
-1
-1
-1
-1
-1
-1
-1
-1
-1
-1
-1
-1
-1
-1
-1
-1
-1
-1
-1
-1
-1
-1
-1
-1
-1
-1
-1
-1
-1
-1
-1
-1
-1
-1
-1
-1
-1
-1
-1
-1
-1
-1
-1
-1
-1
-1
-1
-1
-1
-1
-1
-1
-1
-1
-1
-1
-1
-1
-1
-1
-1
-1
-1
-1
-1
-1
-1
-1
-1
-1
-1
-1
-1
-1
-1
-1
-1
-1
-1
-1
-1
-1
-1
-1
-1
-1
-1
-1
-1
-1
-1
-1
-1
-1
-1
-1
-1
-1
-1
-1
-1
-1
-1
-1
-1
-1
-1
-1
-1
-1
-1
-1
-1
-1
-1
-1
-1
-1
-1
-1
-1
-1
-1
-1
-1
-1
-1
-1
-1
-1
-1
-1
-1
-1
-1
-1
-1
-1
-1
-1
-1
-1
-1
-1
-1
-1
-1
-1
-1
-1
-1
-1
-1
-1
-1
-1
-1
-1
-1
-1
-1
-1
-1
-1
-1
-1
-1
-1
-1
-1
-1
-1
-1
-1
-1
-1
-1
-1
-1
-1
-1
-1
-1
-1
-1
-1
-1
-1
-1
-1
-1
-1
-1
-1
-1
-1
-1
-1
-1
