0 17 40
0 34 23
2 18 40
2 19 40
2 20 40
2 21 40
2 22 40
2 23 40
2 24 40
2 25 40
2 26 40
2 27 40
2 28 40
2 29 40
2 30 40
2 31 40
2 32 40
2 33 40
4 34 40
1 34 39
1 34 38
1 34 37
1 34 36
1 34 35
1 34 34
1 34 33
1 34 32
1 34 31
1 34 30
1 34 29
1 34 28
1 34 27
1 34 26
1 34 25
1 34 24
-1
-1
-1
-1
-1
-1
-1
-1
-1
-1
-1
-1
-1
-1
-1
-1
-1
-1
-1
-1
-1
-1
-1
-1
-1
-1
-1
-1
-1
-1
-1
-1
-1
-1
-1
-1
-1
-1
-1
-1
0 33 4
5 34 4
1 34 5
1 34 6
1 34 7
1 34 8
1 34 9
1 34 10
1 34 11
1 34 12
1 34 13
1 34 14
1 34 15
1 34 16
1 34 17
1 34 18
1 34 19
1 34 20
1 34 21
1 34 22
-1
-1
-1
-1
-1
-1
-1
-1
-1
-1
-1
0 16 44
4 17 44
1 17 43
1 17 42
1 17 41
-1
-1
-1
-1
-1
-1
-1
-1
-1
-1
-1
-1
-1
-1
-1
-1
0 24 11
2 25 11
2 26 11
2 27 11
2 28 11
2 29 11
2 30 11
2 31 11
2 32 11
4 33 11
1 33 10
1 33 9
1 33 8
1 33 7
1 33 6
1 33 5
0 37 25
2 35 23
2 36 23
5 37 23
1 37 24
-1
-1
-1
-1
-1
-1
0 8 47
2 9 47
2 10 47
2 11 47
2 12 47
2 13 47
2 14 47
2 15 47
4 16 47
1 16 46
1 16 45
0 36 30
4 37 30
1 37 29
1 37 28
1 37 27
1 37 26
-1
0 6 42
2 7 42
5 8 42
1 8 43
1 8 44
1 8 45
1 8 46
-1
0 14 2
2 15 2
2 16 2
2 17 2
2 18 2
2 19 2
2 20 2
2 21 2
2 22 2
2 23 2
5 24 2
1 24 3
1 24 4
1 24 5
1 24 6
1 24 7
1 24 8
1 24 9
1 24 10
0 3 2
2 4 2
2 5 2
2 6 2
2 7 2
2 8 2
2 9 2
2 10 2
2 11 2
2 12 2
2 13 2
0 15 37
2 16 37
5 17 37
1 17 38
1 17 39
0 3 7
1 3 6
1 3 5
1 3 4
1 3 3
0 12 40
2 13 40
2 14 40
2 15 40
2 16 40
0 6 34
1 6 35
1 6 36
1 6 37
1 6 38
1 6 39
1 6 40
1 6 41
0 31 1
2 32 1
5 33 1
1 33 2
1 33 3
0 14 14
1 14 13
1 14 12
1 14 11
1 14 10
1 14 9
1 14 8
1 14 7
1 14 6
1 14 5
1 14 4
1 14 3
0 10 18
2 11 18
2 12 18
2 13 18
4 14 18
1 14 17
1 14 16
1 14 15
0 14 31
5 15 31
1 15 32
1 15 33
1 15 34
1 15 35
1 15 36
0 13 26
5 14 26
1 14 27
1 14 28
1 14 29
1 14 30
0 29 23
2 30 23
2 31 23
2 32 23
2 33 23
0 29 18
1 29 19
1 29 20
1 29 21
1 29 22
0 11 44
2 12 44
2 13 44
2 14 44
2 15 44
0 42 24
2 38 25
2 39 25
2 40 25
2 41 25
4 42 25
0 36 41
1 36 40
1 36 39
1 36 38
1 36 37
1 36 36
1 36 35
1 36 34
1 36 33
1 36 32
1 36 31
0 41 41
2 37 41
2 38 41
2 39 41
2 40 41
0 35 47
4 36 47
1 36 46
1 36 45
1 36 44
1 36 43
1 36 42
0 31 44
2 32 44
2 33 44
2 34 44
5 35 44
1 35 45
1 35 46
0 24 43
2 25 43
2 26 43
2 27 43
2 28 43
2 29 43
2 30 43
5 31 43
0 6 9
2 4 7
2 5 7
5 6 7
1 6 8
0 24 48
1 24 47
1 24 46
1 24 45
1 24 44
0 19 48
2 20 48
2 21 48
2 22 48
2 23 48
0 41 46
1 41 45
1 41 44
1 41 43
1 41 42
0 26 2
2 27 2
2 28 2
2 29 2
2 30 2
4 31 2
0 22 14
2 23 14
4 24 14
1 24 13
1 24 12
0 22 20
1 22 19
1 22 18
1 22 17
1 22 16
1 22 15
0 19 24
2 20 24
2 21 24
4 22 24
1 22 23
1 22 22
1 22 21
0 9 32
2 7 34
2 8 34
4 9 34
1 9 33
0 4 45
2 5 45
4 6 45
1 6 44
1 6 43
0 14 48
2 15 48
2 16 48
2 17 48
2 18 48
0 33 16
2 30 18
2 31 18
2 32 18
4 33 18
1 33 17
0 25 6
4 26 6
1 26 5
1 26 4
1 26 3
0 41 20
5 42 20
1 42 21
1 42 22
1 42 23
0 19 29
1 19 28
1 19 27
1 19 26
1 19 25
0 20 33
5 20 29
1 20 30
1 20 31
1 20 32
0 23 31
2 21 33
2 22 33
4 23 33
1 23 32
0 27 32
2 24 31
2 25 31
2 26 31
5 27 31
0 32 35
2 28 32
2 29 32
2 30 32
2 31 32
5 32 32
1 32 33
1 32 34
0 21 1
2 22 1
2 23 1
2 24 1
2 25 1
5 26 1
0 4 18
2 5 18
2 6 18
2 7 18
2 8 18
2 9 18
0 8 12
2 7 9
5 8 9
1 8 10
1 8 11
0 25 24
2 26 24
2 27 24
2 28 24
4 29 24
0 9 38
2 10 38
2 11 38
5 12 38
1 12 39
-1
-1
-1
-1
-1
-1
-1
-1
-1
-1
-1
-1
-1
-1
-1
-1
-1
-1
-1
-1
-1
-1
-1
-1
-1
-1
-1
-1
-1
-1
-1
-1
-1
-1
-1
-1
-1
-1
-1
-1
-1
-1
-1
-1
-1
-1
-1
-1
-1
-1
-1
-1
-1
-1
-1
-1
-1
-1
-1
-1
-1
-1
-1
-1
-1
-1
-1
-1
-1
-1
-1
-1
-1
-1
-1
-1
-1
-1
-1
-1
-1
-1
-1
-1
-1
-1
-1
-1
-1
-1
-1
-1
-1
-1
-1
-1
-1
-1
-1
-1
-1
-1
-1
-1
-1
-1
-1
-1
-1
-1
-1
-1
-1
-1
-1
-1
-1
-1
-1
-1
-1
-1
-1
-1
-1
-1
-1
-1
-1
-1
-1
-1
-1
-1
-1
-1
-1
-1
-1
-1
-1
-1
-1
-1
-1
-1
-1
-1
-1
-1
-1
-1
-1
-1
-1
-1
-1
-1
-1
-1
-1
-1
-1
-1
-1
-1
-1
-1
-1
-1
-1
-1
-1
-1
-1
-1
-1
-1
-1
-1
-1
-1
-1
-1
-1
-1
-1
-1
-1
-1
-1
-1
-1
-1
-1
-1
-1
-1
-1
-1
-1
-1
-1
-1
-1
-1
-1
-1
-1
-1
-1
-1
-1
-1
-1
-1
-1
-1
-1
-1
-1
-1
-1
-1
-1
-1
-1
-1
-1
-1
-1
-1
-1
-1
-1
-1
-1
-1
-1
-1
-1
-1
-1
-1
-1
-1
-1
-1
-1
-1
-1
-1
-1
-1
-1
-1
-1
-1
-1
-1
-1
-1
-1
-1
-1
-1
-1
-1
-1
-1
-1
-1
-1
-1
-1
-1
-1
-1
-1
-1
-1
-1
-1
-1
-1
-1
-1
-1
-1
-1
-1
-1
-1
-1
-1
-1
-1
-1
-1
-1
-1
-1
-1
-1
-1
-1
-1
-1
-1
-1
-1
-1
-1
-1
-1
-1
-1
-1
-1
-1
-1
-1
-1
-1
-1
-1
-1
-1
-1
-1
-1
-1
-1
-1
-1
-1
-1
-1
-1
-1
