0 4 29
0 33 34
2 5 29
2 6 29
2 7 29
2 8 29
2 9 29
2 10 29
2 11 29
2 12 29
2 13 29
2 14 29
2 15 29
2 16 29
2 17 29
2 18 29
2 19 29
2 20 29
2 21 29
2 22 29
2 23 29
2 24 29
2 25 29
2 26 29
2 27 29
2 28 29
2 29 29
2 30 29
2 31 29
2 32 29
5 33 29
1 33 30
1 33 31
1 33 32
1 33 33
-1
-1
-1
-1
-1
-1
-1
-1
-1
-1
-1
-1
-1
-1
-1
-1
-1
-1
-1
-1
-1
-1
-1
-1
-1
-1
-1
-1
-1
-1
-1
-1
-1
-1
-1
-1
-1
-1
-1
-1
-1
-1
-1
-1
-1
-1
-1
-1
-1
-1
-1
-1
-1
-1
-1
-1
-1
-1
-1
0 38 44
2 34 34
2 35 34
2 36 34
2 37 34
5 38 34
1 38 35
1 38 36
1 38 37
1 38 38
1 38 39
1 38 40
1 38 41
1 38 42
1 38 43
-1
-1
-1
-1
-1
-1
-1
-1
-1
-1
-1
-1
-1
-1
-1
-1
-1
-1
-1
-1
0 2 33
2 3 33
4 4 33
1 4 32
1 4 31
1 4 30
-1
-1
-1
-1
-1
-1
-1
-1
-1
-1
-1
-1
-1
-1
-1
-1
0 46 44
2 39 44
2 40 44
2 41 44
2 42 44
2 43 44
2 44 44
2 45 44
-1
-1
-1
-1
-1
-1
-1
-1
0 4 22
1 4 23
1 4 24
1 4 25
1 4 26
1 4 27
1 4 28
-1
-1
-1
-1
-1
0 9 15
2 5 22
2 6 22
2 7 22
2 8 22
4 9 22
1 9 21
1 9 20
1 9 19
1 9 18
1 9 17
1 9 16
0 16 10
2 10 15
2 11 15
2 12 15
2 13 15
2 14 15
2 15 15
4 16 15
1 16 14
1 16 13
1 16 12
1 16 11
0 8 11
5 9 11
1 9 12
1 9 13
1 9 14
0 45 27
5 46 27
1 46 28
1 46 29
1 46 30
1 46 31
1 46 32
1 46 33
1 46 34
1 46 35
1 46 36
1 46 37
1 46 38
1 46 39
1 46 40
1 46 41
1 46 42
1 46 43
0 39 26
2 40 26
2 41 26
2 42 26
2 43 26
2 44 26
5 45 26
0 6 8
2 7 8
5 8 8
1 8 9
1 8 10
0 43 30
2 44 30
4 45 30
1 45 29
1 45 28
0 12 7
2 13 7
2 14 7
2 15 7
5 16 7
1 16 8
1 16 9
0 36 28
2 37 28
2 38 28
4 39 28
1 39 27
0 11 3
5 12 3
1 12 4
1 12 5
1 12 6
0 0 38
2 1 38
4 2 38
1 2 37
1 2 36
1 2 35
1 2 34
0 29 35
2 30 35
2 31 35
2 32 35
4 33 35
0 26 43
2 27 43
2 28 43
4 29 43
1 29 42
1 29 41
1 29 40
1 29 39
1 29 38
1 29 37
1 29 36
0 22 45
2 23 45
2 24 45
2 25 45
4 26 45
1 26 44
0 2 15
2 3 15
2 4 15
2 5 15
2 6 15
2 7 15
2 8 15
0 21 41
5 22 41
1 22 42
1 22 43
1 22 44
0 40 32
2 41 32
2 42 32
4 43 32
1 43 31
0 5 13
2 6 13
2 7 13
4 8 13
1 8 12
0 40 37
1 40 36
1 40 35
1 40 34
1 40 33
0 47 39
4 47 44
1 47 43
1 47 42
1 47 41
1 47 40
0 18 13
2 17 10
5 18 10
1 18 11
1 18 12
0 17 18
4 18 18
1 18 17
1 18 16
1 18 15
1 18 14
0 30 12
2 19 13
2 20 13
2 21 13
2 22 13
2 23 13
2 24 13
2 25 13
2 26 13
2 27 13
2 28 13
2 29 13
4 30 13
0 36 22
1 36 23
1 36 24
1 36 25
1 36 26
1 36 27
0 24 35
2 25 35
2 26 35
2 27 35
2 28 35
0 41 22
2 37 22
2 38 22
2 39 22
2 40 22
0 1 11
5 2 11
1 2 12
1 2 13
1 2 14
0 33 45
2 34 45
2 35 45
2 36 45
2 37 45
4 38 45
0 12 18
2 13 18
2 14 18
2 15 18
2 16 18
0 43 46
2 44 46
2 45 46
4 46 46
1 46 45
0 0 19
2 1 19
4 2 19
1 2 18
1 2 17
1 2 16
0 30 28
2 31 28
2 32 28
2 33 28
2 34 28
2 35 28
0 20 34
2 21 34
2 22 34
2 23 34
5 24 34
0 13 35
2 14 35
2 15 35
2 16 35
2 17 35
2 18 35
2 19 35
4 20 35
0 7 35
2 8 35
2 9 35
2 10 35
2 11 35
2 12 35
0 10 37
2 11 37
2 12 37
4 13 37
1 13 36
0 9 41
4 10 41
1 10 40
1 10 39
1 10 38
0 46 22
2 42 22
2 43 22
2 44 22
2 45 22
0 17 42
2 18 42
2 19 42
2 20 42
4 21 42
0 31 49
2 32 49
4 33 49
1 33 48
1 33 47
1 33 46
0 26 49
2 27 49
2 28 49
2 29 49
2 30 49
0 1 6
1 1 7
1 1 8
1 1 9
1 1 10
0 12 31
5 13 31
1 13 32
1 13 33
1 13 34
0 20 48
2 21 48
4 22 48
1 22 47
1 22 46
0 36 17
1 36 18
1 36 19
1 36 20
1 36 21
0 42 41
2 41 37
5 42 37
1 42 38
1 42 39
1 42 40
0 31 41
2 32 41
5 33 41
1 33 42
1 33 43
1 33 44
0 16 22
4 17 22
1 17 21
1 17 20
1 17 19
0 2 2
4 2 6
1 2 5
1 2 4
1 2 3
0 25 11
2 26 11
2 27 11
2 28 11
2 29 11
5 30 11
-1
-1
-1
-1
-1
-1
-1
-1
-1
-1
-1
-1
-1
-1
-1
-1
-1
-1
-1
-1
-1
-1
-1
-1
-1
-1
-1
-1
-1
-1
-1
-1
-1
-1
-1
-1
-1
-1
-1
-1
-1
-1
-1
-1
-1
-1
-1
-1
-1
-1
-1
-1
-1
-1
-1
-1
-1
-1
-1
-1
-1
-1
-1
-1
-1
-1
-1
-1
-1
-1
-1
-1
-1
-1
-1
-1
-1
-1
-1
-1
-1
-1
-1
-1
-1
-1
-1
-1
-1
-1
-1
-1
-1
-1
-1
-1
-1
-1
-1
-1
-1
-1
-1
-1
-1
-1
-1
-1
-1
-1
-1
-1
-1
-1
-1
-1
-1
-1
-1
-1
-1
-1
-1
-1
-1
-1
-1
-1
-1
-1
-1
-1
-1
-1
-1
-1
-1
-1
-1
-1
-1
-1
-1
-1
-1
-1
-1
-1
-1
-1
-1
-1
-1
-1
-1
-1
-1
-1
-1
-1
-1
-1
-1
-1
-1
-1
-1
-1
-1
-1
-1
-1
-1
-1
-1
-1
-1
-1
-1
-1
-1
-1
-1
-1
-1
-1
-1
-1
-1
-1
-1
-1
-1
-1
-1
-1
-1
-1
-1
-1
-1
-1
-1
-1
-1
-1
-1
-1
-1
-1
-1
-1
-1
-1
-1
-1
-1
-1
-1
-1
-1
-1
-1
-1
-1
-1
-1
-1
-1
-1
-1
-1
-1
-1
-1
-1
-1
-1
-1
-1
-1
-1
-1
-1
-1
-1
-1
-1
-1
-1
-1
-1
-1
-1
-1
-1
-1
-1
-1
-1
-1
-1
-1
-1
-1
-1
-1
-1
-1
-1
-1
-1
-1
-1
-1
-1
-1
-1
-1
-1
-1
-1
-1
-1
-1
-1
-1
-1
-1
-1
-1
-1
-1
-1
-1
-1
-1
-1
-1
-1
-1
-1
-1
-1
-1
-1
-1
