0 8 16
0 10 45
2 9 16
5 10 16
1 10 17
1 10 18
1 10 19
1 10 20
1 10 21
1 10 22
1 10 23
1 10 24
1 10 25
1 10 26
1 10 27
1 10 28
1 10 29
1 10 30
1 10 31
1 10 32
1 10 33
1 10 34
1 10 35
1 10 36
1 10 37
1 10 38
1 10 39
1 10 40
1 10 41
1 10 42
1 10 43
1 10 44
-1
-1
-1
-1
-1
-1
-1
-1
-1
-1
-1
-1
-1
-1
-1
-1
-1
-1
-1
-1
-1
-1
-1
-1
-1
-1
-1
-1
-1
-1
-1
-1
-1
-1
-1
-1
-1
-1
-1
-1
-1
-1
-1
-1
-1
-1
-1
-1
-1
-1
-1
-1
-1
-1
-1
-1
-1
-1
-1
-1
-1
-1
-1
0 7 7
5 8 7
1 8 8
1 8 9
1 8 10
1 8 11
1 8 12
1 8 13
1 8 14
1 8 15
-1
-1
-1
-1
-1
-1
-1
-1
-1
-1
-1
-1
-1
-1
-1
-1
-1
-1
-1
-1
-1
-1
-1
-1
-1
-1
-1
0 30 44
2 11 45
2 12 45
2 13 45
2 14 45
2 15 45
2 16 45
2 17 45
2 18 45
2 19 45
2 20 45
2 21 45
2 22 45
2 23 45
2 24 45
2 25 45
2 26 45
2 27 45
2 28 45
2 29 45
4 30 45
-1
-1
-1
-1
-1
-1
-1
-1
-1
-1
-1
-1
0 42 20
2 31 44
2 32 44
2 33 44
2 34 44
2 35 44
2 36 44
2 37 44
2 38 44
2 39 44
2 40 44
2 41 44
4 42 44
1 42 43
1 42 42
1 42 41
1 42 40
1 42 39
1 42 38
1 42 37
1 42 36
1 42 35
1 42 34
1 42 33
1 42 32
1 42 31
1 42 30
1 42 29
1 42 28
1 42 27
1 42 26
1 42 25
1 42 24
1 42 23
1 42 22
1 42 21
0 40 11
2 41 11
5 42 11
1 42 12
1 42 13
1 42 14
1 42 15
1 42 16
1 42 17
1 42 18
1 42 19
0 26 43
2 27 43
2 28 43
2 29 43
5 30 43
0 18 43
2 19 43
2 20 43
2 21 43
2 22 43
2 23 43
2 24 43
2 25 43
0 31 7
2 32 7
2 33 7
2 34 7
2 35 7
2 36 7
2 37 7
2 38 7
2 39 7
5 40 7
1 40 8
1 40 9
1 40 10
0 29 3
2 30 3
5 31 3
1 31 4
1 31 5
1 31 6
0 14 42
2 15 42
2 16 42
2 17 42
5 18 42
0 21 2
2 22 2
2 23 2
2 24 2
2 25 2
2 26 2
2 27 2
2 28 2
5 29 2
0 18 5
2 19 5
2 20 5
4 21 5
1 21 4
1 21 3
0 12 2
2 13 2
2 14 2
2 15 2
2 16 2
2 17 2
2 18 2
2 19 2
2 20 2
0 26 35
1 26 36
1 26 37
1 26 38
1 26 39
1 26 40
1 26 41
1 26 42
0 26 10
2 27 10
2 28 10
2 29 10
2 30 10
4 31 10
1 31 9
1 31 8
0 6 46
2 7 46
2 8 46
2 9 46
4 10 46
0 21 35
2 22 35
2 23 35
2 24 35
2 25 35
0 37 14
2 38 14
2 39 14
4 40 14
1 40 13
1 40 12
0 8 1
2 9 1
2 10 1
2 11 1
5 12 1
0 11 39
2 12 39
2 13 39
5 14 39
1 14 40
1 14 41
0 37 37
2 27 35
2 28 35
2 29 35
2 30 35
2 31 35
2 32 35
2 33 35
2 34 35
2 35 35
2 36 35
5 37 35
1 37 36
0 41 43
2 38 37
2 39 37
2 40 37
5 41 37
1 41 38
1 41 39
1 41 40
1 41 41
1 41 42
0 16 9
2 17 9
4 18 9
1 18 8
1 18 7
1 18 6
0 12 12
2 13 12
2 14 12
2 15 12
4 16 12
1 16 11
1 16 10
0 34 16
2 35 16
2 36 16
4 37 16
1 37 15
0 30 15
2 31 15
2 32 15
2 33 15
5 34 15
0 36 43
2 37 43
2 38 43
2 39 43
2 40 43
0 24 13
2 25 13
4 26 13
1 26 12
1 26 11
0 47 15
2 43 20
2 44 20
2 45 20
2 46 20
4 47 20
1 47 19
1 47 18
1 47 17
1 47 16
0 46 10
5 47 10
1 47 11
1 47 12
1 47 13
1 47 14
0 45 5
5 46 5
1 46 6
1 46 7
1 46 8
1 46 9
0 6 11
4 7 11
1 7 10
1 7 9
1 7 8
0 16 35
2 17 35
2 18 35
2 19 35
2 20 35
0 32 20
2 33 20
4 34 20
1 34 19
1 34 18
1 34 17
0 21 40
1 21 39
1 21 38
1 21 37
1 21 36
0 7 20
4 8 20
1 8 19
1 8 18
1 8 17
0 16 29
1 16 30
1 16 31
1 16 32
1 16 33
1 16 34
0 16 23
1 16 24
1 16 25
1 16 26
1 16 27
1 16 28
0 18 20
2 17 23
4 18 23
1 18 22
1 18 21
0 11 23
2 12 23
2 13 23
2 14 23
2 15 23
0 19 16
4 19 20
1 19 19
1 19 18
1 19 17
0 15 15
2 16 15
2 17 15
2 18 15
5 19 15
0 22 44
2 23 44
2 24 44
2 25 44
4 26 44
0 43 2
2 44 2
5 45 2
1 45 3
1 45 4
0 13 18
2 14 18
4 15 18
1 15 17
1 15 16
0 26 5
2 27 5
2 28 5
4 29 5
1 29 4
0 4 2
2 5 2
2 6 2
2 7 2
4 8 2
0 19 27
2 17 29
2 18 29
4 19 29
1 19 28
0 35 11
2 36 11
2 37 11
2 38 11
2 39 11
0 38 2
2 39 2
2 40 2
2 41 2
2 42 2
0 37 6
4 38 6
1 38 5
1 38 4
1 38 3
0 33 41
2 34 41
2 35 41
5 36 41
1 36 42
0 34 4
2 35 4
2 36 4
5 37 4
1 37 5
0 3 9
2 4 9
2 5 9
5 6 9
1 6 10
0 22 25
2 20 27
2 21 27
4 22 27
1 22 26
0 25 31
5 26 31
1 26 32
1 26 33
1 26 34
-1
-1
-1
-1
-1
-1
-1
-1
-1
-1
-1
-1
-1
-1
-1
-1
-1
-1
-1
-1
-1
-1
-1
-1
-1
-1
-1
-1
-1
-1
-1
-1
-1
-1
-1
-1
-1
-1
-1
-1
-1
-1
-1
-1
-1
-1
-1
-1
-1
-1
-1
-1
-1
-1
-1
-1
-1
-1
-1
-1
-1
-1
-1
-1
-1
-1
-1
-1
-1
-1
-1
-1
-1
-1
-1
-1
-1
-1
-1
-1
-1
-1
-1
-1
-1
-1
-1
-1
-1
-1
-1
-1
-1
-1
-1
-1
-1
-1
-1
-1
-1
-1
-1
-1
-1
-1
-1
-1
-1
-1
-1
-1
-1
-1
-1
-1
-1
-1
-1
-1
-1
-1
-1
-1
-1
-1
-1
-1
-1
-1
-1
-1
-1
-1
-1
-1
-1
-1
-1
-1
-1
-1
-1
-1
-1
-1
-1
-1
-1
-1
-1
-1
-1
-1
-1
-1
-1
-1
-1
-1
-1
-1
-1
-1
-1
-1
-1
-1
-1
-1
-1
-1
-1
-1
-1
-1
-1
-1
-1
-1
-1
-1
-1
-1
-1
-1
-1
-1
-1
-1
-1
-1
-1
-1
-1
-1
-1
-1
-1
-1
-1
-1
-1
-1
-1
-1
-1
-1
-1
-1
-1
-1
-1
-1
-1
-1
-1
-1
-1
-1
-1
-1
-1
-1
-1
-1
-1
-1
-1
-1
-1
-1
-1
-1
-1
-1
-1
-1
-1
-1
-1
-1
-1
-1
-1
-1
-1
-1
-1
-1
-1
-1
-1
-1
-1
-1
-1
-1
-1
-1
-1
-1
-1
-1
-1
-1
-1
-1
-1
-1
-1
-1
-1
-1
-1
-1
-1
-1
