0 15 26
0 36 16
2 16 26
2 17 26
2 18 26
2 19 26
2 20 26
2 21 26
2 22 26
2 23 26
2 24 26
2 25 26
2 26 26
2 27 26
2 28 26
2 29 26
2 30 26
2 31 26
2 32 26
2 33 26
2 34 26
2 35 26
4 36 26
1 36 25
1 36 24
1 36 23
1 36 22
1 36 21
1 36 20
1 36 19
1 36 18
1 36 17
-1
-1
-1
-1
-1
-1
-1
-1
-1
-1
-1
-1
-1
-1
-1
-1
-1
-1
-1
-1
-1
-1
-1
-1
-1
-1
-1
-1
-1
-1
-1
-1
-1
-1
-1
-1
-1
-1
-1
-1
-1
-1
-1
-1
-1
-1
-1
-1
-1
-1
-1
-1
-1
-1
-1
-1
-1
-1
-1
-1
-1
-1
-1
-1
-1
-1
-1
-1
-1
-1
-1
-1
-1
-1
-1
-1
-1
-1
-1
-1
-1
-1
-1
-1
-1
-1
-1
-1
-1
-1
-1
-1
-1
-1
-1
-1
-1
-1
-1
-1
-1
-1
-1
-1
-1
-1
-1
0 15 43
1 15 42
1 15 41
1 15 40
1 15 39
1 15 38
1 15 37
1 15 36
1 15 35
1 15 34
1 15 33
1 15 32
1 15 31
1 15 30
1 15 29
1 15 28
1 15 27
-1
-1
-1
-1
-1
-1
-1
-1
-1
-1
-1
-1
-1
-1
-1
-1
-1
-1
-1
-1
-1
-1
-1
-1
-1
-1
-1
-1
-1
-1
-1
-1
-1
-1
-1
-1
-1
-1
-1
-1
-1
-1
-1
0 42 16
2 37 16
2 38 16
2 39 16
2 40 16
2 41 16
-1
-1
-1
-1
-1
-1
-1
-1
-1
-1
-1
-1
-1
-1
-1
-1
-1
-1
-1
-1
-1
-1
-1
-1
-1
-1
-1
-1
-1
-1
-1
-1
-1
-1
-1
-1
-1
-1
0 27 49
2 16 43
2 17 43
2 18 43
2 19 43
2 20 43
2 21 43
2 22 43
2 23 43
2 24 43
2 25 43
2 26 43
5 27 43
1 27 44
1 27 45
1 27 46
1 27 47
1 27 48
-1
-1
-1
-1
-1
-1
-1
-1
-1
-1
-1
-1
-1
-1
-1
-1
-1
0 10 15
2 11 15
2 12 15
2 13 15
2 14 15
5 15 15
1 15 16
1 15 17
1 15 18
1 15 19
1 15 20
1 15 21
1 15 22
1 15 23
1 15 24
1 15 25
-1
-1
-1
-1
-1
-1
-1
-1
-1
-1
-1
0 1 6
2 2 6
2 3 6
2 4 6
2 5 6
2 6 6
2 7 6
2 8 6
2 9 6
5 10 6
1 10 7
1 10 8
1 10 9
1 10 10
1 10 11
1 10 12
1 10 13
1 10 14
-1
0 28 44
4 28 49
1 28 48
1 28 47
1 28 46
1 28 45
-1
-1
-1
-1
-1
-1
-1
0 31 46
2 29 44
2 30 44
5 31 44
1 31 45
-1
-1
-1
-1
-1
-1
-1
0 0 10
4 1 10
1 1 9
1 1 8
1 1 7
-1
-1
-1
-1
-1
0 46 17
2 43 16
2 44 16
2 45 16
5 46 16
-1
-1
-1
-1
-1
0 47 12
4 47 17
1 47 16
1 47 15
1 47 14
1 47 13
-1
-1
-1
-1
0 40 26
2 41 26
4 42 26
1 42 25
1 42 24
1 42 23
1 42 22
1 42 21
1 42 20
1 42 19
1 42 18
1 42 17
0 39 31
4 40 31
1 40 30
1 40 29
1 40 28
1 40 27
0 37 37
2 38 37
4 39 37
1 39 36
1 39 35
1 39 34
1 39 33
1 39 32
0 38 22
2 39 22
5 40 22
1 40 23
1 40 24
1 40 25
0 1 1
1 1 2
1 1 3
1 1 4
1 1 5
0 25 42
2 26 42
2 27 42
5 28 42
1 28 43
-1
0 36 29
2 37 29
2 38 29
5 39 29
1 39 30
0 47 7
1 47 8
1 47 9
1 47 10
1 47 11
0 37 43
1 37 42
1 37 41
1 37 40
1 37 39
1 37 38
0 29 10
2 30 10
2 31 10
2 32 10
2 33 10
2 34 10
2 35 10
5 36 10
1 36 11
1 36 12
1 36 13
1 36 14
1 36 15
0 18 4
2 19 4
2 20 4
2 21 4
2 22 4
2 23 4
2 24 4
2 25 4
2 26 4
2 27 4
2 28 4
5 29 4
1 29 5
1 29 6
1 29 7
1 29 8
1 29 9
0 16 8
2 17 8
4 18 8
1 18 7
1 18 6
1 18 5
0 11 8
2 12 8
2 13 8
2 14 8
2 15 8
-1
-1
-1
-1
-1
-1
-1
-1
-1
-1
-1
-1
-1
-1
-1
-1
-1
-1
-1
-1
-1
-1
-1
-1
-1
-1
-1
-1
-1
-1
-1
-1
-1
-1
-1
-1
-1
-1
-1
-1
-1
-1
-1
-1
-1
-1
-1
-1
-1
-1
-1
-1
-1
-1
-1
-1
-1
-1
-1
-1
-1
-1
-1
-1
-1
-1
-1
-1
-1
-1
-1
-1
-1
-1
-1
-1
-1
-1
-1
-1
-1
-1
-1
-1
-1
-1
-1
-1
-1
-1
-1
-1
-1
-1
-1
-1
-1
-1
-1
-1
-1
-1
-1
-1
-1
-1
-1
-1
-1
-1
-1
-1
-1
-1
-1
-1
-1
-1
-1
-1
-1
-1
-1
-1
-1
-1
-1
-1
-1
-1
-1
-1
-1
-1
-1
-1
-1
-1
-1
-1
-1
-1
-1
-1
-1
-1
-1
-1
-1
-1
-1
-1
-1
-1
-1
-1
-1
-1
-1
-1
-1
-1
-1
-1
-1
-1
-1
-1
-1
-1
-1
-1
-1
-1
-1
-1
-1
-1
-1
-1
-1
-1
-1
-1
-1
-1
-1
-1
-1
-1
-1
-1
-1
-1
-1
-1
-1
-1
-1
-1
-1
-1
-1
-1
-1
-1
-1
-1
-1
-1
-1
-1
-1
-1
-1
-1
-1
-1
-1
-1
-1
-1
-1
-1
-1
-1
-1
-1
-1
-1
-1
-1
-1
-1
-1
-1
-1
-1
-1
-1
-1
-1
-1
-1
-1
-1
-1
-1
-1
-1
-1
-1
-1
-1
-1
-1
-1
-1
-1
-1
-1
-1
-1
-1
-1
-1
-1
-1
-1
-1
-1
-1
-1
-1
-1
-1
-1
-1
-1
-1
-1
-1
-1
-1
-1
-1
-1
-1
-1
-1
-1
-1
-1
-1
-1
-1
-1
-1
-1
-1
-1
-1
-1
-1
-1
-1
-1
-1
-1
-1
-1
-1
-1
-1
-1
-1
-1
-1
-1
-1
-1
