0 1 42
0 40 33
2 2 42
2 3 42
2 4 42
2 5 42
2 6 42
2 7 42
2 8 42
2 9 42
2 10 42
2 11 42
2 12 42
2 13 42
2 14 42
2 15 42
2 16 42
2 17 42
2 18 42
2 19 42
2 20 42
2 21 42
2 22 42
2 23 42
2 24 42
2 25 42
2 26 42
2 27 42
2 28 42
2 29 42
2 30 42
2 31 42
2 32 42
2 33 42
2 34 42
2 35 42
2 36 42
2 37 42
2 38 42
2 39 42
4 40 42
1 40 41
1 40 40
1 40 39
1 40 38
1 40 37
1 40 36
1 40 35
1 40 34
-1
-1
-1
-1
-1
-1
-1
-1
-1
-1
-1
-1
-1
-1
-1
-1
-1
-1
-1
-1
-1
-1
-1
-1
-1
-1
-1
-1
-1
-1
-1
-1
-1
-1
-1
-1
-1
0 43 35
2 41 33
2 42 33
5 43 33
1 43 34
-1
-1
-1
-1
-1
-1
-1
-1
-1
-1
-1
-1
-1
-1
-1
-1
-1
-1
-1
-1
-1
-1
-1
-1
-1
-1
-1
-1
-1
-1
-1
-1
-1
-1
-1
-1
0 1 32
1 1 33
1 1 34
1 1 35
1 1 36
1 1 37
1 1 38
1 1 39
1 1 40
1 1 41
-1
-1
-1
-1
-1
-1
-1
-1
-1
-1
-1
-1
-1
-1
-1
-1
-1
-1
-1
-1
-1
-1
-1
-1
-1
-1
0 7 23
2 2 32
2 3 32
2 4 32
2 5 32
2 6 32
4 7 32
1 7 31
1 7 30
1 7 29
1 7 28
1 7 27
1 7 26
1 7 25
1 7 24
-1
-1
-1
-1
-1
-1
-1
-1
-1
-1
-1
0 13 25
2 8 23
2 9 23
2 10 23
2 11 23
2 12 23
5 13 23
1 13 24
-1
-1
-1
-1
-1
-1
-1
-1
-1
-1
0 45 38
2 44 35
5 45 35
1 45 36
1 45 37
-1
-1
-1
-1
-1
-1
-1
-1
-1
-1
0 17 23
2 14 25
2 15 25
2 16 25
4 17 25
1 17 24
-1
-1
-1
-1
-1
-1
-1
0 46 46
5 46 38
1 46 39
1 46 40
1 46 41
1 46 42
1 46 43
1 46 44
1 46 45
-1
-1
0 10 31
2 11 31
2 12 31
4 13 31
1 13 30
1 13 29
1 13 28
1 13 27
1 13 26
-1
0 37 46
2 38 46
2 39 46
2 40 46
2 41 46
2 42 46
2 43 46
2 44 46
2 45 46
0 36 29
2 37 29
2 38 29
2 39 29
5 40 29
1 40 30
1 40 31
1 40 32
0 42 47
2 43 47
2 44 47
2 45 47
4 46 47
-1
0 20 10
2 18 23
2 19 23
4 20 23
1 20 22
1 20 21
1 20 20
1 20 19
1 20 18
1 20 17
1 20 16
1 20 15
1 20 14
1 20 13
1 20 12
1 20 11
0 24 2
2 21 10
2 22 10
2 23 10
4 24 10
1 24 9
1 24 8
1 24 7
1 24 6
1 24 5
1 24 4
1 24 3
0 42 40
2 43 40
2 44 40
4 45 40
1 45 39
0 2 23
2 3 23
2 4 23
2 5 23
2 6 23
0 40 43
2 41 43
4 42 43
1 42 42
1 42 41
0 9 35
4 10 35
1 10 34
1 10 33
1 10 32
0 35 3
2 25 2
2 26 2
2 27 2
2 28 2
2 29 2
2 30 2
2 31 2
2 32 2
2 33 2
2 34 2
5 35 2
0 34 8
4 35 8
1 35 7
1 35 6
1 35 5
1 35 4
0 25 43
2 26 43
2 27 43
2 28 43
2 29 43
2 30 43
2 31 43
2 32 43
2 33 43
2 34 43
2 35 43
2 36 43
5 37 43
1 37 44
1 37 45
0 15 43
2 16 43
2 17 43
2 18 43
2 19 43
2 20 43
2 21 43
2 22 43
2 23 43
2 24 43
0 15 48
1 15 47
1 15 46
1 15 45
1 15 44
0 33 32
2 34 32
2 35 32
4 36 32
1 36 31
1 36 30
0 11 49
2 12 49
2 13 49
2 14 49
4 15 49
0 29 30
2 30 30
2 31 30
2 32 30
5 33 30
1 33 31
0 23 29
2 24 29
2 25 29
2 26 29
2 27 29
2 28 29
5 29 29
0 23 35
1 23 34
1 23 33
1 23 32
1 23 31
1 23 30
0 18 35
2 19 35
2 20 35
2 21 35
2 22 35
0 26 32
2 27 32
2 28 32
4 29 32
1 29 31
0 48 43
2 47 46
4 48 46
1 48 45
1 48 44
0 19 28
2 20 28
2 21 28
2 22 28
5 23 28
0 38 6
2 36 3
2 37 3
5 38 3
1 38 4
1 38 5
0 45 7
2 39 6
2 40 6
2 41 6
2 42 6
2 43 6
2 44 6
5 45 6
0 46 2
4 46 7
1 46 6
1 46 5
1 46 4
1 46 3
0 1 27
1 1 28
1 1 29
1 1 30
1 1 31
0 5 28
2 2 27
2 3 27
2 4 27
5 5 27
0 20 44
2 21 44
2 22 44
2 23 44
2 24 44
4 25 44
0 17 39
4 18 39
1 18 38
1 18 37
1 18 36
0 26 37
2 24 35
2 25 35
5 26 35
1 26 36
0 22 39
4 23 39
1 23 38
1 23 37
1 23 36
0 6 33
2 7 33
2 8 33
5 9 33
1 9 34
0 33 12
4 34 12
1 34 11
1 34 10
1 34 9
0 33 17
1 33 16
1 33 15
1 33 14
1 33 13
-1
-1
-1
-1
-1
-1
-1
-1
-1
-1
-1
-1
-1
-1
-1
-1
-1
-1
-1
-1
-1
-1
-1
-1
-1
-1
-1
-1
-1
-1
-1
-1
-1
-1
-1
-1
-1
-1
-1
-1
-1
-1
-1
-1
-1
-1
-1
-1
-1
-1
-1
-1
-1
-1
-1
-1
-1
-1
-1
-1
-1
-1
-1
-1
-1
-1
-1
-1
-1
-1
-1
-1
-1
-1
-1
-1
-1
-1
-1
-1
-1
-1
-1
-1
-1
-1
-1
-1
-1
-1
-1
-1
-1
-1
-1
-1
-1
-1
-1
-1
-1
-1
-1
-1
-1
-1
-1
-1
-1
-1
-1
-1
-1
-1
-1
-1
-1
-1
-1
-1
-1
-1
-1
-1
-1
-1
-1
-1
-1
-1
-1
-1
-1
-1
-1
-1
-1
-1
-1
-1
-1
-1
-1
-1
-1
-1
-1
-1
-1
-1
-1
-1
-1
-1
-1
-1
-1
-1
-1
-1
-1
-1
-1
-1
-1
-1
-1
-1
-1
-1
-1
-1
-1
-1
-1
-1
-1
-1
-1
-1
-1
-1
-1
-1
-1
-1
-1
-1
-1
-1
-1
-1
-1
-1
-1
-1
-1
-1
-1
-1
-1
-1
-1
-1
-1
-1
-1
-1
-1
-1
-1
-1
-1
-1
-1
-1
-1
-1
-1
-1
-1
-1
-1
-1
-1
-1
-1
-1
-1
-1
-1
-1
-1
-1
-1
-1
-1
-1
-1
-1
-1
-1
-1
-1
-1
-1
-1
-1
-1
-1
-1
-1
-1
-1
-1
-1
-1
-1
-1
-1
-1
-1
-1
-1
-1
-1
-1
-1
-1
-1
-1
-1
-1
-1
-1
-1
-1
-1
-1
-1
-1
-1
-1
-1
-1
-1
-1
-1
-1
-1
-1
-1
-1
-1
-1
-1
-1
-1
-1
-1
-1
-1
-1
-1
-1
-1
-1
-1
-1
