0 14 23
0 38 47
2 15 23
2 16 23
2 17 23
2 18 23
2 19 23
2 20 23
2 21 23
2 22 23
2 23 23
2 24 23
2 25 23
2 26 23
2 27 23
2 28 23
2 29 23
2 30 23
2 31 23
2 32 23
2 33 23
2 34 23
2 35 23
2 36 23
2 37 23
5 38 23
1 38 24
1 38 25
1 38 26
1 38 27
1 38 28
1 38 29
1 38 30
1 38 31
1 38 32
1 38 33
1 38 34
1 38 35
1 38 36
1 38 37
1 38 38
1 38 39
1 38 40
1 38 41
1 38 42
1 38 43
1 38 44
1 38 45
1 38 46
-1
-1
-1
-1
-1
-1
-1
-1
-1
-1
-1
-1
-1
-1
-1
-1
-1
-1
-1
0 10 22
2 11 22
2 12 22
2 13 22
5 14 22
-1
-1
-1
-1
-1
-1
-1
-1
-1
-1
-1
-1
-1
-1
-1
-1
-1
-1
-1
-1
-1
-1
-1
-1
-1
-1
-1
-1
-1
-1
-1
-1
-1
-1
-1
-1
-1
-1
-1
-1
-1
-1
-1
-1
0 39 25
4 39 47
1 39 46
1 39 45
1 39 44
1 39 43
1 39 42
1 39 41
1 39 40
1 39 39
1 39 38
1 39 37
1 39 36
1 39 35
1 39 34
1 39 33
1 39 32
1 39 31
1 39 30
1 39 29
1 39 28
1 39 27
1 39 26
-1
-1
-1
-1
-1
-1
-1
-1
-1
-1
0 7 26
2 8 26
2 9 26
4 10 26
1 10 25
1 10 24
1 10 23
-1
-1
-1
-1
-1
-1
-1
-1
-1
-1
-1
-1
-1
-1
-1
-1
-1
-1
-1
-1
0 28 17
2 29 17
2 30 17
2 31 17
2 32 17
2 33 17
2 34 17
2 35 17
2 36 17
2 37 17
2 38 17
5 39 17
1 39 18
1 39 19
1 39 20
1 39 21
1 39 22
1 39 23
1 39 24
-1
-1
-1
-1
-1
-1
0 44 12
2 40 25
2 41 25
2 42 25
2 43 25
4 44 25
1 44 24
1 44 23
1 44 22
1 44 21
1 44 20
1 44 19
1 44 18
1 44 17
1 44 16
1 44 15
1 44 14
1 44 13
0 20 15
2 21 15
2 22 15
2 23 15
2 24 15
2 25 15
2 26 15
2 27 15
5 28 15
1 28 16
-1
-1
-1
-1
-1
0 14 34
1 14 33
1 14 32
1 14 31
1 14 30
1 14 29
1 14 28
1 14 27
1 14 26
1 14 25
1 14 24
-1
-1
0 35 7
2 36 7
2 37 7
2 38 7
2 39 7
2 40 7
2 41 7
2 42 7
2 43 7
5 44 7
1 44 8
1 44 9
1 44 10
1 44 11
0 24 4
2 25 4
2 26 4
2 27 4
2 28 4
2 29 4
2 30 4
2 31 4
2 32 4
2 33 4
2 34 4
5 35 4
1 35 5
1 35 6
0 16 4
2 17 4
2 18 4
2 19 4
2 20 4
2 21 4
2 22 4
2 23 4
0 23 19
2 24 19
2 25 19
2 26 19
2 27 19
4 28 19
1 28 18
0 32 10
2 33 10
2 34 10
4 35 10
1 35 9
1 35 8
0 11 8
2 12 8
2 13 8
2 14 8
2 15 8
4 16 8
1 16 7
1 16 6
1 16 5
0 30 47
2 31 47
2 32 47
2 33 47
2 34 47
2 35 47
2 36 47
2 37 47
0 30 41
1 30 42
1 30 43
1 30 44
1 30 45
1 30 46
0 10 35
2 11 35
2 12 35
2 13 35
4 14 35
0 18 19
2 19 19
2 20 19
2 21 19
2 22 19
0 13 2
2 14 2
2 15 2
5 16 2
1 16 3
0 5 36
2 6 36
2 7 36
2 8 36
2 9 36
4 10 36
0 19 34
2 15 34
2 16 34
2 17 34
2 18 34
0 21 22
2 22 22
4 23 22
1 23 21
1 23 20
0 24 41
2 25 41
2 26 41
2 27 41
2 28 41
2 29 41
0 3 33
2 4 33
5 5 33
1 5 34
1 5 35
0 20 3
2 21 3
2 22 3
2 23 3
5 24 3
0 26 34
2 20 34
2 21 34
2 22 34
2 23 34
2 24 34
2 25 34
0 28 9
2 29 9
2 30 9
2 31 9
5 32 9
0 28 30
2 27 34
4 28 34
1 28 33
1 28 32
1 28 31
0 29 26
4 29 30
1 29 29
1 29 28
1 29 27
0 19 11
5 20 11
1 20 12
1 20 13
1 20 14
0 35 40
2 31 41
2 32 41
2 33 41
2 34 41
4 35 41
0 36 36
4 36 40
1 36 39
1 36 38
1 36 37
0 34 32
2 35 32
5 36 32
1 36 33
1 36 34
1 36 35
0 17 41
2 18 41
2 19 41
2 20 41
2 21 41
2 22 41
2 23 41
0 23 30
2 24 30
2 25 30
2 26 30
2 27 30
-1
-1
-1
-1
-1
-1
-1
-1
-1
-1
-1
-1
-1
-1
-1
-1
-1
-1
-1
-1
-1
-1
-1
-1
-1
-1
-1
-1
-1
-1
-1
-1
-1
-1
-1
-1
-1
-1
-1
-1
-1
-1
-1
-1
-1
-1
-1
-1
-1
-1
-1
-1
-1
-1
-1
-1
-1
-1
-1
-1
-1
-1
-1
-1
-1
-1
-1
-1
-1
-1
-1
-1
-1
-1
-1
-1
-1
-1
-1
-1
-1
-1
-1
-1
-1
-1
-1
-1
-1
-1
-1
-1
-1
-1
-1
-1
-1
-1
-1
-1
-1
-1
-1
-1
-1
-1
-1
-1
-1
-1
-1
-1
-1
-1
-1
-1
-1
-1
-1
-1
-1
-1
-1
-1
-1
-1
-1
-1
-1
-1
-1
-1
-1
-1
-1
-1
-1
-1
-1
-1
-1
-1
-1
-1
-1
-1
-1
-1
-1
-1
-1
-1
-1
-1
-1
-1
-1
-1
-1
-1
-1
-1
-1
-1
-1
-1
-1
-1
-1
-1
-1
-1
-1
-1
-1
-1
-1
-1
-1
-1
-1
-1
-1
-1
-1
-1
-1
-1
-1
-1
-1
-1
-1
-1
-1
-1
-1
-1
-1
-1
-1
-1
-1
-1
-1
-1
-1
-1
-1
-1
-1
-1
-1
-1
-1
-1
-1
-1
-1
-1
-1
-1
-1
-1
-1
-1
-1
-1
-1
-1
-1
-1
-1
-1
-1
-1
-1
-1
-1
-1
-1
-1
-1
-1
-1
-1
-1
-1
-1
-1
-1
-1
-1
-1
-1
-1
-1
-1
-1
-1
-1
-1
-1
-1
-1
-1
-1
-1
-1
-1
-1
-1
-1
-1
-1
-1
-1
-1
-1
-1
-1
-1
-1
-1
-1
-1
-1
-1
-1
-1
-1
-1
-1
-1
-1
-1
-1
-1
-1
-1
-1
-1
-1
-1
-1
-1
-1
-1
-1
-1
-1
-1
-1
-1
-1
-1
-1
-1
-1
-1
-1
-1
-1
-1
-1
-1
-1
-1
-1
-1
-1
-1
-1
-1
-1
-1
-1
-1
-1
-1
-1
-1
-1
-1
-1
-1
-1
-1
-1
-1
-1
-1
-1
-1
-1
-1
-1
-1
-1
-1
-1
-1
-1
-1
-1
-1
-1
-1
-1
-1
-1
-1
-1
-1
-1
-1
