0 6 11
0 15 13
2 7 11
2 8 11
2 9 11
2 10 11
2 11 11
2 12 11
2 13 11
2 14 11
5 15 11
1 15 12
-1
-1
-1
-1
-1
-1
-1
-1
-1
-1
-1
-1
-1
-1
-1
-1
-1
-1
-1
-1
-1
-1
-1
-1
-1
-1
-1
-1
-1
-1
-1
-1
-1
-1
-1
-1
-1
-1
-1
-1
-1
-1
-1
-1
-1
-1
-1
-1
-1
-1
-1
-1
-1
-1
-1
-1
-1
-1
-1
-1
-1
-1
-1
-1
-1
-1
-1
-1
-1
-1
-1
-1
-1
-1
-1
-1
-1
-1
-1
-1
-1
-1
-1
-1
-1
-1
-1
-1
-1
-1
-1
-1
-1
-1
-1
-1
-1
-1
-1
-1
-1
-1
-1
-1
-1
-1
-1
-1
-1
-1
-1
-1
-1
-1
-1
-1
-1
-1
-1
-1
-1
-1
-1
-1
-1
-1
-1
-1
-1
-1
-1
0 22 29
2 16 13
2 17 13
2 18 13
2 19 13
2 20 13
2 21 13
5 22 13
1 22 14
1 22 15
1 22 16
1 22 17
1 22 18
1 22 19
1 22 20
1 22 21
1 22 22
1 22 23
1 22 24
1 22 25
1 22 26
1 22 27
1 22 28
-1
-1
-1
-1
-1
-1
-1
-1
-1
-1
-1
-1
-1
-1
-1
-1
-1
-1
-1
-1
-1
-1
-1
-1
-1
-1
-1
-1
-1
-1
-1
-1
-1
-1
-1
-1
-1
-1
-1
-1
-1
-1
-1
-1
-1
-1
0 47 39
2 23 29
2 24 29
2 25 29
2 26 29
2 27 29
2 28 29
2 29 29
2 30 29
2 31 29
2 32 29
2 33 29
2 34 29
2 35 29
2 36 29
2 37 29
2 38 29
2 39 29
2 40 29
2 41 29
2 42 29
2 43 29
2 44 29
2 45 29
2 46 29
5 47 29
1 47 30
1 47 31
1 47 32
1 47 33
1 47 34
1 47 35
1 47 36
1 47 37
1 47 38
0 1 12
2 2 12
2 3 12
2 4 12
2 5 12
4 6 12
-1
-1
-1
-1
-1
-1
-1
-1
-1
-1
-1
0 48 32
4 48 39
1 48 38
1 48 37
1 48 36
1 48 35
1 48 34
1 48 33
-1
-1
-1
-1
0 1 7
1 1 8
1 1 9
1 1 10
1 1 11
-1
-1
-1
-1
-1
-1
-1
-1
0 10 42
2 11 42
2 12 42
2 13 42
2 14 42
2 15 42
2 16 42
2 17 42
2 18 42
2 19 42
2 20 42
2 21 42
4 22 42
1 22 41
1 22 40
1 22 39
1 22 38
1 22 37
1 22 36
1 22 35
1 22 34
1 22 33
1 22 32
1 22 31
1 22 30
0 46 44
4 47 44
1 47 43
1 47 42
1 47 41
1 47 40
0 4 39
2 5 39
2 6 39
2 7 39
2 8 39
2 9 39
5 10 39
1 10 40
1 10 41
0 6 6
1 6 7
1 6 8
1 6 9
1 6 10
0 41 43
2 42 43
2 43 43
2 44 43
2 45 43
5 46 43
0 39 47
2 40 47
4 41 47
1 41 46
1 41 45
1 41 44
0 1 43
2 2 43
2 3 43
4 4 43
1 4 42
1 4 41
1 4 40
0 39 27
2 40 27
2 41 27
2 42 27
2 43 27
2 44 27
2 45 27
2 46 27
2 47 27
5 48 27
1 48 28
1 48 29
1 48 30
1 48 31
0 32 22
2 33 22
2 34 22
2 35 22
2 36 22
2 37 22
2 38 22
5 39 22
1 39 23
1 39 24
1 39 25
1 39 26
0 30 26
2 31 26
4 32 26
1 32 25
1 32 24
1 32 23
0 32 9
1 32 10
1 32 11
1 32 12
1 32 13
1 32 14
1 32 15
1 32 16
1 32 17
1 32 18
1 32 19
1 32 20
1 32 21
0 24 7
2 25 7
2 26 7
2 27 7
2 28 7
2 29 7
2 30 7
2 31 7
5 32 7
1 32 8
0 24 14
1 24 13
1 24 12
1 24 11
1 24 10
1 24 9
1 24 8
0 33 13
5 33 9
1 33 10
1 33 11
1 33 12
0 11 8
2 7 6
2 8 6
2 9 6
2 10 6
5 11 6
1 11 7
0 16 2
2 12 8
2 13 8
2 14 8
2 15 8
4 16 8
1 16 7
1 16 6
1 16 5
1 16 4
1 16 3
0 40 11
2 34 13
2 35 13
2 36 13
2 37 13
2 38 13
2 39 13
4 40 13
1 40 12
0 42 7
2 41 11
4 42 11
1 42 10
1 42 9
1 42 8
0 46 8
2 43 7
2 44 7
2 45 7
5 46 7
0 48 4
2 47 8
4 48 8
1 48 7
1 48 6
1 48 5
0 26 27
2 27 27
2 28 27
2 29 27
4 30 27
0 16 29
2 17 29
2 18 29
2 19 29
2 20 29
2 21 29
0 23 18
4 24 18
1 24 17
1 24 16
1 24 15
0 46 1
2 47 1
5 48 1
1 48 2
1 48 3
0 6 43
2 7 43
2 8 43
2 9 43
4 10 43
0 13 27
2 14 27
2 15 27
5 16 27
1 16 28
0 16 35
1 16 34
1 16 33
1 16 32
1 16 31
1 16 30
0 21 35
2 17 35
2 18 35
2 19 35
2 20 35
0 19 32
2 20 32
5 21 32
1 21 33
1 21 34
0 15 39
4 16 39
1 16 38
1 16 37
1 16 36
0 20 39
4 21 39
1 21 38
1 21 37
1 21 36
0 11 30
2 12 30
4 13 30
1 13 29
1 13 28
0 27 22
2 28 22
2 29 22
2 30 22
2 31 22
0 42 39
2 43 39
2 44 39
2 45 39
2 46 39
0 3 35
5 4 35
1 4 36
1 4 37
1 4 38
-1
-1
-1
-1
-1
-1
-1
-1
-1
-1
-1
-1
-1
-1
-1
-1
-1
-1
-1
-1
-1
-1
-1
-1
-1
-1
-1
-1
-1
-1
-1
-1
-1
-1
-1
-1
-1
-1
-1
-1
-1
-1
-1
-1
-1
-1
-1
-1
-1
-1
-1
-1
-1
-1
-1
-1
-1
-1
-1
-1
-1
-1
-1
-1
-1
-1
-1
-1
-1
-1
-1
-1
-1
-1
-1
-1
-1
-1
-1
-1
-1
-1
-1
-1
-1
-1
-1
-1
-1
-1
-1
-1
-1
-1
-1
-1
-1
-1
-1
-1
-1
-1
-1
-1
-1
-1
-1
-1
-1
-1
-1
-1
-1
-1
-1
-1
-1
-1
-1
-1
-1
-1
-1
-1
-1
-1
-1
-1
-1
-1
-1
-1
-1
-1
-1
-1
-1
-1
-1
-1
-1
-1
-1
-1
-1
-1
-1
-1
-1
-1
-1
-1
-1
-1
-1
-1
-1
-1
-1
-1
-1
-1
-1
-1
-1
-1
-1
-1
-1
-1
-1
-1
-1
-1
-1
-1
-1
-1
-1
-1
-1
-1
-1
-1
-1
-1
-1
-1
-1
-1
-1
-1
-1
-1
-1
-1
-1
-1
-1
-1
-1
-1
-1
-1
-1
-1
-1
-1
-1
-1
-1
-1
-1
-1
-1
-1
-1
-1
-1
-1
-1
-1
-1
-1
-1
-1
-1
-1
-1
-1
-1
-1
-1
-1
-1
-1
-1
-1
-1
-1
-1
-1
-1
-1
-1
-1
-1
-1
-1
-1
-1
-1
-1
-1
-1
-1
-1
-1
-1
