0 11 38
0 36 31
2 12 38
2 13 38
2 14 38
2 15 38
2 16 38
2 17 38
2 18 38
2 19 38
2 20 38
2 21 38
2 22 38
2 23 38
2 24 38
2 25 38
2 26 38
2 27 38
2 28 38
2 29 38
2 30 38
2 31 38
2 32 38
2 33 38
2 34 38
2 35 38
4 36 38
1 36 37
1 36 36
1 36 35
1 36 34
1 36 33
1 36 32
-1
-1
-1
-1
-1
-1
-1
-1
-1
-1
-1
-1
-1
-1
-1
-1
-1
-1
-1
-1
-1
-1
-1
-1
-1
-1
-1
-1
-1
-1
-1
-1
-1
-1
-1
-1
-1
-1
-1
-1
-1
-1
-1
-1
-1
-1
-1
-1
-1
-1
-1
-1
-1
-1
-1
-1
-1
-1
-1
-1
0 41 23
2 37 31
2 38 31
2 39 31
2 40 31
4 41 31
1 41 30
1 41 29
1 41 28
1 41 27
1 41 26
1 41 25
1 41 24
-1
-1
-1
-1
-1
-1
-1
-1
-1
-1
-1
-1
-1
-1
0 10 42
4 11 42
1 11 41
1 11 40
1 11 39
-1
-1
-1
-1
-1
-1
-1
-1
-1
-1
0 37 21
2 38 21
2 39 21
2 40 21
5 41 21
1 41 22
-1
-1
-1
-1
-1
0 10 48
1 10 47
1 10 46
1 10 45
1 10 44
1 10 43
-1
-1
0 14 46
2 11 48
2 12 48
2 13 48
4 14 48
1 14 47
-1
0 35 27
5 36 27
1 36 28
1 36 29
1 36 30
-1
0 44 29
2 42 23
2 43 23
5 44 23
1 44 24
1 44 25
1 44 26
1 44 27
1 44 28
0 46 25
2 45 29
4 46 29
1 46 28
1 46 27
1 46 26
0 17 43
2 15 46
2 16 46
4 17 46
1 17 45
1 17 44
0 29 25
2 30 25
2 31 25
2 32 25
2 33 25
2 34 25
5 35 25
1 35 26
0 46 6
1 46 7
1 46 8
1 46 9
1 46 10
1 46 11
1 46 12
1 46 13
1 46 14
1 46 15
1 46 16
1 46 17
1 46 18
1 46 19
1 46 20
1 46 21
1 46 22
1 46 23
1 46 24
0 48 2
2 47 6
4 48 6
1 48 5
1 48 4
1 48 3
0 42 33
2 43 33
4 44 33
1 44 32
1 44 31
1 44 30
0 15 40
2 16 40
5 17 40
1 17 41
1 17 42
0 32 29
2 33 29
2 34 29
4 35 29
1 35 28
0 39 2
2 40 2
2 41 2
2 42 2
2 43 2
2 44 2
2 45 2
2 46 2
2 47 2
0 22 3
2 23 3
2 24 3
2 25 3
2 26 3
2 27 3
2 28 3
2 29 3
2 30 3
2 31 3
2 32 3
2 33 3
2 34 3
2 35 3
2 36 3
2 37 3
2 38 3
4 39 3
0 14 3
2 15 3
2 16 3
2 17 3
2 18 3
2 19 3
2 20 3
2 21 3
0 32 35
1 32 34
1 32 33
1 32 32
1 32 31
1 32 30
0 35 37
2 33 35
2 34 35
5 35 35
1 35 36
0 21 9
4 22 9
1 22 8
1 22 7
1 22 6
1 22 5
1 22 4
0 26 28
2 27 28
2 28 28
4 29 28
1 29 27
1 29 26
0 37 16
1 37 17
1 37 18
1 37 19
1 37 20
0 41 17
2 38 16
2 39 16
2 40 16
5 41 16
0 44 19
2 42 17
2 43 17
5 44 17
1 44 18
0 10 4
2 11 4
2 12 4
2 13 4
4 14 4
0 34 23
2 35 23
2 36 23
4 37 23
1 37 22
0 43 4
2 44 4
2 45 4
5 46 4
1 46 5
0 29 20
1 29 21
1 29 22
1 29 23
1 29 24
0 29 37
2 30 37
2 31 37
4 32 37
1 32 36
0 39 35
2 40 35
2 41 35
4 42 35
1 42 34
0 20 45
2 18 43
2 19 43
5 20 43
1 20 44
0 25 15
2 26 15
2 27 15
2 28 15
5 29 15
1 29 16
1 29 17
1 29 18
1 29 19
0 9 9
4 10 9
1 10 8
1 10 7
1 10 6
1 10 5
0 45 13
4 45 19
1 45 18
1 45 17
1 45 16
1 45 15
1 45 14
0 6 41
2 7 41
2 8 41
2 9 41
5 10 41
0 49 27
2 47 25
2 48 25
5 49 25
1 49 26
0 49 32
1 49 31
1 49 30
1 49 29
1 49 28
0 48 36
4 49 36
1 49 35
1 49 34
1 49 33
0 47 41
4 48 41
1 48 40
1 48 39
1 48 38
1 48 37
0 44 39
2 45 39
2 46 39
5 47 39
1 47 40
0 7 12
2 8 12
4 9 12
1 9 11
1 9 10
0 3 13
2 4 13
2 5 13
2 6 13
4 7 13
0 1 17
2 2 17
4 3 17
1 3 16
1 3 15
1 3 14
0 32 13
2 33 13
2 34 13
2 35 13
2 36 13
5 37 13
1 37 14
1 37 15
0 17 10
2 18 10
2 19 10
2 20 10
4 21 10
0 39 41
1 39 40
1 39 39
1 39 38
1 39 37
1 39 36
0 36 43
2 37 43
2 38 43
4 39 43
1 39 42
0 33 41
2 34 41
2 35 41
5 36 41
1 36 42
0 41 47
2 40 41
5 41 41
1 41 42
1 41 43
1 41 44
1 41 45
1 41 46
0 33 19
5 34 19
1 34 20
1 34 21
1 34 22
-1
-1
-1
-1
-1
-1
-1
-1
-1
-1
-1
-1
-1
-1
-1
-1
-1
-1
-1
-1
-1
-1
-1
-1
-1
-1
-1
-1
-1
-1
-1
-1
-1
-1
-1
-1
-1
-1
-1
-1
-1
-1
-1
-1
-1
-1
-1
-1
-1
-1
-1
-1
-1
-1
-1
-1
-1
-1
-1
-1
-1
-1
-1
-1
-1
-1
-1
-1
-1
-1
-1
-1
-1
-1
-1
-1
-1
-1
-1
-1
-1
-1
-1
-1
-1
-1
-1
-1
-1
-1
-1
-1
-1
-1
-1
-1
-1
-1
-1
-1
-1
-1
-1
-1
-1
-1
-1
-1
-1
-1
-1
-1
-1
-1
-1
-1
-1
-1
-1
-1
-1
-1
-1
-1
-1
-1
-1
-1
-1
-1
-1
-1
-1
-1
-1
-1
-1
-1
-1
-1
-1
-1
-1
-1
-1
-1
-1
-1
-1
-1
-1
-1
-1
-1
-1
-1
-1
-1
-1
-1
-1
-1
-1
-1
-1
-1
-1
-1
-1
-1
-1
-1
-1
-1
-1
-1
-1
-1
-1
-1
-1
-1
-1
-1
-1
-1
-1
-1
-1
-1
-1
-1
-1
-1
-1
-1
-1
-1
-1
-1
-1
-1
-1
-1
-1
-1
-1
-1
-1
-1
-1
-1
-1
-1
-1
-1
-1
-1
-1
-1
-1
-1
-1
-1
-1
-1
-1
-1
-1
-1
-1
-1
-1
-1
-1
-1
-1
-1
-1
-1
-1
-1
-1
-1
-1
-1
-1
-1
-1
-1
-1
-1
-1
-1
-1
-1
-1
-1
-1
-1
-1
-1
-1
-1
-1
-1
-1
-1
-1
-1
-1
-1
-1
-1
-1
-1
-1
-1
-1
-1
-1
-1
-1
-1
-1
-1
-1
-1
-1
-1
-1
-1
-1
-1
-1
-1
-1
-1
-1
-1
-1
-1
-1
-1
-1
-1
-1
-1
-1
-1
-1
-1
-1
-1
-1
-1
-1
-1
-1
-1
-1
-1
-1
-1
-1
-1
-1
-1
-1
-1
-1
-1
-1
-1
-1
-1
-1
-1
-1
-1
-1
-1
-1
