0 31 37
0 43 41
2 32 37
2 33 37
2 34 37
2 35 37
2 36 37
2 37 37
2 38 37
2 39 37
2 40 37
2 41 37
2 42 37
5 43 37
1 43 38
1 43 39
1 43 40
-1
-1
-1
-1
-1
-1
-1
-1
-1
-1
-1
-1
-1
-1
-1
-1
-1
-1
-1
-1
-1
-1
-1
-1
-1
-1
-1
-1
-1
-1
-1
-1
-1
-1
-1
-1
-1
-1
-1
-1
-1
-1
-1
-1
-1
-1
-1
-1
-1
-1
-1
-1
-1
-1
-1
-1
-1
-1
-1
-1
-1
-1
-1
-1
-1
-1
-1
-1
-1
-1
-1
-1
-1
-1
-1
-1
-1
-1
-1
-1
-1
-1
-1
-1
-1
-1
-1
-1
-1
-1
-1
-1
-1
-1
-1
-1
-1
-1
-1
-1
-1
-1
-1
-1
-1
-1
-1
-1
-1
-1
-1
-1
-1
-1
-1
-1
-1
-1
-1
-1
-1
-1
-1
-1
-1
-1
-1
-1
-1
-1
-1
-1
-1
-1
-1
-1
-1
-1
-1
-1
0 4 19
2 5 19
2 6 19
2 7 19
2 8 19
2 9 19
2 10 19
2 11 19
2 12 19
2 13 19
2 14 19
2 15 19
2 16 19
2 17 19
2 18 19
2 19 19
2 20 19
2 21 19
2 22 19
2 23 19
2 24 19
2 25 19
2 26 19
2 27 19
2 28 19
2 29 19
2 30 19
5 31 19
1 31 20
1 31 21
1 31 22
1 31 23
1 31 24
1 31 25
1 31 26
1 31 27
1 31 28
1 31 29
1 31 30
1 31 31
1 31 32
1 31 33
1 31 34
1 31 35
1 31 36
-1
-1
-1
-1
-1
-1
-1
-1
-1
-1
-1
-1
-1
-1
0 3 8
5 4 8
1 4 9
1 4 10
1 4 11
1 4 12
1 4 13
1 4 14
1 4 15
1 4 16
1 4 17
1 4 18
-1
-1
-1
-1
-1
-1
-1
-1
-1
-1
-1
0 28 43
2 29 43
2 30 43
4 31 43
1 31 42
1 31 41
1 31 40
1 31 39
1 31 38
-1
-1
-1
-1
-1
-1
-1
0 44 37
4 44 41
1 44 40
1 44 39
1 44 38
-1
-1
-1
-1
-1
-1
-1
-1
0 44 32
1 44 33
1 44 34
1 44 35
1 44 36
-1
-1
-1
-1
-1
-1
-1
0 0 22
2 1 22
2 2 22
2 3 22
4 4 22
1 4 21
1 4 20
-1
-1
-1
0 42 45
4 43 45
1 43 44
1 43 43
1 43 42
-1
-1
-1
-1
0 0 10
2 1 10
2 2 10
4 3 10
1 3 9
-1
-1
-1
0 27 39
5 28 39
1 28 40
1 28 41
1 28 42
-1
-1
0 27 28
1 27 29
1 27 30
1 27 31
1 27 32
1 27 33
1 27 34
1 27 35
1 27 36
1 27 37
1 27 38
0 24 22
2 25 22
2 26 22
5 27 22
1 27 23
1 27 24
1 27 25
1 27 26
1 27 27
0 0 33
1 0 32
1 0 31
1 0 30
1 0 29
1 0 28
1 0 27
1 0 26
1 0 25
1 0 24
1 0 23
0 2 29
2 1 33
4 2 33
1 2 32
1 2 31
1 2 30
0 18 20
2 19 20
2 20 20
2 21 20
2 22 20
2 23 20
5 24 20
1 24 21
0 40 48
2 41 48
4 42 48
1 42 47
1 42 46
0 30 31
2 28 28
2 29 28
5 30 28
1 30 29
1 30 30
0 15 22
2 16 22
2 17 22
4 18 22
1 18 21
0 39 43
2 40 43
2 41 43
5 42 43
1 42 44
0 28 34
2 29 34
4 30 34
1 30 33
1 30 32
0 38 39
5 39 39
1 39 40
1 39 41
1 39 42
0 0 15
1 0 14
1 0 13
1 0 12
1 0 11
0 39 27
2 40 27
2 41 27
2 42 27
2 43 27
5 44 27
1 44 28
1 44 29
1 44 30
1 44 31
0 35 10
2 36 10
2 37 10
2 38 10
5 39 10
1 39 11
1 39 12
1 39 13
1 39 14
1 39 15
1 39 16
1 39 17
1 39 18
1 39 19
1 39 20
1 39 21
1 39 22
1 39 23
1 39 24
1 39 25
1 39 26
0 27 13
2 28 13
2 29 13
2 30 13
2 31 13
2 32 13
2 33 13
2 34 13
4 35 13
1 35 12
1 35 11
0 23 14
2 24 14
2 25 14
2 26 14
4 27 14
0 18 14
2 19 14
2 20 14
2 21 14
2 22 14
0 22 18
4 23 18
1 23 17
1 23 16
1 23 15
0 34 27
2 35 27
2 36 27
2 37 27
2 38 27
0 46 29
2 45 32
4 46 32
1 46 31
1 46 30
0 14 15
2 15 15
2 16 15
2 17 15
4 18 15
0 11 17
2 12 17
2 13 17
4 14 17
1 14 16
0 7 16
2 8 16
2 9 16
2 10 16
5 11 16
0 48 39
2 45 37
2 46 37
2 47 37
5 48 37
1 48 38
0 47 43
4 48 43
1 48 42
1 48 41
1 48 40
0 5 13
2 6 13
5 7 13
1 7 14
1 7 15
0 34 41
2 35 41
2 36 41
2 37 41
4 38 41
1 38 40
-1
-1
-1
-1
-1
-1
-1
-1
-1
-1
-1
-1
-1
-1
-1
-1
-1
-1
-1
-1
-1
-1
-1
-1
-1
-1
-1
-1
-1
-1
-1
-1
-1
-1
-1
-1
-1
-1
-1
-1
-1
-1
-1
-1
-1
-1
-1
-1
-1
-1
-1
-1
-1
-1
-1
-1
-1
-1
-1
-1
-1
-1
-1
-1
-1
-1
-1
-1
-1
-1
-1
-1
-1
-1
-1
-1
-1
-1
-1
-1
-1
-1
-1
-1
-1
-1
-1
-1
-1
-1
-1
-1
-1
-1
-1
-1
-1
-1
-1
-1
-1
-1
-1
-1
-1
-1
-1
-1
-1
-1
-1
-1
-1
-1
-1
-1
-1
-1
-1
-1
-1
-1
-1
-1
-1
-1
-1
-1
-1
-1
-1
-1
-1
-1
-1
-1
-1
-1
-1
-1
-1
-1
-1
-1
-1
-1
-1
-1
-1
-1
-1
-1
-1
-1
-1
-1
-1
-1
-1
-1
-1
-1
-1
-1
-1
-1
-1
-1
-1
-1
-1
-1
-1
-1
-1
-1
-1
-1
-1
-1
-1
-1
-1
-1
-1
-1
-1
-1
-1
-1
-1
-1
-1
-1
-1
-1
-1
-1
-1
-1
-1
-1
-1
-1
-1
-1
-1
-1
-1
-1
-1
-1
-1
-1
-1
-1
-1
-1
-1
-1
-1
-1
-1
-1
-1
-1
-1
-1
-1
-1
-1
-1
-1
-1
-1
-1
-1
-1
-1
-1
-1
-1
-1
-1
-1
-1
-1
-1
-1
-1
-1
-1
-1
-1
-1
-1
-1
-1
-1
-1
-1
-1
-1
-1
-1
-1
-1
-1
-1
-1
-1
-1
-1
-1
-1
-1
-1
-1
-1
-1
-1
-1
-1
-1
-1
-1
-1
-1
-1
-1
-1
-1
-1
-1
-1
-1
-1
-1
-1
-1
-1
