0 1 15
0 38 28
2 2 15
2 3 15
2 4 15
2 5 15
2 6 15
2 7 15
2 8 15
2 9 15
2 10 15
2 11 15
2 12 15
2 13 15
2 14 15
2 15 15
2 16 15
2 17 15
2 18 15
2 19 15
2 20 15
2 21 15
2 22 15
2 23 15
2 24 15
2 25 15
2 26 15
2 27 15
2 28 15
2 29 15
2 30 15
2 31 15
2 32 15
2 33 15
2 34 15
2 35 15
2 36 15
2 37 15
5 38 15
1 38 16
1 38 17
1 38 18
1 38 19
1 38 20
1 38 21
1 38 22
1 38 23
1 38 24
1 38 25
1 38 26
1 38 27
-1
-1
-1
-1
-1
-1
-1
-1
-1
-1
-1
-1
-1
-1
-1
-1
-1
-1
-1
-1
-1
-1
-1
-1
-1
-1
-1
-1
-1
-1
-1
-1
-1
-1
-1
-1
-1
-1
-1
-1
-1
-1
-1
-1
0 46 35
2 39 28
2 40 28
2 41 28
2 42 28
2 43 28
2 44 28
2 45 28
5 46 28
1 46 29
1 46 30
1 46 31
1 46 32
1 46 33
1 46 34
-1
-1
-1
-1
-1
-1
-1
-1
-1
-1
-1
-1
-1
-1
-1
-1
-1
-1
-1
-1
-1
-1
-1
-1
0 0 19
4 1 19
1 1 18
1 1 17
1 1 16
-1
-1
-1
-1
-1
-1
-1
-1
-1
-1
-1
-1
-1
-1
-1
-1
-1
-1
-1
-1
-1
-1
-1
-1
-1
0 33 34
2 34 34
2 35 34
2 36 34
2 37 34
4 38 34
1 38 33
1 38 32
1 38 31
1 38 30
1 38 29
-1
-1
-1
-1
-1
-1
-1
-1
-1
-1
-1
-1
0 25 34
2 26 34
2 27 34
2 28 34
2 29 34
2 30 34
2 31 34
2 32 34
-1
-1
-1
-1
-1
-1
-1
-1
-1
-1
-1
-1
-1
-1
0 16 39
2 17 39
2 18 39
2 19 39
2 20 39
2 21 39
2 22 39
2 23 39
2 24 39
4 25 39
1 25 38
1 25 37
1 25 36
1 25 35
-1
-1
-1
-1
-1
0 47 28
4 47 35
1 47 34
1 47 33
1 47 32
1 47 31
1 47 30
1 47 29
-1
-1
-1
-1
-1
-1
-1
-1
-1
0 43 15
2 44 15
2 45 15
2 46 15
5 47 15
1 47 16
1 47 17
1 47 18
1 47 19
1 47 20
1 47 21
1 47 22
1 47 23
1 47 24
1 47 25
1 47 26
1 47 27
0 10 28
2 11 28
2 12 28
2 13 28
2 14 28
2 15 28
5 16 28
1 16 29
1 16 30
1 16 31
1 16 32
1 16 33
1 16 34
1 16 35
1 16 36
1 16 37
1 16 38
0 6 23
2 7 23
2 8 23
2 9 23
5 10 23
1 10 24
1 10 25
1 10 26
1 10 27
0 43 37
2 44 37
2 45 37
4 46 37
1 46 36
-1
0 43 32
1 43 33
1 43 34
1 43 35
1 43 36
-1
-1
-1
0 5 29
2 6 29
2 7 29
2 8 29
2 9 29
4 10 29
-1
-1
0 24 10
2 25 10
2 26 10
2 27 10
2 28 10
2 29 10
2 30 10
2 31 10
2 32 10
2 33 10
2 34 10
2 35 10
2 36 10
2 37 10
2 38 10
2 39 10
2 40 10
2 41 10
2 42 10
5 43 10
1 43 11
1 43 12
1 43 13
1 43 14
0 24 2
1 24 3
1 24 4
1 24 5
1 24 6
1 24 7
1 24 8
1 24 9
0 23 14
4 24 14
1 24 13
1 24 12
1 24 11
0 2 37
2 3 37
2 4 37
4 5 37
1 5 36
1 5 35
1 5 34
1 5 33
1 5 32
1 5 31
1 5 30
0 16 2
2 17 2
2 18 2
2 19 2
2 20 2
2 21 2
2 22 2
2 23 2
0 28 1
2 25 2
2 26 2
2 27 2
4 28 2
0 41 41
2 42 41
4 43 41
1 43 40
1 43 39
1 43 38
0 12 45
2 13 45
2 14 45
2 15 45
4 16 45
1 16 44
1 16 43
1 16 42
1 16 41
1 16 40
0 43 21
1 43 20
1 43 19
1 43 18
1 43 17
1 43 16
0 0 24
1 0 23
1 0 22
1 0 21
1 0 20
0 32 30
5 33 30
1 33 31
1 33 32
1 33 33
0 32 25
1 32 26
1 32 27
1 32 28
1 32 29
0 2 46
1 2 45
1 2 44
1 2 43
1 2 42
1 2 41
1 2 40
1 2 39
1 2 38
0 32 18
1 32 19
1 32 20
1 32 21
1 32 22
1 32 23
1 32 24
0 26 18
2 27 18
2 28 18
2 29 18
2 30 18
2 31 18
0 8 42
2 9 42
2 10 42
2 11 42
5 12 42
1 12 43
1 12 44
0 39 0
2 29 1
2 30 1
2 31 1
2 32 1
2 33 1
2 34 1
2 35 1
2 36 1
2 37 1
2 38 1
4 39 1
0 39 22
2 40 22
2 41 22
2 42 22
4 43 22
0 44 0
2 40 0
2 41 0
2 42 0
2 43 0
0 7 38
5 8 38
1 8 39
1 8 40
1 8 41
0 7 33
1 7 34
1 7 35
1 7 36
1 7 37
0 37 18
2 33 18
2 34 18
2 35 18
2 36 18
0 1 10
1 1 11
1 1 12
1 1 13
1 1 14
0 11 39
2 12 39
2 13 39
2 14 39
2 15 39
-1
-1
-1
-1
-1
-1
-1
-1
-1
-1
-1
-1
-1
-1
-1
-1
-1
-1
-1
-1
-1
-1
-1
-1
-1
-1
-1
-1
-1
-1
-1
-1
-1
-1
-1
-1
-1
-1
-1
-1
-1
-1
-1
-1
-1
-1
-1
-1
-1
-1
-1
-1
-1
-1
-1
-1
-1
-1
-1
-1
-1
-1
-1
-1
-1
-1
-1
-1
-1
-1
-1
-1
-1
-1
-1
-1
-1
-1
-1
-1
-1
-1
-1
-1
-1
-1
-1
-1
-1
-1
-1
-1
-1
-1
-1
-1
-1
-1
-1
-1
-1
-1
-1
-1
-1
-1
-1
-1
-1
-1
-1
-1
-1
-1
-1
-1
-1
-1
-1
-1
-1
-1
-1
-1
-1
-1
-1
-1
-1
-1
-1
-1
-1
-1
-1
-1
-1
-1
-1
-1
-1
-1
-1
-1
-1
-1
-1
-1
-1
-1
-1
-1
-1
-1
-1
-1
-1
-1
-1
-1
-1
-1
-1
-1
-1
-1
-1
-1
-1
-1
-1
-1
-1
-1
-1
-1
-1
-1
-1
-1
-1
-1
-1
-1
-1
-1
-1
-1
-1
-1
-1
-1
-1
-1
-1
-1
-1
-1
-1
-1
-1
-1
-1
-1
-1
-1
-1
-1
-1
-1
-1
-1
-1
-1
-1
-1
-1
-1
-1
-1
-1
-1
-1
-1
-1
-1
-1
-1
-1
-1
-1
-1
-1
-1
-1
-1
-1
-1
-1
-1
-1
-1
-1
-1
-1
-1
-1
-1
-1
-1
-1
-1
-1
-1
-1
-1
-1
-1
-1
-1
-1
-1
-1
-1
-1
-1
-1
-1
-1
-1
-1
-1
-1
-1
-1
-1
-1
-1
-1
-1
-1
-1
-1
-1
-1
-1
-1
-1
-1
-1
-1
-1
-1
-1
-1
-1
-1
-1
-1
-1
-1
-1
-1
-1
-1
-1
-1
-1
-1
-1
-1
-1
-1
-1
-1
-1
