0 2 11
0 43 48
2 3 11
2 4 11
2 5 11
2 6 11
2 7 11
2 8 11
2 9 11
2 10 11
2 11 11
2 12 11
2 13 11
2 14 11
2 15 11
2 16 11
2 17 11
2 18 11
2 19 11
2 20 11
2 21 11
2 22 11
2 23 11
2 24 11
2 25 11
2 26 11
2 27 11
2 28 11
2 29 11
2 30 11
2 31 11
2 32 11
2 33 11
2 34 11
2 35 11
2 36 11
2 37 11
2 38 11
2 39 11
2 40 11
2 41 11
2 42 11
5 43 11
1 43 12
1 43 13
1 43 14
1 43 15
1 43 16
1 43 17
1 43 18
1 43 19
1 43 20
1 43 21
1 43 22
1 43 23
1 43 24
1 43 25
1 43 26
1 43 27
1 43 28
1 43 29
1 43 30
1 43 31
1 43 32
1 43 33
1 43 34
1 43 35
1 43 36
1 43 37
1 43 38
1 43 39
1 43 40
1 43 41
1 43 42
1 43 43
1 43 44
1 43 45
1 43 46
1 43 47
-1
-1
-1
-1
-1
-1
-1
-1
-1
-1
-1
-1
-1
-1
-1
-1
-1
-1
-1
-1
-1
-1
-1
-1
-1
0 44 40
4 44 48
1 44 47
1 44 46
1 44 45
1 44 44
1 44 43
1 44 42
1 44 41
-1
-1
-1
-1
-1
-1
-1
-1
-1
-1
-1
-1
-1
-1
-1
-1
-1
-1
-1
-1
-1
0 2 23
1 2 22
1 2 21
1 2 20
1 2 19
1 2 18
1 2 17
1 2 16
1 2 15
1 2 14
1 2 13
1 2 12
-1
-1
-1
-1
-1
-1
-1
-1
-1
0 5 20
2 3 23
2 4 23
4 5 23
1 5 22
1 5 21
-1
-1
-1
-1
-1
-1
-1
-1
-1
-1
-1
-1
-1
-1
-1
-1
0 48 18
2 45 40
2 46 40
2 47 40
4 48 40
1 48 39
1 48 38
1 48 37
1 48 36
1 48 35
1 48 34
1 48 33
1 48 32
1 48 31
1 48 30
1 48 29
1 48 28
1 48 27
1 48 26
1 48 25
1 48 24
1 48 23
1 48 22
1 48 21
1 48 20
1 48 19
0 13 19
2 6 20
2 7 20
2 8 20
2 9 20
2 10 20
2 11 20
2 12 20
4 13 20
0 44 17
2 45 17
2 46 17
2 47 17
5 48 17
-1
0 14 29
5 14 19
1 14 20
1 14 21
1 14 22
1 14 23
1 14 24
1 14 25
1 14 26
1 14 27
1 14 28
0 6 31
2 7 31
2 8 31
2 9 31
2 10 31
2 11 31
2 12 31
2 13 31
4 14 31
1 14 30
0 6 48
1 6 47
1 6 46
1 6 45
1 6 44
1 6 43
1 6 42
1 6 41
1 6 40
1 6 39
1 6 38
1 6 37
1 6 36
1 6 35
1 6 34
1 6 33
1 6 32
0 10 41
2 7 48
2 8 48
2 9 48
4 10 48
1 10 47
1 10 46
1 10 45
1 10 44
1 10 43
1 10 42
0 24 43
2 11 41
2 12 41
2 13 41
2 14 41
2 15 41
2 16 41
2 17 41
2 18 41
2 19 41
2 20 41
2 21 41
2 22 41
2 23 41
5 24 41
1 24 42
0 4 28
2 5 28
5 6 28
1 6 29
1 6 30
0 21 27
2 15 29
2 16 29
2 17 29
2 18 29
2 19 29
2 20 29
4 21 29
1 21 28
0 25 30
2 22 27
2 23 27
2 24 27
5 25 27
1 25 28
1 25 29
0 29 8
2 30 8
2 31 8
2 32 8
2 33 8
2 34 8
2 35 8
2 36 8
2 37 8
2 38 8
2 39 8
2 40 8
2 41 8
2 42 8
2 43 8
5 44 8
1 44 9
1 44 10
1 44 11
1 44 12
1 44 13
1 44 14
1 44 15
1 44 16
0 22 9
2 23 9
2 24 9
2 25 9
2 26 9
2 27 9
2 28 9
4 29 9
0 18 8
2 19 8
2 20 8
2 21 8
5 22 8
0 11 8
2 12 8
2 13 8
2 14 8
2 15 8
2 16 8
2 17 8
0 38 48
2 39 48
2 40 48
2 41 48
2 42 48
0 11 16
2 12 16
5 13 16
1 13 17
1 13 18
0 49 14
4 49 18
1 49 17
1 49 16
1 49 15
0 18 25
2 19 25
2 20 25
5 21 25
1 21 26
0 44 22
1 44 21
1 44 20
1 44 19
1 44 18
0 47 24
2 45 22
2 46 22
5 47 22
1 47 23
0 25 39
4 25 43
1 25 42
1 25 41
1 25 40
0 25 5
2 26 5
2 27 5
2 28 5
5 29 5
1 29 6
1 29 7
0 34 39
2 26 39
2 27 39
2 28 39
2 29 39
2 30 39
2 31 39
2 32 39
2 33 39
0 38 40
2 35 39
2 36 39
2 37 39
5 38 39
0 40 43
2 39 40
5 40 40
1 40 41
1 40 42
0 9 5
2 10 5
5 11 5
1 11 6
1 11 7
-1
-1
-1
-1
-1
-1
-1
-1
-1
-1
-1
-1
-1
-1
-1
-1
-1
-1
-1
-1
-1
-1
-1
-1
-1
-1
-1
-1
-1
-1
-1
-1
-1
-1
-1
-1
-1
-1
-1
-1
-1
-1
-1
-1
-1
-1
-1
-1
-1
-1
-1
-1
-1
-1
-1
-1
-1
-1
-1
-1
-1
-1
-1
-1
-1
-1
-1
-1
-1
-1
-1
-1
-1
-1
-1
-1
-1
-1
-1
-1
-1
-1
-1
-1
-1
-1
-1
-1
-1
-1
-1
-1
-1
-1
-1
-1
-1
-1
-1
-1
-1
-1
-1
-1
-1
-1
-1
-1
-1
-1
-1
-1
-1
-1
-1
-1
-1
-1
-1
-1
-1
-1
-1
-1
-1
-1
-1
-1
-1
-1
-1
-1
-1
-1
-1
-1
-1
-1
-1
-1
-1
-1
-1
-1
-1
-1
-1
-1
-1
-1
-1
-1
-1
-1
-1
-1
-1
-1
-1
-1
-1
-1
-1
-1
-1
-1
-1
-1
-1
-1
-1
-1
-1
-1
-1
-1
-1
-1
-1
-1
-1
-1
-1
-1
-1
-1
-1
-1
-1
-1
-1
-1
-1
-1
-1
-1
-1
-1
-1
-1
-1
-1
-1
-1
-1
-1
-1
-1
-1
-1
-1
-1
-1
-1
-1
-1
-1
-1
-1
-1
-1
-1
-1
-1
-1
-1
-1
-1
-1
-1
-1
-1
-1
-1
-1
-1
-1
-1
-1
-1
-1
-1
-1
-1
-1
-1
-1
-1
-1
-1
-1
-1
-1
-1
-1
-1
-1
-1
-1
-1
-1
-1
-1
-1
-1
-1
-1
-1
-1
-1
-1
-1
-1
-1
-1
-1
-1
-1
-1
-1
-1
-1
-1
-1
-1
-1
-1
-1
-1
-1
-1
-1
-1
-1
-1
-1
-1
-1
-1
-1
-1
-1
-1
-1
-1
-1
-1
-1
-1
-1
-1
-1
-1
-1
-1
-1
-1
-1
-1
-1
-1
-1
-1
-1
-1
-1
-1
-1
-1
-1
-1
-1
-1
-1
-1
-1
-1
-1
-1
-1
-1
-1
-1
-1
-1
-1
-1
-1
-1
-1
-1
-1
-1
-1
-1
-1
-1
-1
-1
-1
-1
-1
-1
-1
-1
-1
-1
-1
-1
-1
-1
-1
-1
-1
-1
-1
-1
-1
-1
-1
-1
-1
-1
-1
-1
-1
