0 5 19
0 37 34
2 6 19
2 7 19
2 8 19
2 9 19
2 10 19
2 11 19
2 12 19
2 13 19
2 14 19
2 15 19
2 16 19
2 17 19
2 18 19
2 19 19
2 20 19
2 21 19
2 22 19
2 23 19
2 24 19
2 25 19
2 26 19
2 27 19
2 28 19
2 29 19
2 30 19
2 31 19
2 32 19
2 33 19
2 34 19
2 35 19
2 36 19
5 37 19
1 37 20
1 37 21
1 37 22
1 37 23
1 37 24
1 37 25
1 37 26
1 37 27
1 37 28
1 37 29
1 37 30
1 37 31
1 37 32
1 37 33
-1
-1
-1
-1
-1
-1
-1
-1
-1
-1
-1
-1
-1
-1
-1
-1
-1
-1
-1
-1
-1
-1
-1
-1
-1
-1
-1
-1
-1
-1
-1
0 35 41
2 36 41
4 37 41
1 37 40
1 37 39
1 37 38
1 37 37
1 37 36
1 37 35
-1
-1
-1
-1
-1
-1
-1
-1
-1
-1
-1
-1
-1
-1
-1
-1
-1
-1
-1
-1
-1
-1
-1
-1
-1
-1
-1
-1
-1
0 32 34
2 33 34
2 34 34
2 35 34
2 36 34
-1
-1
-1
-1
-1
-1
-1
-1
-1
-1
-1
-1
-1
-1
-1
-1
-1
-1
-1
-1
-1
-1
-1
-1
-1
-1
-1
0 25 42
2 26 42
2 27 42
2 28 42
2 29 42
2 30 42
2 31 42
2 32 42
2 33 42
2 34 42
4 35 42
-1
-1
-1
-1
-1
-1
-1
-1
-1
-1
-1
-1
-1
-1
-1
-1
-1
-1
-1
-1
-1
-1
0 39 11
2 38 34
4 39 34
1 39 33
1 39 32
1 39 31
1 39 30
1 39 29
1 39 28
1 39 27
1 39 26
1 39 25
1 39 24
1 39 23
1 39 22
1 39 21
1 39 20
1 39 19
1 39 18
1 39 17
1 39 16
1 39 15
1 39 14
1 39 13
1 39 12
-1
0 44 6
2 40 11
2 41 11
2 42 11
2 43 11
4 44 11
1 44 10
1 44 9
1 44 8
1 44 7
-1
-1
-1
-1
-1
-1
-1
-1
0 5 24
1 5 23
1 5 22
1 5 21
1 5 20
-1
-1
-1
-1
-1
-1
-1
-1
-1
-1
-1
-1
0 24 11
2 25 11
2 26 11
2 27 11
2 28 11
2 29 11
2 30 11
2 31 11
2 32 11
2 33 11
2 34 11
2 35 11
2 36 11
2 37 11
2 38 11
0 8 22
2 6 24
2 7 24
4 8 24
1 8 23
-1
-1
-1
-1
-1
-1
-1
-1
-1
0 3 45
2 4 45
4 5 45
1 5 44
1 5 43
1 5 42
1 5 41
1 5 40
1 5 39
1 5 38
1 5 37
1 5 36
1 5 35
1 5 34
1 5 33
1 5 32
1 5 31
1 5 30
1 5 29
1 5 28
1 5 27
1 5 26
1 5 25
0 36 9
2 37 9
2 38 9
5 39 9
1 39 10
0 1 41
2 2 41
5 3 41
1 3 42
1 3 43
1 3 44
0 28 35
2 29 35
2 30 35
2 31 35
4 32 35
0 1 33
1 1 34
1 1 35
1 1 36
1 1 37
1 1 38
1 1 39
1 1 40
0 46 3
2 45 6
4 46 6
1 46 5
1 46 4
0 16 22
2 9 22
2 10 22
2 11 22
2 12 22
2 13 22
2 14 22
2 15 22
0 41 3
2 42 3
2 43 3
2 44 3
2 45 3
0 0 24
2 1 24
2 2 24
2 3 24
2 4 24
0 13 24
2 14 24
2 15 24
4 16 24
1 16 23
0 31 27
5 32 27
1 32 28
1 32 29
1 32 30
1 32 31
1 32 32
1 32 33
0 5 3
1 5 4
1 5 5
1 5 6
1 5 7
1 5 8
1 5 9
1 5 10
1 5 11
1 5 12
1 5 13
1 5 14
1 5 15
1 5 16
1 5 17
1 5 18
0 26 32
2 27 32
5 28 32
1 28 33
1 28 34
0 10 3
2 6 3
2 7 3
2 8 3
2 9 3
0 4 31
2 2 33
2 3 33
4 4 33
1 4 32
0 29 3
2 30 3
2 31 3
2 32 3
2 33 3
2 34 3
2 35 3
2 36 3
2 37 3
2 38 3
2 39 3
2 40 3
0 27 6
2 28 6
4 29 6
1 29 5
1 29 4
0 11 13
5 11 3
1 11 4
1 11 5
1 11 6
1 11 7
1 11 8
1 11 9
1 11 10
1 11 11
1 11 12
0 12 18
5 12 13
1 12 14
1 12 15
1 12 16
1 12 17
0 29 30
2 30 30
4 31 30
1 31 29
1 31 28
0 23 30
2 24 30
2 25 30
5 26 30
1 26 31
0 20 6
2 21 6
2 22 6
2 23 6
2 24 6
2 25 6
2 26 6
0 17 26
5 17 22
1 17 23
1 17 24
1 17 25
0 31 22
1 31 23
1 31 24
1 31 25
1 31 26
0 15 16
2 13 18
2 14 18
4 15 18
1 15 17
0 33 38
2 34 38
5 35 38
1 35 39
1 35 40
0 19 17
2 16 16
2 17 16
2 18 16
5 19 16
-1
-1
-1
-1
-1
-1
-1
-1
-1
-1
-1
-1
-1
-1
-1
-1
-1
-1
-1
-1
-1
-1
-1
-1
-1
-1
-1
-1
-1
-1
-1
-1
-1
-1
-1
-1
-1
-1
-1
-1
-1
-1
-1
-1
-1
-1
-1
-1
-1
-1
-1
-1
-1
-1
-1
-1
-1
-1
-1
-1
-1
-1
-1
-1
-1
-1
-1
-1
-1
-1
-1
-1
-1
-1
-1
-1
-1
-1
-1
-1
-1
-1
-1
-1
-1
-1
-1
-1
-1
-1
-1
-1
-1
-1
-1
-1
-1
-1
-1
-1
-1
-1
-1
-1
-1
-1
-1
-1
-1
-1
-1
-1
-1
-1
-1
-1
-1
-1
-1
-1
-1
-1
-1
-1
-1
-1
-1
-1
-1
-1
-1
-1
-1
-1
-1
-1
-1
-1
-1
-1
-1
-1
-1
-1
-1
-1
-1
-1
-1
-1
-1
-1
-1
-1
-1
-1
-1
-1
-1
-1
-1
-1
-1
-1
-1
-1
-1
-1
-1
-1
-1
-1
-1
-1
-1
-1
-1
-1
-1
-1
-1
-1
-1
-1
-1
-1
-1
-1
-1
-1
-1
-1
-1
-1
-1
-1
-1
-1
-1
-1
-1
-1
-1
-1
-1
-1
-1
-1
-1
-1
-1
-1
-1
-1
-1
-1
-1
-1
-1
-1
-1
-1
-1
-1
-1
-1
-1
-1
-1
-1
-1
-1
-1
-1
-1
-1
-1
-1
-1
-1
-1
-1
-1
-1
-1
-1
-1
-1
-1
-1
-1
-1
-1
-1
-1
-1
-1
-1
-1
-1
-1
-1
-1
-1
-1
-1
-1
-1
-1
-1
-1
-1
-1
-1
-1
-1
-1
-1
-1
-1
-1
-1
-1
-1
-1
-1
-1
-1
-1
-1
-1
-1
-1
-1
-1
-1
-1
-1
-1
-1
-1
-1
-1
-1
-1
-1
-1
-1
-1
-1
-1
-1
-1
-1
-1
-1
-1
-1
-1
-1
-1
-1
-1
-1
-1
-1
-1
-1
-1
-1
-1
-1
-1
-1
-1
-1
-1
-1
