0 17 11
0 40 37
2 18 11
2 19 11
2 20 11
2 21 11
2 22 11
2 23 11
2 24 11
2 25 11
2 26 11
2 27 11
2 28 11
2 29 11
2 30 11
2 31 11
2 32 11
2 33 11
2 34 11
2 35 11
2 36 11
2 37 11
2 38 11
2 39 11
5 40 11
1 40 12
1 40 13
1 40 14
1 40 15
1 40 16
1 40 17
1 40 18
1 40 19
1 40 20
1 40 21
1 40 22
1 40 23
1 40 24
1 40 25
1 40 26
1 40 27
1 40 28
1 40 29
1 40 30
1 40 31
1 40 32
1 40 33
1 40 34
1 40 35
1 40 36
-1
-1
-1
-1
-1
-1
-1
-1
-1
-1
-1
-1
-1
-1
-1
-1
-1
-1
-1
-1
-1
-1
-1
-1
-1
-1
0 5 5
2 6 5
2 7 5
2 8 5
2 9 5
2 10 5
2 11 5
2 12 5
2 13 5
2 14 5
2 15 5
2 16 5
5 17 5
1 17 6
1 17 7
1 17 8
1 17 9
1 17 10
-1
-1
-1
-1
-1
-1
-1
-1
-1
-1
-1
-1
-1
-1
-1
-1
-1
-1
-1
-1
-1
-1
-1
-1
-1
-1
-1
-1
-1
-1
-1
-1
0 5 10
1 5 9
1 5 8
1 5 7
1 5 6
-1
-1
-1
-1
-1
-1
-1
-1
-1
-1
-1
-1
-1
-1
-1
-1
-1
-1
-1
-1
-1
-1
-1
-1
-1
-1
-1
-1
-1
-1
-1
-1
-1
-1
-1
-1
-1
-1
-1
-1
-1
-1
-1
-1
-1
0 45 47
2 41 37
2 42 37
2 43 37
2 44 37
5 45 37
1 45 38
1 45 39
1 45 40
1 45 41
1 45 42
1 45 43
1 45 44
1 45 45
1 45 46
-1
-1
-1
-1
-1
-1
-1
-1
-1
-1
-1
-1
-1
-1
-1
-1
-1
-1
-1
0 14 20
2 15 20
2 16 20
4 17 20
1 17 19
1 17 18
1 17 17
1 17 16
1 17 15
1 17 14
1 17 13
1 17 12
-1
-1
-1
-1
-1
-1
-1
-1
-1
-1
-1
-1
-1
0 33 47
2 34 47
2 35 47
2 36 47
2 37 47
2 38 47
2 39 47
2 40 47
2 41 47
2 42 47
2 43 47
2 44 47
-1
-1
-1
-1
-1
-1
-1
-1
-1
0 5 0
1 5 1
1 5 2
1 5 3
1 5 4
-1
-1
-1
-1
-1
-1
-1
-1
-1
-1
-1
-1
0 47 44
2 46 47
4 47 47
1 47 46
1 47 45
-1
-1
-1
-1
-1
-1
-1
-1
-1
-1
0 12 11
2 13 11
2 14 11
2 15 11
2 16 11
-1
-1
-1
-1
-1
-1
-1
-1
-1
0 40 44
1 40 43
1 40 42
1 40 41
1 40 40
1 40 39
1 40 38
-1
-1
-1
-1
-1
-1
0 11 29
2 12 29
2 13 29
4 14 29
1 14 28
1 14 27
1 14 26
1 14 25
1 14 24
1 14 23
1 14 22
1 14 21
0 35 37
2 36 37
2 37 37
2 38 37
2 39 37
-1
-1
-1
-1
0 35 29
1 35 30
1 35 31
1 35 32
1 35 33
1 35 34
1 35 35
1 35 36
-1
0 46 40
5 47 40
1 47 41
1 47 42
1 47 43
-1
-1
-1
-1
-1
0 39 16
2 36 29
2 37 29
2 38 29
4 39 29
1 39 28
1 39 27
1 39 26
1 39 25
1 39 24
1 39 23
1 39 22
1 39 21
1 39 20
1 39 19
1 39 18
1 39 17
0 30 45
2 31 45
2 32 45
5 33 45
1 33 46
0 10 8
2 11 8
5 12 8
1 12 9
1 12 10
0 42 41
2 41 44
4 42 44
1 42 43
1 42 42
0 5 15
1 5 14
1 5 13
1 5 12
1 5 11
-1
-1
-1
-1
-1
-1
-1
-1
-1
-1
-1
-1
-1
-1
-1
-1
-1
-1
-1
-1
-1
-1
-1
-1
-1
-1
-1
-1
-1
-1
-1
-1
-1
-1
-1
-1
-1
-1
-1
-1
-1
-1
-1
-1
-1
-1
-1
-1
-1
-1
-1
-1
-1
-1
-1
-1
-1
-1
-1
-1
-1
-1
-1
-1
-1
-1
-1
-1
-1
-1
-1
-1
-1
-1
-1
-1
-1
-1
-1
-1
-1
-1
-1
-1
-1
-1
-1
-1
-1
-1
-1
-1
-1
-1
-1
-1
-1
-1
-1
-1
-1
-1
-1
-1
-1
-1
-1
-1
-1
-1
-1
-1
-1
-1
-1
-1
-1
-1
-1
-1
-1
-1
-1
-1
-1
-1
-1
-1
-1
-1
-1
-1
-1
-1
-1
-1
-1
-1
-1
-1
-1
-1
-1
-1
-1
-1
-1
-1
-1
-1
-1
-1
-1
-1
-1
-1
-1
-1
-1
-1
-1
-1
-1
-1
-1
-1
-1
-1
-1
-1
-1
-1
-1
-1
-1
-1
-1
-1
-1
-1
-1
-1
-1
-1
-1
-1
-1
-1
-1
-1
-1
-1
-1
-1
-1
-1
-1
-1
-1
-1
-1
-1
-1
-1
-1
-1
-1
-1
-1
-1
-1
-1
-1
-1
-1
-1
-1
-1
-1
-1
-1
-1
-1
-1
-1
-1
-1
-1
-1
-1
-1
-1
-1
-1
-1
-1
-1
-1
-1
-1
-1
-1
-1
-1
-1
-1
-1
-1
-1
-1
-1
-1
-1
-1
-1
-1
-1
-1
-1
-1
-1
-1
-1
-1
-1
-1
-1
-1
-1
-1
-1
-1
-1
-1
-1
-1
-1
-1
-1
-1
-1
-1
-1
-1
-1
-1
-1
-1
-1
-1
-1
-1
-1
-1
-1
-1
-1
-1
-1
-1
-1
-1
-1
-1
-1
-1
-1
-1
-1
-1
-1
-1
-1
-1
-1
-1
-1
-1
-1
-1
-1
-1
-1
-1
-1
-1
-1
-1
-1
-1
-1
-1
-1
-1
-1
-1
-1
-1
-1
-1
-1
-1
-1
-1
-1
-1
-1
-1
-1
-1
-1
-1
-1
-1
-1
-1
-1
-1
-1
-1
-1
-1
-1
-1
-1
-1
-1
-1
-1
-1
-1
-1
-1
-1
-1
-1
-1
-1
-1
-1
-1
-1
-1
-1
-1
-1
-1
-1
-1
-1
-1
-1
-1
-1
-1
-1
-1
-1
-1
-1
-1
-1
-1
-1
-1
-1
-1
-1
