0 31 3
0 31 39
1 31 38
1 31 37
1 31 36
1 31 35
1 31 34
1 31 33
1 31 32
1 31 31
1 31 30
1 31 29
1 31 28
1 31 27
1 31 26
1 31 25
1 31 24
1 31 23
1 31 22
1 31 21
1 31 20
1 31 19
1 31 18
1 31 17
1 31 16
1 31 15
1 31 14
1 31 13
1 31 12
1 31 11
1 31 10
1 31 9
1 31 8
1 31 7
1 31 6
1 31 5
1 31 4
-1
-1
-1
-1
-1
-1
-1
-1
-1
-1
-1
-1
-1
-1
-1
-1
-1
-1
-1
-1
-1
-1
-1
-1
-1
-1
-1
-1
-1
-1
-1
-1
-1
-1
-1
-1
0 8 3
2 9 3
2 10 3
2 11 3
2 12 3
2 13 3
2 14 3
2 15 3
2 16 3
2 17 3
2 18 3
2 19 3
2 20 3
2 21 3
2 22 3
2 23 3
2 24 3
2 25 3
2 26 3
2 27 3
2 28 3
2 29 3
2 30 3
-1
-1
-1
0 31 46
1 31 45
1 31 44
1 31 43
1 31 42
1 31 41
1 31 40
-1
-1
-1
-1
-1
0 36 40
2 32 39
2 33 39
2 34 39
2 35 39
5 36 39
-1
-1
0 8 8
1 8 7
1 8 6
1 8 5
1 8 4
-1
0 12 11
2 9 8
2 10 8
2 11 8
5 12 8
1 12 9
1 12 10
0 38 35
2 37 40
4 38 40
1 38 39
1 38 38
1 38 37
1 38 36
0 26 39
2 27 39
2 28 39
2 29 39
2 30 39
0 4 2
2 5 2
2 6 2
2 7 2
5 8 2
0 28 48
2 29 48
2 30 48
4 31 48
1 31 47
0 13 7
4 13 11
1 13 10
1 13 9
1 13 8
0 34 17
2 32 3
2 33 3
5 34 3
1 34 4
1 34 5
1 34 6
1 34 7
1 34 8
1 34 9
1 34 10
1 34 11
1 34 12
1 34 13
1 34 14
1 34 15
1 34 16
0 34 31
2 35 31
2 36 31
2 37 31
5 38 31
1 38 32
1 38 33
1 38 34
0 33 35
2 34 35
2 35 35
2 36 35
2 37 35
0 16 5
2 14 7
2 15 7
4 16 7
1 16 6
0 39 14
2 35 17
2 36 17
2 37 17
2 38 17
4 39 17
1 39 16
1 39 15
0 5 11
2 6 11
2 7 11
4 8 11
1 8 10
1 8 9
0 35 44
4 36 44
1 36 43
1 36 42
1 36 41
0 17 9
5 17 5
1 17 6
1 17 7
1 17 8
0 42 11
2 40 14
2 41 14
4 42 14
1 42 13
1 42 12
0 1 5
2 2 5
2 3 5
4 4 5
1 4 4
1 4 3
0 25 30
5 26 30
1 26 31
1 26 32
1 26 33
1 26 34
1 26 35
1 26 36
1 26 37
1 26 38
0 1 14
2 2 14
2 3 14
2 4 14
4 5 14
1 5 13
1 5 12
0 21 32
2 22 32
2 23 32
2 24 32
4 25 32
1 25 31
0 16 36
2 17 36
2 18 36
2 19 36
2 20 36
4 21 36
1 21 35
1 21 34
1 21 33
0 16 41
1 16 40
1 16 39
1 16 38
1 16 37
0 33 27
5 34 27
1 34 28
1 34 29
1 34 30
0 41 3
5 42 3
1 42 4
1 42 5
1 42 6
1 42 7
1 42 8
1 42 9
1 42 10
0 17 46
5 17 41
1 17 42
1 17 43
1 17 44
1 17 45
0 47 12
2 43 11
2 44 11
2 45 11
2 46 11
5 47 11
0 29 0
2 30 0
5 31 0
1 31 1
1 31 2
0 11 41
2 12 41
2 13 41
2 14 41
2 15 41
0 40 38
2 39 35
5 40 35
1 40 36
1 40 37
0 42 41
2 41 38
5 42 38
1 42 39
1 42 40
0 23 42
2 24 42
2 25 42
4 26 42
1 26 41
1 26 40
0 21 8
2 18 9
2 19 9
2 20 9
4 21 9
0 26 10
2 22 8
2 23 8
2 24 8
2 25 8
5 26 8
1 26 9
0 29 8
2 27 10
2 28 10
4 29 10
1 29 9
0 12 46
2 13 46
2 14 46
2 15 46
2 16 46
0 26 18
1 26 17
1 26 16
1 26 15
1 26 14
1 26 13
1 26 12
1 26 11
0 30 19
2 27 18
2 28 18
2 29 18
5 30 18
0 20 18
2 21 18
2 22 18
2 23 18
2 24 18
2 25 18
0 8 37
2 9 37
2 10 37
5 11 37
1 11 38
1 11 39
1 11 40
0 48 7
4 48 12
1 48 11
1 48 10
1 48 9
1 48 8
0 48 2
1 48 3
1 48 4
1 48 5
1 48 6
0 45 15
2 46 15
4 47 15
1 47 14
1 47 13
0 8 32
1 8 33
1 8 34
1 8 35
1 8 36
0 4 31
2 5 31
2 6 31
2 7 31
5 8 31
0 9 27
4 9 32
1 9 31
1 9 30
1 9 29
1 9 28
0 30 12
5 30 8
1 30 9
1 30 10
1 30 11
0 37 11
2 38 11
5 39 11
1 39 12
1 39 13
0 35 8
2 36 8
5 37 8
1 37 9
1 37 10
0 10 14
2 11 14
4 12 14
1 12 13
1 12 12
0 23 48
2 24 48
2 25 48
2 26 48
2 27 48
-1
-1
-1
-1
-1
-1
-1
-1
-1
-1
-1
-1
-1
-1
-1
-1
-1
-1
-1
-1
-1
-1
-1
-1
-1
-1
-1
-1
-1
-1
-1
-1
-1
-1
-1
-1
-1
-1
-1
-1
-1
-1
-1
-1
-1
-1
-1
-1
-1
-1
-1
-1
-1
-1
-1
-1
-1
-1
-1
-1
-1
-1
-1
-1
-1
-1
-1
-1
-1
-1
-1
-1
-1
-1
-1
-1
-1
-1
-1
-1
-1
-1
-1
-1
-1
-1
-1
-1
-1
-1
-1
-1
-1
-1
-1
-1
-1
-1
-1
-1
-1
-1
-1
-1
-1
-1
-1
-1
-1
-1
-1
-1
-1
-1
-1
-1
-1
-1
-1
-1
-1
-1
-1
-1
-1
-1
-1
-1
-1
-1
-1
-1
-1
-1
-1
-1
-1
-1
-1
-1
-1
-1
-1
-1
-1
-1
-1
-1
-1
-1
-1
-1
-1
-1
-1
-1
-1
-1
-1
-1
-1
-1
-1
-1
-1
-1
-1
-1
-1
-1
-1
-1
-1
-1
-1
-1
-1
-1
-1
-1
-1
-1
-1
-1
-1
-1
-1
-1
-1
-1
-1
-1
-1
-1
-1
-1
-1
-1
-1
-1
-1
-1
-1
-1
-1
-1
-1
-1
-1
-1
-1
-1
-1
-1
-1
-1
-1
-1
-1
-1
-1
-1
-1
-1
-1
-1
-1
-1
-1
-1
-1
-1
-1
-1
-1
-1
-1
-1
-1
-1
-1
-1
-1
-1
-1
-1
-1
-1
-1
-1
-1
-1
-1
-1
-1
-1
-1
-1
-1
-1
-1
-1
-1
-1
-1
-1
-1
-1
-1
-1
-1
-1
-1
-1
-1
-1
-1
-1
-1
-1
-1
-1
-1
-1
-1
-1
-1
-1
-1
-1
-1
-1
-1
-1
-1
-1
-1
-1
-1
-1
-1
-1
-1
-1
-1
-1
-1
-1
-1
-1
-1
-1
-1
-1
-1
-1
-1
-1
-1
-1
-1
-1
-1
-1
-1
-1
-1
-1
-1
-1
-1
-1
-1
-1
-1
-1
-1
-1
-1
-1
-1
-1
-1
-1
-1
-1
-1
-1
-1
-1
-1
-1
-1
-1
-1
-1
-1
-1
-1
-1
-1
-1
-1
-1
-1
-1
-1
-1
-1
-1
-1
-1
-1
-1
-1
-1
