0 7 35
0 30 47
2 8 35
2 9 35
2 10 35
2 11 35
2 12 35
2 13 35
2 14 35
2 15 35
2 16 35
2 17 35
2 18 35
2 19 35
2 20 35
2 21 35
2 22 35
2 23 35
2 24 35
2 25 35
2 26 35
2 27 35
2 28 35
2 29 35
5 30 35
1 30 36
1 30 37
1 30 38
1 30 39
1 30 40
1 30 41
1 30 42
1 30 43
1 30 44
1 30 45
1 30 46
-1
-1
-1
-1
-1
-1
-1
-1
-1
-1
-1
-1
-1
-1
-1
-1
-1
-1
-1
-1
-1
-1
-1
-1
-1
-1
-1
-1
-1
-1
-1
-1
0 1 24
2 2 24
2 3 24
2 4 24
2 5 24
2 6 24
5 7 24
1 7 25
1 7 26
1 7 27
1 7 28
1 7 29
1 7 30
1 7 31
1 7 32
1 7 33
1 7 34
-1
-1
-1
-1
-1
-1
-1
-1
-1
-1
-1
-1
-1
-1
-1
-1
-1
-1
-1
-1
-1
-1
-1
-1
-1
-1
-1
-1
-1
-1
-1
-1
-1
-1
-1
-1
-1
-1
-1
-1
-1
-1
-1
0 33 34
2 31 47
2 32 47
4 33 47
1 33 46
1 33 45
1 33 44
1 33 43
1 33 42
1 33 41
1 33 40
1 33 39
1 33 38
1 33 37
1 33 36
1 33 35
-1
-1
-1
-1
-1
-1
-1
-1
-1
-1
-1
-1
-1
-1
-1
-1
-1
-1
-1
-1
-1
-1
-1
-1
-1
-1
-1
-1
-1
0 45 26
2 34 34
2 35 34
2 36 34
2 37 34
2 38 34
2 39 34
2 40 34
2 41 34
2 42 34
2 43 34
2 44 34
4 45 34
1 45 33
1 45 32
1 45 31
1 45 30
1 45 29
1 45 28
1 45 27
-1
-1
-1
-1
-1
-1
-1
-1
-1
-1
0 0 20
5 1 20
1 1 21
1 1 22
1 1 23
-1
-1
-1
-1
-1
-1
-1
-1
-1
-1
-1
-1
-1
-1
-1
-1
-1
-1
0 27 49
2 28 49
2 29 49
4 30 49
1 30 48
-1
-1
-1
-1
-1
-1
-1
-1
-1
-1
-1
-1
-1
-1
-1
-1
-1
0 25 44
2 26 44
5 27 44
1 27 45
1 27 46
1 27 47
1 27 48
-1
-1
-1
-1
-1
-1
-1
-1
-1
-1
-1
-1
-1
-1
-1
-1
-1
0 20 29
2 21 29
2 22 29
2 23 29
2 24 29
2 25 29
2 26 29
2 27 29
2 28 29
2 29 29
2 30 29
2 31 29
2 32 29
5 33 29
1 33 30
1 33 31
1 33 32
1 33 33
-1
0 13 29
2 14 29
2 15 29
2 16 29
2 17 29
2 18 29
2 19 29
-1
-1
-1
-1
-1
-1
-1
-1
-1
0 8 29
2 9 29
2 10 29
2 11 29
2 12 29
-1
-1
-1
-1
-1
-1
-1
-1
0 19 25
5 20 25
1 20 26
1 20 27
1 20 28
-1
-1
-1
-1
-1
-1
-1
-1
-1
0 19 10
1 19 11
1 19 12
1 19 13
1 19 14
1 19 15
1 19 16
1 19 17
1 19 18
1 19 19
1 19 20
1 19 21
1 19 22
1 19 23
1 19 24
0 24 13
2 20 10
2 21 10
2 22 10
2 23 10
5 24 10
1 24 11
1 24 12
-1
-1
-1
0 3 43
2 4 43
2 5 43
2 6 43
4 7 43
1 7 42
1 7 41
1 7 40
1 7 39
1 7 38
1 7 37
1 7 36
0 23 47
2 24 47
4 25 47
1 25 46
1 25 45
-1
-1
-1
0 18 47
2 19 47
2 20 47
2 21 47
2 22 47
-1
-1
-1
-1
-1
0 37 21
2 38 21
2 39 21
2 40 21
2 41 21
2 42 21
2 43 21
2 44 21
5 45 21
1 45 22
1 45 23
1 45 24
1 45 25
0 25 3
4 25 13
1 25 12
1 25 11
1 25 10
1 25 9
1 25 8
1 25 7
1 25 6
1 25 5
1 25 4
0 0 15
1 0 16
1 0 17
1 0 18
1 0 19
-1
-1
-1
-1
-1
-1
-1
-1
-1
-1
-1
-1
-1
-1
-1
-1
-1
-1
-1
-1
-1
-1
-1
-1
-1
-1
-1
-1
-1
-1
-1
-1
-1
-1
-1
-1
-1
-1
-1
-1
-1
-1
-1
-1
-1
-1
-1
-1
-1
-1
-1
-1
-1
-1
-1
-1
-1
-1
-1
-1
-1
-1
-1
-1
-1
-1
-1
-1
-1
-1
-1
-1
-1
-1
-1
-1
-1
-1
-1
-1
-1
-1
-1
-1
-1
-1
-1
-1
-1
-1
-1
-1
-1
-1
-1
-1
-1
-1
-1
-1
-1
-1
-1
-1
-1
-1
-1
-1
-1
-1
-1
-1
-1
-1
-1
-1
-1
-1
-1
-1
-1
-1
-1
-1
-1
-1
-1
-1
-1
-1
-1
-1
-1
-1
-1
-1
-1
-1
-1
-1
-1
-1
-1
-1
-1
-1
-1
-1
-1
-1
-1
-1
-1
-1
-1
-1
-1
-1
-1
-1
-1
-1
-1
-1
-1
-1
-1
-1
-1
-1
-1
-1
-1
-1
-1
-1
-1
-1
-1
-1
-1
-1
-1
-1
-1
-1
-1
-1
-1
-1
-1
-1
-1
-1
-1
-1
-1
-1
-1
-1
-1
-1
-1
-1
-1
-1
-1
-1
-1
-1
-1
-1
-1
-1
-1
-1
-1
-1
-1
-1
-1
-1
-1
-1
-1
-1
-1
-1
-1
-1
-1
-1
-1
-1
-1
-1
-1
-1
-1
-1
-1
-1
-1
-1
-1
-1
-1
-1
-1
-1
-1
-1
-1
-1
-1
-1
-1
-1
-1
-1
-1
-1
-1
-1
-1
-1
-1
-1
-1
-1
-1
-1
-1
-1
-1
-1
-1
-1
-1
-1
-1
-1
-1
-1
-1
-1
-1
-1
-1
-1
-1
-1
-1
-1
-1
-1
-1
-1
-1
-1
-1
-1
-1
-1
-1
-1
-1
-1
-1
-1
-1
-1
-1
-1
-1
-1
-1
-1
-1
-1
-1
-1
-1
-1
-1
-1
-1
-1
-1
-1
-1
-1
-1
-1
-1
-1
-1
-1
-1
-1
-1
-1
-1
-1
-1
-1
-1
-1
-1
-1
-1
-1
-1
-1
-1
-1
-1
-1
-1
-1
-1
-1
-1
-1
-1
-1
-1
-1
-1
-1
-1
-1
-1
-1
-1
-1
-1
-1
-1
-1
-1
