0 17 15
0 33 36
2 18 15
2 19 15
2 20 15
2 21 15
2 22 15
2 23 15
2 24 15
2 25 15
2 26 15
2 27 15
2 28 15
2 29 15
2 30 15
2 31 15
2 32 15
5 33 15
1 33 16
1 33 17
1 33 18
1 33 19
1 33 20
1 33 21
1 33 22
1 33 23
1 33 24
1 33 25
1 33 26
1 33 27
1 33 28
1 33 29
1 33 30
1 33 31
1 33 32
1 33 33
1 33 34
1 33 35
-1
-1
-1
-1
-1
-1
-1
-1
-1
-1
-1
-1
-1
-1
-1
-1
-1
-1
-1
-1
-1
-1
-1
-1
-1
-1
-1
-1
-1
0 28 47
2 29 47
2 30 47
2 31 47
2 32 47
4 33 47
1 33 46
1 33 45
1 33 44
1 33 43
1 33 42
1 33 41
1 33 40
1 33 39
1 33 38
1 33 37
-1
-1
-1
-1
-1
-1
-1
-1
-1
-1
-1
-1
-1
-1
-1
-1
-1
-1
-1
-1
-1
-1
-1
-1
-1
-1
-1
-1
-1
-1
-1
-1
-1
0 8 15
2 9 15
2 10 15
2 11 15
2 12 15
2 13 15
2 14 15
2 15 15
2 16 15
-1
-1
-1
-1
-1
-1
-1
-1
-1
-1
-1
-1
-1
-1
-1
-1
-1
-1
-1
-1
-1
-1
-1
-1
0 36 31
2 34 36
2 35 36
4 36 36
1 36 35
1 36 34
1 36 33
1 36 32
-1
-1
-1
-1
-1
-1
-1
-1
-1
-1
-1
-1
-1
-1
-1
-1
-1
-1
0 17 23
1 17 22
1 17 21
1 17 20
1 17 19
1 17 18
1 17 17
1 17 16
-1
-1
-1
-1
-1
-1
-1
-1
-1
-1
-1
-1
-1
-1
-1
-1
-1
0 23 30
2 18 23
2 19 23
2 20 23
2 21 23
2 22 23
5 23 23
1 23 24
1 23 25
1 23 26
1 23 27
1 23 28
1 23 29
-1
-1
-1
-1
-1
-1
-1
-1
0 20 47
2 21 47
2 22 47
2 23 47
2 24 47
2 25 47
2 26 47
2 27 47
-1
-1
-1
-1
-1
-1
-1
-1
-1
-1
-1
-1
0 1 6
2 2 6
2 3 6
2 4 6
2 5 6
2 6 6
2 7 6
5 8 6
1 8 7
1 8 8
1 8 9
1 8 10
1 8 11
1 8 12
1 8 13
1 8 14
-1
0 28 42
1 28 43
1 28 44
1 28 45
1 28 46
-1
-1
-1
-1
-1
-1
-1
-1
0 16 11
5 17 11
1 17 12
1 17 13
1 17 14
-1
-1
-1
-1
-1
-1
0 38 34
2 37 31
5 38 31
1 38 32
1 38 33
-1
-1
-1
-1
-1
-1
-1
0 40 42
2 39 34
5 40 34
1 40 35
1 40 36
1 40 37
1 40 38
1 40 39
1 40 40
1 40 41
-1
0 47 48
2 41 42
2 42 42
2 43 42
2 44 42
2 45 42
2 46 42
5 47 42
1 47 43
1 47 44
1 47 45
1 47 46
1 47 47
0 2 18
2 3 18
2 4 18
2 5 18
2 6 18
2 7 18
4 8 18
1 8 17
1 8 16
0 22 34
4 23 34
1 23 33
1 23 32
1 23 31
0 12 9
2 13 9
2 14 9
2 15 9
5 16 9
1 16 10
-1
0 16 35
2 17 35
2 18 35
2 19 35
2 20 35
2 21 35
4 22 35
0 11 35
2 12 35
2 13 35
2 14 35
2 15 35
-1
-1
0 36 23
1 36 24
1 36 25
1 36 26
1 36 27
1 36 28
1 36 29
1 36 30
0 36 16
1 36 17
1 36 18
1 36 19
1 36 20
1 36 21
1 36 22
0 28 37
1 28 38
1 28 39
1 28 40
1 28 41
0 32 10
2 33 10
2 34 10
2 35 10
5 36 10
1 36 11
1 36 12
1 36 13
1 36 14
1 36 15
0 26 11
2 27 11
2 28 11
2 29 11
2 30 11
2 31 11
4 32 11
0 22 8
2 23 8
2 24 8
2 25 8
5 26 8
1 26 9
1 26 10
0 21 12
4 22 12
1 22 11
1 22 10
1 22 9
0 48 44
4 48 48
1 48 47
1 48 46
1 48 45
0 36 46
2 37 46
2 38 46
2 39 46
4 40 46
1 40 45
1 40 44
1 40 43
0 24 26
4 24 30
1 24 29
1 24 28
1 24 27
0 11 47
2 12 47
2 13 47
2 14 47
2 15 47
2 16 47
2 17 47
2 18 47
2 19 47
0 24 19
1 24 20
1 24 21
1 24 22
1 24 23
1 24 24
1 24 25
0 31 40
2 29 42
2 30 42
4 31 42
1 31 41
0 6 34
2 7 34
2 8 34
2 9 34
2 10 34
5 11 34
0 29 19
2 25 19
2 26 19
2 27 19
2 28 19
0 30 23
5 30 19
1 30 20
1 30 21
1 30 22
-1
-1
-1
-1
-1
-1
-1
-1
-1
-1
-1
-1
-1
-1
-1
-1
-1
-1
-1
-1
-1
-1
-1
-1
-1
-1
-1
-1
-1
-1
-1
-1
-1
-1
-1
-1
-1
-1
-1
-1
-1
-1
-1
-1
-1
-1
-1
-1
-1
-1
-1
-1
-1
-1
-1
-1
-1
-1
-1
-1
-1
-1
-1
-1
-1
-1
-1
-1
-1
-1
-1
-1
-1
-1
-1
-1
-1
-1
-1
-1
-1
-1
-1
-1
-1
-1
-1
-1
-1
-1
-1
-1
-1
-1
-1
-1
-1
-1
-1
-1
-1
-1
-1
-1
-1
-1
-1
-1
-1
-1
-1
-1
-1
-1
-1
-1
-1
-1
-1
-1
-1
-1
-1
-1
-1
-1
-1
-1
-1
-1
-1
-1
-1
-1
-1
-1
-1
-1
-1
-1
-1
-1
-1
-1
-1
-1
-1
-1
-1
-1
-1
-1
-1
-1
-1
-1
-1
-1
-1
-1
-1
-1
-1
-1
-1
-1
-1
-1
-1
-1
-1
-1
-1
-1
-1
-1
-1
-1
-1
-1
-1
-1
-1
-1
-1
-1
-1
-1
-1
-1
-1
-1
-1
-1
-1
-1
-1
-1
-1
-1
-1
-1
-1
-1
-1
-1
-1
-1
-1
-1
-1
-1
-1
-1
-1
-1
-1
-1
-1
-1
-1
-1
-1
-1
-1
-1
-1
-1
-1
-1
-1
-1
-1
-1
-1
-1
-1
-1
-1
-1
-1
-1
-1
-1
-1
-1
-1
-1
-1
-1
-1
-1
-1
-1
-1
-1
-1
-1
-1
-1
-1
-1
-1
-1
-1
-1
-1
-1
-1
-1
-1
-1
-1
-1
-1
-1
-1
-1
-1
-1
-1
-1
-1
-1
-1
-1
-1
-1
-1
-1
-1
-1
-1
-1
-1
-1
-1
-1
-1
-1
-1
-1
-1
-1
-1
-1
-1
-1
-1
-1
-1
-1
-1
-1
-1
-1
-1
-1
-1
-1
-1
-1
-1
-1
-1
-1
-1
-1
-1
-1
-1
-1
-1
-1
-1
-1
-1
-1
-1
-1
-1
-1
-1
