0 3 35
0 45 24
2 4 35
2 5 35
2 6 35
2 7 35
2 8 35
2 9 35
2 10 35
2 11 35
2 12 35
2 13 35
2 14 35
2 15 35
2 16 35
2 17 35
2 18 35
2 19 35
2 20 35
2 21 35
2 22 35
2 23 35
2 24 35
2 25 35
2 26 35
2 27 35
2 28 35
2 29 35
2 30 35
2 31 35
2 32 35
2 33 35
2 34 35
2 35 35
2 36 35
2 37 35
2 38 35
2 39 35
2 40 35
2 41 35
2 42 35
2 43 35
2 44 35
4 45 35
1 45 34
1 45 33
1 45 32
1 45 31
1 45 30
1 45 29
1 45 28
1 45 27
1 45 26
1 45 25
-1
-1
-1
-1
-1
-1
-1
-1
-1
-1
-1
-1
-1
-1
-1
-1
-1
-1
-1
-1
-1
-1
-1
-1
-1
-1
-1
-1
0 43 21
2 44 21
5 45 21
1 45 22
1 45 23
-1
-1
-1
-1
-1
-1
-1
-1
-1
-1
-1
-1
-1
-1
-1
-1
-1
-1
-1
-1
-1
-1
-1
-1
-1
-1
-1
-1
-1
-1
0 37 21
2 38 21
2 39 21
2 40 21
2 41 21
2 42 21
-1
-1
-1
-1
-1
-1
-1
-1
-1
-1
-1
-1
-1
-1
-1
-1
-1
-1
-1
-1
-1
-1
-1
-1
0 34 31
2 35 31
2 36 31
4 37 31
1 37 30
1 37 29
1 37 28
1 37 27
1 37 26
1 37 25
1 37 24
1 37 23
1 37 22
-1
-1
-1
-1
-1
-1
-1
-1
-1
-1
-1
-1
-1
-1
-1
-1
-1
0 3 16
1 3 17
1 3 18
1 3 19
1 3 20
1 3 21
1 3 22
1 3 23
1 3 24
1 3 25
1 3 26
1 3 27
1 3 28
1 3 29
1 3 30
1 3 31
1 3 32
1 3 33
1 3 34
-1
-1
-1
-1
0 3 10
1 3 11
1 3 12
1 3 13
1 3 14
1 3 15
-1
-1
-1
-1
-1
-1
-1
-1
-1
-1
-1
-1
0 29 32
2 30 32
2 31 32
2 32 32
2 33 32
4 34 32
-1
-1
-1
-1
-1
-1
-1
-1
-1
-1
0 6 18
2 4 16
2 5 16
5 6 16
1 6 17
-1
-1
-1
-1
-1
-1
-1
-1
-1
-1
-1
0 6 27
1 6 26
1 6 25
1 6 24
1 6 23
1 6 22
1 6 21
1 6 20
1 6 19
-1
-1
-1
-1
0 10 19
2 7 18
2 8 18
2 9 18
5 10 18
-1
-1
-1
-1
-1
-1
-1
-1
0 46 39
5 46 24
1 46 25
1 46 26
1 46 27
1 46 28
1 46 29
1 46 30
1 46 31
1 46 32
1 46 33
1 46 34
1 46 35
1 46 36
1 46 37
1 46 38
0 37 39
2 38 39
2 39 39
2 40 39
2 41 39
2 42 39
2 43 39
2 44 39
2 45 39
0 14 12
2 11 19
2 12 19
2 13 19
4 14 19
1 14 18
1 14 17
1 14 16
1 14 15
1 14 14
1 14 13
0 36 43
4 37 43
1 37 42
1 37 41
1 37 40
0 4 6
4 4 10
1 4 9
1 4 8
1 4 7
-1
0 30 43
2 31 43
2 32 43
2 33 43
2 34 43
2 35 43
-1
0 17 10
2 15 12
2 16 12
4 17 12
1 17 11
-1
-1
0 18 34
2 19 34
2 20 34
2 21 34
2 22 34
2 23 34
2 24 34
2 25 34
2 26 34
2 27 34
2 28 34
4 29 34
1 29 33
0 18 17
5 18 10
1 18 11
1 18 12
1 18 13
1 18 14
1 18 15
1 18 16
0 2 40
4 3 40
1 3 39
1 3 38
1 3 37
1 3 36
0 0 8
2 1 8
2 2 8
5 3 8
1 3 9
0 22 45
2 23 45
2 24 45
2 25 45
2 26 45
2 27 45
2 28 45
2 29 45
4 30 45
1 30 44
0 27 29
2 28 29
5 29 29
1 29 30
1 29 31
0 33 41
2 34 41
2 35 41
5 36 41
1 36 42
0 7 23
4 7 27
1 7 26
1 7 25
1 7 24
-1
-1
-1
-1
-1
-1
-1
-1
-1
-1
-1
-1
-1
-1
-1
-1
-1
-1
-1
-1
-1
-1
-1
-1
-1
-1
-1
-1
-1
-1
-1
-1
-1
-1
-1
-1
-1
-1
-1
-1
-1
-1
-1
-1
-1
-1
-1
-1
-1
-1
-1
-1
-1
-1
-1
-1
-1
-1
-1
-1
-1
-1
-1
-1
-1
-1
-1
-1
-1
-1
-1
-1
-1
-1
-1
-1
-1
-1
-1
-1
-1
-1
-1
-1
-1
-1
-1
-1
-1
-1
-1
-1
-1
-1
-1
-1
-1
-1
-1
-1
-1
-1
-1
-1
-1
-1
-1
-1
-1
-1
-1
-1
-1
-1
-1
-1
-1
-1
-1
-1
-1
-1
-1
-1
-1
-1
-1
-1
-1
-1
-1
-1
-1
-1
-1
-1
-1
-1
-1
-1
-1
-1
-1
-1
-1
-1
-1
-1
-1
-1
-1
-1
-1
-1
-1
-1
-1
-1
-1
-1
-1
-1
-1
-1
-1
-1
-1
-1
-1
-1
-1
-1
-1
-1
-1
-1
-1
-1
-1
-1
-1
-1
-1
-1
-1
-1
-1
-1
-1
-1
-1
-1
-1
-1
-1
-1
-1
-1
-1
-1
-1
-1
-1
-1
-1
-1
-1
-1
-1
-1
-1
-1
-1
-1
-1
-1
-1
-1
-1
-1
-1
-1
-1
-1
-1
-1
-1
-1
-1
-1
-1
-1
-1
-1
-1
-1
-1
-1
-1
-1
-1
-1
-1
-1
-1
-1
-1
-1
-1
-1
-1
-1
-1
-1
-1
-1
-1
-1
-1
-1
-1
-1
-1
-1
-1
-1
-1
-1
-1
-1
-1
-1
-1
-1
-1
-1
-1
-1
-1
-1
-1
-1
-1
-1
-1
-1
-1
-1
-1
-1
-1
-1
-1
-1
-1
-1
-1
-1
-1
-1
-1
-1
-1
-1
-1
-1
-1
-1
-1
-1
-1
-1
-1
-1
-1
-1
-1
-1
-1
-1
-1
-1
-1
-1
-1
-1
-1
-1
-1
-1
-1
-1
-1
-1
-1
-1
-1
-1
-1
-1
-1
-1
-1
-1
-1
-1
-1
-1
-1
-1
-1
-1
-1
-1
-1
-1
-1
-1
-1
-1
-1
-1
-1
-1
-1
-1
-1
-1
-1
-1
-1
-1
-1
-1
-1
-1
-1
-1
-1
-1
-1
-1
-1
-1
-1
-1
-1
-1
-1
-1
-1
-1
-1
-1
-1
-1
-1
-1
-1
-1
-1
-1
-1
-1
-1
-1
