87 59 7992
42283 43267
53687 52891
86761 90823
44215 45166
84383 49721
85303 75967
96445 85850
69568 84475
67529 79282
90029 67464
86093 81240
68083 89578
45082 41372
67099 80946
91309 71001
68643 50277
81389 72660
70453 89372
41862 38546
47673 82686
63255 58069
90528 65212
81708 43478
47885 93877
56851 75181
72750 92803
54581 67742
86216 67748
55988 56342
97876 77972
96622 55790
63651 89623
100678 38154
80732 81385
58584 26479
45869 81405
48026 61869
49210 70331
92248 52827
76504 41598
63393 100203
95113 44963
88143 41447
71747 54852
80883 33615
54547 43010
49173 83819
54432 100245
67504 48323
109554 55275
52766 58208
40513 76675
72379 63874
45640 36676
103909 69811
56451 85745
43371 73699
60703 78598
101913 79285
88059 41235
88813 49706
80749 67063
100828 62726
93573 74971
86141 76398
69615 85812
91010 93532
51126 98023
83733 84908
84562 73382
89913 96532
85923 75912
60487 44818
37855 57193
59508 83624
107472 77458
59041 82812
46434 45889
97653 36078
69138 67857
46211 72347
51238 90332
68379 64065
92216 85465
97723 53912
104405 85715
98220 75546