7106521602475165645
16422101724900707500
746805015404516437
17809683713383489082
8963783824838420066
16938433693753131896
15308084094301570617
17852758786694309641
6604845167042249220
16448235973081859711
4029557120079369747
2569146471088859254
2577854692418029171
1749318759610081913
14746374668458749500
18211717704797204215
9824065007139496298
13008131998661202997
11103133428834002334
2710959347947821323
1821862095355237593
1360307757430227195
15688473010146788380
6091063652223914538
10326739782786242647
6526298081964035572
5832799601125876386
11813726597345908409
3771948619523626940
10192262804094026689
8166251064029171718
9617277140693480350
1148855520316071875
16942686825491090874
16897115791155498662
1720562232390597800
15496947691660677356
13101863116153113777
14481575087845214796
11534118754833929857
11287508979737617733
15275071368100257407
6145258598325499690
13471262068521890154
12979913897493436362
1161854816982873064
16916014221247497676
4089715063379223119
14819100536302071543
2628557591746230226
10016396730278161277
1682637359498011204
18321703892302698705
16142511163210406178
18409327205571651030
9025748028497998475
5560711798030284561
5369675056217577911
2302351276851148157
6138163551495591530
17012504804578092654
3748412557917947585
14746827282186116978
10094613675926773650
5306339935323558519
1690313780303154437
14719303042820620653
5848482102764954021
4466088725509430642
3391779328945752268
15153395467284116262
608233735750255029
18101785188028560358
4797190344571278455
1274398012306485116
12520247181996636832
2402217040593179832
2758716699815708139
712811081560666824
1480320165050284328
12900228705991699574
15299007531923218811
12608319787599446457
15455885517977811522
9676681236404073457
9625328367889806653
4344240190802814501
3969763113413634451
12534089538632500742
15223420804776408528
7736993128051362420
5076743434755564658
9087887763589044865
11827993701526132560
12916880968929427697
18123195244823226576
6592267764698143322
5982737388954609008
2127827264650304134
10829616741664398196
6184648687270057479
3511869889689616642
299003795851416877
4999767992146518194
13011099469452444498
6863299156600953364
3144833606538086968
7860731987896637149
1147248324464586307
14445986723726977549
15777917500445409274
4035659881156086534
15073209045723936177
11699043402651329129
17275739583873994546
11108084880695702189
1365001903070189292
2295581482054687208
3477591613064043184
15312386478243905152
2207991793984841503
1688464693572029653
15381714765579648446
2140673500527141793
11169580477999807763
3589569443720198263
17906105401481766209
13246852848846262826
8840300575657007098
13413646383477970842
1126817341066033819
12531743928323225080
10039371417525752883
11448048936325307157
15419682365516802845
1291351432704433186
1327643313482253433
5553605192833625240
8044046762738769304
1126034318618611813
8617050225941303918
11003204757909453066
12900234578082789744
7217771881808329345
4798611538695486254
16683210123892115390
8673957083303511755
16644575147073507778
10510374517352801270
12870239338530564402
3752338596681624594
14155078507904876472
14547993154601905451
2918434115942059872
2987525348594138897
9767075500263590769
2162195337994636207
16997169283610399237
12278260277853257221
243566341976553561
12567410253873574261
16603878397368569695
16137298289458503517
16925092954546347555
11970709935651220672
7169183996409957095
12130877759529481832
2829966055629987715
12743430658429517559
8447763997665461962
1458653927214403995
13632441265139130510
10040922472048673776
2487314810424259987
14059493217338470305
8888140957208299735
11255016303815783515
12422101278848605677
10888701339193613316
16453454274008476586
15749357503323655325
2441321072264406116
5723980043180495983
13807127459421034743
15290557306137693212
1489078616156076933
10968008406994248751
12886576097142715063
2952950700752722293
4115428343976451409
8266637739054373743
13103644191759471729
12428958621861920592
16132372185304162058
581911411179293101
16079809000433711497
10468017024963124012
14244312232150230330
13078852941665119073
3056163793046978799
