3 62
64 54
49 96
23 90
51 70
6 43
20 56
54 3
11 55
5 59
98 30
61 68
75 72
97 3
67 91
11 2
54 7
58 79
66 96
19 21
47 61
15 66
89 90
1 69
40 55
34 24
80 64
33 99
46 47
23 81
65 60
74 27
56 13
94 52
84 25
84 98
11 9
67 81
35 61
12 4
60 1
51 58
97 85
80 71
94 7
0 73
12 14
41 93
89 58
17 17
41 33
78 39
66 25
8 32
8 76
80 7
20 77
8 32
38 67
82 14
1 26
47 99
4 16
17 3
49 88
45 29
90 22
69 86
59 88
70 94
31 91
88 10
86 23
62 1
42 15
27 22
78 24
70 39
68 65
92 0
95 63
95 89
39 55
57 51
44 82
36 62
18 52
92 39
33 58
59 36
35 93
97 83
53 32
40 25
53 65
43 36
15 57
34 91
18 0
37 94
