0 1 15
0 36 21
2 35 21
2 34 21
2 33 21
2 32 21
2 31 21
2 30 21
2 29 21
2 28 21
2 27 21
2 26 21
2 25 21
2 24 21
2 23 21
2 22 21
2 21 21
2 20 21
2 19 21
2 18 21
2 17 21
2 16 21
2 15 21
2 14 21
2 13 21
2 12 21
2 11 21
2 10 21
2 9 21
2 8 21
2 7 21
2 6 21
2 5 21
2 4 21
2 3 21
2 2 21
3 1 21
1 1 20
1 1 19
1 1 18
1 1 17
1 1 16
-1
-1
-1
-1
-1
-1
-1
-1
-1
-1
-1
-1
-1
-1
0 46 36
2 45 36
2 44 36
2 43 36
2 42 36
2 41 36
2 40 36
2 39 36
2 38 36
2 37 36
3 36 36
1 36 35
1 36 34
1 36 33
1 36 32
1 36 31
1 36 30
1 36 29
1 36 28
1 36 27
1 36 26
1 36 25
1 36 24
1 36 23
1 36 22
-1
-1
-1
0 3 20
3 2 20
1 2 19
1 2 18
1 2 17
1 2 16
5 2 15
-1
-1
-1
-1
0 6 36
2 5 36
2 4 36
2 3 36
2 2 36
2 1 36
3 0 36
1 0 35
1 0 34
1 0 33
1 0 32
1 0 31
1 0 30
1 0 29
1 0 28
1 0 27
1 0 26
1 0 25
1 0 24
1 0 23
1 0 22
1 0 21
1 0 20
1 0 19
1 0 18
1 0 17
1 0 16
6 0 15
0 40 19
2 39 19
2 38 19
2 37 19
6 36 19
1 36 20
0 5 14
2 4 14
2 3 14
2 2 14
6 1 14
0 46 30
1 46 31
1 46 32
1 46 33
1 46 34
1 46 35
0 42 41
2 43 41
2 44 41
2 45 41
4 46 41
1 46 40
1 46 39
1 46 38
1 46 37
0 5 31
1 5 32
1 5 33
1 5 34
3 5 35
5 6 35
0 36 16
1 36 17
3 36 18
2 37 18
2 38 18
2 39 18
5 40 18
0 33 19
2 34 19
4 35 19
1 35 18
1 35 17
6 35 16
0 3 34
4 4 34
1 4 33
1 4 32
6 4 31
0 29 20
2 30 20
2 31 20
2 32 20
4 33 20
0 28 11
1 28 12
1 28 13
1 28 14
1 28 15
1 28 16
1 28 17
1 28 18
1 28 19
3 28 20
0 39 30
2 40 30
2 41 30
2 42 30
2 43 30
2 44 30
2 45 30
0 0 11
1 0 12
3 0 13
2 1 13
2 2 13
2 3 13
2 4 13
5 5 13
0 33 28
1 33 29
1 33 30
1 33 31
1 33 32
1 33 33
1 33 34
1 33 35
1 33 36
1 33 37
1 33 38
1 33 39
1 33 40
3 33 41
2 34 41
2 35 41
2 36 41
2 37 41
2 38 41
2 39 41
2 40 41
2 41 41
0 38 35
4 39 35
1 39 34
1 39 33
1 39 32
1 39 31
0 26 5
1 26 6
1 26 7
1 26 8
1 26 9
1 26 10
3 26 11
2 27 11
0 2 38
2 3 38
2 4 38
2 5 38
4 6 38
1 6 37
0 32 23
1 32 24
1 32 25
1 32 26
1 32 27
3 32 28
0 7 18
2 6 18
2 5 18
2 4 18
6 3 18
1 3 19
0 39 23
2 38 23
3 37 23
1 37 22
5 37 21
0 26 14
3 25 14
1 25 13
1 25 12
1 25 11
1 25 10
1 25 9
1 25 8
1 25 7
1 25 6
6 25 5
0 7 10
6 6 10
1 6 11
1 6 12
1 6 13
4 6 14
0 1 23
1 1 24
1 1 25
1 1 26
1 1 27
1 1 28
1 1 29
3 1 30
2 2 30
2 3 30
2 4 30
5 5 30
0 48 39
3 47 39
1 47 38
1 47 37
5 47 36
0 48 44
1 48 43
1 48 42
1 48 41
1 48 40
0 10 22
2 9 22
2 8 22
2 7 22
2 6 22
2 5 22
2 4 22
2 3 22
2 2 22
6 1 22
0 43 28
3 43 29
2 44 29
2 45 29
5 46 29
0 11 4
2 10 4
2 9 4
2 8 4
6 7 4
1 7 5
1 7 6
1 7 7
1 7 8
1 7 9
0 43 15
2 42 15
6 41 15
1 41 16
1 41 17
1 41 18
4 41 19
0 7 5
0 31 9
2 30 9
2 29 9
6 28 9
1 28 10
0 35 1
2 34 1
2 33 1
2 32 1
6 31 1
1 31 2
1 31 3
1 31 4
1 31 5
1 31 6
1 31 7
1 31 8
0 41 37
1 41 38
1 41 39
3 41 40
5 42 40
0 38 40
2 39 40
4 40 40
1 40 39
1 40 38
6 40 37
0 8 33
2 7 33
3 6 33
1 6 32
5 6 31
0 32 13
3 31 13
1 31 12
1 31 11
1 31 10
0 29 27
2 30 27
4 31 27
1 31 26
1 31 25
1 31 24
6 31 23
0 22 11
1 22 12
1 22 13
1 22 14
3 22 15
2 23 15
2 24 15
2 25 15
4 26 15
0 4 7
2 5 7
4 6 7
1 6 6
6 6 5
0 39 0
2 38 0
2 37 0
2 36 0
6 35 0
0 18 9
1 18 10
3 18 11
2 19 11
2 20 11
2 21 11
0 36 32
0 23 3
3 23 4
2 24 4
2 25 4
5 26 4
0 12 18
2 11 18
2 10 18
2 9 18
2 8 18
0 3 2
1 3 3
1 3 4
1 3 5
1 3 6
3 3 7
0 48 33
3 47 33
1 47 32
1 47 31
5 47 30
0 9 27
4 10 27
1 10 26
1 10 25
1 10 24
1 10 23
0 17 14
1 17 13
1 17 12
1 17 11
1 17 10
6 17 9
0 15 21
0 35 6
1 35 5
1 35 4
1 35 3
1 35 2
0 45 19
2 44 19
3 43 19
1 43 18
1 43 17
1 43 16
0 20 16
2 19 16
2 18 16
3 17 16
1 17 15
0 11 14
1 11 15
1 11 16
3 11 17
5 12 17
0 23 18
2 22 18
2 21 18
3 20 18
1 20 17
0 38 13
2 37 13
6 36 13
1 36 14
1 36 15
0 14 38
2 13 38
2 12 38
2 11 38
2 10 38
2 9 38
2 8 38
3 7 38
1 7 37
5 7 36
0 37 27
1 37 28
1 37 29
3 37 30
2 38 30
0 24 31
2 25 31
2 26 31
2 27 31
2 28 31
4 29 31
1 29 30
1 29 29
1 29 28
0 17 1
1 17 2
3 17 3
2 18 3
2 19 3
2 20 3
2 21 3
2 22 3
0 21 23
2 20 23
2 19 23
2 18 23
2 17 23
2 16 23
3 15 23
1 15 22
0 20 32
2 21 32
2 22 32
2 23 32
4 24 32
-1
-1
-1
-1
-1
-1
-1
-1
-1
-1
-1
-1
-1
-1
-1
-1
-1
-1
-1
-1
-1
-1
-1
-1
-1
-1
-1
-1
-1
-1
-1
-1
-1
-1
-1
-1
-1
-1
-1
-1
-1
-1
-1
-1
-1
-1
-1
-1
-1
-1
-1
-1
-1
-1
-1
-1
-1
-1
-1
-1
-1
-1
-1
-1
-1
-1
-1
-1
-1
-1
-1
-1
-1
-1
-1
-1
-1
-1
-1
-1
-1
-1
-1
-1
-1
-1
-1
-1
-1
-1
-1
-1
-1
-1
-1
-1
-1
-1
-1
-1
-1
-1
-1
-1
-1
-1
-1
-1
-1
-1
-1
-1
-1
-1
-1
-1
-1
-1
-1
-1
-1
-1
-1
-1
-1
-1
-1
-1
-1
-1
-1
-1
-1
-1
-1
-1
-1
-1
-1
-1
-1
-1
-1
-1
-1
-1
-1
-1
-1
-1
-1
-1
-1
-1
-1
-1
-1
-1
-1
-1
-1
-1
-1
-1
-1
-1
-1
-1
-1
-1
-1
-1
-1
-1
-1
-1
-1
-1
-1
-1
-1
-1
-1
-1
-1
-1
-1
-1
-1
-1
-1
-1
-1
-1
-1
-1
-1
-1
-1
-1
-1
-1
-1
-1
-1
-1
-1
-1
-1
-1
-1
-1
-1
-1
-1
-1
-1
-1
-1
-1
-1
-1
-1
-1
-1
-1
-1
-1
-1
-1
-1
-1
-1
-1
-1
-1
-1
-1
-1
-1
-1
-1
-1
-1
-1
-1
-1
-1
-1
-1
-1
-1
-1
-1
-1
-1
-1
-1
-1
-1
-1
-1
-1
-1
-1
-1
-1
-1
-1
-1
-1
-1
-1
-1
-1
-1
-1
-1
-1
-1
-1
-1
-1
-1
-1
