0 0 37
0 37 11
2 1 37
2 2 37
2 3 37
2 4 37
2 5 37
2 6 37
2 7 37
2 8 37
2 9 37
2 10 37
2 11 37
2 12 37
2 13 37
2 14 37
2 15 37
2 16 37
2 17 37
2 18 37
2 19 37
2 20 37
2 21 37
2 22 37
2 23 37
2 24 37
2 25 37
2 26 37
2 27 37
2 28 37
2 29 37
2 30 37
2 31 37
2 32 37
2 33 37
2 34 37
2 35 37
2 36 37
4 37 37
1 37 36
1 37 35
1 37 34
1 37 33
1 37 32
1 37 31
1 37 30
1 37 29
1 37 28
1 37 27
1 37 26
1 37 25
1 37 24
1 37 23
1 37 22
1 37 21
1 37 20
1 37 19
1 37 18
1 37 17
1 37 16
1 37 15
1 37 14
1 37 13
1 37 12
-1
-1
-1
-1
-1
-1
-1
-1
-1
-1
-1
-1
-1
-1
-1
-1
-1
-1
-1
-1
-1
-1
-1
-1
-1
-1
-1
-1
-1
-1
-1
-1
-1
-1
-1
-1
-1
-1
-1
-1
-1
-1
-1
-1
-1
-1
-1
-1
-1
-1
-1
-1
-1
-1
-1
-1
-1
-1
-1
-1
-1
-1
-1
-1
-1
-1
-1
-1
-1
-1
-1
-1
-1
-1
-1
-1
-1
-1
-1
-1
-1
-1
-1
-1
-1
-1
-1
-1
-1
-1
-1
-1
-1
-1
-1
-1
-1
-1
-1
-1
-1
-1
-1
-1
-1
-1
-1
-1
-1
-1
-1
-1
-1
-1
-1
-1
-1
-1
-1
-1
-1
-1
-1
-1
-1
-1
-1
-1
-1
-1
-1
-1
-1
-1
-1
0 45 45
2 38 11
2 39 11
2 40 11
2 41 11
2 42 11
2 43 11
2 44 11
5 45 11
1 45 12
1 45 13
1 45 14
1 45 15
1 45 16
1 45 17
1 45 18
1 45 19
1 45 20
1 45 21
1 45 22
1 45 23
1 45 24
1 45 25
1 45 26
1 45 27
1 45 28
1 45 29
1 45 30
1 45 31
1 45 32
1 45 33
1 45 34
1 45 35
1 45 36
1 45 37
1 45 38
1 45 39
1 45 40
1 45 41
1 45 42
1 45 43
1 45 44
-1
-1
-1
-1
-1
-1
-1
-1
-1
-1
-1
-1
-1
-1
-1
-1
-1
-1
-1
-1
-1
-1
-1
-1
-1
-1
0 40 45
2 41 45
2 42 45
2 43 45
2 44 45
-1
-1
-1
-1
-1
-1
-1
-1
-1
-1
-1
-1
-1
-1
-1
-1
-1
-1
-1
-1
-1
-1
-1
-1
-1
-1
-1
-1
-1
-1
-1
-1
-1
-1
-1
-1
-1
-1
-1
-1
-1
-1
-1
-1
-1
-1
-1
-1
-1
-1
-1
-1
-1
0 0 6
1 0 7
1 0 8
1 0 9
1 0 10
1 0 11
1 0 12
1 0 13
1 0 14
1 0 15
1 0 16
1 0 17
1 0 18
1 0 19
1 0 20
1 0 21
1 0 22
1 0 23
1 0 24
1 0 25
1 0 26
1 0 27
1 0 28
1 0 29
1 0 30
1 0 31
1 0 32
1 0 33
1 0 34
1 0 35
1 0 36
-1
-1
-1
-1
-1
0 36 42
2 37 42
2 38 42
2 39 42
5 40 42
1 40 43
1 40 44
-1
-1
-1
-1
-1
-1
-1
-1
-1
-1
-1
-1
-1
-1
-1
-1
0 7 14
2 1 6
2 2 6
2 3 6
2 4 6
2 5 6
2 6 6
5 7 6
1 7 7
1 7 8
1 7 9
1 7 10
1 7 11
1 7 12
1 7 13
-1
-1
-1
-1
-1
-1
0 23 14
2 8 14
2 9 14
2 10 14
2 11 14
2 12 14
2 13 14
2 14 14
2 15 14
2 16 14
2 17 14
2 18 14
2 19 14
2 20 14
2 21 14
2 22 14
0 21 20
2 22 20
4 23 20
1 23 19
1 23 18
1 23 17
1 23 16
1 23 15
-1
-1
-1
-1
-1
-1
-1
-1
-1
-1
-1
-1
-1
-1
-1
-1
-1
-1
-1
-1
-1
-1
-1
-1
-1
-1
-1
-1
-1
-1
-1
-1
-1
-1
-1
-1
-1
-1
-1
-1
-1
-1
-1
-1
-1
-1
-1
-1
-1
-1
-1
-1
-1
-1
-1
-1
-1
-1
-1
-1
-1
-1
-1
-1
-1
-1
-1
-1
-1
-1
-1
-1
-1
-1
-1
-1
-1
-1
-1
-1
-1
-1
-1
-1
-1
-1
-1
-1
-1
-1
-1
-1
-1
-1
-1
-1
-1
-1
-1
-1
-1
-1
-1
-1
-1
-1
-1
-1
-1
-1
-1
-1
-1
-1
-1
-1
-1
-1
-1
-1
-1
-1
-1
-1
-1
-1
-1
-1
-1
-1
-1
-1
-1
-1
-1
-1
-1
-1
-1
-1
-1
-1
-1
-1
-1
-1
-1
-1
-1
-1
-1
-1
-1
-1
-1
-1
-1
-1
-1
-1
-1
-1
-1
-1
-1
-1
-1
-1
-1
-1
-1
-1
-1
-1
-1
-1
-1
-1
-1
-1
-1
-1
-1
-1
-1
-1
-1
-1
-1
-1
-1
-1
-1
-1
-1
-1
-1
-1
-1
-1
-1
-1
-1
-1
-1
-1
-1
-1
-1
-1
-1
-1
-1
-1
-1
-1
-1
-1
-1
-1
-1
-1
-1
-1
-1
-1
-1
-1
-1
-1
-1
-1
-1
-1
-1
-1
-1
-1
-1
-1
-1
-1
-1
-1
-1
-1
-1
-1
-1
-1
-1
-1
-1
-1
-1
-1
-1
-1
-1
-1
-1
-1
-1
-1
-1
-1
-1
-1
-1
-1
-1
-1
-1
-1
-1
-1
-1
-1
-1
-1
-1
-1
-1
-1
-1
-1
-1
-1
-1
-1
-1
-1
-1
-1
-1
-1
-1
-1
-1
-1
-1
-1
-1
-1
-1
-1
-1
-1
-1
-1
-1
-1
-1
-1
-1
-1
-1
-1
-1
-1
-1
-1
-1
-1
-1
-1
-1
-1
-1
-1
-1
-1
-1
-1
-1
-1
-1
-1
-1
-1
-1
-1
-1
-1
-1
-1
-1
-1
-1
-1
-1
-1
-1
-1
-1
-1
-1
-1
-1
-1
-1
-1
-1
-1
-1
-1
-1
-1
-1
-1
-1
