30
0 0 U -1
1 1 L -1
2 0 U 0
3 1 L 1
4 0 U 1
5 1 L 2
6 1 L -1
7 1 L 2
8 0 U -1
9 1 L 3
10 1 L 5
11 0 U 7
12 1 L 1
13 0 U 5
14 0 U 11
15 1 L 5
16 0 U 0
17 0 U 1
18 0 U 5
19 1 L 1
20 1 L 8
21 0 U 17
22 1 L 9
23 0 U 18
24 0 U 1
25 1 L 9
26 0 U 2
27 0 U 16
28 0 U 17
29 1 L 2
30
0 0 U -1
1 1 L -1
2 1 L 0
3 0 U 0
4 0 U 1
5 0 U 1
6 1 L -1
7 1 L 2
8 0 U -1
9 1 L 3
10 1 L 5
11 0 U 7
12 1 L 1
13 0 U 5
14 0 U 11
15 0 U 9
16 0 U 0
17 0 U 1
18 0 U 5
19 1 L 1
20 0 U 4
21 1 L 18
22 0 U 10
23 1 L 14
24 0 U 1
25 1 L 9
26 0 U 2
27 0 U 16
28 0 U 17
29 1 L 2
30
0 0 U -1
1 1 L -1
2 0 U -1
3 0 U 0
4 0 U 1
5 0 U 1
6 1 L -1
7 1 L 1
8 1 L 7
9 1 L 3
10 0 U 8
11 0 U 7
12 0 U 9
13 0 U 5
14 0 U 11
15 1 L 4
16 0 U 0
17 1 L 11
18 0 U 5
19 1 L 1
20 0 U 4
21 1 L 18
22 0 U 10
23 1 L 4
24 0 U 1
25 1 L 9
26 0 U 2
27 0 U 16
28 0 U 17
29 1 L 2
30
0 0 U -1
1 1 L -1
2 0 U 1
3 1 L 1
4 0 U 1
5 0 U 1
6 1 L -1
7 1 L 1
8 1 L 7
9 1 L 3
10 1 L 3
11 0 U 7
12 1 L -1
13 0 U 5
14 0 U 11
15 1 L 4
16 1 L 14
17 1 L 11
18 1 L 7
19 1 L 1
20 0 U 4
21 1 L 18
22 0 U 10
23 1 L 4
24 0 U 1
25 1 L 5
26 0 U 2
27 1 L 17
28 0 U 17
29 1 L 2
30
0 0 U -1
1 1 L -1
2 0 U 1
3 0 U 1
4 1 L 0
5 1 L 0
6 1 L -1
7 0 U 5
8 1 L 7
9 1 L 3
10 1 L 3
11 0 U 7
12 1 L -1
13 0 U 5
14 0 U 11
15 0 U 10
16 0 U 2
17 0 U 2
18 1 L 7
19 1 L 1
20 0 U 4
21 1 L 18
22 0 U 10
23 1 L 4
24 1 L 13
25 1 L 5
26 1 L 16
27 1 L 17
28 0 U 17
29 0 U 11
30
0 0 U -1
1 1 L -1
2 0 U 1
3 0 U 1
4 1 L 0
5 1 L 0
6 0 U 2
7 0 U 5
8 1 L 7
9 1 L 3
10 1 L 3
11 0 U 7
12 1 L -1
13 1 L 3
14 0 U 11
15 0 U 10
16 0 U 12
17 0 U 2
18 1 L 7
19 1 L 1
20 0 U 4
21 0 U 4
22 1 L 3
23 1 L 4
24 0 U 19
25 0 U 16
26 0 U 20
27 0 U 17
28 0 U 17
29 0 U 11
30
0 1 L -1
1 1 L -1
2 0 U 1
3 0 U 1
4 1 L 0
5 0 U 0
6 0 U 2
7 0 U 5
8 1 L 7
9 1 L 3
10 1 L 3
11 1 L 10
12 0 U 9
13 0 U 10
14 0 U 11
15 0 U 10
16 0 U 12
17 1 L 6
18 0 U 2
19 1 L 1
20 0 U 4
21 0 U 4
22 1 L 3
23 1 L 4
24 0 U 19
25 1 L 11
26 0 U 18
27 0 U 17
28 0 U 17
29 0 U 11
30
0 0 U -1
1 1 L -1
2 0 U 1
3 0 U 1
4 1 L 0
5 1 L -1
6 0 U 2
7 0 U 5
8 1 L 7
9 1 L 3
10 0 U 0
11 0 U 3
12 0 U 9
13 0 U 10
14 0 U 11
15 0 U 2
16 0 U 12
17 1 L 9
18 0 U 2
19 1 L 1
20 0 U 4
21 0 U 4
22 1 L 3
23 1 L 4
24 0 U 19
25 0 U 21
26 0 U 18
27 1 L 7
28 0 U 17
29 0 U 11
30
0 0 U -1
1 1 L -1
2 0 U 1
3 0 U 1
4 1 L 0
5 1 L -1
6 1 L 2
7 1 L 1
8 1 L 7
9 1 L 3
10 0 U 0
11 1 L 6
12 0 U 9
13 0 U 10
14 1 L 11
15 1 L 0
16 0 U 12
17 0 U 1
18 0 U 2
19 1 L 1
20 0 U 4
21 0 U 4
22 0 U 8
23 1 L 4
24 0 U 19
25 0 U 21
26 1 L 17
27 0 U 1
28 0 U 17
29 1 L 23
30
0 0 U -1
1 1 L -1
2 0 U 1
3 0 U 1
4 0 U -1
5 1 L -1
6 1 L 4
7 1 L 1
8 0 U 5
9 1 L 3
10 0 U 0
11 1 L 6
12 0 U 9
13 1 L 4
14 1 L 11
15 1 L 0
16 0 U 12
17 0 U 1
18 1 L 2
19 1 L 1
20 0 U 4
21 0 U 4
22 0 U 4
23 1 L 4
24 0 U 19
25 1 L 13
26 1 L 17
27 0 U 1
28 1 L 15
29 1 L 23
30
0 0 U -1
1 1 L -1
2 0 U 1
3 1 L 2
4 0 U -1
5 1 L -1
6 1 L -1
7 1 L 1
8 1 L 0
9 1 L 3
10 0 U 0
11 0 U 0
12 0 U 9
13 1 L 4
14 1 L 11
15 1 L 0
16 1 L 2
17 0 U 1
18 1 L 2
19 1 L 1
20 1 L 16
21 0 U 4
22 0 U 4
23 1 L 4
24 0 U 19
25 1 L 13
26 1 L 13
27 0 U 1
28 1 L 15
29 0 U 13
30
0 0 U -1
1 0 U -1
2 0 U 1
3 0 U 2
4 0 U -1
5 1 L -1
6 1 L -1
7 1 L 1
8 0 U 4
9 0 U -1
10 1 L 6
11 0 U 0
12 0 U 9
13 1 L 4
14 1 L 11
15 1 L 0
16 1 L 2
17 1 L 1
18 1 L 2
19 1 L 1
20 1 L 16
21 0 U 4
22 1 L 17
23 1 L 4
24 1 L 6
25 1 L 16
26 1 L 13
27 0 U 1
28 1 L 15
29 0 U 13
30
0 0 U -1
1 0 U -1
2 1 L -1
3 1 L 2
4 0 U -1
5 1 L -1
6 1 L -1
7 1 L 1
8 0 U 4
9 0 U -1
10 1 L 6
11 0 U 0
12 0 U 9
13 1 L 10
14 0 U 1
15 1 L 0
16 1 L 2
17 1 L 1
18 0 U 17
19 0 U 8
20 1 L 16
21 1 L 16
22 0 U 10
23 1 L 4
24 1 L 6
25 1 L 16
26 1 L 13
27 0 U 1
28 1 L 15
29 1 L 10
30
0 0 U -1
1 0 U -1
2 1 L 1
3 1 L 2
4 0 U -1
5 1 L -1
6 1 L -1
7 0 U 1
8 0 U 4
9 0 U -1
10 1 L 6
11 0 U 0
12 0 U 9
13 0 U 9
14 0 U 1
15 1 L 0
16 1 L 2
17 0 U 9
18 0 U 17
19 0 U 8
20 0 U 4
21 0 U 10
22 0 U 10
23 0 U 12
24 1 L 6
25 1 L 15
26 1 L 13
27 0 U 1
28 1 L 15
29 1 L 10
30
0 1 L -1
1 0 U -1
2 1 L 1
3 1 L 1
4 0 U -1
5 1 L -1
6 1 L -1
7 0 U 1
8 0 U 4
9 0 U -1
10 0 U 1
11 0 U 0
12 1 L 3
13 0 U 9
14 1 L 5
15 1 L 0
16 1 L 2
17 1 L 10
18 0 U 17
19 0 U 8
20 0 U 4
21 0 U 10
22 0 U 10
23 0 U 12
24 1 L 6
25 1 L 15
26 1 L 13
27 0 U 1
28 1 L 13
29 0 U 26
30
0 1 L -1
1 0 U -1
2 1 L 1
3 1 L 1
4 0 U -1
5 0 U 0
6 1 L -1
7 1 L 1
8 1 L -1
9 0 U -1
10 0 U 1
11 0 U 0
12 1 L 3
13 0 U 9
14 1 L 5
15 1 L 0
16 1 L 2
17 1 L -1
18 0 U 17
19 0 U 8
20 0 U 4
21 1 L -1
22 0 U 10
23 0 U 12
24 0 U 12
25 1 L 15
26 0 U 10
27 0 U 1
28 1 L 13
29 0 U 26
30
0 1 L -1
1 0 U -1
2 1 L 1
3 1 L 1
4 0 U -1
5 1 L 3
6 1 L -1
7 1 L 1
8 1 L -1
9 0 U -1
10 0 U 1
11 0 U 0
12 0 U 7
13 0 U 9
14 1 L 5
15 0 U 13
16 0 U 1
17 1 L -1
18 0 U 17
19 0 U 8
20 1 L -1
21 1 L -1
22 0 U 10
23 0 U 12
24 0 U 12
25 0 U -1
26 1 L 19
27 1 L 23
28 1 L 13
29 0 U 26
30
0 0 U -1
1 1 L -1
2 1 L 1
3 1 L 1
4 0 U -1
5 0 U 4
6 1 L -1
7 1 L 1
8 1 L -1
9 0 U -1
10 1 L 9
11 0 U 0
12 0 U 7
13 0 U 9
14 1 L 5
15 0 U 13
16 1 L 13
17 1 L -1
18 0 U 17
19 1 L 1
20 0 U 8
21 1 L -1
22 1 L 5
23 0 U 12
24 0 U 12
25 0 U -1
26 1 L 19
27 1 L 23
28 1 L 16
29 0 U 26
30
0 0 U -1
1 0 U 0
2 1 L 1
3 1 L 1
4 1 L 0
5 1 L -1
6 1 L -1
7 0 U 6
8 1 L -1
9 1 L 3
10 0 U 4
11 0 U 0
12 0 U 7
13 0 U 9
14 0 U 9
15 0 U 13
16 1 L 13
17 1 L -1
18 1 L 2
19 1 L 1
20 0 U 8
21 1 L -1
22 1 L 5
23 0 U 12
24 0 U 12
25 0 U -1
26 0 U 21
27 1 L 23
28 1 L 16
29 1 L 3
30
0 0 U -1
1 1 L 0
2 1 L 1
3 1 L 1
4 1 L 0
5 0 U 2
6 1 L -1
7 0 U 6
8 0 U 4
9 1 L 3
10 0 U 4
11 0 U 0
12 1 L 6
13 1 L 3
14 1 L 2
15 0 U 13
16 1 L 13
17 0 U 6
18 1 L 2
19 1 L 1
20 1 L 8
21 1 L -1
22 1 L 5
23 1 L 4
24 1 L 15
25 0 U -1
26 0 U 21
27 1 L 23
28 1 L 16
29 1 L 3
30
0 0 U -1
1 1 L 0
2 1 L 1
3 1 L 1
4 0 U 3
5 1 L -1
6 0 U 2
7 0 U 6
8 0 U 4
9 1 L 3
10 0 U 4
11 0 U 0
12 1 L 6
13 1 L 3
14 0 U 7
15 1 L 3
16 0 U 11
17 1 L 1
18 1 L 2
19 0 U 12
20 0 U 18
21 1 L -1
22 1 L 5
23 1 L 4
24 1 L 15
25 0 U -1
26 0 U 21
27 1 L 23
28 0 U 9
29 1 L 3
30
0 0 U -1
1 1 L 0
2 1 L 1
3 1 L 1
4 0 U 3
5 0 U 0
6 0 U 2
7 1 L 2
8 0 U 4
9 0 U -1
10 0 U 4
11 0 U 0
12 1 L 6
13 0 U 1
14 1 L 6
15 1 L 3
16 0 U 11
17 1 L 1
18 0 U 7
19 0 U 12
20 0 U 18
21 1 L -1
22 0 U 20
23 1 L 4
24 1 L 15
25 1 L 13
26 1 L 9
27 1 L 23
28 1 L 15
29 1 L 3
30
0 0 U -1
1 1 L 0
2 1 L 1
3 1 L 1
4 1 L 2
5 0 U 0
6 0 U 2
7 1 L 2
8 0 U 4
9 0 U -1
10 0 U 4
11 0 U 0
12 1 L 6
13 1 L 2
14 1 L 6
15 1 L 3
16 0 U 11
17 0 U 2
18 0 U 10
19 1 L 3
20 0 U 18
21 1 L -1
22 0 U 20
23 0 U 10
24 0 U 22
25 1 L 13
26 1 L 9
27 1 L 1
28 1 L 15
29 1 L 3
30
0 0 U -1
1 0 U -1
2 1 L 1
3 1 L 1
4 1 L 2
5 0 U 0
6 0 U 2
7 1 L 2
8 0 U 4
9 0 U -1
10 1 L 8
11 0 U 0
12 1 L 6
13 1 L 2
14 1 L 6
15 0 U 4
16 0 U 11
17 0 U 2
18 0 U 10
19 0 U 13
20 0 U -1
21 1 L -1
22 0 U 20
23 1 L 11
24 1 L 10
25 0 U 5
26 1 L 9
27 0 U -1
28 1 L 15
29 1 L 3
30
0 0 U -1
1 0 U -1
2 1 L 1
3 1 L 1
4 1 L 2
5 1 L 4
6 0 U 2
7 1 L 2
8 0 U 4
9 0 U -1
10 1 L 8
11 1 L 7
12 1 L 6
13 0 U 8
14 1 L 6
15 0 U 4
16 0 U 11
17 0 U 2
18 0 U 12
19 0 U 13
20 1 L 4
21 1 L -1
22 0 U 20
23 0 U 10
24 0 U 10
25 0 U 5
26 1 L 9
27 0 U -1
28 1 L 15
29 1 L 3
30
0 1 L -1
1 0 U -1
2 1 L 1
3 1 L 1
4 1 L 2
5 1 L 4
6 1 L 4
7 1 L 2
8 1 L -1
9 0 U -1
10 0 U -1
11 1 L 7
12 1 L 6
13 0 U 8
14 1 L 6
15 1 L 1
16 0 U 11
17 0 U 2
18 0 U 12
19 1 L 12
20 1 L 4
21 1 L -1
22 1 L 16
23 1 L 22
24 0 U 10
25 0 U 5
26 1 L 9
27 1 L 17
28 1 L 15
29 0 U 0
30
0 1 L -1
1 0 U -1
2 1 L 1
3 1 L 1
4 1 L 2
5 1 L 4
6 1 L 4
7 1 L 2
8 1 L 1
9 0 U -1
10 1 L 8
11 1 L 7
12 1 L 6
13 0 U 8
14 1 L 6
15 1 L 1
16 0 U 11
17 1 L 3
18 0 U 12
19 0 U 9
20 1 L 4
21 1 L -1
22 1 L 16
23 0 U -1
24 0 U 10
25 0 U 5
26 1 L 9
27 1 L -1
28 1 L 15
29 0 U 0
30
0 0 U -1
1 0 U -1
2 0 U -1
3 1 L 1
4 0 U 2
5 1 L 4
6 1 L 4
7 1 L 2
8 1 L 1
9 0 U -1
10 1 L 8
11 0 U -1
12 1 L 6
13 0 U 10
14 0 U 13
15 1 L 1
16 0 U 11
17 1 L 3
18 0 U 12
19 1 L 7
20 1 L 4
21 1 L -1
22 1 L 16
23 0 U -1
24 0 U 10
25 0 U 5
26 1 L 9
27 0 U 11
28 1 L 15
29 1 L 19
30
0 0 U -1
1 0 U -1
2 0 U -1
3 0 U -1
4 1 L 1
5 1 L 4
6 1 L 4
7 1 L 2
8 1 L 1
9 1 L -1
10 0 U 9
11 0 U -1
12 0 U 0
13 1 L 12
14 0 U 13
15 0 U 11
16 1 L 8
17 1 L 3
18 0 U 12
19 1 L 7
20 1 L 4
21 1 L -1
22 0 U 11
23 0 U -1
24 0 U 10
25 1 L 21
26 1 L 9
27 0 U 11
28 1 L 15
29 1 L 19
30
0 1 L -1
1 0 U -1
2 1 L 0
3 0 U -1
4 1 L 1
5 1 L 4
6 1 L 4
7 0 U -1
8 1 L 1
9 1 L -1
10 0 U 9
11 1 L 8
12 0 U 0
13 1 L 12
14 1 L 5
15 0 U 11
16 0 U 9
17 0 U 15
18 0 U 12
19 1 L 7
20 1 L 4
21 1 L -1
22 0 U 11
23 0 U -1
24 0 U 14
25 0 U -1
26 1 L 9
27 0 U 11
28 1 L 15
29 1 L 19
30
0 0 U -1
1 0 U -1
2 0 U 1
3 0 U -1
4 1 L 1
5 1 L 4
6 0 U 1
7 1 L 3
8 1 L 1
9 1 L -1
10 0 U 9
11 0 U 4
12 1 L 8
13 1 L 12
14 1 L 5
15 0 U 12
16 0 U 9
17 0 U 15
18 0 U 12
19 1 L 7
20 1 L 4
21 1 L -1
22 0 U 11
23 0 U -1
24 1 L 12
25 0 U -1
26 0 U 22
27 0 U 11
28 1 L 15
29 1 L 19
30
0 0 U -1
1 0 U -1
2 1 L 0
3 0 U -1
4 1 L 1
5 1 L 4
6 1 L 2
7 0 U 3
8 1 L 1
9 1 L -1
10 0 U 9
11 0 U 4
12 1 L 8
13 1 L 12
14 1 L 5
15 1 L 11
16 0 U 9
17 0 U 15
18 0 U -1
19 1 L 7
20 1 L 4
21 1 L -1
22 0 U 11
23 0 U -1
24 1 L 12
25 0 U -1
26 0 U 22
27 1 L 10
28 0 U 7
29 1 L 19
30
0 0 U -1
1 0 U -1
2 1 L 0
3 0 U -1
4 0 U 0
5 1 L 4
6 1 L 2
7 0 U 3
8 0 U 4
9 1 L -1
10 0 U 7
11 0 U 4
12 1 L 8
13 1 L 12
14 1 L 5
15 1 L 11
16 1 L 5
17 1 L 8
18 0 U -1
19 1 L 7
20 1 L 4
21 1 L -1
22 0 U 18
23 0 U -1
24 1 L 12
25 0 U -1
26 0 U 22
27 0 U 22
28 0 U 7
29 0 U 17
30
0 1 L -1
1 0 U -1
2 1 L 0
3 0 U -1
4 0 U 0
5 1 L 4
6 1 L 2
7 0 U 3
8 0 U 4
9 1 L -1
10 0 U 7
11 1 L 1
12 0 U 5
13 0 U 5
14 1 L 5
15 1 L 11
16 1 L 5
17 1 L 8
18 0 U -1
19 1 L 7
20 0 U 1
21 1 L -1
22 1 L 11
23 0 U -1
24 0 U 17
25 0 U -1
26 0 U 22
27 1 L 13
28 1 L 1
29 1 L 0
30
0 1 L -1
1 1 L -1
2 1 L 0
3 0 U -1
4 1 L -1
5 0 U 3
6 1 L 2
7 0 U 3
8 1 L 2
9 1 L -1
10 1 L 0
11 1 L 1
12 0 U 5
13 1 L 4
14 1 L 5
15 1 L 11
16 1 L 5
17 1 L 8
18 0 U -1
19 1 L 7
20 0 U 1
21 1 L -1
22 1 L 11
23 0 U -1
24 0 U 17
25 0 U 0
26 0 U 22
27 1 L 14
28 1 L 1
29 1 L 0
30
0 1 L -1
1 0 U -1
2 1 L 0
3 0 U -1
4 1 L -1
5 0 U 3
6 1 L 2
7 0 U 3
8 1 L 2
9 1 L -1
10 0 U 5
11 0 U 4
12 0 U 5
13 0 U 3
14 1 L 5
15 1 L 11
16 1 L 5
17 0 U 13
18 0 U -1
19 0 U 13
20 0 U 1
21 1 L 5
22 1 L 11
23 0 U -1
24 0 U 17
25 0 U 0
26 1 L 19
27 1 L 14
28 0 U 9
29 1 L 0
30
0 1 L -1
1 0 U -1
2 1 L 0
3 0 U -1
4 1 L -1
5 1 L -1
6 1 L 2
7 0 U 3
8 1 L 2
9 1 L -1
10 0 U 5
11 0 U 10
12 1 L 5
13 0 U 3
14 1 L 5
15 0 U 3
16 1 L 5
17 0 U 13
18 1 L 13
19 1 L 4
20 0 U 14
21 1 L 5
22 0 U 6
23 0 U -1
24 0 U 17
25 0 U 0
26 1 L 19
27 1 L 14
28 0 U 9
29 1 L 0
30
0 1 L -1
1 0 U -1
2 0 U -1
3 1 L 0
4 1 L -1
5 1 L 1
6 1 L 2
7 0 U 3
8 1 L 2
9 0 U 0
10 1 L 4
11 0 U 10
12 1 L 5
13 1 L 6
14 1 L 5
15 0 U 3
16 1 L 5
17 1 L 11
18 1 L 13
19 1 L 4
20 0 U 14
21 1 L 5
22 0 U 6
23 0 U -1
24 1 L 22
25 0 U 0
26 0 U 20
27 1 L 14
28 0 U 9
29 1 L 0
30
0 1 L -1
1 0 U -1
2 0 U -1
3 1 L 0
4 1 L -1
5 1 L 0
6 1 L 2
7 1 L -1
8 1 L 2
9 0 U 0
10 0 U 0
11 0 U 10
12 1 L 5
13 1 L 6
14 1 L 5
15 1 L -1
16 1 L 5
17 1 L 11
18 1 L 13
19 1 L 4
20 1 L 2
21 0 U 7
22 0 U 6
23 1 L 1
24 1 L 22
25 1 L 22
26 0 U 20
27 0 U 9
28 0 U 9
29 1 L 0
30
0 0 U -1
1 0 U -1
2 0 U -1
3 0 U 2
4 1 L -1
5 1 L 0
6 0 U 4
7 1 L -1
8 1 L 2
9 1 L 5
10 1 L 2
11 0 U 10
12 1 L 5
13 1 L 6
14 1 L 5
15 1 L -1
16 0 U 9
17 1 L 11
18 0 U 3
19 1 L 4
20 1 L 2
21 0 U 7
22 0 U 6
23 1 L 1
24 1 L 22
25 1 L 22
26 1 L 11
27 1 L 10
28 1 L 27
29 1 L 0
30
0 0 U -1
1 0 U -1
2 1 L 0
3 1 L 1
4 1 L -1
5 1 L 0
6 0 U 4
7 1 L -1
8 0 U 3
9 1 L 5
10 1 L 2
11 0 U 10
12 1 L 5
13 1 L 6
14 1 L 5
15 1 L -1
16 0 U 9
17 1 L 11
18 1 L 14
19 1 L 4
20 1 L 2
21 1 L -1
22 1 L 18
23 1 L 1
24 1 L 22
25 1 L 22
26 1 L 11
27 0 U 4
28 1 L 27
29 0 U -1
30
0 0 U -1
1 1 L 0
2 1 L 0
3 1 L 1
4 1 L -1
5 1 L 0
6 0 U 4
7 1 L -1
8 0 U 3
9 1 L 5
10 0 U 4
11 1 L 4
12 1 L 5
13 0 U 9
14 1 L 5
15 1 L -1
16 0 U 9
17 1 L 11
18 0 U 6
19 1 L 4
20 1 L 2
21 0 U 20
22 1 L 18
23 1 L 1
24 1 L 22
25 1 L 22
26 1 L 11
27 1 L 9
28 0 U 3
29 0 U -1
30
0 0 U -1
1 0 U 0
2 1 L 0
3 1 L 1
4 0 U 2
5 1 L 0
6 1 L -1
7 0 U 3
8 0 U 3
9 1 L 5
10 0 U 4
11 0 U 0
12 1 L 5
13 0 U 9
14 1 L 5
15 1 L -1
16 0 U 9
17 0 U 16
18 0 U 6
19 1 L 4
20 1 L -1
21 0 U 20
22 1 L 18
23 1 L 1
24 1 L 22
25 1 L 22
26 1 L 11
27 1 L 9
28 1 L 23
29 1 L 4
30
0 0 U -1
1 1 L 0
2 1 L 0
3 1 L 1
4 0 U 2
5 1 L 0
6 1 L -1
7 0 U 3
8 0 U 3
9 0 U 3
10 1 L 3
11 0 U 0
12 0 U 2
13 0 U 9
14 1 L 5
15 0 U 0
16 0 U 9
17 1 L 13
18 0 U 6
19 0 U 8
20 0 U 14
21 0 U 20
22 1 L 18
23 1 L 1
24 0 U 17
25 1 L 22
26 1 L 11
27 1 L 9
28 1 L 23
29 0 U -1
30
0 0 U -1
1 0 U 0
2 1 L 0
3 1 L 1
4 0 U 2
5 1 L 0
6 1 L -1
7 0 U 3
8 0 U 3
9 0 U 3
10 1 L 3
11 0 U 0
12 0 U 2
13 0 U 9
14 1 L 5
15 1 L 12
16 0 U 4
17 1 L 13
18 0 U 6
19 0 U 8
20 0 U 14
21 1 L 15
22 1 L 18
23 0 U 15
24 1 L 13
25 1 L 22
26 1 L 11
27 1 L 6
28 1 L 23
29 1 L 26
30
0 0 U -1
1 0 U 0
2 1 L 0
3 1 L 1
4 1 L 3
5 1 L 0
6 1 L -1
7 0 U 3
8 0 U 3
9 0 U 3
10 1 L 3
11 1 L 2
12 0 U 2
13 0 U 11
14 1 L 5
15 1 L 12
16 0 U 4
17 0 U 13
18 1 L 9
19 1 L 9
20 1 L 3
21 1 L 15
22 1 L 18
23 0 U 15
24 1 L 13
25 1 L 22
26 1 L 11
27 0 U 3
28 1 L 23
29 0 U 17
30
0 0 U -1
1 0 U 0
2 0 U 0
3 1 L 1
4 1 L 3
5 0 U -1
6 1 L -1
7 0 U 3
8 0 U 3
9 0 U 3
10 1 L 9
11 1 L 2
12 0 U 2
13 0 U 11
14 1 L 5
15 1 L 12
16 0 U 4
17 1 L 13
18 0 U 7
19 1 L 9
20 1 L 3
21 1 L 15
22 1 L 18
23 0 U 12
24 0 U 19
25 1 L 22
26 1 L 11
27 0 U 3
28 0 U 10
29 0 U 17
30
0 0 U -1
1 0 U 0
2 0 U 0
3 1 L 1
4 1 L 3
5 0 U -1
6 1 L -1
7 0 U 3
8 0 U 3
9 0 U 3
10 1 L 9
11 1 L 2
12 0 U 2
13 0 U 11
14 0 U 2
15 1 L 12
16 0 U 4
17 1 L 13
18 0 U 7
19 1 L 9
20 1 L 3
21 1 L 15
22 0 U 10
23 0 U 12
24 1 L 23
25 1 L 22
26 0 U 15
27 0 U 3
28 0 U 25
29 0 U 3
30
0 0 U -1
1 0 U 0
2 0 U 0
3 1 L 0
4 1 L 3
5 0 U -1
6 1 L -1
7 0 U 3
8 0 U 3
9 0 U 3
10 1 L 6
11 1 L 2
12 0 U 2
13 1 L 8
14 0 U 2
15 0 U 1
16 0 U 4
17 0 U 7
18 0 U 7
19 0 U 6
20 1 L 3
21 1 L 15
22 0 U 10
23 0 U 12
24 0 U 8
25 1 L 22
26 0 U 15
27 1 L 23
28 0 U 25
29 0 U 3
30
0 1 L -1
1 0 U -1
2 0 U 0
3 1 L 0
4 1 L 3
5 0 U -1
6 1 L -1
7 0 U 3
8 0 U 3
9 0 U 3
10 0 U 3
11 1 L 2
12 0 U 2
13 1 L 8
14 0 U 2
15 1 L 11
16 1 L 15
17 0 U 7
18 0 U 7
19 0 U 6
20 1 L 3
21 1 L 15
22 1 L 21
23 0 U 12
24 0 U 8
25 1 L 22
26 0 U 15
27 1 L 23
28 0 U 25
29 1 L 14
30
0 0 U -1
1 0 U -1
2 0 U 0
3 1 L 0
4 0 U 1
5 0 U -1
6 1 L -1
7 0 U 3
8 0 U 3
9 1 L 1
10 1 L 2
11 0 U 5
12 0 U 2
13 1 L 8
14 1 L 12
15 1 L 11
16 1 L 15
17 0 U 12
18 0 U 7
19 0 U 6
20 1 L 3
21 1 L 15
22 1 L 21
23 0 U 12
24 1 L 1
25 1 L 22
26 0 U 15
27 1 L 23
28 0 U 25
29 0 U 28
30
0 1 L -1
1 1 L -1
2 0 U 0
3 0 U 1
4 1 L -1
5 0 U -1
6 1 L -1
7 0 U 3
8 0 U 3
9 1 L 1
10 1 L 2
11 0 U 5
12 1 L 11
13 1 L 8
14 1 L 12
15 0 U 12
16 1 L 15
17 0 U 12
18 1 L 1
19 1 L 9
20 1 L 3
21 1 L 15
22 1 L 21
23 0 U 12
24 1 L 1
25 1 L 22
26 0 U 15
27 1 L 23
28 0 U 25
29 0 U 8
30
0 1 L -1
1 1 L -1
2 0 U 0
3 0 U 1
4 0 U 1
5 1 L 1
6 1 L -1
7 0 U 3
8 0 U 3
9 1 L 1
10 1 L 2
11 0 U 5
12 0 U 8
13 1 L 8
14 0 U 2
15 1 L 13
16 0 U 2
17 0 U 12
18 0 U 1
19 1 L 9
20 1 L 3
21 1 L 15
22 1 L 21
23 0 U 12
24 0 U 9
25 0 U 2
26 0 U 15
27 1 L 23
28 1 L 20
29 0 U 8
30
0 0 U -1
1 1 L -1
2 1 L 0
3 1 L 1
4 0 U 1
5 1 L 4
6 1 L -1
7 0 U 3
8 0 U 3
9 1 L 1
10 1 L 2
11 0 U 5
12 1 L 3
13 1 L 8
14 0 U 2
15 1 L 13
16 1 L 4
17 0 U 12
18 0 U 1
19 0 U 10
20 1 L 3
21 1 L 15
22 1 L 21
23 1 L -1
24 0 U 9
25 1 L -1
26 0 U 15
27 1 L 23
28 1 L 20
29 0 U 8
30
0 0 U -1
1 0 U 0
2 0 U 0
3 0 U 1
4 0 U 1
5 1 L 4
6 1 L -1
7 0 U 3
8 0 U 3
9 0 U 8
10 1 L 2
11 0 U 8
12 1 L 3
13 1 L 8
14 1 L 4
15 1 L 13
16 1 L 4
17 0 U 12
18 0 U 1
19 1 L 11
20 1 L 3
21 1 L 15
22 1 L 21
23 1 L -1
24 1 L 15
25 1 L -1
26 0 U 15
27 1 L 23
28 0 U 14
29 0 U 8
30
0 1 L -1
1 1 L -1
2 1 L -1
3 0 U 1
4 0 U 1
5 1 L 4
6 1 L -1
7 1 L 6
8 0 U 3
9 0 U 8
10 1 L 2
11 1 L 6
12 0 U 6
13 1 L 8
14 1 L 4
15 1 L 13
16 1 L 4
17 0 U 12
18 0 U 1
19 1 L 11
20 1 L 3
21 1 L 17
22 0 U 0
23 1 L -1
24 1 L 15
25 1 L -1
26 1 L 8
27 1 L 23
28 0 U 14
29 0 U 8
30
0 1 L -1
1 1 L -1
2 0 U 1
3 0 U 1
4 0 U 1
5 0 U 2
6 1 L -1
7 1 L 6
8 1 L -1
9 0 U 8
10 1 L 2
11 1 L 6
12 1 L 4
13 1 L 8
14 1 L 4
15 1 L 13
16 1 L 4
17 1 L 5
18 0 U 1
19 0 U 12
20 1 L 3
21 1 L 17
22 0 U 0
23 1 L -1
24 1 L 3
25 1 L -1
26 1 L 24
27 1 L 23
28 0 U 14
29 0 U 8
30
0 0 U -1
1 0 U 0
2 0 U 1
3 0 U 1
4 0 U 1
5 0 U 2
6 1 L -1
7 1 L 6
8 0 U 4
9 0 U 8
10 1 L 2
11 1 L 6
12 1 L 4
13 1 L 8
14 1 L 4
15 1 L 13
16 0 U 0
17 1 L 13
18 0 U 1
19 1 L -1
20 1 L 15
21 1 L 17
22 0 U 0
23 1 L -1
24 1 L 3
25 1 L -1
26 1 L 24
27 1 L 23
28 1 L 0
29 0 U 8
30
0 0 U -1
1 0 U 0
2 0 U 1
3 0 U 1
4 1 L 3
5 0 U 2
6 1 L 4
7 0 U 1
8 0 U 4
9 1 L 5
10 1 L 2
11 1 L 6
12 1 L 4
13 0 U 1
14 1 L 4
15 1 L 13
16 0 U 0
17 1 L 13
18 0 U 1
19 0 U 11
20 1 L 15
21 1 L 17
22 0 U 0
23 1 L -1
24 1 L 3
25 1 L -1
26 1 L 24
27 1 L 23
28 1 L 0
29 1 L 14
30
0 0 U -1
1 0 U 0
2 0 U 1
3 0 U 1
4 1 L 3
5 0 U 2
6 1 L 4
7 0 U 1
8 0 U 4
9 1 L 5
10 1 L 2
11 0 U 4
12 1 L 4
13 0 U 1
14 1 L 4
15 0 U 3
16 0 U 0
17 0 U 9
18 1 L 4
19 0 U 11
20 1 L 15
21 0 U 15
22 1 L 2
23 1 L -1
24 1 L 3
25 1 L 12
26 0 U 10
27 1 L 23
28 0 U 18
29 1 L 14
